 14	112
 18
  0	 10	 93	104	122	 31	216	 78	205	190	143	 84	 54	166	 96	196	208	225	
 14
  0	 80	111	192	 66	 59	223	105	178	171	217	 56	168	225	
 22
  0	 25	 79	 26	138	110	191	137	 29	222	 63	175	 18	141	 97	130	209	112	 74	224	186	225	
 16
  0	 58	 43	170	 65	 68	 53	180	 20	177	 27	155	165	139	132	225	
 12
  0	 73	 44	185	  5	  2	156	117	106	114	218	225	
 18
  0	107	 81	 39	151	 55	219	 28	140	167	193	 87	  6	199	118	  4	116	225	
 16
  0	 19	 89	 69	201	131	 45	 61	157	181	 22	 37	173	149	134	225	
 10
  0	 47	 34	 41	146	159	 86	153	198	225	
 18
  0	 92	 30	100	142	 35	204	212	 64	 40	 38	152	103	215	150	147	176	225	
 22
  0	 12	124	 50	 15	  9	127	 51	 83	 49	161	121	195	 76	163	 57	188	 71	162	183	169	225	
 20
  0	 82	 48	 42	154	 17	160	194	 70	129	  7	182	 11	119	 13	125	 46	123	158	225	
 22
  0	 72	 24	184	136	 21	109	 77	133	221	 91	 67	 16	189	203	 99	179	 14	128	126	211	225	
 20
  0	101	  1	213	  8	 75	120	108	113	 98	220	210	 33	187	145	102	  3	214	115	225	
 24
  0	 60	 88	172	 62	174	 32	 90	202	144	 94	200	 95	 36	 52	148	 23	206	207	135	 85	164	197	225	
