 11	98
 16
  0	  2	 51	 63	 18	100	 25	123	149	 98	116	161	 76	174	196	197	
 26
  0	 29	 23	 89	 86	121	 72	187	127	184	 20	 94	170	118	 30	192	  5	 24	 85	103	 43	122	183	128	141	197	
 14
  0	 79	 97	177	  7	195	 53	105	151	 90	 14	188	112	197	
 22
  0	 42	 11	140	109	 15	 12	  1	 64	110	 99	113	 37	 95	162	 50	 56	193	154	135	148	197	
 22
  0	 66	 46	 48	 45	144	164	 38	 52	146	 68	143	150	136	166	 88	 71	 40	186	169	138	197	
 14
  0	 96	  9	 93	 31	194	191	 55	153	 82	107	129	180	197	
 18
  0	 28	 69	 17	167	 41	126	115	  4	139	 70	 83	102	 21	181	168	119	197	
 14
  0	 33	 74	 75	131	 58	 81	173	156	172	179	 59	157	197	
 20
  0	 27	  8	 22	 36	125	  6	106	134	 92	 13	120	 60	 47	104	145	111	190	158	197	
 30
  0	 61	 16	 84	 49	 44	114	159	 32	147	 19	182	142	 73	130	 80	 54	117	 67	152	 35	178	171	 65	165	133	 39	163	137	197	
 22
  0	 57	 62	 34	155	160	 78	132	 77	 26	176	 87	124	  3	175	185	101	 91	189	 10	108	197	
