 14	102
 20
  0	  8	 92	 31	 61	163	 72	 33	133	110	194	 24	126	135	174	 53	 96	155	198	205	
 14
  0	 70	 46	101	148	  7	172	 95	197	203	 42	144	109	205	
 16
  0	 38	 77	179	 82	140	 81	 58	160	184	 74	183	 90	176	192	205	
 16
  0	 64	 15	 32	117	166	100	202	 25	134	 43	 26	145	127	128	205	
 12
  0	 67	169	 60	162	102	 54	 30	204	132	156	205	
 20
  0	 40	 34	 73	 65	175	167	142	 21	 56	 23	125	  2	136	104	 68	123	158	170	205	
 16
  0	 13	115	 75	 86	 57	177	 28	188	130	 47	159	 22	124	149	205	
 16
  0	 12	 91	114	193	 99	 39	201	  1	141	 98	 44	146	103	200	205	
  6
  0	 48	150	 76	178	205	
 24
  0	 89	 52	191	154	 45	 17	 51	 62	147	164	 79	181	 83	119	153	185	 78	 66	168	 87	180	189	205	
 20
  0	 69	 80	 84	171	182	 88	  4	186	 85	106	 41	187	 36	 50	152	138	143	190	205	
 16
  0	 20	122	 35	 10	 59	 11	161	112	113	137	 27	 14	116	129	205	
 22
  0	 29	131	 93	195	  3	 97	 19	105	121	199	 71	 49	151	173	 63	 18	 16	120	118	165	205	
 14
  0	  9	 55	111	 94	 37	  5	157	139	107	  6	196	108	205	
