 11	89
 20
  0	 29	 52	118	141	 61	 50	150	 73	  3	139	 69	162	 59	 92	 51	158	148	140	179	
 14
  0	  8	 88	 97	177	 32	 39	121	 55	128	 54	144	143	179	
 22
  0	 66	  4	 25	155	 93	 65	  2	154	114	 64	 20	 91	 30	153	 53	119	 86	109	142	175	179	
 26
  0	 14	 80	 11	 47	 19	169	103	136	100	108	 31	 27	 36	120	 12	 22	116	101	125	 89	111	 71	178	160	179	
 18
  0	 21	 41	110	 75	 68	 37	157	130	164	 60	149	 57	 24	126	146	113	179	
 20
  0	 79	 44	168	 62	 46	151	135	133	 63	  6	 26	 95	152	 42	 74	115	163	131	179	
 18
  0	 82	 77	 56	166	 16	145	105	 34	 17	106	123	 78	 18	171	107	167	179	
 12
  0	 58	 83	 45	172	147	 38	134	 49	138	127	179	
 16
  0	 15	 67	  5	 40	 94	 33	104	 72	 35	156	161	124	122	129	179	
 16
  0	 81	  9	170	 98	 84	 87	173	176	 10	 76	 99	 23	165	112	179	
 18
  0	 43	 48	 85	174	132	137	  7	  1	 96	 28	 90	 70	117	 13	159	102	179	
