 12	93
 14
  0	 61	154	 67	 63	 48	 18	160	 12	156	111	141	105	187	
 12
  0	 88	 52	145	181	 27	 92	 17	120	110	185	187	
 12
  0	 50	 22	 39	115	143	 62	 75	132	155	168	187	
 26
  0	  6	 77	 81	174	 99	170	 82	  9	 56	 30	102	175	 38	 43	123	 28	136	149	121	 73	 74	131	167	166	187	
 22
  0	 71	 84	 78	  1	 94	177	 20	164	 83	113	176	171	 60	 11	104	 47	  3	 96	153	140	187	
 16
  0	 89	182	 87	 59	 66	 57	159	 64	152	 13	180	106	150	157	187	
 20
  0	 10	  8	103	  5	 98	 55	 72	 79	101	 34	165	127	 32	 54	172	147	125	148	187	
 16
  0	 24	 70	117	 58	163	 31	 93	 14	124	107	151	  2	186	 95	187	
 18
  0	 80	173	 51	 21	144	114	  4	 69	 97	162	 86	 41	 37	179	134	130	187	
 22
  0	 15	 29	 19	108	 91	122	112	 53	 68	146	184	 36	161	  7	 23	100	 35	129	116	128	187	
 20
  0	 46	 26	 45	 65	139	 42	119	 49	158	135	142	 16	138	 90	109	 44	137	183	187	
 12
  0	 25	 85	118	 76	178	169	 40	 33	126	133	187	
