 11	110
 20
  0	 57	 56	167	166	101	 97	 83	207	193	 35	 32	145	211	142	 16	 34	126	144	221	
 24
  0	  2	 22	 23	 12	112	132	 27	 19	122	137	 54	133	103	213	164	129	 70	 24	  4	134	180	114	221	
 30
  0	 26	 46	  1	156	 33	 38	 87	143	148	111	197	 17	136	 88	 81	127	198	191	 85	 29	 74	 37	184	139	147	195	 36	146	221	
 16
  0	 18	104	 53	 14	128	214	 15	163	125	124	 80	 11	121	190	221	
 28
  0	 61	 71	  6	 39	 93	181	116	171	 43	203	 21	149	153	 65	 51	161	109	131	175	 78	 66	 31	176	141	188	219	221	
 26
  0	 41	 90	151	  9	 47	200	 20	 58	 77	119	 76	157	186	168	187	130	 55	 30	 84	 62	165	172	140	194	221	
 14
  0	105	215	107	108	217	 86	 94	 64	174	196	218	204	221	
 22
  0	 89	 82	 95	199	192	 79	205	 63	 48	189	158	106	173	216	 45	  5	155	 50	160	115	221	
 16
  0	102	 98	208	212	 44	 28	 49	138	154	 69	159	  7	117	179	221	
 24
  0	 96	 52	 73	  3	183	162	 60	 99	113	206	 68	209	 91	 72	100	170	182	 67	210	177	178	201	221	
 22
  0	 75	  8	185	 13	 10	123	 42	152	120	118	 40	110	150	220	 25	 59	 92	135	169	202	221	
