 15	91
 14
  0	 37	128	 11	 82	 85	 36	173	102	127	 42	176	133	183	
 22
  0	 18	  8	 41	109	132	 99	 24	 56	147	 39	115	 46	 73	 31	164	 27	122	118	130	137	183	
 10
  0	 35	  3	 19	126	 34	 94	110	125	183	
 12
  0	 76	 89	 75	167	180	 55	 15	146	106	166	183	
 14
  0	 91	182	 25	 86	 26	116	 33	117	 77	177	124	168	183	
 16
  0	 63	154	 64	 88	 60	151	 54	179	 59	155	145	 72	150	163	183	
 12
  0	 83	  6	 97	 43	174	134	 22	 79	113	170	183	
 16
  0	 47	 21	 40	131	 90	181	138	  7	 71	112	 98	 68	162	159	183	
 14
  0	 67	 48	158	139	  5	 38	 96	 58	129	149	 62	153	183	
 14
  0	 32	 65	 30	123	 20	121	 74	156	111	 69	165	160	183	
 10
  0	 12	  1	 78	103	169	  4	 92	 95	183	
 16
  0	 84	 10	101	 29	175	120	 23	 17	108	114	 80	 14	105	171	183	
 16
  0	 45	 87	136	 13	104	178	 49	 16	140	 51	 50	107	142	141	183	
 12
  0	 66	 81	172	 52	 61	143	 44	157	152	135	183	
 14
  0	 53	 57	148	144	 28	 70	  2	161	 93	  9	119	100	183	
