 13	96
 14
  0	 49	145	  8	 37	104	133	 16	 74	 66	112	170	162	193	
 24
  0	 10	 93	 77	189	 50	106	 83	 26	146	173	 43	179	139	 30	 68	 38	122	164	 44	140	126	134	193	
 18
  0	 39	 25	  6	121	102	135	 94	 64	190	 48	 56	160	144	 52	152	148	193	
 18
  0	 13	 67	 82	109	178	  3	163	 92	 99	 86	182	 35	188	 72	131	168	193	
 22
  0	 34	130	 24	 75	 45	 71	171	 42	 22	120	141	 80	167	 70	138	118	 27	176	166	123	193	
 28
  0	 11	 41	 69	137	165	 58	 36	107	132	 57	154	 28	153	124	 95	 59	 21	191	 89	155	 31	  4	117	127	185	100	193	
 14
  0	 17	 53	113	 76	172	 20	149	116	 63	  7	103	159	193	
  6
  0	 81	 40	177	136	193	
 16
  0	 55	 46	 73	  2	151	  9	142	169	 98	 32	105	128	 15	111	193	
 10
  0	 18	 61	 88	  5	157	114	101	184	193	
 18
  0	 33	129	 14	 84	110	 91	 79	 85	180	187	 23	 87	181	175	183	119	193	
 16
  0	 47	 65	 78	143	161	 19	174	 60	115	 90	186	156	 12	108	193	
 14
  0	 29	125	  1	 96	 51	 97	 54	192	 62	147	150	158	193	
