 14	112
 14
  0	106	  3	102	 71	115	183	 59	 98	210	214	218	171	225	
  4
  0	 83	195	225	
 16
  0	 62	 76	108	220	188	174	 34	 86	 52	 17	146	129	164	198	225	
 24
  0	 53	 48	165	 31	 81	193	 97	160	 82	209	 39	194	111	151	 99	143	223	110	 24	222	136	211	225	
 20
  0	 88	 96	200	 77	 30	208	 40	189	142	152	 51	 25	105	217	163	 46	137	158	225	
 24
  0	 16	  9	128	 44	 91	121	 80	 73	192	 74	156	185	203	 58	186	 19	131	170	 27	 87	139	199	225	
 18
  0	 78	 69	 90	190	202	 49	181	 54	161	103	 18	166	  7	215	119	130	225	
 20
  0	 45	 56	  2	157	114	 12	168	 32	124	 89	 79	 35	144	147	201	191	 63	175	225	
 22
  0	 21	 33	 20	145	 92	132	 70	133	104	204	 11	182	109	216	101	123	221	 15	127	213	225	
 20
  0	 66	178	 85	112	197	 95	 13	 65	 50	207	224	 84	125	 47	162	177	196	159	225	
 16
  0	 36	148	 61	 37	 55	167	149	173	  8	 41	 68	153	180	120	225	
 22
  0	 43	  4	155	 26	 94	138	206	 93	116	107	219	 72	205	 67	  1	 10	179	184	113	122	225	
 16
  0	 75	187	 28	 42	  6	  5	140	100	118	212	154	117	 60	172	225	
 16
  0	 23	 38	 29	150	135	141	 14	 22	126	 64	134	 57	176	169	225	
