 13	93
 16
  0	  1	 55	 94	 25	148	 75	118	 86	168	 88	179	181	  8	101	187	
 16
  0	 43	136	 72	  6	165	 69	 99	 15	162	 32	125	108	 26	119	187	
 16
  0	 63	 35	  5	128	 39	156	 91	 31	 98	132	 80	124	173	184	187	
  6
  0	 40	133	 20	113	187	
 12
  0	 68	 58	161	 47	151	140	 49	 34	142	127	187	
 20
  0	 12	 37	105	130	 11	 27	104	120	 14	 61	154	 22	 60	153	115	107	 89	182	187	
 14
  0	 78	 36	 51	171	129	 19	 79	112	 21	172	114	144	187	
 24
  0	 73	 87	 52	 74	180	166	 57	145	167	150	 33	 66	  3	159	 96	 30	126	 62	 10	123	155	103	187	
 18
  0	 42	 67	135	 46	 16	139	 29	160	109	122	 64	157	  7	 53	146	100	187	
 24
  0	 54	 28	 84	 65	158	 71	121	147	 85	177	 90	  4	178	164	 97	183	 48	  2	 77	141	170	 95	187	
 12
  0	 38	 59	152	 45	 92	138	185	131	 50	143	187	
 22
  0	 13	 41	 70	106	 76	163	169	 44	134	 81	137	 17	 24	174	117	 82	 18	110	111	175	187	
 12
  0	  9	 56	102	 23	 93	116	149	186	 83	176	187	
