 13	111
 24
  0	 83	 81	 54	165	192	 79	194	190	105	 80	 21	216	 97	132	208	 60	191	 48	171	159	  8	119	223	
 18
  0	 39	 18	150	 42	 51	153	 43	 46	129	 17	 95	128	157	154	162	206	223	
 16
  0	 19	 86	106	217	 61	130	197	108	219	 76	101	172	187	212	223	
 14
  0	 24	 85	 10	 62	135	 47	196	 37	173	158	148	121	223	
  8
  0	 66	 75	 91	202	177	186	223	
 22
  0	 52	 20	163	  9	 92	131	 53	164	203	120	110	 41	152	 38	221	 14	125	 12	149	123	223	
 18
  0	 16	111	127	 82	193	222	 11	  3	 90	 63	201	 35	174	122	114	146	223	
 20
  0	 22	109	 28	133	220	  6	139	117	 57	 96	168	 44	 26	155	 70	207	137	181	223	
 16
  0	  5	 29	116	 40	 64	140	175	151	 99	210	 33	 69	144	180	223	
 20
  0	 78	 88	 32	 15	189	 25	126	136	  4	199	143	 72	  2	115	183	113	 74	185	223	
 18
  0	107	 65	 34	145	 55	166	218	 13	176	124	 45	 59	156	103	214	170	223	
 32
  0	 77	 73	104	 31	184	188	 23	142	 30	215	 84	134	141	195	 56	 71	 93	 87	204	198	102	 58	167	182	169	 36	 94	213	205	147	223	
 22
  0	100	211	  1	  7	112	 98	 89	 27	209	138	200	 49	160	118	 68	179	 67	 50	178	161	223	
