 11	80
 20
  0	 61	 38	141	 67	118	 54	134	147	 27	 77	107	 17	157	 73	 97	 50	130	153	161	
 18
  0	 34	  4	 69	114	 51	 11	 84	149	131	 45	 43	 91	123	 49	125	129	161	
 20
  0	 48	128	 71	  6	 18	 80	151	  1	 98	 20	 86	 22	160	102	 66	100	 81	146	161	
 12
  0	  2	 56	 82	 70	136	 40	150	120	 19	 99	161	
 18
  0	 39	119	 57	 47	 53	 75	127	133	 59	137	 72	155	139	 25	152	105	161	
 18
  0	 46	126	 32	 30	 15	112	 95	  5	  3	110	 83	 85	 16	 28	 96	108	161	
 16
  0	 55	135	 14	 12	 63	 92	 76	 94	 52	156	 31	143	111	132	161	
 22
  0	 26	  7	 68	106	148	 29	 60	 87	 13	109	140	 24	  8	104	 58	 62	142	138	 93	 88	161	
 10
  0	 36	 74	 42	116	154	 35	122	115	161	
 14
  0	 44	124	 41	 64	144	 10	121	 78	 21	101	 90	158	161	
 14
  0	 37	  9	117	 89	 65	 79	 23	159	145	103	 33	113	161	
