 16	128
 12
  0	 96	224	108	120	236	105	 34	248	233	162	257	
 22
  0	 50	117	  1	245	178	 38	166	129	 17	145	 12	126	 92	128	104	220	140	256	232	254	257	
 26
  0	 88	 21	216	 87	114	242	215	149	 62	 31	 54	190	 76	182	106	159	234	204	  8	136	 23	 27	155	151	257	
 18
  0	111	 18	 48	239	 91	  2	176	219	146	 13	 68	130	 22	141	150	196	257	
 14
  0	 53	  7	181	 37	135	 55	 94	183	165	 10	222	138	257	
 22
  0	102	 66	230	 15	115	194	143	123	 41	243	 25	251	 99	169	153	227	 47	127	255	175	257	
 16
  0	 84	 39	 78	 32	 19	167	 43	212	206	147	160	171	110	238	257	
 16
  0	125	 81	 11	253	122	139	250	209	 14	 86	  9	214	137	142	257	
 22
  0	 26	 63	113	241	 45	154	173	191	 95	 51	 72	223	 29	179	 59	157	200	 35	187	163	257	
 14
  0	 73	201	119	247	 16	 67	 75	 56	184	195	203	144	257	
 22
  0	 60	 33	 74	202	188	 69	 20	161	197	148	 97	 80	 71	225	 49	208	 77	177	205	199	257	
 24
  0	101	116	229	 28	244	 44	 85	156	 98	172	 58	 52	226	 36	213	 65	103	186	180	231	164	193	257	
 22
  0	 40	100	  3	131	168	 46	 57	228	174	 79	185	 83	124	207	 42	 24	211	152	252	170	257	
 10
  0	  6	118	134	 89	246	217	 61	189	257	
 16
  0	 64	  4	192	132	 82	109	210	121	 30	237	249	  5	133	158	257	
 12
  0	 70	 93	198	107	221	 90	112	235	240	218	257	
