 16	122
 18
  0	 28	 66	150	 96	188	  1	 90	218	212	 53	123	115	108	175	237	230	245	
 16
  0	 75	197	 58	 71	116	180	 91	238	193	 83	 78	213	200	205	245	
 18
  0	 44	 99	 13	135	118	221	240	  9	166	120	242	131	 70	 12	192	134	245	
 14
  0	 76	 64	  7	 69	 31	186	191	198	 10	132	153	129	245	
 14
  0	 38	 57	 59	160	100	222	  5	179	 37	181	159	127	245	
 24
  0	101	223	 51	 11	 65	187	 30	173	133	 39	161	152	119	241	 60	 46	168	 97	182	  3	219	125	245	
 20
  0	 80	 26	148	 42	 81	 45	202	 77	164	 63	203	167	185	 32	199	 24	154	146	245	
 14
  0	 73	 36	195	110	158	 48	232	113	 29	170	151	235	245	
 18
  0	 43	111	  6	233	165	128	 98	 52	 95	117	220	217	 89	174	211	239	245	
 16
  0	 35	112	234	157	102	 72	194	106	224	228	 94	 40	162	216	245	
 20
  0	 20	142	 79	 84	201	105	 49	227	171	 88	206	 82	210	 62	204	184	 16	138	245	
 22
  0	 56	 47	 93	 74	 92	196	 87	178	169	 68	214	215	209	  4	190	103	104	225	126	226	245	
 16
  0	 22	121	 41	144	 34	 54	156	163	243	 55	109	176	177	231	245	
 10
  0	 86	208	 25	  8	147	130	 17	139	245	
 20
  0	 85	 15	107	137	 50	229	 21	 19	172	 23	141	143	 33	 67	207	189	155	145	245	
 16
  0	 61	122	 18	 27	244	183	  2	 14	124	136	149	114	140	236	245	
