 12	94
 24
  0	 92	 27	121	186	 87	 48	142	 79	173	 42	181	 69	163	136	  6	 32	 74	126	 93	100	168	187	189	
 20
  0	 25	119	 59	 22	153	  9	 77	 44	171	116	138	 85	103	179	 33	 45	139	127	189	
 18
  0	  1	 88	 62	 95	 21	182	 64	156	 14	115	 46	158	108	 57	140	151	189	
 16
  0	  3	 55	 97	  4	149	 34	 30	128	 86	124	 98	 71	180	165	189	
 14
  0	 90	 84	  5	178	184	 99	 94	 28	 19	122	113	188	189	
 18
  0	 10	 13	107	 36	 11	 31	130	105	 75	104	 65	125	169	 49	159	143	189	
 10
  0	  7	 58	101	152	 70	 26	120	164	189	
 22
  0	 51	 47	145	  2	 78	141	 38	 41	172	135	 72	 39	132	 63	166	157	133	 29	 96	123	189	
 22
  0	 24	 80	 40	134	174	118	 37	 56	 12	150	131	 50	 66	160	 61	106	 20	144	155	114	189	
 14
  0	 15	 83	 18	177	 43	112	109	 82	176	 23	137	117	189	
 14
  0	 52	 16	146	  8	 60	102	110	 73	 54	154	167	148	189	
 20
  0	 76	 17	170	111	 89	 35	183	 67	 81	 68	161	129	162	 91	175	185	 53	147	189	
