 10	80
 24
  0	 17	 55	 43	 33	123	 97	113	 15	135	  7	 95	 87	 41	 50	 18	 98	 39	119	 58	121	138	130	161	
 12
  0	 30	110	 32	 42	112	  6	 37	 86	122	117	161	
 18
  0	 67	 60	147	 66	 14	146	 94	 80	 45	140	125	160	 11	 59	 91	139	161	
 22
  0	  5	 61	 23	 22	 38	102	103	118	141	 12	 52	 85	 92	132	 65	 69	 73	149	145	153	161	
 22
  0	 54	134	 79	 51	 70	159	131	  4	 16	150	 84	 76	 96	 26	 21	156	 24	106	104	101	161	
 20
  0	 29	  3	 56	109	 19	 99	 78	136	158	 75	155	  9	 83	 35	 89	 47	127	115	161	
 18
  0	 10	  8	 88	 90	 71	  1	 68	 81	151	 77	148	157	 57	 48	137	128	161	
 16
  0	 44	 34	 49	124	 27	129	 74	154	114	 20	 53	133	107	100	161	
 24
  0	 25	 13	 93	 36	105	  2	 64	 40	 82	116	 31	120	 62	144	 46	142	 28	 63	126	111	108	143	161	
  4
  0	 72	152	161	
