 16	119
 12
  0	 44	100	 88	163	207	219	 33	152	 87	206	239	
 14
  0	 91	210	 34	117	 23	 77	142	 50	153	196	236	169	239	
 10
  0	  6	 30	 35	149	 70	125	154	189	239	
 16
  0	  3	122	 86	 95	  8	 96	 97	127	205	216	214	215	 47	166	239	
 28
  0	 21	101	 31	 99	220	218	150	140	110	 82	 39	158	 48	229	201	  4	111	167	 29	 24	 85	123	204	148	143	230	239	
 14
  0	 69	 25	188	114	233	 72	144	104	 62	181	191	223	239	
 26
  0	 14	 63	102	 55	112	133	109	221	 46	 17	165	182	231	 36	174	136	 41	155	160	 65	228	184	 71	190	239	
 20
  0	 27	 75	 51	146	170	194	 13	 15	132	 52	105	134	 79	171	 54	224	198	173	239	
 12
  0	  5	 60	 93	 73	212	192	124	 20	179	139	239	
 14
  0	 12	 61	 38	157	131	107	108	180	226	 81	227	200	239	
 14
  0	 10	 40	 49	 37	129	168	 28	156	159	147	 90	209	239	
 18
  0	 89	208	  9	  1	 19	138	128	106	120	 74	225	 98	193	 66	185	217	239	
 18
  0	 26	 16	  2	 42	135	 45	121	118	145	 56	161	237	 92	164	211	175	239	
 22
  0	 84	 80	 57	 58	177	176	203	 68	199	116	187	115	235	 22	 94	234	 64	141	213	183	239	
 16
  0	 43	  7	162	 78	 59	103	197	222	178	126	119	 76	238	195	239	
 16
  0	113	 53	 32	 83	151	 67	232	 18	172	 11	202	130	137	186	239	
