 11	83
 14
  0	 60	 23	143	 20	 61	144	106	 51	103	 73	134	156	167	
 16
  0	 15	 14	 98	 78	 34	 25	 24	117	161	 72	108	 97	107	155	167	
 20
  0	 30	  1	113	 40	 84	  8	  4	 16	 36	123	 91	 67	119	 33	 87	116	150	 99	167	
 22
  0	 10	 77	 63	 18	 93	160	 80	101	146	 37	 46	 64	163	 47	129	147	130	  6	120	 89	167	
 22
  0	  7	 90	 29	 69	 52	152	  5	112	 38	135	 88	 17	121	 31	100	 12	114	 49	 95	132	167	
 20
  0	 79	 83	162	 59	166	 28	 58	111	 66	141	 56	139	142	149	  3	 76	159	 86	167	
 18
  0	 48	 45	 82	128	165	 35	131	 70	153	 68	118	  9	151	 55	 92	138	167	
 18
  0	 27	 71	110	 13	 19	154	 96	 65	102	 53	148	 22	136	105	 43	126	167	
  8
  0	 54	 39	 57	122	140	137	167	
 16
  0	 75	 21	 11	158	 32	 94	104	  2	115	 41	 85	124	 26	109	167	
 14
  0	 62	 42	 81	145	164	 74	 44	125	 50	157	127	133	167	
