 12	84
 10
  0	 58	 54	 36	 55	138	142	120	139	169	
 18
  0	 76	 35	 23	160	119	 60	  9	107	 93	 74	144	 13	158	 56	140	 97	169	
 16
  0	 71	 73	 14	157	155	 98	 11	 77	  5	 95	 63	147	 89	161	169	
 22
  0	 32	 68	 72	156	152	  6	116	 90	 50	 80	 48	134	164	 66	132	 44	150	 33	128	117	169	
 14
  0	 42	 45	126	129	 17	 47	101	131	  8	 10	 92	 94	169	
 14
  0	 28	 15	112	 84	 99	 38	 61	 20	104	168	122	145	169	
 22
  0	 78	 49	 40	162	124	 79	133	  1	 31	163	 37	 75	 85	121	159	 27	115	 21	105	111	169	
 12
  0	 82	 43	166	 29	127	 59	 34	113	143	118	169	
 20
  0	 62	 53	 16	 18	146	100	  7	 19	 39	102	137	 67	123	103	 91	 26	151	110	169	
 20
  0	 70	 46	 22	106	 69	  3	154	130	  2	 24	  4	153	108	 87	 83	 86	 88	167	169	
 12
  0	 64	148	 41	 57	 25	141	109	 12	125	 96	169	
 12
  0	 51	 30	114	135	 81	165	 52	 65	136	149	169	
