 12	95
 24
  0	 21	 81	 28	 90	123	 67	 50	185	 19	162	145	116	176	 20	 87	115	 36	  9	131	182	114	104	191	
 16
  0	 73	  8	 80	175	 10	 43	 86	168	103	 23	105	118	181	138	191	
 12
  0	 69	 55	164	 17	 34	129	150	 51	112	146	191	
 14
  0	 70	165	  1	  5	 95	 96	 12	100	190	107	 41	136	191	
 16
  0	 33	 89	 56	128	 11	184	106	 35	 40	151	 94	135	130	189	191	
 12
  0	 39	 42	 88	137	 63	134	183	 37	132	158	191	
 24
  0	 91	  2	186	 22	 14	117	109	 97	 38	 27	 85	122	 65	 30	125	180	 44	133	160	 59	139	154	191	
 20
  0	 46	 77	  4	 32	 99	127	 93	 24	172	141	 47	188	 64	119	 26	142	159	121	191	
 20
  0	 52	  7	 92	  3	187	147	 18	113	102	 98	 53	 84	 83	 61	148	156	178	179	191	
 16
  0	 74	 31	  6	101	126	169	 75	 25	 60	155	 66	170	161	120	191	
 14
  0	 78	 76	 58	153	171	173	 79	 71	 13	108	166	174	191	
 26
  0	 57	152	 62	 29	 45	124	 68	 16	140	157	 54	 49	163	 82	111	149	 48	 72	 15	144	177	110	143	167	191	
