 11	86
 10
  0	 77	 69	 27	155	163	 49	113	135	173	
 22
  0	 29	 44	 59	115	130	 70	 78	  5	156	 91	 42	145	 63	149	128	164	 71	 43	157	129	173	
 20
  0	 16	 66	102	 86	152	 82	 62	168	172	148	 18	 57	 56	142	143	 37	104	123	173	
 24
  0	  1	 55	 38	 87	141	 54	 40	124	 67	126	140	 85	 65	153	 73	171	 39	 76	151	159	162	125	173	
 18
  0	 10	 23	 35	121	  2	 96	109	 88	 81	167	 17	 14	 33	100	119	103	173	
  8
  0	 53	 24	139	 48	134	110	173	
 18
  0	 58	144	 34	 46	132	 45	 32	120	118	 19	 84	131	105	 51	137	170	173	
 22
  0	  8	 68	 13	154	 75	  7	 94	 99	 52	 25	 93	161	111	138	 26	 47	112	 12	 98	133	173	
 22
  0	 61	 36	 83	 74	122	 31	147	169	160	  4	117	 90	 79	 80	165	  6	 72	 92	166	158	173	
 18
  0	 60	 28	146	 11	 97	 64	 21	107	 20	150	  3	 50	114	106	136	 89	173	
 12
  0	 41	 30	116	 22	127	108	  9	 15	 95	101	173	
