 13	90
 20
  0	 19	109	 50	 78	 36	126	 81	168	 35	 90	140	171	 89	125	 53	179	180	143	181	
 10
  0	 30	120	 51	  1	141	 25	 91	115	181	
 18
  0	 88	178	  6	 96	 71	 64	161	  5	 95	  7	154	 14	 11	104	 97	101	181	
 14
  0	 27	 15	117	105	 28	 47	118	137	 61	 59	151	149	181	
 16
  0	 73	 34	124	 86	 29	163	 17	 63	176	107	 48	153	119	138	181	
 24
  0	 33	 60	 40	123	 82	150	 43	130	133	  2	172	 74	 16	 92	164	  3	 10	 93	106	100	 12	102	181	
 18
  0	 52	  8	 44	142	 85	134	 22	 98	112	 18	 20	108	 77	110	175	167	181	
 10
  0	 54	  9	 84	 80	144	170	 99	174	181	
 10
  0	 62	 23	113	152	 72	 45	162	135	181	
 16
  0	 58	 67	148	 70	160	157	 76	 87	 32	 38	128	166	177	122	181	
 18
  0	 42	 24	 68	 39	158	 69	129	114	132	159	 79	 75	 31	165	121	169	181	
 20
  0	 21	 65	 83	111	 41	131	155	173	 49	 56	 26	 37	146	 66	139	116	127	156	181	
 12
  0	 13	 55	145	103	 46	  4	 57	136	 94	147	181	
