 11	85
 10
  0	 51	 63	136	 48	 42	148	133	127	171	
 18
  0	 57	 59	142	144	 60	 35	145	 20	 64	120	105	 18	 75	149	103	160	171	
 18
  0	 11	 33	 96	 19	 32	118	104	117	 50	 46	135	  1	 39	131	 86	124	171	
  8
  0	 36	 22	 66	121	107	151	171	
 20
  0	 72	 31	116	157	 55	 65	140	 71	 38	150	 82	156	167	123	 47	 78	163	132	171	
 16
  0	 14	 52	 99	 62	147	 24	137	 69	109	 61	 80	146	154	165	171	
 18
  0	 67	 76	 27	161	112	152	  8	 21	 43	 93	  6	128	  2	 91	106	 87	171	
 26
  0	 77	162	 29	 13	 79	164	 44	 30	 68	 98	114	153	  4	129	 74	 49	 89	 17	  7	159	102	115	 92	134	171	
 20
  0	 41	  9	 70	126	155	 54	 34	 94	139	 58	 23	 73	108	 56	143	141	119	158	171	
 16
  0	 10	 25	 95	 37	110	  3	122	 15	 88	 26	100	 83	168	111	171	
 22
  0	 85	 16	  5	 90	 53	101	 84	170	138	 28	169	113	 12	 40	 81	 97	125	 45	166	130	171	
