 11	87
 26
  0	 55	 14	 32	 47	101	119	142	 10	 34	134	 59	 97	121	 22	146	 82	 86	  4	109	 91	 63	169	173	150	175	
 16
  0	 13	 42	100	  8	129	 19	 58	 26	 95	 36	106	145	113	123	175	
 20
  0	 78	 50	137	  2	165	 67	 89	 16	 62	 85	154	149	103	  3	172	 53	140	 90	175	
 14
  0	 77	 54	141	164	  9	 11	 23	 98	 96	110	 81	168	175	
  8
  0	 37	  6	124	 72	 93	159	175	
 22
  0	 33	 30	 38	120	117	 66	 75	 29	125	116	 15	 21	153	 71	162	102	 20	108	158	107	175	
 20
  0	 27	 18	105	 80	 52	 48	114	 35	167	139	 24	111	 12	122	 99	135	 68	155	175	
 18
  0	 51	 56	138	143	 45	  1	 88	 73	132	160	 84	171	 44	 64	151	131	175	
 16
  0	 83	 28	 74	115	170	 87	161	  5	174	 92	 40	 31	127	118	175	
 18
  0	 41	 43	130	 17	128	104	 49	 70	 79	 60	 65	136	152	166	157	147	175	
 18
  0	  7	 61	 76	 94	 46	133	 39	148	 69	 25	163	156	126	 57	112	144	175	
