 12	93
 18
  0	 18	 76	111	169	 51	 42	135	144	 88	 29	 93	181	186	 86	122	179	187	
 12
  0	 11	 45	 30	 80	138	104	 19	173	123	112	187	
 12
  0	 63	 70	156	163	 40	 36	133	 49	129	142	187	
 26
  0	 31	 15	108	 92	124	185	 24	  1	 21	117	 32	 94	114	 54	  6	147	 72	 12	 87	165	180	 99	105	125	187	
 22
  0	 58	 77	 57	170	 55	150	148	151	 69	 28	 13	121	 10	162	 25	103	106	 90	118	183	187	
 18
  0	 66	 91	 34	 74	  8	159	  4	127	184	 97	101	  3	 75	 96	167	168	187	
 20
  0	 82	 44	175	 81	 23	174	116	 71	137	 38	 14	 35	131	107	 83	128	164	176	187	
 14
  0	 84	 53	 47	 61	146	154	 59	140	  7	152	177	100	187	
 18
  0	 64	 67	 65	157	158	 89	160	 79	 85	178	 46	139	 73	172	182	166	187	
 18
  0	 50	 60	 39	153	 27	143	 41	120	132	134	  5	 52	 98	 48	141	145	187	
 14
  0	 26	119	 56	 20	149	 16	 22	113	109	 33	115	126	187	
 18
  0	 68	  9	 37	102	 43	161	  2	130	 62	136	155	 78	 95	 17	171	110	187	
