 11	81
 16
  0	 21	 51	 53	102	132	 46	134	 23	 34	104	127	115	 30	111	163	
 16
  0	  1	 67	 11	 69	 82	 43	150	 92	124	 16	148	 60	141	 97	163	
 16
  0	 32	 55	113	 57	 25	138	136	 81	106	 56	 52	162	137	133	163	
 14
  0	  5	 86	 39	 37	 40	120	  7	118	 88	 48	129	121	163	
 12
  0	 47	  2	128	 70	151	 22	 27	 83	108	103	163	
 16
  0	 10	 35	 29	110	116	 17	 91	 13	 45	 98	 94	 18	 99	126	163	
 12
  0	 73	 15	 96	 49	 24	105	 33	130	114	154	163	
 18
  0	 74	  9	155	 78	159	 76	  8	 90	 89	 19	157	 12	 64	100	 93	145	163	
 24
  0	 71	  6	 54	152	 50	 87	 26	135	 72	131	 80	161	153	 36	107	 66	 65	 68	146	147	149	117	163	
 16
  0	 62	 28	143	109	 61	 41	142	 79	122	 77	 31	112	160	158	163	
 24
  0	 75	 59	156	140	 58	 20	 44	139	  3	125	 14	 63	 84	101	 42	 38	119	  4	123	 95	144	 85	163	
