 13	88
 18
  0	 59	 67	 50	147	 66	155	138	 75	 33	163	 45	133	 69	154	121	157	177	
 18
  0	 37	 61	 60	148	 14	149	 80	125	 62	168	 13	102	  5	101	 93	150	177	
 18
  0	 24	 15	 46	112	103	 17	134	 21	105	 43	 55	109	 34	143	131	122	177	
 22
  0	 53	 76	164	 27	115	 87	  3	175	141	 58	 91	146	 83	 57	 41	145	129	171	 16	104	177	
  6
  0	 86	 28	174	116	177	
 22
  0	 78	  6	 94	 65	 70	158	153	 11	 31	 73	166	119	  8	 99	 25	 96	  4	113	161	 92	177	
  8
  0	 35	  9	 97	123	 10	 98	177	
 12
  0	  2	 29	 90	 56	 63	117	144	 30	151	118	177	
 22
  0	 81	 23	111	 42	 74	130	 19	 49	107	137	169	 51	 54	162	139	 72	142	160	 12	100	177	
 16
  0	  7	 22	 82	170	 95	 64	110	 44	132	 79	152	167	 48	136	177	
 14
  0	 47	 20	 40	135	 88	108	128	 71	 52	176	159	140	177	
 14
  0	 77	165	 26	 84	 39	 38	172	114	126	 68	156	127	177	
 12
  0	 85	 32	 36	124	173	120	 18	  1	106	 89	177	
