 10	81
 20
  0	  2	 20	 24	 83	 26	101	105	 18	107	 45	126	 99	 11	 92	 32	 35	113	116	163	
 12
  0	 43	 37	 29	 44	118	 42	124	110	125	123	163	
 20
  0	 17	 78	159	 98	 34	 23	104	 81	 15	115	 74	162	 96	 41	155	 27	108	122	163	
 18
  0	 58	 47	139	 50	 22	128	131	 39	  7	 46	120	103	127	 88	 52	133	163	
 22
  0	 71	  3	 65	 84	152	146	 75	 48	156	 25	 62	129	106	 28	143	 72	109	 19	100	153	163	
 18
  0	 76	157	 67	148	 51	 64	 30	 80	111	132	145	 68	 55	149	161	136	163	
 16
  0	 53	 14	 63	134	144	 49	 95	 70	130	151	 13	 79	 94	160	163	
 20
  0	 61	 54	135	 16	 97	142	 31	  6	 59	112	 33	114	 66	 87	147	  4	140	 85	163	
 20
  0	 69	  1	 56	 82	150	137	 40	 36	121	 73	117	 38	 12	154	 10	 91	119	 93	163	
 16
  0	 57	 60	 21	 77	138	141	102	  5	158	 86	  8	  9	 90	 89	163	
