 16	125
 20
  0	117	 83	242	105	 56	230	 68	208	181	193	 94	 46	171	  4	  6	219	129	131	251	
 12
  0	 77	 44	 35	202	 19	 13	160	169	138	144	251	
 24
  0	 73	 37	 42	 23	148	198	167	 53	162	110	 51	178	101	 61	  5	226	235	176	 99	186	224	130	251	
 16
  0	 64	 15	 75	189	 31	200	 52	 36	156	140	177	 67	192	161	251	
 22
  0	 80	 11	106	205	 78	203	124	231	115	136	249	 74	122	199	 38	240	 21	163	247	146	251	
 28
  0	 55	 40	180	 50	 24	114	175	 45	165	170	 92	239	149	125	  2	 72	217	127	197	 97	250	 48	111	173	236	222	251	
 20
  0	 71	 30	 86	 79	  3	196	128	155	 88	 14	211	204	213	139	 81	 62	187	206	251	
 12
  0	 22	 12	 96	147	 20	221	145	  1	137	126	251	
 14
  0	116	 59	 93	 66	218	 25	191	150	 17	184	142	241	251	
 10
  0	 39	109	164	104	 27	229	234	152	251	
 24
  0	 33	100	 70	 18	 85	143	225	 89	158	195	214	210	118	 60	243	120	 26	 43	168	185	245	151	251	
 16
  0	112	237	108	 87	 54	212	233	 90	102	179	215	227	 91	216	251	
 18
  0	 98	119	 32	244	157	223	 76	 49	201	 41	174	 65	166	 69	190	194	251	
  8
  0	121	103	246	228	  9	134	251	
 22
  0	 58	  7	183	 47	132	172	 29	123	 63	154	 10	188	113	135	  8	248	238	 57	133	182	251	
 16
  0	107	 34	 95	159	 82	232	 84	220	 16	141	207	 28	209	153	251	
