 14	94
 12
  0	  1	  9	 18	 87	112	 95	 26	103	120	181	189	
 18
  0	 65	 53	 10	147	159	 60	 81	154	104	175	 54	 27	121	 84	148	178	189	
 18
  0	 47	 91	141	185	 22	 23	 58	 20	117	114	 25	  4	152	116	119	 98	189	
  8
  0	 55	 44	 72	149	166	138	189	
 16
  0	 93	187	 79	 92	173	 32	 14	 73	186	167	 30	108	124	126	189	
 12
  0	 28	 39	122	 16	 37	133	110	  2	131	 96	189	
 12
  0	 57	151	  6	100	  5	 78	 17	 99	111	172	189	
 12
  0	 31	 36	 94	125	188	130	 42	 76	170	136	189	
 24
  0	 71	 83	 45	 11	165	105	177	 21	 24	139	115	 51	 12	145	 34	118	106	 48	128	142	 41	135	189	
 14
  0	 15	 50	 86	180	 19	144	 38	113	109	 82	132	176	189	
 18
  0	  7	 75	 62	169	156	 89	 52	183	146	101	 61	155	 63	  3	 97	157	189	
 18
  0	 68	 35	 64	 43	129	162	158	  8	 77	 85	137	102	171	179	 90	184	189	
 22
  0	 88	 67	 56	182	 74	 46	168	 66	 59	140	161	160	 49	153	 40	134	150	 33	127	143	189	
 12
  0	 70	 29	164	 13	 69	 80	123	107	163	174	189	
