 12	95
 18
  0	 59	 42	154	 27	 48	137	122	 70	165	143	 51	 54	146	 88	149	183	191	
 28
  0	 39	  1	 18	113	134	 36	 49	 69	 96	131	 40	144	164	  5	135	 84	100	 94	 16	111	 50	 12	179	145	189	107	191	
 18
  0	 52	 91	 21	 13	116	186	147	 95	108	 61	 83	 46	156	141	190	178	191	
 14
  0	 73	 62	168	 25	120	  4	 64	 99	157	 79	159	174	191	
 26
  0	 78	173	 23	 11	106	 72	118	  2	 75	167	 31	126	 97	 24	119	 35	 43	170	 80	130	138	 29	175	124	191	
 18
  0	 38	 86	133	 15	 14	 30	125	181	110	 89	 81	109	184	 41	176	136	191	
 14
  0	 58	 55	 66	150	153	 26	121	161	 68	 74	163	169	191	
 14
  0	 67	 17	162	112	 22	 71	117	 93	 60	188	166	155	191	
 20
  0	 45	 33	  6	 90	140	101	 92	185	 28	128	187	  8	123	 87	103	 63	182	158	191	
 10
  0	 77	 34	 37	 57	172	129	152	132	191	
 18
  0	 85	 47	180	142	 65	  3	  9	 82	160	 98	 56	 32	104	151	177	127	191	
 16
  0	 53	148	 20	 10	 76	105	115	  7	 19	 44	102	114	139	171	191	
