 14	110
 16
  0	 47	 58	 89	168	107	157	 73	199	109	183	  5	115	217	219	221	
 16
  0	 45	 95	155	102	 13	212	 54	205	123	105	164	 36	146	215	221	
 24
  0	 72	 34	100	 96	210	182	 15	 16	144	125	 39	206	126	104	 92	202	149	214	 99	 32	209	142	221	
 14
  0	 12	 31	 11	121	 28	 86	141	122	196	 24	138	134	221	
 18
  0	 42	 65	 62	152	 49	172	 68	175	 37	159	 85	195	 88	198	178	147	221	
 20
  0	 90	 18	106	128	200	  8	118	  6	216	 21	  4	 26	131	136	116	114	 40	150	221	
 24
  0	 61	 67	 83	171	177	 63	  9	173	193	 51	  7	161	 14	119	 74	124	184	 57	 38	117	148	167	221	
 22
  0	 22	101	132	 43	 41	 94	153	151	  3	204	 23	 78	188	113	 53	133	211	 33	163	143	221	
 16
  0	 75	 93	185	 44	108	203	154	 20	218	 50	130	160	 80	190	221	
 18
  0	 17	 71	 60	 98	208	170	 87	  2	127	181	 48	112	 56	166	197	158	221	
 12
  0	 19	 91	129	 76	 25	201	186	135	 35	145	221	
 18
  0	 59	110	 66	169	 97	103	 46	156	176	220	 27	213	 84	207	137	194	221	
 16
  0	  1	 81	 77	 69	111	191	 70	179	180	187	 30	 52	140	162	221	
 14
  0	 79	 10	 82	192	189	 29	 64	120	 55	165	139	174	221	
