 12	76
 20
  0	 46	 70	 36	 23	146	 99	  2	122	 47	 52	 78	 20	123	128	112	 51	 96	127	153	
 12
  0	 32	 55	108	 54	131	130	 14	 71	 90	147	153	
 14
  0	 34	 41	 63	110	117	 76	 25	139	 11	 87	101	152	153	
 20
  0	 16	 64	 43	 92	 40	119	140	116	 66	 74	142	  5	 81	150	 61	 57	133	137	153	
 16
  0	 45	121	 17	 67	 65	 93	 42	143	 53	118	141	129	 69	145	153	
 14
  0	 35	111	 58	 26	102	  9	 85	134	 60	136	  4	 80	153	
 14
  0	 19	  8	 95	 75	 39	 84	151	 15	 48	115	 91	124	153	
  6
  0	 50	126	 31	107	153	
 16
  0	 44	 49	 33	125	 38	120	 73	109	 22	114	 10	149	 86	 98	153	
 14
  0	 27	 24	 56	  6	 18	103	 82	132	100	 94	 68	144	153	
 14
  0	 30	 62	 37	106	 21	 97	 12	  7	113	138	 88	 83	153	
 16
  0	 72	148	 13	  1	 89	 29	 77	 28	105	 59	104	  3	135	 79	153	
