 11	85
 20
  0	 23	 10	 95	 47	  7	108	 54	 58	132	139	143	 92	 40	 38	 67	125	123	152	171	
 16
  0	 19	 39	 18	104	 71	124	 72	103	157	156	 70	 35	155	120	171	
 14
  0	 51	 22	107	 13	 14	 99	136	 98	 49	 44	134	129	171	
 18
  0	 32	 15	117	 41	100	126	 78	 73	 55	163	 77	158	 20	105	140	162	171	
 16
  0	 27	 65	 66	 85	170	151	 25	112	150	 24	110	  6	 91	109	171	
 24
  0	 26	 34	119	111	  9	 81	 94	 80	 57	 12	142	166	165	 64	 97	 29	 82	114	 61	149	146	167	171	
 16
  0	 68	153	 76	 52	 45	161	137	 53	130	138	  8	 75	 93	160	171	
 24
  0	 83	  4	 33	 84	 60	 11	145	 96	 69	168	 37	169	 89	122	 74	154	 59	118	144	  2	159	 87	171	
  8
  0	 16	 43	101	 21	128	106	171	
 14
  0	 31	 62	116	147	 79	 42	127	164	 30	115	 63	148	171	
 22
  0	  1	  5	 90	 56	  3	 36	121	141	 46	131	 86	 88	 17	 50	 48	 28	135	133	102	113	171	
