 11	75
 16
  0	 41	 34	116	 39	109	 48	 16	 14	 91	 72	114	 89	123	147	151	
 16
  0	 42	 37	 18	112	 93	117	 47	122	 64	 43	 20	118	 95	139	151	
 18
  0	 51	 49	 73	148	126	124	 36	111	  5	  8	 27	 83	 59	102	 80	134	151	
 12
  0	 24	 13	 65	 99	 61	140	136	 88	 50	125	151	
 20
  0	 66	 10	 57	 85	141	 22	 21	 23	 97	132	 98	 32	 96	 70	 33	145	107	108	151	
 14
  0	 46	  1	121	 63	138	 76	 29	 31	 58	104	106	133	151	
 12
  0	 44	 30	 71	105	119	  3	146	 19	 94	 78	151	
 16
  0	 67	 56	142	 62	 17	131	 75	150	 92	 55	 60	135	137	130	151	
 24
  0	 53	 11	  7	 82	 15	 90	  4	 86	128	 68	 79	  2	143	 28	 26	103	101	 38	 77	 35	113	110	151	
 10
  0	  6	 69	144	 81	 45	 12	 87	120	151	
 14
  0	 74	149	  9	 25	100	 54	 40	 52	115	 84	127	129	151	
