 10	86
 12
  0	 62	 64	148	 60	 22	 26	108	146	112	150	173	
 18
  0	  1	 48	 38	 61	  5	124	 87	147	134	 32	 23	118	 44	130	109	 91	173	
 18
  0	 45	 19	105	131	 66	 43	152	 63	129	 74	 39	149	 71	157	125	160	173	
 22
  0	 11	 97	 25	  4	 29	111	115	 90	 12	 36	122	 70	156	 13	 30	116	 99	 98	 58	144	173	
 28
  0	 35	 18	 53	 47	121	104	133	 68	154	139	 40	 16	102	126	 51	 42	128	137	 27	 46	 34	132	113	 50	120	136	173	
 18
  0	 10	 85	171	  2	 96	 65	151	 81	 88	167	 82	  9	 95	168	 69	155	173	
 28
  0	 84	  6	 31	 55	141	 37	 67	170	 92	153	  7	117	 17	123	 72	 76	 93	 56	162	103	158	 41	142	 54	140	127	173	
 12
  0	  8	 75	 20	 94	161	 52	106	 33	138	119	173	
 20
  0	  3	 73	 83	 57	159	169	 79	 89	 86	143	172	 77	165	 59	163	 15	145	101	173	
 16
  0	 80	 21	 78	 14	166	100	107	164	 28	 24	114	 49	135	110	173	
