  9	92
 18
  0	 43	135	 58	  8	 35	 22	100	 29	150	 37	114	  6	129	121	 98	127	185	
 18
  0	 27	 57	 16	 80	108	 24	119	 50	149	 89	172	116	 25	117	142	181	185	
 20
  0	 65	 14	157	 46	106	 84	138	 10	 73	176	 12	 63	102	 79	171	155	165	104	185	
 26
  0	 39	 54	 28	146	131	120	 15	  4	 13	107	 96	105	 66	 53	 21	158	113	145	 67	 34	 77	159	126	169	185	
 20
  0	 91	 23	 30	 52	183	  7	 82	115	144	 99	122	174	 88	180	 51	 59	143	151	185	
 28
  0	 36	 85	177	 92	 75	 49	167	184	141	128	  3	  2	 72	 71	 94	 60	 95	152	 19	 47	 33	139	164	111	125	163	185	
 24
  0	 26	 74	 62	118	 87	 61	 86	166	 11	 90	179	103	182	  9	178	154	153	 41	 68	133	160	101	185	
 28
  0	  1	 20	 76	112	 93	 32	 56	 64	168	 70	 83	148	124	162	175	156	 45	  5	137	 81	 38	 97	 69	161	130	173	185	
 20
  0	 42	 55	147	 78	 44	170	134	 48	136	 17	140	109	 31	 40	132	 18	123	110	185	
