 11	76
 20
  0	 21	 13	 97	  7	 23	 89	 83	  6	 82	 44	 99	 46	  5	122	 20	120	 81	 96	153	
 10
  0	 67	 31	 56	107	143	 35	132	111	153	
 14
  0	  1	 18	 77	 34	 74	110	 94	150	 70	 14	146	 90	153	
 16
  0	 53	 75	  3	 79	 22	129	  8	 47	 84	 98	 57	151	133	123	153	
 14
  0	 25	 16	 76	 41	101	 92	152	 38	 54	117	130	114	153	
 26
  0	 15	 30	106	 17	 28	 93	 50	 72	104	126	148	 61	 91	137	 62	 37	 11	113	 26	 43	138	 87	119	102	153	
 10
  0	 71	 63	 29	139	147	 33	109	105	153	
 16
  0	  9	 65	141	 27	 39	 60	115	103	 12	136	 19	 85	 88	 95	153	
 20
  0	  4	 51	 80	 32	 59	 10	 86	135	127	108	 24	 69	 73	100	149	145	 68	144	153	
 14
  0	 48	 49	 52	 55	125	 66	128	  2	131	124	142	 78	153	
 14
  0	 64	 36	140	 42	112	 58	118	 40	 45	116	121	134	153	
