 14	101
 16
  0	 90	 47	 95	196	191	 64	165	 25	148	 48	 55	126	156	149	203	
 16
  0	 81	 91	182	192	 62	  9	 45	163	 56	146	157	 87	110	188	203	
 22
  0	 98	199	  8	 23	 93	109	124	 69	 84	 41	194	 89	170	142	 67	185	190	168	 46	147	203	
 16
  0	 92	 71	  7	193	 94	172	108	 35	136	 50	 70	171	151	195	203	
 14
  0	 30	131	 39	 15	140	116	 78	 60	179	  4	105	161	203	
 14
  0	101	 43	 66	202	167	 80	 42	181	144	143	 27	128	203	
 24
  0	 44	 52	153	 28	 24	 99	145	125	 18	119	 49	150	129	200	 11	112	 61	 96	 26	127	197	162	203	
 10
  0	 97	198	 37	 77	138	 33	134	178	203	
 12
  0	 53	 13	154	114	 58	 40	 36	159	137	141	203	
 14
  0	 31	132	 65	 75	  1	102	166	 20	176	121	  2	103	203	
 16
  0	100	  3	201	 73	 74	 59	 63	175	174	104	 68	164	160	169	203	
 16
  0	 34	 76	 16	177	135	 54	117	 79	  6	107	 57	155	180	158	203	
 18
  0	 22	 82	123	 38	183	 72	139	173	 83	 32	 17	184	 51	133	152	118	203	
 22
  0	 85	 86	 19	187	 10	186	120	  5	 14	 12	115	111	 29	 88	106	 21	189	113	122	130	203	
