 16	123
 12
  0	 79	202	 23	 27	 48	 85	171	150	146	208	247	
 16
  0	118	 61	184	 14	 57	137	241	180	 67	 56	190	 52	179	175	247	
 18
  0	 15	 36	138	159	 46	 22	 24	145	 55	 47	169	147	 81	204	170	178	247	
 10
  0	 31	154	112	 40	 99	235	163	222	247	
 22
  0	 58	 83	 30	206	107	181	 98	 71	153	 84	207	230	194	105	122	221	245	 66	228	189	247	
 16
  0	 95	109	232	218	123	117	246	240	 12	 93	 94	216	217	135	247	
 12
  0	113	 28	151	  9	236	132	 35	 76	158	199	247	
 20
  0	 26	 72	 51	174	120	149	243	195	 64	 82	187	 19	205	142	 86	 37	160	209	247	
 12
  0	 90	 38	161	 53	176	213	  8	104	227	131	247	
 24
  0	110	 63	114	233	 10	237	133	186	 59	 34	182	 16	157	 89	212	 13	139	119	 39	136	162	242	247	
 24
  0	 21	 17	144	140	 91	 74	102	225	 54	197	177	101	 29	224	103	152	214	 20	226	143	108	231	247	
 16
  0	 75	  1	198	 97	  5	124	 11	220	 25	134	115	148	238	128	247	
 20
  0	 96	116	 32	219	155	 60	239	 41	  3	164	 78	183	  2	125	 88	201	126	211	247	
 18
  0	 77	 33	200	 92	 73	121	215	156	244	  4	196	 42	 18	127	141	165	247	
 20
  0	106	 70	 43	229	100	193	 49	223	166	 45	 65	 68	 50	168	172	173	191	188	247	
 18
  0	 69	  6	111	 87	129	192	 80	210	234	203	 44	  7	 62	167	185	130	247	
