 12	86
 16
  0	 22	 19	 27	108	 49	105	113	 55	135	 70	156	 33	141	119	173	
 14
  0	 16	 58	 23	144	  1	109	 87	102	 68	154	 11	 97	173	
 18
  0	 10	 77	 12	 25	 96	 38	111	124	 28	 98	163	114	 26	 85	112	171	173	
 16
  0	  7	 41	 93	 72	 14	 81	158	127	 36	 66	100	167	122	152	173	
 14
  0	 18	  3	 24	 35	110	104	121	 46	 89	  8	 94	132	173	
 16
  0	 56	 82	  6	142	168	 69	 92	 76	 83	 53	155	162	169	139	173	
 22
  0	  9	 62	 50	 95	 52	136	148	 65	 34	151	 30	120	138	116	 61	 74	  2	160	147	 88	173	
 12
  0	 71	 45	157	 39	  5	 64	 91	125	131	150	173	
 14
  0	 29	 51	 80	115	166	 47	137	 63	 37	149	123	133	173	
 24
  0	 78	 84	 15	 43	 17	 73	164	 40	103	 31	101	159	126	129	170	117	  4	 86	 90	172	 57	143	173	
 14
  0	 20	 48	134	 59	 75	106	 42	 67	128	145	161	153	173	
 16
  0	 13	 79	 54	 32	118	 44	165	 21	140	 60	 99	130	107	146	173	
