10
	VALUE ALL : ( Cost : 3758.093 , TRT : 3693.676 , TWT : 500.042 , TD : 4614.305 )
	VIOLATIONS TOTAL : ( VC :       0 , VTW :   0.000 , VTD :   0.000 , VTRT :   0.000 )
 	COUT_ALL : (   0.003 )  T2B:   34201

	20 sommets 
	values : ( Cost : 418.137 , TRT : 367.757 , TWT :   1.368 , TD : 510.426 )
	violations : ( VC :       0 , VTW :   0.000 , VTD :   0.000 , VTRT :   0.000 )
	cout global : (   0.000	 )
S(i)	 (   C ,     TW0 ,       TW1 ,       VTW ,       Min ,       A ,       W ,       B ,       D ,       L ,       F ,       E ,       Det ,       [Imp ,       Imp]	)
   0 	 (   0 ,    0.000 , 1440.000 ,        0 ,    0.000 ,  848.076 ,    0.000 ,  848.076 ,  848.076 ,    0.000 ,    0.000 ,  848.076 ,    0.000 ,        0 , 	)
   2 	 (   4 ,  791.000 ,  904.774 ,        0 ,    6.079 ,  854.155 ,    0.000 ,  854.155 ,  858.155 ,    0.000 ,    0.000 ,   63.155 ,   -1.080 ,        1 , 	)
  20 	 (   5 ,  780.000 ,  960.000 ,        0 ,  799.941 ,  863.095 ,    0.000 ,  863.095 ,  864.095 ,    0.000 ,    0.000 ,   63.155 ,    7.911 ,        2 , 	)
  24 	 (   8 ,  720.000 ,  900.000 ,        0 ,  822.995 ,  886.150 ,    0.000 ,  886.150 ,  889.150 ,    0.000 ,    0.000 ,   63.155 ,    8.329 ,        3 , 	)
  83 	 (   4 ,  902.000 ,  962.000 ,        0 ,  868.466 ,  931.621 ,    0.000 ,  931.621 ,  935.621 ,   73.466 ,    0.000 ,   29.621 ,   -4.807 ,        4 , 	)
  26 	 (   5 ,  900.000 ,  960.000 ,        0 ,  930.379 ,  960.000 ,    0.000 ,  960.000 ,  961.000 ,    0.000 ,    0.000 ,   29.621 ,   -9.338 ,        5 , 	)
 101 	 (   4 ,  973.000 , 1153.000 ,        0 ,  942.011 ,  971.632 ,    1.368 ,  973.000 ,  974.000 ,  108.905 ,    9.208 ,    0.000 ,   11.213 ,        6 , 	)
 105 	 (   1 ,  842.000 , 1082.000 ,        0 ,  993.388 ,  993.388 ,    0.000 ,  993.388 ,  996.388 ,  104.238 ,    9.208 ,    0.000 ,    2.576 ,        7 , 	)
  18 	 (   5 ,  960.000 , 1140.000 ,        0 , 1008.559 , 1008.559 ,    0.000 , 1008.559 , 1012.559 ,    0.000 ,    9.208 ,    0.000 ,   -0.205 ,        8 , 	)
 107 	 (   4 ,  926.132 , 1028.000 ,        0 , 1018.792 , 1018.792 ,    0.000 , 1018.792 , 1019.792 ,   57.792 ,    9.208 ,    0.000 ,   -3.944 ,        9 , 	)
  45 	 (   8 ,  960.000 , 1140.000 ,        0 , 1024.322 , 1024.322 ,    0.000 , 1024.322 , 1028.322 ,    0.000 ,   24.314 ,   -0.000 ,    3.520 ,       10 , 	)
 126 	 (   4 , 1021.000 , 1201.000 ,        0 , 1057.286 , 1057.286 ,    0.000 , 1057.286 , 1061.286 ,   28.965 ,   24.314 ,   -0.000 ,    0.000 ,       11 , 	)
  99 	 (   0 , 1006.000 , 1241.000 ,        0 , 1061.286 , 1061.286 ,    0.000 , 1061.286 , 1065.286 ,   48.727 ,   24.314 ,   -0.000 ,    0.000 ,       12 , 	)
  11 	 (   4 ,  960.000 , 1140.000 ,        0 , 1088.671 , 1088.671 ,    0.000 , 1088.671 , 1092.671 ,    0.000 ,   24.314 ,   -0.000 ,   -3.119 ,       13 , 	)
  92 	 (   0 ,  993.798 , 1224.000 ,        0 , 1122.470 , 1122.470 ,    0.000 , 1122.470 , 1126.470 ,   29.798 ,   24.314 ,   -0.000 ,    2.453 ,       14 , 	)
  32 	 (   3 , 1003.000 , 1163.763 ,        0 , 1136.953 , 1136.953 ,    0.000 , 1136.953 , 1139.953 ,    0.000 ,   24.314 ,   -0.000 ,   12.035 ,       15 , 	)
  35 	 (   5 , 1032.000 , 1193.492 ,        0 , 1156.120 , 1156.120 ,    0.000 , 1156.120 , 1158.120 ,    0.000 ,   24.314 ,   -0.000 ,    0.496 ,       16 , 	)
 113 	 (   2 , 1071.000 , 1191.000 ,        0 , 1166.686 , 1166.686 ,    0.000 , 1166.686 , 1169.686 ,   26.733 ,   24.314 ,   -0.000 ,    4.293 ,       17 , 	)
 116 	 (   0 , 1100.000 , 1220.000 ,        0 , 1189.920 , 1189.920 ,    0.000 , 1189.920 , 1191.920 ,   31.801 ,   30.080 ,   -0.000 ,   34.405 ,       18 , 	)
 163 	 (   0 ,    0.000 , 1440.000 ,        0 , 1215.833 , 1215.833 ,    0.000 , 1215.833 , 1215.833 ,    0.000 ,  224.167 ,   -0.000 ,    0.000 ,       19 , 	)

	12 sommets 
	values : ( Cost : 212.586 , TRT : 240.367 , TWT :  66.528 , TD : 325.645 )
	violations : ( VC :       0 , VTW :   0.000 , VTD :   0.000 , VTRT :   0.000 )
	cout global : (   0.000	 )
S(i)	 (   C ,     TW0 ,       TW1 ,       VTW ,       Min ,       A ,       W ,       B ,       D ,       L ,       F ,       E ,       Det ,       [Imp ,       Imp]	)
   0 	 (   0 ,    0.000 , 1440.000 ,        0 ,    0.000 ,  918.641 ,    0.000 ,  918.641 ,  918.641 ,    0.000 ,    0.000 ,  918.641 ,    0.000 ,        0 , 	)
  43 	 (   2 ,  780.000 ,  960.000 ,        0 ,    3.459 ,  922.100 ,    0.000 ,  922.100 ,  924.100 ,    0.000 ,    0.000 ,  142.100 ,    6.096 ,        1 , 	)
  37 	 (   3 ,  780.000 ,  960.000 ,        0 ,  787.677 ,  929.777 ,    0.000 ,  929.777 ,  930.777 ,    0.000 ,    0.000 ,  142.100 ,    0.000 ,        2 , 	)
  29 	 (   5 ,  780.000 ,  960.000 ,        0 ,  788.677 ,  930.777 ,    0.000 ,  930.777 ,  932.777 ,    0.000 ,    0.000 ,  142.100 ,    0.000 ,        3 , 	)
  44 	 (   6 ,  803.000 ,  953.097 ,        0 ,  796.474 ,  938.574 ,    0.000 ,  938.574 ,  939.574 ,    0.000 ,    0.000 ,  135.574 ,    2.520 ,        4 , 	)
 118 	 (   5 ,  826.000 , 1006.000 ,        0 ,  823.708 ,  959.282 ,    0.000 ,  959.282 ,  960.282 ,   28.505 ,    0.000 ,  133.282 ,    2.103 ,        5 , 	)
  42 	 (   6 ,  960.000 , 1200.000 ,        0 ,  830.364 ,  963.646 ,    0.000 ,  963.646 ,  964.646 ,    0.000 ,    0.000 ,    3.646 ,    2.064 ,        6 , 	)
 124 	 (   4 ,  810.933 , 1039.000 ,        0 ,  966.005 ,  969.651 ,    0.000 ,  969.651 ,  971.651 ,   45.551 ,    0.000 ,    3.646 ,    2.792 ,        7 , 	)
 110 	 (   2 ,  821.000 , 1055.000 ,        0 ,  974.940 ,  978.586 ,    0.000 ,  978.586 ,  980.586 ,   45.809 ,    0.000 ,    3.646 ,    5.295 ,        8 , 	)
 125 	 (   1 ,  948.000 , 1008.000 ,        0 , 1004.354 , 1008.000 ,    0.000 , 1008.000 , 1009.000 ,   68.426 ,    0.000 ,    3.646 ,   22.570 ,        9 , 	)
 123 	 (   0 , 1102.000 , 1282.000 ,        0 , 1031.826 , 1035.472 ,   66.528 , 1102.000 , 1103.000 ,  137.354 ,   30.646 ,    0.000 ,   26.553 ,       10 , 	)
 163 	 (   0 ,    0.000 , 1440.000 ,        0 , 1159.008 , 1159.008 ,    0.000 , 1159.008 , 1159.008 ,    0.000 ,  280.992 ,   -0.000 ,    0.000 ,       11 , 	)

	20 sommets 
	values : ( Cost : 349.710 , TRT : 353.141 , TWT :  36.201 , TD : 463.867 )
	violations : ( VC :       0 , VTW :   0.000 , VTD :   0.000 , VTRT :   0.000 )
	cout global : (   0.000	 )
S(i)	 (   C ,     TW0 ,       TW1 ,       VTW ,       Min ,       A ,       W ,       B ,       D ,       L ,       F ,       E ,       Det ,       [Imp ,       Imp]	)
   0 	 (   0 ,    0.000 , 1440.000 ,        0 ,    0.000 ,  257.021 ,    0.000 ,  257.021 ,  257.021 ,    0.000 ,    0.000 ,  257.021 ,    0.000 ,        0 , 	)
  17 	 (   4 ,  240.000 ,  420.000 ,        0 ,    3.459 ,  260.480 ,    0.000 ,  260.480 ,  264.480 ,    0.000 ,    0.000 ,   20.480 ,    0.326 ,        1 , 	)
  78 	 (   8 ,  240.000 ,  420.000 ,        0 ,  256.695 ,  277.175 ,    0.000 ,  277.175 ,  281.175 ,    0.000 ,    0.000 ,   20.480 ,    1.307 ,        2 , 	)
 159 	 (   4 ,  292.000 ,  529.000 ,        0 ,  300.066 ,  320.546 ,    0.000 ,  320.546 ,  324.546 ,   39.371 ,    0.000 ,   20.480 ,    0.000 ,        3 , 	)
  98 	 (   0 ,  315.000 ,  555.000 ,        0 ,  304.066 ,  324.546 ,    0.000 ,  324.546 ,  328.546 ,   60.066 ,    0.000 ,    9.546 ,    0.000 ,        4 , 	)
  34 	 (   3 ,  300.000 ,  480.000 ,        0 ,  344.549 ,  354.095 ,    0.000 ,  354.095 ,  357.095 ,    0.000 ,    0.000 ,    9.546 ,    0.654 ,        5 , 	)
  23 	 (   4 ,  300.000 ,  360.000 ,        0 ,  350.454 ,  360.000 ,    0.000 ,  360.000 ,  361.000 ,    0.000 ,    0.000 ,    9.546 ,    4.725 ,        6 , 	)
 104 	 (   3 ,  313.680 ,  395.000 ,        0 ,  364.134 ,  373.680 ,    0.000 ,  373.680 ,  374.680 ,   12.680 ,    0.713 ,    9.546 ,   17.262 ,        7 , 	)
  81 	 (   4 ,  300.000 ,  420.000 ,        0 ,  394.028 ,  403.574 ,    0.713 ,  404.286 ,  405.286 ,    0.000 ,    0.000 ,   10.259 ,    0.000 ,        8 , 	)
  15 	 (   7 ,  280.000 ,  446.814 ,        0 ,  395.028 ,  405.286 ,    0.000 ,  405.286 ,  408.286 ,    0.000 ,    0.000 ,   10.259 ,    0.000 ,        9 , 	)
 115 	 (   4 ,  323.093 ,  537.000 ,        0 ,  400.836 ,  411.095 ,    0.000 ,  411.095 ,  414.095 ,   54.000 ,    0.000 ,   10.259 ,    0.000 ,       10 , 	)
  74 	 (   7 ,  300.000 ,  480.000 ,        0 ,  403.836 ,  414.095 ,   17.378 ,  431.473 ,  434.473 ,    0.000 ,    0.000 ,   27.637 ,    0.000 ,       11 , 	)
 162 	 (   6 ,  332.000 ,  452.000 ,        0 ,  420.650 ,  448.286 ,    0.000 ,  448.286 ,  449.286 ,   43.000 ,    0.000 ,   27.637 ,    4.827 ,       12 , 	)
  96 	 (   3 ,  358.000 ,  478.000 ,        0 ,  439.150 ,  466.786 ,    0.000 ,  466.786 ,  469.786 ,   58.500 ,   11.214 ,   27.637 ,    5.107 ,       13 , 	)
  41 	 (   7 ,  520.000 ,  688.204 ,        0 ,  492.405 ,  520.041 ,   18.110 ,  538.151 ,  542.151 ,    0.000 ,   85.230 ,   18.151 ,   10.513 ,       14 , 	)
 155 	 (   4 ,  429.000 ,  669.000 ,        0 ,  541.092 ,  559.243 ,    0.000 ,  559.243 ,  562.243 ,  124.770 ,   18.151 ,   18.151 ,    0.000 ,       15 , 	)
  27 	 (   8 ,  540.000 ,  720.000 ,        0 ,  544.092 ,  562.243 ,    0.000 ,  562.243 ,  566.243 ,    0.000 ,   18.151 ,   18.151 ,    0.000 ,       16 , 	)
 108 	 (   4 ,  556.632 ,  758.000 ,        0 ,  560.723 ,  578.874 ,    0.000 ,  578.874 ,  582.874 ,   12.632 ,   18.151 ,   18.151 ,    8.621 ,       17 , 	)
 122 	 (   0 ,  601.000 ,  721.000 ,        0 ,  582.849 ,  601.000 ,    0.000 ,  601.000 ,  605.000 ,   58.849 ,   18.151 ,    0.000 ,    1.018 ,       18 , 	)
 163 	 (   0 ,    0.000 , 1440.000 ,        0 ,  610.162 ,  610.162 ,    0.000 ,  610.162 ,  610.162 ,    0.000 ,  829.838 ,    0.000 ,    0.000 ,       19 , 	)

	18 sommets 
	values : ( Cost : 296.262 , TRT : 417.112 , TWT : 154.359 , TD : 403.657 )
	violations : ( VC :       0 , VTW :   0.000 , VTD :   0.000 , VTRT :   0.000 )
	cout global : (   0.000	 )
S(i)	 (   C ,     TW0 ,       TW1 ,       VTW ,       Min ,       A ,       W ,       B ,       D ,       L ,       F ,       E ,       Det ,       [Imp ,       Imp]	)
   0 	 (   0 ,    0.000 , 1440.000 ,        0 ,    0.000 ,  787.807 ,    0.000 ,  787.807 ,  787.807 ,    0.000 ,    0.000 ,  787.807 ,    0.000 ,        0 , 	)
  58 	 (   4 ,  720.000 ,  900.000 ,        0 ,    9.783 ,  797.589 ,    0.000 ,  797.589 ,  801.589 ,    0.000 ,    0.000 ,   77.589 ,    2.470 ,        1 , 	)
  47 	 (   5 ,  761.000 ,  926.653 ,        0 ,  740.014 ,  817.603 ,    0.000 ,  817.603 ,  818.603 ,    0.000 ,    0.000 ,   56.603 ,    0.000 ,        2 , 	)
 139 	 (   1 ,  755.000 ,  935.000 ,        0 ,  762.000 ,  818.603 ,    0.000 ,  818.603 ,  822.603 ,   17.014 ,    0.000 ,   56.603 ,    0.000 ,        3 , 	)
  50 	 (   4 ,  728.000 ,  960.000 ,        0 ,  771.383 ,  827.986 ,    0.000 ,  827.986 ,  830.986 ,    0.000 ,    0.000 ,   56.603 ,    0.000 ,        4 , 	)
  22 	 (   8 ,  780.000 ,  960.000 ,        0 ,  774.383 ,  830.986 ,    0.000 ,  830.986 ,  834.986 ,    0.000 ,    0.000 ,   50.986 ,    0.000 ,        5 , 	)
 128 	 (   7 ,  835.000 ,  955.000 ,        0 ,  810.289 ,  861.275 ,    0.000 ,  861.275 ,  862.275 ,   42.672 ,    0.000 ,   26.275 ,   15.342 ,        6 , 	)
 131 	 (   4 ,  814.000 ,  994.000 ,        0 ,  855.901 ,  882.176 ,    0.000 ,  882.176 ,  885.176 ,   51.190 ,    0.000 ,   26.275 ,    2.583 ,        7 , 	)
  39 	 (   6 ,  735.000 ,  950.941 ,        0 ,  869.039 ,  895.314 ,    0.000 ,  895.314 ,  897.314 ,    0.000 ,    0.000 ,   26.275 ,    1.768 ,        8 , 	)
   7 	 (   7 ,  720.000 ,  960.000 ,        0 ,  884.292 ,  910.568 ,    0.000 ,  910.568 ,  911.568 ,    0.000 ,    0.000 ,   26.275 ,   -2.049 ,        9 , 	)
  46 	 (   8 ,  819.000 ,  928.566 ,        0 ,  895.174 ,  921.450 ,    0.000 ,  921.450 ,  922.450 ,    0.000 ,    0.000 ,   26.275 ,   18.129 ,       10 , 	)
 120 	 (   6 ,  794.000 ,  974.000 ,        0 ,  914.292 ,  940.567 ,    0.000 ,  940.567 ,  942.567 ,   43.253 ,    0.000 ,   26.275 ,    1.117 ,       11 , 	)
 103 	 (   2 ,  880.000 , 1060.000 ,        0 ,  928.725 ,  955.000 ,    0.000 ,  955.000 ,  959.000 ,  120.014 ,    0.000 ,   26.275 ,    0.000 ,       12 , 	)
 127 	 (   1 ,  899.000 ,  959.000 ,        0 ,  932.725 ,  959.000 ,    0.000 ,  959.000 ,  960.000 ,   36.550 ,    0.000 ,   26.275 ,    0.000 ,       13 , 	)
  88 	 (   0 ,  767.000 , 1007.000 ,        0 ,  943.419 ,  969.694 ,    0.000 ,  969.694 ,  970.694 ,   58.126 ,    4.874 ,   26.275 ,    1.480 ,       14 , 	)
  52 	 (   4 , 1080.000 , 1200.000 ,        0 ,  949.529 ,  975.804 ,  154.359 , 1130.162 , 1134.162 ,    0.000 ,   69.838 ,   50.162 ,   -8.761 ,       15 , 	)
 133 	 (   0 , 1169.000 , 1349.000 ,        0 , 1118.838 , 1169.000 ,    0.000 , 1169.000 , 1173.000 ,   34.838 ,  151.162 ,    0.000 ,    2.584 ,       16 , 	)
 163 	 (   0 ,    0.000 , 1440.000 ,        0 , 1204.919 , 1204.919 ,    0.000 , 1204.919 , 1204.919 ,    0.000 ,  235.081 ,   -0.000 ,    0.000 ,       17 , 	)

	22 sommets 
	values : ( Cost : 481.894 , TRT : 461.999 , TWT :  51.673 , TD : 633.086 )
	violations : ( VC :       0 , VTW :   0.000 , VTD :   0.000 , VTRT :   0.000 )
	cout global : (   0.000	 )
S(i)	 (   C ,     TW0 ,       TW1 ,       VTW ,       Min ,       A ,       W ,       B ,       D ,       L ,       F ,       E ,       Det ,       [Imp ,       Imp]	)
   0 	 (   0 ,    0.000 , 1440.000 ,        0 ,    0.000 ,  590.871 ,    0.000 ,  590.871 ,  590.871 ,    0.000 ,    0.000 ,  590.871 ,    0.000 ,        0 , 	)
  71 	 (   1 ,  480.000 ,  660.000 ,        0 ,    4.099 ,  594.970 ,    0.000 ,  594.970 ,  595.970 ,    0.000 ,    0.000 ,  114.970 ,    7.377 ,        1 , 	)
   3 	 (   2 ,  480.000 ,  660.000 ,        0 ,  487.737 ,  602.707 ,    0.000 ,  602.707 ,  603.707 ,    0.000 ,    0.000 ,  114.970 ,    5.067 ,        2 , 	)
  65 	 (   5 ,  480.000 ,  720.000 ,        0 ,  499.326 ,  614.295 ,    0.000 ,  614.295 ,  617.295 ,    0.000 ,    0.000 ,  114.970 ,    1.466 ,        3 , 	)
  84 	 (   4 ,  544.000 ,  784.000 ,        0 ,  539.970 ,  654.940 ,    0.000 ,  654.940 ,  655.940 ,   51.233 ,    0.000 ,  110.940 ,   -1.130 ,        4 , 	)
 152 	 (   3 ,  582.000 ,  762.000 ,        0 ,  552.314 ,  663.254 ,    0.000 ,  663.254 ,  664.254 ,   67.284 ,    0.000 ,   81.254 ,   -2.098 ,        5 , 	)
 146 	 (   0 ,  603.000 ,  783.000 ,        0 ,  589.629 ,  670.883 ,    0.000 ,  670.883 ,  673.883 ,   53.588 ,    0.000 ,   67.883 ,   -2.843 ,        6 , 	)
  75 	 (   1 ,  600.000 ,  720.000 ,        0 ,  652.117 ,  720.000 ,    0.000 ,  720.000 ,  721.000 ,    0.000 ,    0.000 ,   67.883 ,   47.259 ,        7 , 	)
  48 	 (   5 ,  767.000 ,  921.289 ,        0 ,  673.268 ,  741.151 ,   29.612 ,  770.763 ,  774.763 ,    0.000 ,    0.000 ,    3.763 ,    9.590 ,        8 , 	)
 156 	 (   4 ,  626.798 ,  790.000 ,        0 ,  786.237 ,  790.000 ,    0.000 ,  790.000 ,  791.000 ,   69.000 ,    0.000 ,    3.763 ,    0.915 ,        9 , 	)
  25 	 (   6 ,  726.000 ,  960.000 ,        0 ,  794.040 ,  797.803 ,   22.061 ,  819.864 ,  821.864 ,    0.000 ,    1.262 ,   25.824 ,    1.059 ,       10 , 	)
  62 	 (   7 ,  720.000 ,  960.000 ,        0 ,  797.865 ,  823.689 ,    0.000 ,  823.689 ,  824.689 ,    0.000 ,    1.262 ,   25.824 ,    1.208 ,       11 , 	)
 129 	 (   3 ,  839.000 ,  959.000 ,        0 ,  813.176 ,  839.000 ,    0.000 ,  839.000 ,  843.000 ,   64.237 ,    1.262 ,    0.000 ,    6.121 ,       12 , 	)
 106 	 (   1 ,  819.000 ,  999.000 ,        0 ,  868.784 ,  868.784 ,    0.000 ,  868.784 ,  870.784 ,   46.920 ,    1.262 ,    0.000 ,   -2.090 ,       13 , 	)
  28 	 (   5 ,  748.000 ,  944.871 ,        0 ,  886.705 ,  886.705 ,    0.000 ,  886.705 ,  890.705 ,    0.000 ,    1.262 ,    0.000 ,    5.445 ,       14 , 	)
 143 	 (   4 ,  801.000 , 1041.000 ,        0 ,  898.725 ,  898.725 ,    0.000 ,  898.725 ,  899.725 ,   74.035 ,    1.262 ,    0.000 ,    4.214 ,       15 , 	)
  72 	 (   8 ,  780.000 ,  960.000 ,        0 ,  932.277 ,  932.277 ,    0.000 ,  932.277 ,  936.277 ,    0.000 ,    1.262 ,    0.000 ,    3.983 ,       16 , 	)
 109 	 (   4 ,  875.000 ,  995.000 ,        0 ,  950.711 ,  950.711 ,    0.000 ,  950.711 ,  954.711 ,   60.005 ,    1.262 ,    0.000 ,    0.389 ,       17 , 	)
  19 	 (   7 ,  720.000 ,  960.000 ,        0 ,  958.738 ,  958.738 ,    0.000 ,  958.738 ,  961.738 ,    0.000 ,    1.262 ,    0.000 ,    7.131 ,       18 , 	)
 100 	 (   4 ,  856.000 , 1036.000 ,        0 , 1013.825 , 1013.825 ,    0.000 , 1013.825 , 1016.825 ,   52.087 ,   22.175 ,    0.000 ,   18.013 ,       19 , 	)
 153 	 (   0 ,  869.000 , 1109.000 ,        0 , 1030.973 , 1030.973 ,    0.000 , 1030.973 , 1034.973 ,   94.696 ,   78.027 ,    0.000 ,   -1.822 ,       20 , 	)
 163 	 (   0 ,    0.000 , 1440.000 ,        0 , 1052.870 , 1052.870 ,    0.000 , 1052.870 , 1052.870 ,    0.000 ,  387.130 ,    0.000 ,    0.000 ,       21 , 	)

	18 sommets 
	values : ( Cost : 319.142 , TRT : 265.956 , TWT :   0.000 , TD : 360.328 )
	violations : ( VC :       0 , VTW :   0.000 , VTD :   0.000 , VTRT :   0.000 )
	cout global : (   0.000	 )
S(i)	 (   C ,     TW0 ,       TW1 ,       VTW ,       Min ,       A ,       W ,       B ,       D ,       L ,       F ,       E ,       Det ,       [Imp ,       Imp]	)
   0 	 (   0 ,    0.000 , 1440.000 ,        0 ,    0.000 ,  237.954 ,    0.000 ,  237.954 ,  237.954 ,    0.000 ,    2.356 ,  237.954 ,    0.000 ,        0 , 	)
  76 	 (   3 ,  240.000 ,  420.000 ,        0 ,   19.953 ,  257.908 ,    0.000 ,  257.908 ,  260.908 ,    0.000 ,    2.356 ,   17.908 ,   -3.120 ,        1 , 	)
 157 	 (   0 ,  288.000 ,  468.000 ,        0 ,  270.092 ,  288.000 ,    0.000 ,  288.000 ,  291.000 ,   27.092 ,    2.356 ,    0.000 ,    6.887 ,        2 , 	)
  67 	 (   1 ,  240.000 ,  480.000 ,        0 ,  307.462 ,  307.462 ,    0.000 ,  307.462 ,  308.462 ,    0.000 ,    2.356 ,    0.000 ,    0.703 ,        3 , 	)
 148 	 (   0 ,  266.000 ,  506.000 ,        0 ,  321.383 ,  321.383 ,    0.000 ,  321.383 ,  322.383 ,   12.921 ,    2.356 ,    0.000 ,   -1.294 ,        4 , 	)
  51 	 (   3 ,  300.000 ,  360.000 ,        0 ,  331.238 ,  331.238 ,    0.000 ,  331.238 ,  334.238 ,    0.000 ,    2.356 ,    0.000 ,    9.856 ,        5 , 	)
  64 	 (   4 ,  240.000 ,  420.000 ,        0 ,  352.728 ,  352.728 ,    0.000 ,  352.728 ,  353.728 ,    0.000 ,    2.356 ,    0.000 ,    0.228 ,        6 , 	)
  30 	 (   5 ,  240.000 ,  420.000 ,        0 ,  356.338 ,  356.338 ,    0.000 ,  356.338 ,  357.338 ,    0.000 ,    2.356 ,    0.000 ,    0.000 ,        7 , 	)
  80 	 (   7 ,  240.000 ,  480.000 ,        0 ,  357.338 ,  357.338 ,    0.000 ,  357.338 ,  359.338 ,    0.000 ,    2.356 ,    0.000 ,    0.000 ,        8 , 	)
 111 	 (   6 ,  259.000 ,  439.000 ,        0 ,  369.032 ,  369.032 ,    0.000 ,  369.032 ,  370.032 ,   11.694 ,    2.356 ,    0.000 ,    0.226 ,        9 , 	)
 132 	 (   3 ,  338.586 ,  458.000 ,        0 ,  388.496 ,  388.496 ,    0.000 ,  388.496 ,  391.496 ,   54.259 ,    2.356 ,    0.000 ,    6.885 ,       10 , 	)
 145 	 (   2 ,  267.046 ,  491.000 ,        0 ,  400.165 ,  400.165 ,    0.000 ,  400.165 ,  401.165 ,   46.438 ,    2.356 ,    0.000 ,    6.402 ,       11 , 	)
  68 	 (   3 ,  240.000 ,  420.000 ,        0 ,  417.644 ,  417.644 ,    0.000 ,  417.644 ,  418.644 ,    0.000 ,    2.356 ,    0.000 ,   -8.099 ,       12 , 	)
  55 	 (   4 ,  240.000 ,  480.000 ,        0 ,  439.662 ,  439.662 ,    0.000 ,  439.662 ,  440.662 ,    0.000 ,   24.572 ,    0.000 ,    8.904 ,       13 , 	)
 149 	 (   3 ,  306.000 ,  486.000 ,        0 ,  461.428 ,  461.428 ,    0.000 ,  461.428 ,  462.428 ,   42.783 ,   23.447 ,    0.000 ,   16.585 ,       14 , 	)
 161 	 (   1 ,  392.000 ,  632.000 ,        0 ,  478.926 ,  478.926 ,    0.000 ,  478.926 ,  480.926 ,  119.588 ,   23.447 ,    0.000 ,   -6.580 ,       15 , 	)
 136 	 (   0 ,  292.000 ,  532.000 ,        0 ,  486.214 ,  486.214 ,    0.000 ,  486.214 ,  487.214 ,   45.553 ,   23.447 ,    0.000 ,    8.996 ,       16 , 	)
 163 	 (   0 ,    0.000 , 1440.000 ,        0 ,  503.911 ,  503.911 ,    0.000 ,  503.911 ,  503.911 ,    0.000 ,  936.089 ,    0.000 ,    0.000 ,       17 , 	)

	16 sommets 
	values : ( Cost : 288.906 , TRT : 261.714 , TWT :   6.491 , TD : 325.453 )
	violations : ( VC :       0 , VTW :   0.000 , VTD :   0.000 , VTRT :   0.000 )
	cout global : (   0.000	 )
S(i)	 (   C ,     TW0 ,       TW1 ,       VTW ,       Min ,       A ,       W ,       B ,       D ,       L ,       F ,       E ,       Det ,       [Imp ,       Imp]	)
   0 	 (   0 ,    0.000 , 1440.000 ,        0 ,    0.000 ,  337.010 ,    0.000 ,  337.010 ,  337.010 ,    0.000 ,    0.000 ,  337.010 ,    0.000 ,        0 , 	)
  53 	 (   1 ,  300.000 ,  480.000 ,        0 ,   12.099 ,  349.109 ,    0.000 ,  349.109 ,  350.109 ,    0.000 ,    0.000 ,   49.109 ,    3.913 ,        1 , 	)
  14 	 (   5 ,  240.000 ,  480.000 ,        0 ,  310.862 ,  359.971 ,    0.000 ,  359.971 ,  363.971 ,    0.000 ,    0.000 ,   49.109 ,    1.541 ,        2 , 	)
  63 	 (   8 ,  240.000 ,  480.000 ,        0 ,  321.508 ,  370.617 ,    0.000 ,  370.617 ,  373.617 ,    0.000 ,    0.000 ,   49.109 ,    1.676 ,        3 , 	)
 134 	 (   7 ,  331.349 ,  562.000 ,        0 ,  338.635 ,  387.744 ,    0.000 ,  387.744 ,  388.744 ,   37.635 ,    0.000 ,   49.109 ,   14.319 ,        4 , 	)
 144 	 (   4 ,  369.000 ,  549.000 ,        0 ,  388.097 ,  437.206 ,    0.000 ,  437.206 ,  440.206 ,   63.589 ,    0.000 ,   49.109 ,    3.241 ,        5 , 	)
  49 	 (   8 ,  240.000 ,  480.000 ,        0 ,  401.469 ,  450.578 ,    0.000 ,  450.578 ,  454.578 ,    0.000 ,    0.000 ,   49.109 ,   14.889 ,        6 , 	)
  95 	 (   4 ,  355.000 ,  595.000 ,        0 ,  417.544 ,  466.653 ,    0.000 ,  466.653 ,  470.653 ,  102.682 ,    0.000 ,   49.109 ,    5.127 ,        7 , 	)
  70 	 (   7 ,  360.000 ,  480.000 ,        0 ,  430.891 ,  480.000 ,    0.000 ,  480.000 ,  483.000 ,    0.000 ,    0.000 ,   49.109 ,    0.637 ,        8 , 	)
 130 	 (   3 ,  305.000 ,  545.000 ,        0 ,  442.356 ,  491.465 ,    0.000 ,  491.465 ,  495.465 ,   36.887 ,   46.113 ,   49.109 ,   -1.405 ,        9 , 	)
 151 	 (   0 ,  379.042 ,  548.000 ,        0 ,  452.528 ,  501.637 ,    0.000 ,  501.637 ,  504.637 ,   18.637 ,   46.363 ,   49.109 ,   -4.583 ,       10 , 	)
  13 	 (   1 ,  480.000 ,  720.000 ,        0 ,  489.980 ,  539.089 ,    6.491 ,  545.580 ,  546.580 ,    0.000 ,  173.420 ,   55.600 ,    0.000 ,       11 , 	)
  79 	 (   4 ,  480.000 ,  720.000 ,        0 ,  490.980 ,  546.580 ,    0.000 ,  546.580 ,  549.580 ,    0.000 ,   67.580 ,   55.600 ,    0.000 ,       12 , 	)
  94 	 (   3 ,  573.000 ,  753.000 ,        0 ,  517.400 ,  573.000 ,    0.000 ,  573.000 ,  574.000 ,   26.420 ,   32.398 ,    0.000 ,    2.962 ,       13 , 	)
 160 	 (   0 ,  542.000 ,  782.000 ,        0 ,  589.183 ,  589.183 ,    0.000 ,  589.183 ,  592.183 ,   39.602 ,   32.398 ,    0.000 ,   13.025 ,       14 , 	)
 163 	 (   0 ,    0.000 , 1440.000 ,        0 ,  598.723 ,  598.723 ,    0.000 ,  598.723 ,  598.723 ,    0.000 ,  841.277 ,    0.000 ,    0.000 ,       15 , 	)

	20 sommets 
	values : ( Cost : 573.776 , TRT : 465.585 , TWT :   4.174 , TD : 514.340 )
	violations : ( VC :       0 , VTW :   0.000 , VTD :   0.000 , VTRT :   0.000 )
	cout global : (   0.000	 )
S(i)	 (   C ,     TW0 ,       TW1 ,       VTW ,       Min ,       A ,       W ,       B ,       D ,       L ,       F ,       E ,       Det ,       [Imp ,       Imp]	)
   0 	 (   0 ,    0.000 , 1440.000 ,        0 ,    0.000 ,  203.911 ,    0.000 ,  203.911 ,  203.911 ,    0.000 ,    0.000 ,  203.911 ,    0.000 ,        0 , 	)
  61 	 (   3 ,  240.000 ,  480.000 ,        0 ,   52.650 ,  256.561 ,    0.000 ,  256.561 ,  259.561 ,    0.000 ,    0.000 ,   16.561 ,   -0.219 ,        1 , 	)
  54 	 (   4 ,  240.000 ,  480.000 ,        0 ,  266.012 ,  282.573 ,    0.000 ,  282.573 ,  283.573 ,    0.000 ,    0.000 ,   16.561 ,    7.913 ,        2 , 	)
 135 	 (   3 ,  324.000 ,  564.000 ,        0 ,  317.410 ,  333.971 ,    0.000 ,  333.971 ,  334.971 ,   50.398 ,    0.000 ,    9.971 ,   26.371 ,        3 , 	)
  16 	 (   4 ,  300.000 ,  360.000 ,        0 ,  340.170 ,  350.141 ,    0.000 ,  350.141 ,  351.141 ,    0.000 ,    0.000 ,    9.971 ,   -6.057 ,        4 , 	)
  97 	 (   3 ,  326.452 ,  429.000 ,        0 ,  366.622 ,  376.592 ,    0.000 ,  376.592 ,  377.592 ,   25.452 ,    0.000 ,    9.971 ,    6.125 ,        5 , 	)
 142 	 (   0 ,  373.000 ,  553.000 ,        0 ,  379.441 ,  389.412 ,    0.000 ,  389.412 ,  392.412 ,  129.851 ,    0.000 ,    9.971 ,   11.953 ,        6 , 	)
  31 	 (   4 ,  300.000 ,  420.000 ,        0 ,  390.892 ,  400.863 ,    0.000 ,  400.863 ,  404.863 ,    0.000 ,    0.000 ,    9.971 ,   10.963 ,        7 , 	)
   6 	 (   5 ,  240.000 ,  480.000 ,        0 ,  453.441 ,  463.412 ,    0.000 ,  463.412 ,  464.412 ,    0.000 ,    0.000 ,    9.971 ,   30.344 ,        8 , 	)
  59 	 (   6 ,  240.000 ,  480.000 ,        0 ,  470.029 ,  480.000 ,    0.000 ,  480.000 ,  481.000 ,    0.000 ,    0.000 ,    9.971 ,    0.000 ,        9 , 	)
 112 	 (   2 ,  421.000 ,  481.000 ,        0 ,  471.029 ,  481.000 ,    0.000 ,  481.000 ,  485.000 ,   76.137 ,   -0.000 ,    9.971 ,    0.000 ,       10 , 	)
  33 	 (   3 ,  480.000 ,  660.000 ,        0 ,  475.029 ,  485.000 ,    2.121 ,  487.121 ,  488.121 ,    0.000 ,    0.000 ,    7.121 ,    0.000 ,       11 , 	)
 114 	 (   2 ,  494.616 ,  698.000 ,        0 ,  494.616 ,  501.737 ,    0.000 ,  501.737 ,  502.737 ,   13.616 ,    0.000 ,    7.121 ,    6.530 ,       12 , 	)
  66 	 (   3 ,  480.000 ,  720.000 ,        0 ,  523.974 ,  531.095 ,    0.000 ,  531.095 ,  532.095 ,    0.000 ,    0.000 ,    7.121 ,    2.676 ,       13 , 	)
  87 	 (   2 ,  360.000 ,  540.000 ,        0 ,  532.498 ,  539.619 ,    0.000 ,  539.619 ,  540.619 ,   75.207 ,    0.000 ,    7.121 ,    0.000 ,       14 , 	)
 147 	 (   1 ,  496.000 ,  736.000 ,        0 ,  533.498 ,  540.619 ,    0.000 ,  540.619 ,  541.619 ,    8.523 ,    0.000 ,    7.121 ,    0.000 ,       15 , 	)
   4 	 (   3 ,  480.000 ,  720.000 ,        0 ,  541.723 ,  548.844 ,    0.000 ,  548.844 ,  550.844 ,    0.000 ,    0.000 ,    7.121 ,   -5.590 ,       16 , 	)
 140 	 (   2 ,  380.000 ,  560.000 ,        0 ,  552.879 ,  560.000 ,    0.000 ,  560.000 ,  561.000 ,   79.000 ,    0.000 ,    7.121 ,    5.244 ,       17 , 	)
  85 	 (   0 ,  607.000 ,  787.000 ,        0 ,  597.826 ,  604.947 ,    2.053 ,  607.000 ,  609.000 ,   56.156 ,   71.844 ,    0.000 ,   32.032 ,       18 , 	)
 163 	 (   0 ,    0.000 , 1440.000 ,        0 ,  669.495 ,  669.495 ,    0.000 ,  669.495 ,  669.495 ,    0.000 ,  770.505 ,    0.000 ,    0.000 ,       19 , 	)

	20 sommets 
	values : ( Cost : 356.193 , TRT : 477.062 , TWT : 179.248 , TD : 500.953 )
	violations : ( VC :       0 , VTW :   0.000 , VTD :   0.000 , VTRT :   0.000 )
	cout global : (   0.000	 )
S(i)	 (   C ,     TW0 ,       TW1 ,       VTW ,       Min ,       A ,       W ,       B ,       D ,       L ,       F ,       E ,       Det ,       [Imp ,       Imp]	)
   0 	 (   0 ,    0.000 , 1440.000 ,        0 ,    0.000 ,  453.507 ,    0.000 ,  453.507 ,  453.507 ,    0.000 ,    0.000 ,  453.507 ,    0.000 ,        0 , 	)
  69 	 (   1 ,  240.000 ,  480.000 ,        0 ,    7.044 ,  460.551 ,    0.000 ,  460.551 ,  461.551 ,    0.000 ,    0.000 ,  220.551 ,    9.210 ,        1 , 	)
   1 	 (   3 ,  300.000 ,  480.000 ,        0 ,  259.449 ,  480.000 ,    0.000 ,  480.000 ,  482.000 ,    0.000 ,    0.000 ,  180.000 ,   15.941 ,        2 , 	)
  56 	 (   5 ,  480.000 ,  660.000 ,        0 ,  332.668 ,  512.668 ,   22.328 ,  534.996 ,  536.996 ,    0.000 ,    0.000 ,   54.996 ,    6.898 ,        3 , 	)
  82 	 (   3 ,  374.000 ,  554.000 ,        0 ,  494.668 ,  549.664 ,    0.000 ,  549.664 ,  551.664 ,   67.664 ,    0.000 ,   54.996 ,    5.086 ,        4 , 	)
 150 	 (   2 ,  317.000 ,  557.000 ,        0 ,  502.004 ,  557.000 ,    0.000 ,  557.000 ,  558.000 ,   95.449 ,    0.000 ,   54.996 ,   -0.217 ,        5 , 	)
 137 	 (   0 ,  596.000 ,  716.000 ,        0 ,  538.147 ,  593.143 ,    2.857 ,  596.000 ,  598.000 ,   59.004 ,   54.996 ,    0.000 ,   12.824 ,        6 , 	)
  40 	 (   3 ,  720.000 ,  900.000 ,        0 ,  604.776 ,  604.776 ,  154.063 ,  758.839 ,  761.839 ,    0.000 ,    4.287 ,   38.839 ,    0.000 ,        7 , 	)
  36 	 (   4 ,  724.000 ,  960.000 ,        0 ,  723.000 ,  761.839 ,    0.000 ,  761.839 ,  762.839 ,    0.000 ,    4.287 ,   37.839 ,    0.000 ,        8 , 	)
 121 	 (   1 ,  738.588 ,  945.000 ,        0 ,  740.588 ,  778.427 ,    0.000 ,  778.427 ,  781.427 ,   16.588 ,    4.287 ,   37.839 ,   -0.168 ,        9 , 	)
  73 	 (   3 ,  720.000 ,  900.000 ,        0 ,  783.460 ,  821.299 ,    0.000 ,  821.299 ,  823.299 ,    0.000 ,    4.287 ,   37.839 ,   23.168 ,       10 , 	)
 117 	 (   2 ,  825.000 , 1005.000 ,        0 ,  808.089 ,  845.928 ,    0.000 ,  845.928 ,  846.928 ,   83.089 ,    4.287 ,   20.928 ,    2.590 ,       11 , 	)
  38 	 (   3 ,  720.000 ,  960.000 ,        0 ,  829.015 ,  849.943 ,    0.000 ,  849.943 ,  850.943 ,    0.000 ,    4.287 ,   20.928 ,    2.344 ,       12 , 	)
  12 	 (   4 ,  776.000 ,  919.034 ,        0 ,  837.065 ,  857.993 ,    0.000 ,  857.993 ,  858.993 ,    0.000 ,    4.287 ,   20.928 ,    0.742 ,       13 , 	)
 154 	 (   2 ,  768.000 , 1008.000 ,        0 ,  841.427 ,  862.355 ,    0.000 ,  862.355 ,  864.355 ,   39.056 ,    4.287 ,   20.928 ,    2.590 ,       14 , 	)
  10 	 (   4 ,  780.000 ,  900.000 ,        0 ,  874.785 ,  895.713 ,    0.000 ,  895.713 ,  897.713 ,    0.000 ,    4.287 ,   20.928 ,   -5.596 ,       15 , 	)
  91 	 (   2 ,  791.930 ,  929.000 ,        0 ,  886.715 ,  907.643 ,    0.000 ,  907.643 ,  909.643 ,    9.930 ,   17.070 ,   20.928 ,   -1.262 ,       16 , 	)
 119 	 (   1 ,  914.000 , 1034.000 ,        0 ,  893.072 ,  914.000 ,    0.000 ,  914.000 ,  915.000 ,   63.057 ,   43.889 ,    0.000 ,    6.751 ,       17 , 	)
  93 	 (   0 ,  910.000 ,  970.000 ,        0 ,  926.111 ,  926.111 ,    0.000 ,  926.111 ,  927.111 ,   67.117 ,   43.889 ,    0.000 ,    6.096 ,       18 , 	)
 163 	 (   0 ,    0.000 , 1440.000 ,        0 ,  930.569 ,  930.569 ,    0.000 ,  930.569 ,  930.569 ,    0.000 ,  509.431 ,    0.000 ,    0.000 ,       19 , 	)

	16 sommets 
	values : ( Cost : 461.487 , TRT : 382.983 , TWT :   0.000 , TD : 576.550 )
	violations : ( VC :       0 , VTW :   0.000 , VTD :   0.000 , VTRT :   0.000 )
	cout global : (   0.000	 )
S(i)	 (   C ,     TW0 ,       TW1 ,       VTW ,       Min ,       A ,       W ,       B ,       D ,       L ,       F ,       E ,       Det ,       [Imp ,       Imp]	)
   0 	 (   0 ,    0.000 , 1440.000 ,        0 ,    0.000 ,  670.692 ,    0.000 ,  670.692 ,  670.692 ,    0.000 ,   10.164 ,  670.692 ,    0.000 ,        0 , 	)
  57 	 (   4 ,  600.000 ,  720.000 ,        0 ,   13.638 ,  684.329 ,    0.000 ,  684.329 ,  688.329 ,    0.000 ,   10.164 ,   84.329 ,    2.367 ,        1 , 	)
  60 	 (   6 ,  540.000 ,  720.000 ,        0 ,  607.024 ,  691.353 ,    0.000 ,  691.353 ,  693.353 ,    0.000 ,   10.164 ,   84.329 ,    3.381 ,        2 , 	)
  21 	 (   7 ,  720.000 ,  780.000 ,        0 ,  635.671 ,  720.000 ,    0.000 ,  720.000 ,  721.000 ,    0.000 ,   10.164 ,    0.000 ,    4.976 ,        3 , 	)
  77 	 (   8 ,  720.000 ,  960.000 ,        0 ,  737.963 ,  737.963 ,    0.000 ,  737.963 ,  738.963 ,    0.000 ,   10.164 ,    0.000 ,    5.115 ,        4 , 	)
 138 	 (   4 ,  718.000 ,  898.000 ,        0 ,  780.160 ,  780.160 ,    0.000 ,  780.160 ,  784.160 ,   91.831 ,   10.164 ,    0.000 ,   -0.129 ,        5 , 	)
 141 	 (   2 ,  674.000 ,  914.000 ,        0 ,  792.368 ,  792.368 ,    0.000 ,  792.368 ,  794.368 ,   99.015 ,   10.164 ,    0.000 ,    4.520 ,        6 , 	)
 102 	 (   1 ,  792.833 ,  973.000 ,        0 ,  806.712 ,  806.712 ,    0.000 ,  806.712 ,  807.712 ,   85.712 ,   10.164 ,    0.000 ,    5.252 ,        7 , 	)
   5 	 (   5 ,  720.000 ,  840.000 ,        0 ,  829.836 ,  829.836 ,    0.000 ,  829.836 ,  833.836 ,    0.000 ,   10.164 ,    0.000 ,   29.817 ,        8 , 	)
 158 	 (   4 ,  845.000 , 1085.000 ,        0 ,  846.163 ,  846.163 ,    0.000 ,  846.163 ,  847.163 ,  107.200 ,   44.498 ,    0.000 ,   -1.060 ,        9 , 	)
  86 	 (   0 ,  774.493 ,  979.000 ,        0 ,  884.269 ,  884.269 ,    0.000 ,  884.269 ,  888.269 ,   50.433 ,   44.498 ,    0.000 ,   -4.110 ,       10 , 	)
   8 	 (   3 ,  720.000 ,  960.000 ,        0 ,  898.073 ,  898.073 ,    0.000 ,  898.073 ,  901.073 ,    0.000 ,   44.498 ,    0.000 ,    3.688 ,       11 , 	)
   9 	 (   6 ,  720.000 ,  960.000 ,        0 ,  915.502 ,  915.502 ,    0.000 ,  915.502 ,  918.502 ,    0.000 ,   44.498 ,    0.000 ,   16.098 ,       12 , 	)
  90 	 (   3 ,  827.000 , 1067.000 ,        0 ,  970.828 ,  970.828 ,    0.000 ,  970.828 ,  973.828 ,   52.326 ,   67.895 ,    0.000 ,    4.605 ,       13 , 	)
  89 	 (   0 ,  879.000 , 1059.000 ,        0 ,  991.105 ,  991.105 ,    0.000 ,  991.105 ,  994.105 ,   90.032 ,   67.895 ,    0.000 ,    6.564 ,       14 , 	)
 163 	 (   0 ,    0.000 , 1440.000 ,        0 , 1053.674 , 1053.674 ,    0.000 , 1053.674 , 1053.674 ,    0.000 ,  386.326 ,   -0.000 ,    0.000 ,       15 , 	)
