7
	VALUE ALL : ( Cost : 2396.545 , TRT : 2178.423 , TWT : 212.509 , TD : 2628.578 )
	VIOLATIONS TOTAL : ( VC :       0 , VTW :   0.000 , VTD :   0.000 , VTRT :   0.000 )
 	COUT_ALL : (   0.002 )  T2B:     600

	8 sommets 
	values : ( Cost : 156.355 , TRT : 127.560 , TWT :   0.000 , TD : 152.001 )
	violations : ( VC :       0 , VTW :   0.000 , VTD :   0.000 , VTRT :   0.000 )
	cout global : (   0.000	 )
S(i)	 (   C ,     TW0 ,       TW1 ,       VTW ,       Min ,       A ,       W ,       B ,       D ,       L ,       F ,       E ,       Det ,       [Imp ,       Imp]	)
   0 	 (   0 ,    0.000 , 1440.000 ,        0 ,    0.000 , 1038.574 ,    0.000 , 1038.574 , 1038.574 ,    0.000 ,   52.392 , 1038.574 ,    0.000 ,        0 , 	)
  26 	 (   3 , 1032.000 , 1135.176 ,        0 ,    0.912 , 1039.486 ,    0.000 , 1039.486 , 1042.486 ,    0.000 ,   52.392 ,    7.486 ,    1.824 ,        1 , 	)
  35 	 (   4 , 1020.000 , 1200.000 ,        0 , 1068.723 , 1076.209 ,    0.000 , 1076.209 , 1077.209 ,    0.000 ,    7.486 ,    7.486 ,   -0.239 ,        2 , 	)
  14 	 (   5 ,  960.000 , 1140.000 ,        0 , 1080.123 , 1087.608 ,    0.000 , 1087.608 , 1088.608 ,    0.000 ,    3.108 ,    7.486 ,   12.211 ,        3 , 	)
  72 	 (   2 , 1104.000 , 1164.000 ,        0 , 1096.514 , 1104.000 ,    0.000 , 1104.000 , 1107.000 ,   61.514 ,    3.108 ,    0.000 ,    3.544 ,        4 , 	)
  81 	 (   1 , 1035.574 , 1240.000 ,        0 , 1113.102 , 1113.102 ,    0.000 , 1113.102 , 1114.102 ,   35.892 ,    3.108 ,    0.000 ,    7.045 ,        5 , 	)
  60 	 (   0 , 1021.000 , 1201.000 ,        0 , 1143.202 , 1143.202 ,    0.000 , 1143.202 , 1144.202 ,   54.594 ,   26.406 ,    0.000 ,   17.111 ,        6 , 	)
  93 	 (   0 ,    0.000 , 1440.000 ,        0 , 1166.134 , 1166.134 ,    0.000 , 1166.134 , 1166.134 ,    0.000 ,  273.866 ,   -0.000 ,    0.000 ,        7 , 	)

	14 sommets 
	values : ( Cost : 491.348 , TRT : 444.883 , TWT :  61.448 , TD : 271.396 )
	violations : ( VC :       0 , VTW :   0.000 , VTD :   0.000 , VTRT :   0.000 )
	cout global : (   0.000	 )
S(i)	 (   C ,     TW0 ,       TW1 ,       VTW ,       Min ,       A ,       W ,       B ,       D ,       L ,       F ,       E ,       Det ,       [Imp ,       Imp]	)
   0 	 (   0 ,    0.000 , 1440.000 ,        0 ,    0.000 ,  792.470 ,    0.000 ,  792.470 ,  792.470 ,    0.000 ,    0.000 ,  792.470 ,    0.000 ,        0 , 	)
  28 	 (   2 ,  720.000 ,  900.000 ,        0 ,   17.763 ,  810.233 ,    0.000 ,  810.233 ,  812.233 ,    0.000 ,    0.000 ,   90.233 ,   -3.568 ,        1 , 	)
  23 	 (   3 ,  720.000 ,  900.000 ,        0 ,  732.395 ,  822.629 ,    0.000 ,  822.629 ,  823.629 ,    0.000 ,    0.000 ,   90.233 ,   15.865 ,        2 , 	)
  74 	 (   1 ,  779.000 ,  959.000 ,        0 ,  767.842 ,  858.075 ,    0.000 ,  858.075 ,  860.075 ,   45.842 ,    0.000 ,   79.075 ,  -27.771 ,        3 , 	)
  24 	 (   2 ,  745.000 ,  890.215 ,        0 ,  792.184 ,  871.259 ,    0.000 ,  871.259 ,  872.259 ,    0.000 ,    0.000 ,   79.075 ,    8.611 ,        4 , 	)
  69 	 (   1 ,  806.000 , 1046.000 ,        0 ,  804.478 ,  883.553 ,    0.000 ,  883.553 ,  884.553 ,   59.925 ,    0.000 ,   77.553 ,   -0.532 ,        5 , 	)
  12 	 (   2 ,  900.000 ,  960.000 ,        0 ,  831.258 ,  908.811 ,    0.000 ,  908.811 ,  909.811 ,    0.000 ,    0.000 ,    8.811 ,   12.987 ,        6 , 	)
  58 	 (   1 ,  911.235 ,  989.000 ,        0 ,  911.235 ,  920.047 ,    0.000 ,  920.047 ,  921.047 ,   10.235 ,    0.000 ,    8.811 ,   -0.828 ,        7 , 	)
  70 	 (   0 ,  882.000 ,  942.000 ,        0 ,  933.189 ,  942.000 ,    0.000 ,  942.000 ,  943.000 ,   69.741 ,    0.000 ,    8.811 ,   14.150 ,        8 , 	)
   4 	 (   1 ,  970.000 , 1200.000 ,        0 , 1010.899 , 1019.710 ,   61.448 , 1081.158 , 1082.158 ,    0.000 ,   52.932 ,   70.259 ,   90.721 ,        9 , 	)
  50 	 (   0 , 1119.000 , 1239.000 ,        0 , 1048.741 , 1119.000 ,    0.000 , 1119.000 , 1120.000 ,   36.842 ,   52.932 ,    0.000 ,   11.146 ,       10 , 	)
  39 	 (   1 ,  960.000 , 1200.000 ,        0 , 1147.068 , 1147.068 ,    0.000 , 1147.068 , 1148.068 ,    0.000 ,   52.932 ,    0.000 ,   29.480 ,       11 , 	)
  85 	 (   0 , 1057.000 , 1297.000 ,        0 , 1196.880 , 1196.880 ,    0.000 , 1196.880 , 1197.880 ,   48.811 ,   81.189 ,   -0.000 ,   -1.234 ,       12 , 	)
  93 	 (   0 ,    0.000 , 1440.000 ,        0 , 1237.353 , 1237.353 ,    0.000 , 1237.353 , 1237.353 ,    0.000 ,  202.647 ,   -0.000 ,    0.000 ,       13 , 	)

	20 sommets 
	values : ( Cost : 360.497 , TRT : 368.477 , TWT :  59.426 , TD : 633.651 )
	violations : ( VC :       0 , VTW :   0.000 , VTD :   0.000 , VTRT :   0.000 )
	cout global : (   0.000	 )
S(i)	 (   C ,     TW0 ,       TW1 ,       VTW ,       Min ,       A ,       W ,       B ,       D ,       L ,       F ,       E ,       Det ,       [Imp ,       Imp]	)
   0 	 (   0 ,    0.000 , 1440.000 ,        0 ,    0.000 ,  328.852 ,    0.000 ,  328.852 ,  328.852 ,    0.000 ,    0.000 ,  328.852 ,    0.000 ,        0 , 	)
  27 	 (   4 ,  240.000 ,  480.000 ,        0 ,    0.912 ,  329.764 ,    0.000 ,  329.764 ,  333.764 ,    0.000 ,    0.000 ,   89.764 ,    1.824 ,        1 , 	)
  33 	 (   6 ,  300.000 ,  480.000 ,        0 ,  269.824 ,  359.588 ,    0.000 ,  359.588 ,  361.588 ,    0.000 ,    0.000 ,   59.588 ,   11.386 ,        2 , 	)
   5 	 (   7 ,  338.000 ,  450.755 ,        0 ,  327.134 ,  386.722 ,    0.000 ,  386.722 ,  387.722 ,    0.000 ,    0.000 ,   48.722 ,    0.000 ,        3 , 	)
  25 	 (   8 ,  240.000 ,  480.000 ,        0 ,  339.000 ,  387.722 ,    0.000 ,  387.722 ,  388.722 ,    0.000 ,    0.000 ,   48.722 ,    0.000 ,        4 , 	)
  73 	 (   4 ,  390.000 ,  570.000 ,        0 ,  359.309 ,  408.031 ,    0.000 ,  408.031 ,  412.031 ,   74.267 ,    0.000 ,   18.031 ,    7.269 ,        5 , 	)
  51 	 (   3 ,  423.000 ,  483.000 ,        0 ,  413.205 ,  431.236 ,    0.000 ,  431.236 ,  432.236 ,   43.514 ,    0.000 ,    8.236 ,    0.000 ,        6 , 	)
  40 	 (   7 ,  368.000 ,  479.181 ,        0 ,  424.000 ,  432.236 ,    0.000 ,  432.236 ,  436.236 ,    0.000 ,    0.000 ,    8.236 ,    0.000 ,        7 , 	)
  71 	 (   6 ,  313.000 ,  553.000 ,        0 ,  434.608 ,  442.844 ,    0.000 ,  442.844 ,  443.844 ,   54.123 ,    0.000 ,    8.236 ,    0.281 ,        8 , 	)
  86 	 (   2 ,  454.000 ,  514.000 ,        0 ,  460.100 ,  468.336 ,    0.000 ,  468.336 ,  472.336 ,   32.100 ,    0.000 ,    8.236 ,    3.756 ,        9 , 	)
  79 	 (   0 ,  458.000 ,  578.000 ,        0 ,  466.232 ,  474.468 ,    0.000 ,  474.468 ,  476.468 ,  112.880 ,    0.000 ,    8.236 ,    0.508 ,       10 , 	)
  36 	 (   1 ,  300.000 ,  480.000 ,        0 ,  471.764 ,  480.000 ,    0.000 ,  480.000 ,  481.000 ,    0.000 ,   -0.000 ,    8.236 ,    1.712 ,       11 , 	)
   1 	 (   4 ,  480.000 ,  720.000 ,        0 ,  493.311 ,  501.547 ,   59.426 ,  560.973 ,  563.973 ,    0.000 ,   20.747 ,   67.662 ,    0.518 ,       12 , 	)
  32 	 (   5 ,  540.000 ,  720.000 ,        0 ,  497.857 ,  565.520 ,    0.000 ,  565.520 ,  566.520 ,    0.000 ,   20.747 ,   25.520 ,   -0.990 ,       13 , 	)
  78 	 (   4 ,  593.000 ,  773.000 ,        0 ,  567.480 ,  593.000 ,    0.000 ,  593.000 ,  594.000 ,   26.480 ,   20.747 ,    0.000 ,   10.098 ,       14 , 	)
  44 	 (   6 ,  480.000 ,  660.000 ,        0 ,  601.694 ,  601.694 ,    0.000 ,  601.694 ,  603.694 ,    0.000 ,   20.747 ,    0.000 ,    6.392 ,       15 , 	)
  47 	 (   3 ,  605.000 ,  785.000 ,        0 ,  620.482 ,  620.482 ,    0.000 ,  620.482 ,  623.482 ,   56.509 ,    6.476 ,    0.000 ,    0.056 ,       16 , 	)
  82 	 (   2 ,  414.000 ,  654.000 ,        0 ,  633.253 ,  633.253 ,    0.000 ,  633.253 ,  634.253 ,  152.253 ,    6.476 ,    0.000 ,   16.394 ,       17 , 	)
  90 	 (   0 ,  517.000 ,  750.000 ,        0 ,  685.218 ,  685.218 ,    0.000 ,  685.218 ,  687.218 ,   81.524 ,    6.476 ,    0.000 ,  -26.809 ,       18 , 	)
  93 	 (   0 ,    0.000 , 1440.000 ,        0 ,  697.329 ,  697.329 ,    0.000 ,  697.329 ,  697.329 ,    0.000 ,  742.671 ,    0.000 ,    0.000 ,       19 , 	)

	20 sommets 
	values : ( Cost : 511.150 , TRT : 420.323 , TWT :   0.000 , TD : 608.401 )
	violations : ( VC :       0 , VTW :   0.000 , VTD :   0.000 , VTRT :   0.000 )
	cout global : (   0.000	 )
S(i)	 (   C ,     TW0 ,       TW1 ,       VTW ,       Min ,       A ,       W ,       B ,       D ,       L ,       F ,       E ,       Det ,       [Imp ,       Imp]	)
   0 	 (   0 ,    0.000 , 1440.000 ,        0 ,    0.000 ,  580.187 ,    0.000 ,  580.187 ,  580.187 ,    0.000 ,   12.708 ,  580.187 ,    0.000 ,        0 , 	)
   3 	 (   1 ,  480.000 ,  720.000 ,        0 ,    0.912 ,  581.099 ,    0.000 ,  581.099 ,  582.099 ,    0.000 ,   12.708 ,  101.099 ,    1.824 ,        1 , 	)
  49 	 (   0 ,  533.000 ,  773.000 ,        0 ,  507.577 ,  608.676 ,    0.000 ,  608.676 ,  609.676 ,   26.577 ,   12.708 ,   75.676 ,  -13.409 ,        2 , 	)
  13 	 (   3 ,  482.000 ,  720.000 ,        0 ,  551.174 ,  626.850 ,    0.000 ,  626.850 ,  629.850 ,    0.000 ,   12.708 ,   75.676 ,    2.683 ,        3 , 	)
   2 	 (   4 ,  494.000 ,  712.144 ,        0 ,  608.383 ,  684.059 ,    0.000 ,  684.059 ,  685.059 ,    0.000 ,   12.708 ,   75.676 ,   -7.129 ,        4 , 	)
  48 	 (   3 ,  556.000 ,  736.000 ,        0 ,  632.239 ,  707.915 ,    0.000 ,  707.915 ,  708.915 ,   22.856 ,   12.708 ,   75.676 ,    8.489 ,        5 , 	)
  59 	 (   0 ,  714.000 ,  834.000 ,        0 ,  638.324 ,  714.000 ,    0.000 ,  714.000 ,  717.000 ,   84.150 ,   12.708 ,    0.000 ,    0.298 ,        6 , 	)
  31 	 (   1 ,  720.000 ,  840.000 ,        0 ,  721.695 ,  721.695 ,    0.000 ,  721.695 ,  722.695 ,    0.000 ,   12.708 ,    0.000 ,  -27.874 ,        7 , 	)
  77 	 (   0 ,  770.479 ,  973.000 ,        0 ,  772.174 ,  772.174 ,    0.000 ,  772.174 ,  773.174 ,   49.479 ,   12.708 ,    0.000 ,    6.313 ,        8 , 	)
  34 	 (   1 ,  720.000 ,  960.000 ,        0 ,  804.338 ,  804.338 ,    0.000 ,  804.338 ,  805.338 ,    0.000 ,   12.708 ,    0.000 ,    4.309 ,        9 , 	)
  30 	 (   3 ,  720.000 ,  960.000 ,        0 ,  828.550 ,  828.550 ,    0.000 ,  828.550 ,  830.550 ,    0.000 ,    6.683 ,    0.000 ,   -1.198 ,       10 , 	)
  21 	 (   5 ,  780.000 ,  960.000 ,        0 ,  849.053 ,  849.053 ,    0.000 ,  849.053 ,  851.053 ,    0.000 ,    6.683 ,    0.000 ,    6.114 ,       11 , 	)
  38 	 (   8 ,  720.000 ,  960.000 ,        0 ,  856.228 ,  856.228 ,    0.000 ,  856.228 ,  859.228 ,    0.000 ,    2.126 ,    0.000 ,   -1.235 ,       12 , 	)
  84 	 (   5 ,  806.000 , 1046.000 ,        0 ,  901.305 ,  901.305 ,    0.000 ,  901.305 ,  904.305 ,   42.077 ,    2.126 ,    0.000 ,    0.805 ,       13 , 	)
  76 	 (   3 ,  826.000 , 1066.000 ,        0 ,  923.671 ,  923.671 ,    0.000 ,  923.671 ,  925.671 ,   93.122 ,    2.126 ,    0.000 ,    2.209 ,       14 , 	)
  80 	 (   2 ,  843.000 , 1023.000 ,        0 ,  937.656 ,  937.656 ,    0.000 ,  937.656 ,  938.656 ,  132.317 ,    2.126 ,    0.000 ,   -5.207 ,       15 , 	)
  10 	 (   6 ,  720.000 ,  960.000 ,        0 ,  947.292 ,  947.292 ,    0.000 ,  947.292 ,  951.292 ,    0.000 ,    2.126 ,    0.000 ,   -1.219 ,       16 , 	)
  56 	 (   2 ,  820.000 , 1000.000 ,        0 ,  976.241 ,  976.241 ,    0.000 ,  976.241 ,  980.241 ,   24.948 ,    2.126 ,    0.000 ,    0.482 ,       17 , 	)
  67 	 (   0 ,  852.000 , 1092.000 ,        0 ,  983.928 ,  983.928 ,    0.000 ,  983.928 ,  985.928 ,  132.874 ,    2.126 ,    0.000 ,    0.420 ,       18 , 	)
  93 	 (   0 ,    0.000 , 1440.000 ,        0 , 1000.511 , 1000.511 ,    0.000 , 1000.511 , 1000.511 ,    0.000 ,  439.489 ,    0.000 ,    0.000 ,       19 , 	)

	16 sommets 
	values : ( Cost : 378.480 , TRT : 347.674 , TWT :  43.102 , TD : 402.856 )
	violations : ( VC :       0 , VTW :   0.000 , VTD :   0.000 , VTRT :   0.000 )
	cout global : (   0.000	 )
S(i)	 (   C ,     TW0 ,       TW1 ,       VTW ,       Min ,       A ,       W ,       B ,       D ,       L ,       F ,       E ,       Det ,       [Imp ,       Imp]	)
   0 	 (   0 ,    0.000 , 1440.000 ,        0 ,    0.000 ,  269.247 ,    0.000 ,  269.247 ,  269.247 ,    0.000 ,    0.000 ,  269.247 ,    0.000 ,        0 , 	)
  22 	 (   2 ,  240.000 ,  360.000 ,        0 ,   21.205 ,  290.452 ,    0.000 ,  290.452 ,  292.452 ,    0.000 ,    0.000 ,   50.452 ,   11.467 ,        1 , 	)
  68 	 (   0 ,  272.665 ,  444.000 ,        0 ,  272.665 ,  323.117 ,    0.000 ,  323.117 ,  325.117 ,   30.665 ,    0.000 ,   50.452 ,    9.096 ,        2 , 	)
  29 	 (   1 ,  240.000 ,  480.000 ,        0 ,  282.584 ,  333.036 ,    0.000 ,  333.036 ,  334.036 ,    0.000 ,    0.000 ,   50.452 ,   -1.371 ,        3 , 	)
  11 	 (   4 ,  240.000 ,  480.000 ,        0 ,  315.210 ,  365.662 ,    0.000 ,  365.662 ,  368.662 ,    0.000 ,    0.000 ,   50.452 ,   12.845 ,        4 , 	)
   9 	 (   5 ,  240.000 ,  420.000 ,        0 ,  369.548 ,  420.000 ,    0.000 ,  420.000 ,  421.000 ,    0.000 ,   -0.000 ,   50.452 ,  -25.973 ,        5 , 	)
  75 	 (   4 ,  442.000 ,  622.000 ,        0 ,  375.285 ,  425.737 ,   16.263 ,  442.000 ,  443.000 ,  107.964 ,    3.942 ,    0.000 ,    0.000 ,        6 , 	)
  16 	 (   5 ,  240.000 ,  480.000 ,        0 ,  443.000 ,  443.000 ,    3.942 ,  446.942 ,  447.942 ,    0.000 ,    0.000 ,    3.942 ,    0.000 ,        7 , 	)
  57 	 (   2 ,  371.000 ,  551.000 ,        0 ,  448.695 ,  452.637 ,    0.000 ,  452.637 ,  455.637 ,   83.975 ,    0.000 ,    3.942 ,   -1.426 ,        8 , 	)
  42 	 (   3 ,  242.000 ,  480.000 ,        0 ,  465.026 ,  468.968 ,    0.000 ,  468.968 ,  469.968 ,    0.000 ,    0.000 ,    3.942 ,    0.708 ,        9 , 	)
  55 	 (   2 ,  308.000 ,  488.000 ,        0 ,  484.058 ,  488.000 ,    0.000 ,  488.000 ,  489.000 ,   67.000 ,    0.000 ,    3.942 ,    0.000 ,       10 , 	)
  62 	 (   1 ,  314.000 ,  554.000 ,        0 ,  485.058 ,  489.000 ,    0.000 ,  489.000 ,  490.000 ,   41.058 ,   16.952 ,    3.942 ,    0.000 ,       11 , 	)
  88 	 (   0 ,  349.000 ,  529.000 ,        0 ,  508.106 ,  512.048 ,    0.000 ,  512.048 ,  513.048 ,   42.080 ,   16.952 ,    3.942 ,    7.774 ,       12 , 	)
  18 	 (   1 ,  519.000 ,  689.886 ,        0 ,  543.047 ,  546.989 ,   22.897 ,  569.886 ,  570.886 ,    0.000 ,  120.000 ,   26.839 ,   -5.721 ,       13 , 	)
  64 	 (   0 ,  601.000 ,  721.000 ,        0 ,  574.161 ,  601.000 ,    0.000 ,  601.000 ,  602.000 ,   30.114 ,   50.886 ,    0.000 ,   10.964 ,       14 , 	)
  93 	 (   0 ,    0.000 , 1440.000 ,        0 ,  616.920 ,  616.920 ,    0.000 ,  616.920 ,  616.920 ,    0.000 ,  823.080 ,    0.000 ,    0.000 ,       15 , 	)

	14 sommets 
	values : ( Cost : 265.993 , TRT : 276.527 , TWT :  48.532 , TD : 284.517 )
	violations : ( VC :       0 , VTW :   0.000 , VTD :   0.000 , VTRT :   0.000 )
	cout global : (   0.000	 )
S(i)	 (   C ,     TW0 ,       TW1 ,       VTW ,       Min ,       A ,       W ,       B ,       D ,       L ,       F ,       E ,       Det ,       [Imp ,       Imp]	)
   0 	 (   0 ,    0.000 , 1440.000 ,        0 ,    0.000 ,  316.068 ,    0.000 ,  316.068 ,  316.068 ,    0.000 ,    0.000 ,  316.068 ,    0.000 ,        0 , 	)
   6 	 (   1 ,  240.000 ,  480.000 ,        0 ,    8.155 ,  324.223 ,    0.000 ,  324.223 ,  325.223 ,    0.000 ,    0.000 ,   84.223 ,    1.721 ,        1 , 	)
   7 	 (   4 ,  246.000 ,  480.000 ,        0 ,  259.478 ,  343.701 ,    0.000 ,  343.701 ,  346.701 ,    0.000 ,    0.000 ,   84.223 ,   -3.017 ,        2 , 	)
  52 	 (   3 ,  349.000 ,  529.000 ,        0 ,  270.501 ,  354.723 ,    0.000 ,  354.723 ,  355.723 ,   29.501 ,    0.000 ,    5.723 ,   -3.819 ,        3 , 	)
  53 	 (   0 ,  341.000 ,  521.000 ,        0 ,  372.482 ,  378.205 ,    0.000 ,  378.205 ,  381.205 ,   31.505 ,    0.000 ,    5.723 ,    5.524 ,        4 , 	)
  37 	 (   1 ,  240.000 ,  420.000 ,        0 ,  414.277 ,  420.000 ,    0.000 ,  420.000 ,  421.000 ,    0.000 ,    0.000 ,    5.723 ,   30.264 ,        5 , 	)
  15 	 (   5 ,  240.000 ,  480.000 ,        0 ,  433.033 ,  438.756 ,   15.290 ,  454.047 ,  458.047 ,    0.000 ,    0.000 ,   21.014 ,    0.544 ,        6 , 	)
  83 	 (   4 ,  286.000 ,  523.000 ,        0 ,  457.986 ,  479.000 ,    0.000 ,  479.000 ,  480.000 ,   58.000 ,    0.000 ,   21.014 ,    0.000 ,        7 , 	)
  46 	 (   8 ,  300.000 ,  480.000 ,        0 ,  458.986 ,  480.000 ,    0.000 ,  480.000 ,  484.000 ,    0.000 ,    0.000 ,   21.014 ,    0.000 ,        8 , 	)
  61 	 (   4 ,  340.000 ,  580.000 ,        0 ,  481.744 ,  502.758 ,    0.000 ,  502.758 ,  506.758 ,   44.711 ,   77.242 ,   21.014 ,    0.000 ,        9 , 	)
  19 	 (   5 ,  540.000 ,  720.000 ,        0 ,  485.744 ,  506.758 ,   33.242 ,  540.000 ,  541.000 ,    0.000 ,   58.110 ,    0.000 ,    0.000 ,       10 , 	)
  65 	 (   4 ,  566.910 ,  790.000 ,        0 ,  566.910 ,  566.910 ,    0.000 ,  566.910 ,  567.910 ,   25.910 ,   43.090 ,    0.000 ,    3.762 ,       11 , 	)
  92 	 (   0 ,  457.000 ,  637.000 ,        0 ,  578.890 ,  578.890 ,    0.000 ,  578.890 ,  582.890 ,   94.890 ,   58.110 ,    0.000 ,    1.227 ,       12 , 	)
  93 	 (   0 ,    0.000 , 1440.000 ,        0 ,  592.595 ,  592.595 ,    0.000 ,  592.595 ,  592.595 ,    0.000 ,  847.405 ,    0.000 ,    0.000 ,       13 , 	)

	14 sommets 
	values : ( Cost : 232.722 , TRT : 192.979 , TWT :   0.000 , TD : 275.757 )
	violations : ( VC :       0 , VTW :   0.000 , VTD :   0.000 , VTRT :   0.000 )
	cout global : (   0.000	 )
S(i)	 (   C ,     TW0 ,       TW1 ,       VTW ,       Min ,       A ,       W ,       B ,       D ,       L ,       F ,       E ,       Det ,       [Imp ,       Imp]	)
   0 	 (   0 ,    0.000 , 1440.000 ,        0 ,    0.000 ,  299.792 ,    0.000 ,  299.792 ,  299.792 ,    0.000 ,    1.141 ,  299.792 ,    0.000 ,        0 , 	)
  41 	 (   1 ,  272.000 ,  458.339 ,        0 ,    4.047 ,  303.839 ,    0.000 ,  303.839 ,  304.839 ,    0.000 ,    1.141 ,   31.839 ,    0.273 ,        1 , 	)
  17 	 (   2 ,  240.000 ,  420.000 ,        0 ,  294.811 ,  326.650 ,    0.000 ,  326.650 ,  327.650 ,    0.000 ,    1.141 ,   31.839 ,    2.098 ,        2 , 	)
  63 	 (   1 ,  292.000 ,  532.000 ,        0 ,  326.636 ,  358.475 ,    0.000 ,  358.475 ,  359.475 ,   30.826 ,    1.141 ,   31.839 ,   22.650 ,        3 , 	)
  45 	 (   2 ,  240.000 ,  480.000 ,        0 ,  346.161 ,  378.000 ,    0.000 ,  378.000 ,  379.000 ,    0.000 ,    1.141 ,   31.839 ,    0.000 ,        4 , 	)
  87 	 (   1 ,  379.000 ,  499.000 ,        0 ,  347.161 ,  379.000 ,    0.000 ,  379.000 ,  380.000 ,   74.161 ,    1.141 ,    0.000 ,    0.000 ,        5 , 	)
  20 	 (   3 ,  300.000 ,  480.000 ,        0 ,  396.038 ,  396.038 ,    0.000 ,  396.038 ,  398.038 ,    0.000 ,    1.141 ,    0.000 ,   -9.268 ,        6 , 	)
  91 	 (   2 ,  374.000 ,  554.000 ,        0 ,  424.698 ,  424.698 ,    0.000 ,  424.698 ,  425.698 ,   45.698 ,    1.141 ,    0.000 ,    0.000 ,        7 , 	)
   8 	 (   4 ,  276.000 ,  454.167 ,        0 ,  425.698 ,  425.698 ,    0.000 ,  425.698 ,  427.698 ,    0.000 ,    1.141 ,    0.000 ,    0.000 ,        8 , 	)
  66 	 (   2 ,  372.000 ,  552.000 ,        0 ,  427.698 ,  427.698 ,    0.000 ,  427.698 ,  429.698 ,   29.659 ,    1.141 ,    0.000 ,    0.000 ,        9 , 	)
  43 	 (   4 ,  307.000 ,  480.000 ,        0 ,  447.647 ,  447.647 ,    0.000 ,  447.647 ,  449.647 ,    0.000 ,    1.141 ,    0.000 ,   20.316 ,       10 , 	)
  89 	 (   2 ,  398.000 ,  518.000 ,        0 ,  482.899 ,  482.899 ,    0.000 ,  482.899 ,  484.899 ,   33.253 ,    1.141 ,    0.000 ,   -6.150 ,       11 , 	)
  54 	 (   0 ,  371.000 ,  491.000 ,        0 ,  489.859 ,  489.859 ,    0.000 ,  489.859 ,  491.859 ,   62.161 ,    1.141 ,    0.000 ,    1.824 ,       12 , 	)
  93 	 (   0 ,    0.000 , 1440.000 ,        0 ,  492.771 ,  492.771 ,    0.000 ,  492.771 ,  492.771 ,    0.000 ,  947.229 ,    0.000 ,    0.000 ,       13 , 	)
