8
	VALUE ALL : ( Cost : 3183.188 , TRT : 3075.134 , TWT : 441.759 , TD : 4280.859 )
	VIOLATIONS TOTAL : ( VC :       0 , VTW :   0.000 , VTD :   0.000 , VTRT :   0.000 )
 	COUT_ALL : (   0.002 )  T2B:    7800

	18 sommets 
	values : ( Cost : 484.909 , TRT : 394.593 , TWT :   0.000 , TD : 654.685 )
	violations : ( VC :       0 , VTW :   0.000 , VTD :   0.000 , VTRT :   0.000 )
	cout global : (   0.000	 )
S(i)	 (   C ,     TW0 ,       TW1 ,       VTW ,       Min ,       A ,       W ,       B ,       D ,       L ,       F ,       E ,       Det ,       [Imp ,       Imp]	)
   0 	 (   0 ,    0.000 , 1440.000 ,        0 ,    0.000 ,  347.587 ,    0.000 ,  347.587 ,  347.587 ,    0.000 ,   14.223 ,  347.587 ,    0.000 ,        0 , 	)
  17 	 (   3 ,  240.000 ,  480.000 ,        0 ,   28.750 ,  376.338 ,    0.000 ,  376.338 ,  379.338 ,    0.000 ,   14.223 ,  136.338 ,    0.000 ,        1 , 	)
  10 	 (   4 ,  240.000 ,  480.000 ,        0 ,  243.000 ,  379.338 ,    0.000 ,  379.338 ,  380.338 ,    0.000 ,   14.223 ,  136.338 ,    0.000 ,        2 , 	)
  36 	 (   6 ,  300.000 ,  431.868 ,        0 ,  270.102 ,  406.439 ,    0.000 ,  406.439 ,  408.439 ,    0.000 ,   14.223 ,  106.439 ,   33.280 ,        3 , 	)
  95 	 (   4 ,  417.000 ,  477.000 ,        0 ,  345.132 ,  451.571 ,    0.000 ,  451.571 ,  453.571 ,   43.132 ,   14.223 ,   34.571 ,   13.973 ,        4 , 	)
  55 	 (   6 ,  240.000 ,  480.000 ,        0 ,  431.205 ,  465.777 ,    0.000 ,  465.777 ,  467.777 ,    0.000 ,   14.223 ,   34.571 ,    7.511 ,        5 , 	)
  42 	 (   8 ,  480.000 ,  720.000 ,        0 ,  445.429 ,  480.000 ,    0.000 ,  480.000 ,  482.000 ,    0.000 ,   22.068 ,    0.000 ,   16.480 ,        6 , 	)
 114 	 (   6 ,  296.000 ,  536.000 ,        0 ,  513.932 ,  513.932 ,    0.000 ,  513.932 ,  515.932 ,   46.156 ,   17.609 ,    0.000 ,   -0.066 ,        7 , 	)
  76 	 (   3 ,  378.000 ,  618.000 ,        0 ,  530.662 ,  530.662 ,    0.000 ,  530.662 ,  533.662 ,  151.324 ,   17.609 ,    0.000 ,    0.000 ,        8 , 	)
  69 	 (   2 ,  376.000 ,  616.000 ,        0 ,  533.662 ,  533.662 ,    0.000 ,  533.662 ,  534.662 ,  153.324 ,   17.609 ,    0.000 ,    0.000 ,        9 , 	)
 101 	 (   0 ,  545.000 ,  785.000 ,        0 ,  549.391 ,  549.391 ,    0.000 ,  549.391 ,  551.391 ,   67.391 ,   17.609 ,    0.000 ,   -0.065 ,       10 , 	)
  23 	 (   1 ,  540.000 ,  720.000 ,        0 ,  579.953 ,  579.953 ,    0.000 ,  579.953 ,  580.953 ,    0.000 ,   57.537 ,    0.000 ,   18.451 ,       11 , 	)
  22 	 (   2 ,  492.000 ,  713.277 ,        0 ,  590.492 ,  590.492 ,    0.000 ,  590.492 ,  591.492 ,    0.000 ,    3.153 ,    0.000 ,   -3.495 ,       12 , 	)
  20 	 (   5 ,  540.000 ,  660.000 ,        0 ,  598.468 ,  598.468 ,    0.000 ,  598.468 ,  601.468 ,    0.000 ,    3.153 ,    0.000 ,    5.793 ,       13 , 	)
  81 	 (   4 ,  559.000 ,  739.000 ,        0 ,  625.008 ,  625.008 ,    0.000 ,  625.008 ,  626.008 ,   33.516 ,    3.153 ,    0.000 ,   27.602 ,       14 , 	)
  82 	 (   3 ,  589.000 ,  769.000 ,        0 ,  643.799 ,  643.799 ,    0.000 ,  643.799 ,  644.799 ,   62.847 ,    3.153 ,    0.000 ,   -6.898 ,       15 , 	)
  79 	 (   0 ,  696.000 ,  756.000 ,        0 ,  698.463 ,  698.463 ,    0.000 ,  698.463 ,  701.463 ,   96.995 ,   57.537 ,    0.000 ,   49.592 ,       16 , 	)
 119 	 (   0 ,    0.000 , 1440.000 ,        0 ,  742.180 ,  742.180 ,    0.000 ,  742.180 ,  742.180 ,    0.000 ,  697.820 ,    0.000 ,    0.000 ,       17 , 	)

	18 sommets 
	values : ( Cost : 345.228 , TRT : 475.813 , TWT : 186.243 , TD : 519.037 )
	violations : ( VC :       0 , VTW :   0.000 , VTD :   0.000 , VTRT :   0.000 )
	cout global : (   0.000	 )
S(i)	 (   C ,     TW0 ,       TW1 ,       VTW ,       Min ,       A ,       W ,       B ,       D ,       L ,       F ,       E ,       Det ,       [Imp ,       Imp]	)
   0 	 (   0 ,    0.000 , 1440.000 ,        0 ,    0.000 ,  427.835 ,    0.000 ,  427.835 ,  427.835 ,    0.000 ,    0.000 ,  427.835 ,    0.000 ,        0 , 	)
  38 	 (   1 ,  300.000 ,  480.000 ,        0 ,    4.851 ,  432.686 ,    0.000 ,  432.686 ,  433.686 ,    0.000 ,    0.000 ,  132.686 ,    9.462 ,        1 , 	)
  51 	 (   4 ,  240.000 ,  480.000 ,        0 ,  338.028 ,  470.714 ,    0.000 ,  470.714 ,  473.714 ,    0.000 ,    0.000 ,  132.686 ,    1.043 ,        2 , 	)
  14 	 (   6 ,  300.000 ,  480.000 ,        0 ,  347.314 ,  480.000 ,    0.000 ,  480.000 ,  482.000 ,    0.000 ,    0.000 ,  132.686 ,   -8.648 ,        3 , 	)
 110 	 (   3 ,  372.000 ,  612.000 ,        0 ,  383.112 ,  515.798 ,    0.000 ,  515.798 ,  518.798 ,   42.084 ,   72.933 ,  132.686 ,    0.979 ,        4 , 	)
  97 	 (   2 ,  557.000 ,  737.000 ,        0 ,  389.889 ,  522.576 ,   34.424 ,  557.000 ,  558.000 ,  123.314 ,   38.509 ,    0.000 ,   -0.595 ,        5 , 	)
  73 	 (   0 ,  362.000 ,  602.000 ,        0 ,  563.491 ,  563.491 ,    0.000 ,  563.491 ,  565.491 ,   81.491 ,   38.509 ,    0.000 ,    1.009 ,        6 , 	)
  49 	 (   2 ,  720.000 ,  900.000 ,        0 ,  568.181 ,  568.181 ,  151.819 ,  720.000 ,  722.000 ,    0.000 ,   54.524 ,    0.000 ,    0.113 ,        7 , 	)
  43 	 (   3 ,  720.000 ,  900.000 ,        0 ,  743.167 ,  743.167 ,    0.000 ,  743.167 ,  744.167 ,    0.000 ,   11.818 ,    0.000 ,   21.326 ,        8 , 	)
  47 	 (   4 ,  720.000 ,  900.000 ,        0 ,  765.037 ,  765.037 ,    0.000 ,  765.037 ,  766.037 ,    0.000 ,   11.818 ,    0.000 ,    0.788 ,        9 , 	)
 102 	 (   3 ,  760.282 ,  980.000 ,        0 ,  785.237 ,  785.237 ,    0.000 ,  785.237 ,  786.237 ,   41.070 ,   11.818 ,    0.000 ,    0.000 ,       10 , 	)
  32 	 (   7 ,  739.000 ,  949.332 ,        0 ,  786.237 ,  786.237 ,    0.000 ,  786.237 ,  790.237 ,    0.000 ,   11.818 ,    0.000 ,    0.000 ,       11 , 	)
  91 	 (   3 ,  803.000 ,  983.000 ,        0 ,  819.905 ,  819.905 ,    0.000 ,  819.905 ,  823.905 ,   29.668 ,   11.818 ,    0.000 ,    2.495 ,       12 , 	)
 108 	 (   1 ,  782.000 , 1022.000 ,        0 ,  832.182 ,  832.182 ,    0.000 ,  832.182 ,  834.182 ,  110.182 ,   11.818 ,    0.000 ,    0.000 ,       13 , 	)
 106 	 (   0 ,  804.000 ,  984.000 ,        0 ,  834.182 ,  834.182 ,    0.000 ,  834.182 ,  835.182 ,   68.145 ,   43.855 ,    0.000 ,    0.000 ,       14 , 	)
  52 	 (   1 ,  763.000 ,  921.917 ,        0 ,  867.392 ,  867.392 ,    0.000 ,  867.392 ,  868.392 ,    0.000 ,   54.524 ,    0.000 ,    1.134 ,       15 , 	)
 111 	 (   0 ,  826.000 ,  946.000 ,        0 ,  891.476 ,  891.476 ,    0.000 ,  891.476 ,  892.476 ,   23.083 ,   38.917 ,    0.000 ,   14.280 ,       16 , 	)
 119 	 (   0 ,    0.000 , 1440.000 ,        0 ,  903.648 ,  903.648 ,    0.000 ,  903.648 ,  903.648 ,    0.000 ,  536.352 ,    0.000 ,    0.000 ,       17 , 	)

	14 sommets 
	values : ( Cost : 329.889 , TRT : 379.284 , TWT : 113.247 , TD : 429.451 )
	violations : ( VC :       0 , VTW :   0.000 , VTD :   0.000 , VTRT :   0.000 )
	cout global : (   0.000	 )
S(i)	 (   C ,     TW0 ,       TW1 ,       VTW ,       Min ,       A ,       W ,       B ,       D ,       L ,       F ,       E ,       Det ,       [Imp ,       Imp]	)
   0 	 (   0 ,    0.000 , 1440.000 ,        0 ,    0.000 ,  604.221 ,    0.000 ,  604.221 ,  604.221 ,    0.000 ,    0.000 ,  604.221 ,    0.000 ,        0 , 	)
  24 	 (   2 ,  480.000 ,  660.000 ,        0 ,    4.851 ,  609.072 ,    0.000 ,  609.072 ,  611.072 ,    0.000 ,    0.000 ,  129.072 ,   10.569 ,        1 , 	)
  39 	 (   3 ,  480.000 ,  660.000 ,        0 ,  530.928 ,  660.000 ,    0.000 ,  660.000 ,  661.000 ,    0.000 ,    0.000 ,  129.072 ,   18.096 ,        2 , 	)
  98 	 (   2 ,  509.450 ,  737.000 ,        0 ,  560.377 ,  689.450 ,    0.000 ,  689.450 ,  690.450 ,   28.450 ,   47.550 ,  129.072 ,    0.000 ,        3 , 	)
  27 	 (   3 ,  720.000 ,  960.000 ,        0 ,  561.377 ,  690.450 ,  113.247 ,  803.697 ,  804.697 ,    0.000 ,   10.380 ,   83.697 ,    0.000 ,        4 , 	)
  83 	 (   1 ,  673.000 ,  853.000 ,        0 ,  745.303 ,  829.000 ,    0.000 ,  829.000 ,  831.000 ,  217.928 ,   10.380 ,   83.697 ,    0.000 ,        5 , 	)
  86 	 (   0 ,  831.000 , 1011.000 ,        0 ,  747.303 ,  831.000 ,    0.000 ,  831.000 ,  832.000 ,   26.303 ,   10.380 ,    0.000 ,    0.000 ,        6 , 	)
  18 	 (   1 ,  720.000 ,  960.000 ,        0 ,  875.976 ,  875.976 ,    0.000 ,  875.976 ,  876.976 ,    0.000 ,   10.380 ,    0.000 ,    0.040 ,        7 , 	)
  15 	 (   4 ,  720.000 ,  900.000 ,        0 ,  889.620 ,  889.620 ,    0.000 ,  889.620 ,  892.620 ,    0.000 ,   10.380 ,    0.000 ,    0.000 ,        8 , 	)
   4 	 (   5 ,  720.000 ,  960.000 ,        0 ,  892.620 ,  892.620 ,    0.000 ,  892.620 ,  893.620 ,    0.000 ,   48.551 ,    0.000 ,    0.000 ,        9 , 	)
  77 	 (   4 ,  827.000 , 1007.000 ,        0 ,  934.449 ,  934.449 ,    0.000 ,  934.449 ,  935.449 ,   57.473 ,   48.551 ,    0.000 ,    0.000 ,       10 , 	)
  74 	 (   1 ,  804.000 ,  984.000 ,        0 ,  935.449 ,  935.449 ,    0.000 ,  935.449 ,  938.449 ,   42.829 ,   48.551 ,    0.000 ,    0.000 ,       11 , 	)
  63 	 (   0 ,  912.000 , 1092.000 ,        0 ,  950.088 ,  950.088 ,    0.000 ,  950.088 ,  951.088 ,   56.468 ,  141.912 ,    0.000 ,   -0.732 ,       12 , 	)
 119 	 (   0 ,    0.000 , 1440.000 ,        0 ,  983.505 ,  983.505 ,    0.000 ,  983.505 ,  983.505 ,    0.000 ,  456.495 ,    0.000 ,    0.000 ,       13 , 	)

	14 sommets 
	values : ( Cost : 367.192 , TRT : 369.681 , TWT :  61.597 , TD : 396.351 )
	violations : ( VC :       0 , VTW :   0.000 , VTD :   0.000 , VTRT :   0.000 )
	cout global : (   0.000	 )
S(i)	 (   C ,     TW0 ,       TW1 ,       VTW ,       Min ,       A ,       W ,       B ,       D ,       L ,       F ,       E ,       Det ,       [Imp ,       Imp]	)
   0 	 (   0 ,    0.000 , 1440.000 ,        0 ,    0.000 ,  252.205 ,    0.000 ,  252.205 ,  252.205 ,    0.000 ,    0.000 ,  252.205 ,    0.000 ,        0 , 	)
  12 	 (   1 ,  240.000 ,  300.000 ,        0 ,   47.795 ,  300.000 ,    0.000 ,  300.000 ,  301.000 ,    0.000 ,    0.000 ,   60.000 ,   15.441 ,        1 , 	)
  44 	 (   3 ,  246.000 ,  480.000 ,        0 ,  260.439 ,  320.439 ,   33.332 ,  353.771 ,  355.771 ,    0.000 ,    0.000 ,   93.332 ,    2.320 ,        2 , 	)
  31 	 (   7 ,  250.000 ,  478.386 ,        0 ,  288.338 ,  381.669 ,    0.000 ,  381.669 ,  385.669 ,    0.000 ,    0.000 ,   93.332 ,    4.589 ,        3 , 	)
  37 	 (   8 ,  240.000 ,  420.000 ,        0 ,  296.453 ,  389.784 ,    0.000 ,  389.784 ,  390.784 ,    0.000 ,    0.000 ,   93.332 ,    1.051 ,        4 , 	)
  71 	 (   7 ,  300.000 ,  420.000 ,        0 ,  304.514 ,  397.846 ,    0.000 ,  397.846 ,  398.846 ,   96.846 ,    0.000 ,   93.332 ,    3.564 ,        5 , 	)
 103 	 (   5 ,  338.000 ,  518.000 ,        0 ,  316.829 ,  410.161 ,    0.000 ,  410.161 ,  412.161 ,   54.390 ,    0.000 ,   72.161 ,   -5.695 ,        6 , 	)
  96 	 (   4 ,  276.916 ,  493.000 ,        0 ,  365.617 ,  437.777 ,    0.000 ,  437.777 ,  438.777 ,   46.993 ,    0.000 ,   72.161 ,    9.101 ,        7 , 	)
  90 	 (   0 ,  331.000 ,  511.000 ,        0 ,  380.957 ,  453.118 ,    0.000 ,  453.118 ,  457.118 ,   67.449 ,    0.000 ,   72.161 ,    1.307 ,        8 , 	)
  53 	 (   4 ,  240.000 ,  480.000 ,        0 ,  407.839 ,  480.000 ,    0.000 ,  480.000 ,  484.000 ,    0.000 ,    0.000 ,   72.161 ,   -0.549 ,        9 , 	)
  56 	 (   8 ,  480.000 ,  660.000 ,        0 ,  418.901 ,  491.062 ,   10.265 ,  501.327 ,  505.327 ,    0.000 ,    0.000 ,   21.327 ,   14.672 ,       10 , 	)
 112 	 (   4 ,  369.000 ,  549.000 ,        0 ,  527.673 ,  549.000 ,    0.000 ,  549.000 ,  553.000 ,   65.000 ,    0.000 ,   21.327 ,    0.000 ,       11 , 	)
 115 	 (   0 ,  571.000 ,  751.000 ,        0 ,  531.673 ,  553.000 ,   18.000 ,  571.000 ,  575.000 ,   65.673 ,   51.327 ,    0.000 ,    0.000 ,       12 , 	)
 119 	 (   0 ,    0.000 , 1440.000 ,        0 ,  621.886 ,  621.886 ,    0.000 ,  621.886 ,  621.886 ,    0.000 ,  818.114 ,    0.000 ,    0.000 ,       13 , 	)

	16 sommets 
	values : ( Cost : 428.801 , TRT : 377.095 , TWT :  28.689 , TD : 658.609 )
	violations : ( VC :       0 , VTW :   0.000 , VTD :   0.000 , VTRT :   0.000 )
	cout global : (   0.000	 )
S(i)	 (   C ,     TW0 ,       TW1 ,       VTW ,       Min ,       A ,       W ,       B ,       D ,       L ,       F ,       E ,       Det ,       [Imp ,       Imp]	)
   0 	 (   0 ,    0.000 , 1440.000 ,        0 ,    0.000 ,  885.650 ,    0.000 ,  885.650 ,  885.650 ,    0.000 ,    0.000 ,  885.650 ,    0.000 ,        0 , 	)
  34 	 (   1 ,  720.000 ,  960.000 ,        0 ,   40.717 ,  926.368 ,    0.000 ,  926.368 ,  927.368 ,    0.000 ,    0.000 ,  206.368 ,   32.539 ,        1 , 	)
  25 	 (   2 ,  720.000 ,  960.000 ,        0 ,  753.632 ,  960.000 ,    0.000 ,  960.000 ,  961.000 ,    0.000 ,    0.000 ,  206.368 ,    8.108 ,        2 , 	)
  29 	 (   3 ,  960.000 , 1200.000 ,        0 ,  775.619 ,  981.986 ,   28.689 , 1010.675 , 1011.675 ,    0.000 ,   15.942 ,   50.675 ,    0.962 ,        3 , 	)
   3 	 (   4 ,  960.000 , 1200.000 ,        0 ,  968.514 , 1019.189 ,    0.000 , 1019.189 , 1020.189 ,    0.000 ,    8.989 ,   50.675 ,    1.870 ,        4 , 	)
  84 	 (   3 ,  808.000 , 1048.000 ,        0 ,  973.264 , 1023.939 ,    0.000 , 1023.939 , 1024.939 ,   62.939 ,    8.989 ,   50.675 ,    3.387 ,        5 , 	)
  93 	 (   2 ,  878.000 , 1058.000 ,        0 ,  991.383 , 1042.058 ,    0.000 , 1042.058 , 1043.058 ,  114.690 ,    8.989 ,   50.675 ,    0.000 ,        6 , 	)
   5 	 (   6 ,  979.000 , 1188.989 ,        0 ,  992.383 , 1043.058 ,    0.000 , 1043.058 , 1047.058 ,    0.000 ,    8.989 ,   50.675 ,    0.000 ,        7 , 	)
  64 	 (   2 , 1043.000 , 1223.000 ,        0 , 1026.393 , 1077.068 ,    0.000 , 1077.068 , 1081.068 ,   30.011 ,    8.989 ,   34.068 ,   16.053 ,        8 , 	)
  62 	 (   1 , 1121.000 , 1301.000 ,        0 , 1086.932 , 1121.000 ,    0.000 , 1121.000 , 1122.000 ,  100.811 ,    8.989 ,    0.000 ,   24.768 ,        9 , 	)
  11 	 (   4 , 1020.000 , 1200.000 ,        0 , 1141.644 , 1141.644 ,    0.000 , 1141.644 , 1144.644 ,    0.000 ,    8.989 ,    0.000 ,    7.080 ,       10 , 	)
  40 	 (   6 , 1140.000 , 1200.000 ,        0 , 1159.041 , 1159.041 ,    0.000 , 1159.041 , 1161.041 ,    0.000 ,    8.989 ,    0.000 ,    5.896 ,       11 , 	)
  88 	 (   5 , 1071.000 , 1311.000 ,        0 , 1180.686 , 1180.686 ,    0.000 , 1180.686 , 1181.686 ,  169.011 ,    8.989 ,    0.000 ,    5.880 ,       12 , 	)
  70 	 (   2 , 1173.000 , 1353.000 ,        0 , 1237.259 , 1237.259 ,    0.000 , 1237.259 , 1240.259 ,   92.615 ,  109.385 ,   -0.000 ,    5.450 ,       13 , 	)
  99 	 (   0 , 1234.000 , 1414.000 ,        0 , 1249.574 , 1249.574 ,    0.000 , 1249.574 , 1251.574 ,   88.532 ,  164.426 ,   -0.000 ,    8.192 ,       14 , 	)
 119 	 (   0 ,    0.000 , 1440.000 ,        0 , 1262.746 , 1262.746 ,    0.000 , 1262.746 , 1262.746 ,    0.000 ,  177.254 ,   -0.000 ,    0.000 ,       15 , 	)

	14 sommets 
	values : ( Cost : 306.950 , TRT : 252.789 , TWT :   0.000 , TD : 535.899 )
	violations : ( VC :       0 , VTW :   0.000 , VTD :   0.000 , VTRT :   0.000 )
	cout global : (   0.000	 )
S(i)	 (   C ,     TW0 ,       TW1 ,       VTW ,       Min ,       A ,       W ,       B ,       D ,       L ,       F ,       E ,       Det ,       [Imp ,       Imp]	)
   0 	 (   0 ,    0.000 , 1440.000 ,        0 ,    0.000 ,  288.658 ,    0.000 ,  288.658 ,  288.658 ,    0.000 ,   15.420 ,  288.658 ,    0.000 ,        0 , 	)
  46 	 (   3 ,  240.000 ,  420.000 ,        0 ,    4.947 ,  293.605 ,    0.000 ,  293.605 ,  296.605 ,    0.000 ,   15.420 ,   53.605 ,   -0.171 ,        1 , 	)
  30 	 (   4 ,  240.000 ,  480.000 ,        0 ,  246.517 ,  300.122 ,    0.000 ,  300.122 ,  301.122 ,    0.000 ,   15.420 ,   53.605 ,    2.128 ,        2 , 	)
 105 	 (   1 ,  255.686 ,  457.000 ,        0 ,  258.814 ,  312.420 ,    0.000 ,  312.420 ,  315.420 ,   15.814 ,   15.420 ,   53.605 ,    4.298 ,        3 , 	)
  54 	 (   2 ,  240.000 ,  480.000 ,        0 ,  267.245 ,  320.850 ,    0.000 ,  320.850 ,  321.850 ,    0.000 ,   15.420 ,   53.605 ,   -3.039 ,        4 , 	)
   1 	 (   3 ,  240.000 ,  420.000 ,        0 ,  307.492 ,  361.098 ,    0.000 ,  361.098 ,  362.098 ,    0.000 ,   15.420 ,   53.605 ,   22.483 ,        5 , 	)
  13 	 (   6 ,  240.000 ,  480.000 ,        0 ,  325.005 ,  378.611 ,    0.000 ,  378.611 ,  381.611 ,    0.000 ,    4.628 ,   53.605 ,   -5.759 ,        6 , 	)
  33 	 (   8 ,  240.000 ,  420.000 ,        0 ,  350.975 ,  404.580 ,    0.000 ,  404.580 ,  406.580 ,    0.000 ,    4.628 ,   53.605 ,    2.527 ,        7 , 	)
 113 	 (   7 ,  389.000 ,  569.000 ,        0 ,  378.041 ,  431.647 ,    0.000 ,  431.647 ,  432.647 ,  109.796 ,    4.628 ,   42.647 ,    8.675 ,        8 , 	)
  72 	 (   4 ,  438.000 ,  618.000 ,        0 ,  395.353 ,  438.000 ,    0.000 ,  438.000 ,  441.000 ,   56.389 ,    4.628 ,    0.000 ,    1.576 ,        9 , 	)
  89 	 (   3 ,  362.000 ,  602.000 ,        0 ,  448.498 ,  448.498 ,    0.000 ,  448.498 ,  449.498 ,  147.377 ,    4.628 ,    0.000 ,    3.297 ,       10 , 	)
  60 	 (   2 ,  299.000 ,  539.000 ,        0 ,  476.470 ,  476.470 ,    0.000 ,  476.470 ,  477.470 ,  114.372 ,    4.628 ,    0.000 ,   -9.161 ,       11 , 	)
  92 	 (   0 ,  296.000 ,  535.000 ,        0 ,  498.730 ,  498.730 ,    0.000 ,  498.730 ,  500.730 ,   92.150 ,   20.850 ,    0.000 ,    6.893 ,       12 , 	)
 119 	 (   0 ,    0.000 , 1440.000 ,        0 ,  541.447 ,  541.447 ,    0.000 ,  541.447 ,  541.447 ,    0.000 ,  898.553 ,    0.000 ,    0.000 ,       13 , 	)

	24 sommets 
	values : ( Cost : 527.509 , TRT : 436.623 , TWT :   0.000 , TD : 601.562 )
	violations : ( VC :       0 , VTW :   0.000 , VTD :   0.000 , VTRT :   0.000 )
	cout global : (   0.000	 )
S(i)	 (   C ,     TW0 ,       TW1 ,       VTW ,       Min ,       A ,       W ,       B ,       D ,       L ,       F ,       E ,       Det ,       [Imp ,       Imp]	)
   0 	 (   0 ,    0.000 , 1440.000 ,        0 ,    0.000 ,  825.356 ,    0.000 ,  825.356 ,  825.356 ,    0.000 ,    6.668 ,  825.356 ,    0.000 ,        0 , 	)
   9 	 (   3 ,  720.000 ,  960.000 ,        0 ,   13.150 ,  838.505 ,    0.000 ,  838.505 ,  841.505 ,    0.000 ,    6.668 ,  118.505 ,    0.529 ,        1 , 	)
   6 	 (   4 ,  740.000 ,  947.406 ,        0 ,  735.011 ,  853.517 ,    0.000 ,  853.517 ,  854.517 ,    0.000 ,    6.668 ,  113.517 ,   -3.741 ,        2 , 	)
  65 	 (   3 ,  795.000 ,  975.000 ,        0 ,  767.594 ,  881.111 ,    0.000 ,  881.111 ,  882.111 ,   26.594 ,    6.668 ,   86.111 ,    3.211 ,        3 , 	)
  16 	 (   7 ,  751.000 ,  941.695 ,        0 ,  802.274 ,  888.385 ,    0.000 ,  888.385 ,  892.385 ,    0.000 ,    6.668 ,   86.111 ,    7.338 ,        4 , 	)
  68 	 (   4 ,  863.000 , 1103.000 ,        0 ,  838.745 ,  924.856 ,    0.000 ,  924.856 ,  927.856 ,   83.350 ,    6.668 ,   61.856 ,   -4.114 ,        5 , 	)
  75 	 (   0 ,  868.000 ,  988.000 ,        0 ,  871.720 ,  933.575 ,    0.000 ,  933.575 ,  937.575 ,   41.190 ,    6.668 ,   61.856 ,    1.879 ,        6 , 	)
  57 	 (   2 ,  720.000 ,  960.000 ,        0 ,  891.476 ,  953.332 ,    0.000 ,  953.332 ,  955.332 ,    0.000 ,    6.668 ,   61.856 ,    5.907 ,        7 , 	)
  35 	 (   3 ,  960.000 , 1200.000 ,        0 ,  898.144 ,  960.000 ,    0.000 ,  960.000 ,  961.000 ,    0.000 ,    6.677 ,    0.000 ,    2.844 ,        8 , 	)
 116 	 (   1 ,  817.000 ,  997.000 ,        0 ,  983.859 ,  983.859 ,    0.000 ,  983.859 ,  985.859 ,   28.527 ,    6.677 ,    0.000 ,    0.610 ,        9 , 	)
   8 	 (   2 ,  960.000 , 1200.000 ,        0 ,  989.886 ,  989.886 ,    0.000 ,  989.886 ,  990.886 ,    0.000 ,    6.677 ,    0.000 ,    5.318 ,       10 , 	)
  19 	 (   3 ,  960.000 , 1200.000 ,        0 , 1001.153 , 1001.153 ,    0.000 , 1001.153 , 1002.153 ,    0.000 ,    6.677 ,    0.000 ,    3.579 ,       11 , 	)
   7 	 (   4 ,  960.000 , 1140.000 ,        0 , 1014.163 , 1014.163 ,    0.000 , 1014.163 , 1015.163 ,    0.000 ,    6.677 ,    0.000 ,    1.753 ,       12 , 	)
  67 	 (   3 , 1011.000 , 1251.000 ,        0 , 1022.082 , 1022.082 ,    0.000 , 1022.082 , 1023.082 ,   31.195 ,    6.677 ,    0.000 ,    4.898 ,       13 , 	)
  66 	 (   2 ,  981.264 , 1195.000 ,        0 , 1041.326 , 1041.326 ,    0.000 , 1041.326 , 1042.326 ,   26.162 ,    6.677 ,    0.000 ,    0.166 ,       14 , 	)
  94 	 (   1 , 1045.000 , 1285.000 ,        0 , 1059.786 , 1059.786 ,    0.000 , 1059.786 , 1060.786 ,   98.786 ,    6.677 ,    0.000 ,   21.641 ,       15 , 	)
  58 	 (   2 ,  963.000 , 1200.000 ,        0 , 1091.589 , 1091.589 ,    0.000 , 1091.589 , 1092.589 ,    0.000 ,    6.677 ,    0.000 ,   25.293 ,       16 , 	)
  78 	 (   1 , 1048.000 , 1288.000 ,        0 , 1110.252 , 1110.252 ,    0.000 , 1110.252 , 1111.252 ,  108.099 ,    6.677 ,    0.000 ,    0.124 ,       17 , 	)
 117 	 (   0 , 1068.000 , 1248.000 ,        0 , 1132.559 , 1132.559 ,    0.000 , 1132.559 , 1133.559 ,   39.970 ,    6.677 ,   -0.000 ,   12.226 ,       18 , 	)
  45 	 (   1 , 1017.000 , 1156.530 ,        0 , 1149.853 , 1149.853 ,    0.000 , 1149.853 , 1150.853 ,    0.000 ,    6.677 ,   -0.000 ,   -7.163 ,       19 , 	)
  21 	 (   5 , 1020.000 , 1200.000 ,        0 , 1164.972 , 1164.972 ,    0.000 , 1164.972 , 1168.972 ,    0.000 ,    9.967 ,   -0.000 ,   -7.290 ,       20 , 	)
 104 	 (   4 , 1145.000 , 1205.000 ,        0 , 1195.033 , 1195.033 ,    0.000 , 1195.033 , 1196.033 ,   44.180 ,    9.967 ,   -0.000 ,   37.241 ,       21 , 	)
  80 	 (   0 , 1063.000 , 1298.000 ,        0 , 1242.480 , 1242.480 ,    0.000 , 1242.480 , 1246.480 ,   73.508 ,   20.492 ,   -0.000 ,    6.862 ,       22 , 	)
 119 	 (   0 ,    0.000 , 1440.000 ,        0 , 1261.979 , 1261.979 ,    0.000 , 1261.979 , 1261.979 ,    0.000 ,  178.021 ,   -0.000 ,    0.000 ,       23 , 	)

	16 sommets 
	values : ( Cost : 392.710 , TRT : 389.254 , TWT :  51.983 , TD : 485.265 )
	violations : ( VC :       0 , VTW :   0.000 , VTD :   0.000 , VTRT :   0.000 )
	cout global : (   0.000	 )
S(i)	 (   C ,     TW0 ,       TW1 ,       VTW ,       Min ,       A ,       W ,       B ,       D ,       L ,       F ,       E ,       Det ,       [Imp ,       Imp]	)
   0 	 (   0 ,    0.000 , 1440.000 ,        0 ,    0.000 ,  318.856 ,    0.000 ,  318.856 ,  318.856 ,    0.000 ,    0.000 ,  318.856 ,    0.000 ,        0 , 	)
  28 	 (   4 ,  300.000 ,  420.000 ,        0 ,   25.326 ,  344.182 ,    0.000 ,  344.182 ,  348.182 ,    0.000 ,    0.000 ,   44.182 ,   -4.759 ,        1 , 	)
  59 	 (   6 ,  244.000 ,  480.000 ,        0 ,  340.144 ,  384.326 ,    0.000 ,  384.326 ,  386.326 ,    0.000 ,    0.000 ,   44.182 ,   10.118 ,        2 , 	)
 118 	 (   4 ,  344.000 ,  524.000 ,        0 ,  378.729 ,  422.911 ,    0.000 ,  422.911 ,  424.911 ,   36.586 ,    0.000 ,   44.182 ,    5.586 ,        3 , 	)
  50 	 (   8 ,  317.000 ,  467.792 ,        0 ,  392.069 ,  436.251 ,    0.000 ,  436.251 ,  440.251 ,    0.000 ,    0.000 ,   44.182 ,   -3.865 ,        4 , 	)
  87 	 (   4 ,  425.000 ,  605.000 ,        0 ,  407.087 ,  451.269 ,    0.000 ,  451.269 ,  455.269 ,  103.087 ,    0.000 ,   26.269 ,    3.076 ,        5 , 	)
 109 	 (   0 ,  370.000 ,  490.000 ,        0 ,  439.266 ,  465.535 ,    0.000 ,  465.535 ,  469.535 ,   25.284 ,    0.000 ,   26.269 ,   12.737 ,        6 , 	)
   2 	 (   3 ,  300.000 ,  480.000 ,        0 ,  453.731 ,  480.000 ,    0.000 ,  480.000 ,  483.000 ,    0.000 ,    0.000 ,   26.269 ,    0.561 ,        7 , 	)
  26 	 (   7 ,  540.000 ,  660.000 ,        0 ,  461.747 ,  488.017 ,   51.983 ,  540.000 ,  544.000 ,    0.000 ,   11.157 ,    0.000 ,   -0.348 ,        8 , 	)
  61 	 (   4 ,  352.000 ,  590.000 ,        0 ,  578.843 ,  578.843 ,    0.000 ,  578.843 ,  581.843 ,   95.843 ,   11.157 ,    0.000 ,    3.596 ,        9 , 	)
  48 	 (   6 ,  480.000 ,  720.000 ,        0 ,  597.729 ,  597.729 ,    0.000 ,  597.729 ,  599.729 ,    0.000 ,   44.672 ,    0.000 ,   25.972 ,       10 , 	)
  41 	 (   8 ,  480.000 ,  720.000 ,        0 ,  620.311 ,  620.311 ,    0.000 ,  620.311 ,  622.311 ,    0.000 ,   28.250 ,    0.000 ,    0.625 ,       11 , 	)
  85 	 (   4 ,  599.786 ,  813.000 ,        0 ,  648.328 ,  648.328 ,    0.000 ,  648.328 ,  652.328 ,  104.328 ,   28.250 ,    0.000 ,   -3.077 ,       12 , 	)
 100 	 (   2 ,  581.000 ,  821.000 ,        0 ,  660.697 ,  660.697 ,    0.000 ,  660.697 ,  662.697 ,   38.386 ,   28.250 ,    0.000 ,    3.023 ,       13 , 	)
 107 	 (   0 ,  563.000 ,  803.000 ,        0 ,  681.479 ,  681.479 ,    0.000 ,  681.479 ,  683.479 ,   81.750 ,   28.250 ,    0.000 ,   -2.985 ,       14 , 	)
 119 	 (   0 ,    0.000 , 1440.000 ,        0 ,  708.111 ,  708.111 ,    0.000 ,  708.111 ,  708.111 ,    0.000 ,  731.889 ,    0.000 ,    0.000 ,       15 , 	)
