4
	VALUE ALL : ( Cost : 1516.705 , TRT : 1487.012 , TWT : 202.632 , TD : 1603.487 )
	VIOLATIONS TOTAL : ( VC :       0 , VTW :   0.000 , VTD :   0.000 , VTRT :   0.000 )
 	COUT_ALL : (   0.001 )  T2B:   33001

	18 sommets 
	values : ( Cost : 388.384 , TRT : 453.261 , TWT : 113.243 , TD : 330.483 )
	violations : ( VC :       0 , VTW :   0.000 , VTD :   0.000 , VTRT :   0.000 )
	cout global : (   0.000	 )
S(i)	 (   C ,     TW0 ,       TW1 ,       VTW ,       Min ,       A ,       W ,       B ,       D ,       L ,       F ,       E ,       Det ,       [Imp ,       Imp]	)
   0 	 (   0 ,    0.000 , 1440.000 ,        0 ,    0.000 ,  355.638 ,    0.000 ,  355.638 ,  355.638 ,    0.000 ,    0.000 ,  355.638 ,    0.000 ,        0 , 	)
   7 	 (   4 ,  279.000 ,  447.769 ,        0 ,    9.758 ,  365.396 ,    0.000 ,  365.396 ,  369.396 ,    0.000 ,    0.000 ,   86.396 ,    4.942 ,        1 , 	)
   9 	 (   8 ,  244.000 ,  480.000 ,        0 ,  297.405 ,  383.801 ,    0.000 ,  383.801 ,  387.801 ,    0.000 ,    0.000 ,   86.396 ,   22.957 ,        2 , 	)
  35 	 (   4 ,  361.000 ,  481.000 ,        0 ,  339.188 ,  425.584 ,    0.000 ,  425.584 ,  429.584 ,   56.188 ,    0.000 ,   64.584 ,    0.000 ,        3 , 	)
  37 	 (   0 ,  349.000 ,  529.000 ,        0 ,  365.000 ,  429.584 ,    0.000 ,  429.584 ,  433.584 ,   41.783 ,    0.000 ,   64.584 ,    0.000 ,        4 , 	)
  14 	 (   3 ,  240.000 ,  480.000 ,        0 ,  394.961 ,  459.545 ,    0.000 ,  459.545 ,  462.545 ,    0.000 ,    0.000 ,   64.584 ,   18.996 ,        5 , 	)
  23 	 (   6 ,  300.000 ,  480.000 ,        0 ,  415.416 ,  480.000 ,    0.000 ,  480.000 ,  483.000 ,    0.000 ,    0.000 ,   64.584 ,    4.208 ,        6 , 	)
  11 	 (   8 ,  480.000 ,  660.000 ,        0 ,  433.196 ,  497.780 ,    6.698 ,  504.478 ,  506.478 ,    0.000 ,    0.000 ,   24.478 ,    0.000 ,        7 , 	)
  42 	 (   5 ,  289.000 ,  529.000 ,        0 ,  482.000 ,  506.478 ,    0.000 ,  506.478 ,  509.478 ,   43.933 ,    0.000 ,   24.478 ,    0.000 ,        8 , 	)
  39 	 (   3 ,  509.510 ,  736.000 ,        0 ,  512.510 ,  536.988 ,    0.000 ,  536.988 ,  538.988 ,   30.510 ,    0.000 ,   24.478 ,    3.505 ,        9 , 	)
  51 	 (   0 ,  329.028 ,  553.000 ,        0 ,  528.522 ,  553.000 ,    0.000 ,  553.000 ,  556.000 ,   70.000 ,    0.000 ,   24.478 ,   16.220 ,       10 , 	)
   4 	 (   4 ,  540.000 ,  720.000 ,        0 ,  540.487 ,  564.965 ,  106.545 ,  671.511 ,  675.511 ,    0.000 ,   13.679 ,  131.023 ,   -0.326 ,       11 , 	)
  32 	 (   0 ,  582.000 ,  762.000 ,        0 ,  564.028 ,  695.051 ,    0.000 ,  695.051 ,  699.051 ,   19.541 ,   13.679 ,  113.051 ,   -1.217 ,       12 , 	)
   6 	 (   3 ,  600.000 ,  720.000 ,        0 ,  593.270 ,  706.321 ,    0.000 ,  706.321 ,  709.321 ,    0.000 ,   13.679 ,  106.321 ,  -10.711 ,       13 , 	)
  34 	 (   0 ,  650.868 ,  851.000 ,        0 ,  650.868 ,  757.189 ,    0.000 ,  757.189 ,  760.189 ,   47.868 ,   60.000 ,  106.321 ,   25.565 ,       14 , 	)
  15 	 (   1 ,  780.000 ,  840.000 ,        0 ,  673.679 ,  780.000 ,    0.000 ,  780.000 ,  781.000 ,    0.000 ,   60.000 ,    0.000 ,    1.168 ,       15 , 	)
  43 	 (   0 ,  801.661 ,  896.000 ,        0 ,  801.661 ,  801.661 ,    0.000 ,  801.661 ,  802.661 ,   20.661 ,   34.339 ,    0.000 ,    6.847 ,       16 , 	)
  57 	 (   0 ,    0.000 , 1440.000 ,        0 ,  808.899 ,  808.899 ,    0.000 ,  808.899 ,  808.899 ,    0.000 ,  631.101 ,    0.000 ,    0.000 ,       17 , 	)

	12 sommets 
	values : ( Cost : 226.943 , TRT : 192.634 , TWT :   0.000 , TD : 237.444 )
	violations : ( VC :       0 , VTW :   0.000 , VTD :   0.000 , VTRT :   0.000 )
	cout global : (   0.000	 )
S(i)	 (   C ,     TW0 ,       TW1 ,       VTW ,       Min ,       A ,       W ,       B ,       D ,       L ,       F ,       E ,       Det ,       [Imp ,       Imp]	)
   0 	 (   0 ,    0.000 , 1440.000 ,        0 ,    0.000 ,  368.128 ,    0.000 ,  368.128 ,  368.128 ,    0.000 ,    2.067 ,  368.128 ,    0.000 ,        0 , 	)
  25 	 (   4 ,  360.000 ,  480.000 ,        0 ,    6.729 ,  374.856 ,    0.000 ,  374.856 ,  378.856 ,    0.000 ,    2.067 ,   14.856 ,   11.257 ,        1 , 	)
   5 	 (   5 ,  300.000 ,  420.000 ,        0 ,  382.010 ,  396.866 ,    0.000 ,  396.866 ,  397.866 ,    0.000 ,    2.067 ,   14.856 ,    0.000 ,        2 , 	)
  22 	 (   6 ,  240.000 ,  420.000 ,        0 ,  383.010 ,  397.866 ,    0.000 ,  397.866 ,  398.866 ,    0.000 ,    2.067 ,   14.856 ,    0.000 ,        3 , 	)
  33 	 (   5 ,  329.183 ,  496.000 ,        0 ,  412.193 ,  427.050 ,    0.000 ,  427.050 ,  428.050 ,   29.183 ,    2.067 ,   14.856 ,   10.859 ,        4 , 	)
  50 	 (   4 ,  307.000 ,  487.000 ,        0 ,  429.029 ,  443.886 ,    0.000 ,  443.886 ,  444.886 ,   45.020 ,    2.067 ,   14.856 ,   -0.002 ,        5 , 	)
  53 	 (   0 ,  396.862 ,  572.000 ,        0 ,  441.991 ,  456.847 ,    0.000 ,  456.847 ,  460.847 ,   77.991 ,    2.067 ,   14.856 ,   23.923 ,        6 , 	)
  24 	 (   3 ,  240.000 ,  480.000 ,        0 ,  463.077 ,  477.933 ,    0.000 ,  477.933 ,  480.933 ,    0.000 ,    2.067 ,   14.856 ,    1.214 ,        7 , 	)
  26 	 (   5 ,  480.000 ,  720.000 ,        0 ,  478.005 ,  492.861 ,    0.000 ,  492.861 ,  494.861 ,    0.000 ,   16.956 ,   12.861 ,   10.859 ,        8 , 	)
  52 	 (   2 ,  300.000 ,  540.000 ,        0 ,  510.183 ,  523.044 ,    0.000 ,  523.044 ,  526.044 ,   42.111 ,   16.956 ,   12.861 ,   11.620 ,        9 , 	)
  54 	 (   0 ,  538.000 ,  778.000 ,        0 ,  525.139 ,  538.000 ,    0.000 ,  538.000 ,  540.000 ,   43.139 ,   32.861 ,    0.000 ,   19.236 ,       10 , 	)
  57 	 (   0 ,    0.000 , 1440.000 ,        0 ,  560.762 ,  560.762 ,    0.000 ,  560.762 ,  560.762 ,    0.000 ,  879.238 ,    0.000 ,    0.000 ,       11 , 	)

	16 sommets 
	values : ( Cost : 487.501 , TRT : 400.542 , TWT :   0.000 , TD : 445.256 )
	violations : ( VC :       0 , VTW :   0.000 , VTD :   0.000 , VTRT :   0.000 )
	cout global : (   0.000	 )
S(i)	 (   C ,     TW0 ,       TW1 ,       VTW ,       Min ,       A ,       W ,       B ,       D ,       L ,       F ,       E ,       Det ,       [Imp ,       Imp]	)
   0 	 (   0 ,    0.000 , 1440.000 ,        0 ,    0.000 ,  662.705 ,    0.000 ,  662.705 ,  662.705 ,    0.000 ,   23.780 ,  662.705 ,    0.000 ,        0 , 	)
   2 	 (   1 ,  600.000 ,  720.000 ,        0 ,    6.238 ,  668.944 ,    0.000 ,  668.944 ,  669.944 ,    0.000 ,   23.780 ,   68.944 ,    2.829 ,        1 , 	)
  30 	 (   0 ,  740.000 ,  860.000 ,        0 ,  671.056 ,  740.000 ,    0.000 ,  740.000 ,  741.000 ,   70.056 ,   23.780 ,    0.000 ,   42.889 ,        2 , 	)
  10 	 (   2 ,  720.000 ,  960.000 ,        0 ,  777.902 ,  777.902 ,    0.000 ,  777.902 ,  779.902 ,    0.000 ,   23.780 ,    0.000 ,    7.068 ,        3 , 	)
  16 	 (   6 ,  780.000 ,  960.000 ,        0 ,  797.469 ,  797.469 ,    0.000 ,  797.469 ,  801.469 ,    0.000 ,   23.780 ,    0.000 ,   11.973 ,        4 , 	)
  20 	 (   7 ,  720.000 ,  960.000 ,        0 ,  808.226 ,  808.226 ,    0.000 ,  808.226 ,  809.226 ,    0.000 ,   23.780 ,    0.000 ,    1.331 ,        5 , 	)
  21 	 (   8 ,  780.000 ,  960.000 ,        0 ,  827.359 ,  827.359 ,    0.000 ,  827.359 ,  828.359 ,    0.000 ,   23.780 ,    0.000 ,    4.238 ,        6 , 	)
  44 	 (   4 ,  813.460 , 1043.000 ,        0 ,  836.981 ,  836.981 ,    0.000 ,  836.981 ,  840.981 ,   35.512 ,   23.780 ,    0.000 ,    2.596 ,        7 , 	)
  38 	 (   2 ,  827.000 , 1067.000 ,        0 ,  859.245 ,  859.245 ,    0.000 ,  859.245 ,  861.245 ,   79.343 ,   23.780 ,    0.000 ,    4.968 ,        8 , 	)
  49 	 (   1 ,  885.000 , 1065.000 ,        0 ,  893.074 ,  893.074 ,    0.000 ,  893.074 ,  894.074 ,   64.714 ,   23.780 ,    0.000 ,   22.136 ,        9 , 	)
  48 	 (   0 ,  849.000 , 1089.000 ,        0 ,  921.520 ,  921.520 ,    0.000 ,  921.520 ,  922.520 ,  112.293 ,   23.780 ,    0.000 ,   -4.627 ,       10 , 	)
  27 	 (   4 ,  720.000 ,  960.000 ,        0 ,  936.220 ,  936.220 ,    0.000 ,  936.220 ,  940.220 ,    0.000 ,   23.780 ,    0.000 ,   19.637 ,       11 , 	)
   1 	 (   8 ,  960.000 , 1200.000 ,        0 ,  989.950 ,  989.950 ,    0.000 ,  989.950 ,  993.950 ,    0.000 ,   73.177 ,    0.000 ,    4.442 ,       12 , 	)
  55 	 (   4 ,  895.000 , 1075.000 ,        0 , 1001.823 , 1001.823 ,    0.000 , 1001.823 , 1005.823 ,   61.604 ,    5.267 ,    0.000 ,    7.905 ,       13 , 	)
  29 	 (   0 ,  983.000 , 1223.000 ,        0 , 1015.683 , 1015.683 ,    0.000 , 1015.683 , 1019.683 ,   21.733 ,    5.267 ,    0.000 ,   11.814 ,       14 , 	)
  57 	 (   0 ,    0.000 , 1440.000 ,        0 , 1063.247 , 1063.247 ,    0.000 , 1063.247 , 1063.247 ,    0.000 ,  376.753 ,    0.000 ,    0.000 ,       15 , 	)

	18 sommets 
	values : ( Cost : 413.877 , TRT : 440.575 , TWT :  89.389 , TD : 590.305 )
	violations : ( VC :       0 , VTW :   0.000 , VTD :   0.000 , VTRT :   0.000 )
	cout global : (   0.000	 )
S(i)	 (   C ,     TW0 ,       TW1 ,       VTW ,       Min ,       A ,       W ,       B ,       D ,       L ,       F ,       E ,       Det ,       [Imp ,       Imp]	)
   0 	 (   0 ,    0.000 , 1440.000 ,        0 ,    0.000 ,  218.873 ,    0.000 ,  218.873 ,  218.873 ,    0.000 ,    0.000 ,  218.873 ,    0.000 ,        0 , 	)
  19 	 (   4 ,  240.000 ,  420.000 ,        0 ,   63.610 ,  282.483 ,    0.000 ,  282.483 ,  286.483 ,    0.000 ,    0.000 ,   42.483 ,   48.374 ,        1 , 	)
   3 	 (   7 ,  253.000 ,  473.580 ,        0 ,  270.374 ,  312.856 ,    0.000 ,  312.856 ,  315.856 ,    0.000 ,    0.000 ,   42.483 ,    4.374 ,        2 , 	)
  47 	 (   3 ,  308.000 ,  548.000 ,        0 ,  287.073 ,  329.556 ,    0.000 ,  329.556 ,  333.556 ,   43.073 ,    0.000 ,   21.556 ,    4.869 ,        3 , 	)
  31 	 (   0 ,  321.000 ,  501.000 ,        0 ,  327.589 ,  349.145 ,    0.000 ,  349.145 ,  352.145 ,   33.289 ,    0.000 ,   21.556 ,   24.322 ,        4 , 	)
  13 	 (   3 ,  240.000 ,  480.000 ,        0 ,  350.890 ,  372.446 ,    0.000 ,  372.446 ,  375.446 ,    0.000 ,    0.000 ,   21.556 ,    0.000 ,        5 , 	)
  18 	 (   4 ,  250.000 ,  476.524 ,        0 ,  353.890 ,  375.446 ,    0.000 ,  375.446 ,  376.446 ,    0.000 ,    0.000 ,   21.556 ,    0.000 ,        6 , 	)
  46 	 (   3 ,  325.000 ,  505.000 ,        0 ,  382.366 ,  403.922 ,    0.000 ,  403.922 ,  404.922 ,   27.476 ,    0.000 ,   21.556 ,   16.760 ,        7 , 	)
  17 	 (   4 ,  300.000 ,  420.000 ,        0 ,  398.444 ,  420.000 ,    0.000 ,  420.000 ,  421.000 ,    0.000 ,    0.000 ,   21.556 ,    7.681 ,        8 , 	)
  28 	 (   5 ,  300.000 ,  480.000 ,        0 ,  404.308 ,  425.864 ,   32.044 ,  457.908 ,  458.908 ,    0.000 ,    0.000 ,   53.600 ,    3.658 ,        9 , 	)
  41 	 (   2 ,  336.000 ,  576.000 ,        0 ,  447.846 ,  501.446 ,    0.000 ,  501.446 ,  504.446 ,  126.000 ,    0.000 ,   53.600 ,    8.880 ,       10 , 	)
  12 	 (   6 ,  480.000 ,  660.000 ,        0 ,  455.938 ,  509.538 ,   39.937 ,  549.475 ,  553.475 ,    0.000 ,    0.000 ,   69.475 ,    0.000 ,       11 , 	)
  45 	 (   5 ,  344.000 ,  577.000 ,        0 ,  484.000 ,  553.475 ,    0.000 ,  553.475 ,  554.475 ,  132.475 ,    0.000 ,   69.475 ,    0.000 ,       12 , 	)
   8 	 (   8 ,  549.000 ,  659.789 ,        0 ,  496.094 ,  565.569 ,    0.000 ,  565.569 ,  568.569 ,    0.000 ,    0.000 ,   16.569 ,    1.395 ,       13 , 	)
  40 	 (   4 ,  507.165 ,  726.000 ,        0 ,  565.467 ,  582.036 ,    0.000 ,  582.036 ,  586.036 ,   28.561 ,    0.000 ,   16.569 ,    6.236 ,       14 , 	)
  56 	 (   3 ,  371.000 ,  611.000 ,        0 ,  577.339 ,  593.908 ,    0.000 ,  593.908 ,  594.908 ,  135.000 ,    0.000 ,   16.569 ,    0.643 ,       15 , 	)
  36 	 (   0 ,  633.000 ,  693.000 ,        0 ,  599.023 ,  615.592 ,   17.408 ,  633.000 ,  636.000 ,   64.431 ,   16.569 ,    0.000 ,    8.354 ,       16 , 	)
  57 	 (   0 ,    0.000 , 1440.000 ,        0 ,  659.448 ,  659.448 ,    0.000 ,  659.448 ,  659.448 ,    0.000 ,  780.552 ,    0.000 ,    0.000 ,       17 , 	)
