8
	VALUE ALL : ( Cost : 2606.511 , TRT : 2555.904 , TWT : 308.121 , TD : 4191.615 )
	VIOLATIONS TOTAL : ( VC :       0 , VTW :   0.000 , VTD :   0.000 , VTRT :   0.000 )
 	COUT_ALL : (   0.002 )  T2B:   40801

	14 sommets 
	values : ( Cost : 290.176 , TRT : 246.177 , TWT :   0.000 , TD : 420.995 )
	violations : ( VC :       0 , VTW :   0.000 , VTD :   0.000 , VTRT :   0.000 )
	cout global : (   0.000	 )
S(i)	 (   C ,     TW0 ,       TW1 ,       VTW ,       Min ,       A ,       W ,       B ,       D ,       L ,       F ,       E ,       Det ,       [Imp ,       Imp]	)
   0 	 (   0 ,    0.000 , 1440.000 ,        0 ,    0.000 ,  336.306 ,    0.000 ,  336.306 ,  336.306 ,    0.000 ,    7.431 ,  336.306 ,    0.000 ,        0 , 	)
  48 	 (   4 ,  240.000 ,  480.000 ,        0 ,   10.174 ,  346.480 ,    0.000 ,  346.480 ,  350.480 ,    0.000 ,    7.431 ,  106.480 ,    4.449 ,        1 , 	)
  39 	 (   5 ,  244.000 ,  480.000 ,        0 ,  250.117 ,  356.598 ,    0.000 ,  356.598 ,  357.598 ,    0.000 ,    7.431 ,  106.480 ,    0.000 ,        2 , 	)
  15 	 (   8 ,  240.000 ,  480.000 ,        0 ,  251.117 ,  357.598 ,    0.000 ,  357.598 ,  360.598 ,    0.000 ,    7.431 ,  106.480 ,    0.000 ,        3 , 	)
 110 	 (   4 ,  351.000 ,  591.000 ,        0 ,  292.443 ,  398.923 ,    0.000 ,  398.923 ,  402.923 ,   48.443 ,    7.431 ,   47.923 ,    4.833 ,        4 , 	)
 101 	 (   3 ,  411.000 ,  531.000 ,        0 ,  363.077 ,  411.000 ,    0.000 ,  411.000 ,  412.000 ,   53.402 ,    7.431 ,    0.000 ,    6.276 ,        5 , 	)
  17 	 (   5 ,  240.000 ,  480.000 ,        0 ,  435.898 ,  435.898 ,    0.000 ,  435.898 ,  437.898 ,    0.000 ,    7.431 ,    0.000 ,   10.934 ,        6 , 	)
  57 	 (   7 ,  265.000 ,  457.855 ,        0 ,  450.041 ,  450.041 ,    0.000 ,  450.041 ,  452.041 ,    0.000 ,    4.596 ,    0.000 ,    9.471 ,        7 , 	)
 119 	 (   5 ,  292.000 ,  472.000 ,        0 ,  464.186 ,  464.186 ,    0.000 ,  464.186 ,  466.186 ,   12.145 ,    4.596 ,    0.000 ,    2.648 ,        8 , 	)
  13 	 (   7 ,  240.000 ,  480.000 ,        0 ,  472.569 ,  472.569 ,    0.000 ,  472.569 ,  474.569 ,    0.000 ,    4.596 ,    0.000 ,    1.071 ,        9 , 	)
  77 	 (   4 ,  352.000 ,  592.000 ,        0 ,  498.806 ,  498.806 ,    0.000 ,  498.806 ,  501.806 ,  138.208 ,    4.596 ,    0.000 ,    2.225 ,       10 , 	)
  75 	 (   2 ,  309.000 ,  549.000 ,        0 ,  513.962 ,  513.962 ,    0.000 ,  513.962 ,  515.962 ,   39.392 ,    4.596 ,    0.000 ,    7.269 ,       11 , 	)
  79 	 (   0 ,  341.000 ,  581.000 ,        0 ,  567.302 ,  567.302 ,    0.000 ,  567.302 ,  569.302 ,  129.404 ,    4.596 ,    0.000 ,   22.142 ,       12 , 	)
 125 	 (   0 ,    0.000 , 1440.000 ,        0 ,  582.483 ,  582.483 ,    0.000 ,  582.483 ,  582.483 ,    0.000 ,  857.517 ,    0.000 ,    0.000 ,       13 , 	)

	14 sommets 
	values : ( Cost : 275.224 , TRT : 242.935 , TWT :   0.000 , TD : 317.205 )
	violations : ( VC :       0 , VTW :   0.000 , VTD :   0.000 , VTRT :   0.000 )
	cout global : (   0.000	 )
S(i)	 (   C ,     TW0 ,       TW1 ,       VTW ,       Min ,       A ,       W ,       B ,       D ,       L ,       F ,       E ,       Det ,       [Imp ,       Imp]	)
   0 	 (   0 ,    0.000 , 1440.000 ,        0 ,    0.000 ,  267.752 ,    0.000 ,  267.752 ,  267.752 ,    0.000 ,    7.926 ,  267.752 ,    0.000 ,        0 , 	)
  42 	 (   4 ,  240.000 ,  420.000 ,        0 ,   20.056 ,  287.808 ,    0.000 ,  287.808 ,  291.808 ,    0.000 ,    7.926 ,   47.808 ,   19.932 ,        1 , 	)
  61 	 (   8 ,  300.000 ,  360.000 ,        0 ,  252.192 ,  300.000 ,    0.000 ,  300.000 ,  304.000 ,    0.000 ,    7.926 ,    0.000 ,    2.292 ,        2 , 	)
 123 	 (   4 ,  333.801 ,  444.000 ,        0 ,  333.801 ,  333.801 ,    0.000 ,  333.801 ,  337.801 ,   29.801 ,    7.926 ,    0.000 ,    1.616 ,        3 , 	)
   8 	 (   5 ,  300.000 ,  480.000 ,        0 ,  347.287 ,  347.287 ,    0.000 ,  347.287 ,  348.287 ,    0.000 ,    7.926 ,    0.000 ,   16.584 ,        4 , 	)
 104 	 (   1 ,  319.000 ,  559.000 ,        0 ,  374.071 ,  374.071 ,    0.000 ,  374.071 ,  378.071 ,   82.264 ,    7.926 ,    0.000 ,    7.926 ,        5 , 	)
  29 	 (   3 ,  300.000 ,  420.000 ,        0 ,  412.074 ,  412.074 ,    0.000 ,  412.074 ,  414.074 ,    0.000 ,    7.926 ,    0.000 ,    3.397 ,        6 , 	)
  70 	 (   2 ,  360.000 ,  600.000 ,        0 ,  424.137 ,  424.137 ,    0.000 ,  424.137 ,  425.137 ,   75.850 ,   21.286 ,    0.000 ,    2.993 ,        7 , 	)
  10 	 (   6 ,  300.000 ,  480.000 ,        0 ,  430.508 ,  430.508 ,    0.000 ,  430.508 ,  434.508 ,    0.000 ,   21.286 ,    0.000 ,    1.459 ,        8 , 	)
  91 	 (   4 ,  320.232 ,  471.000 ,        0 ,  441.788 ,  441.788 ,    0.000 ,  441.788 ,  443.788 ,   27.714 ,   21.286 ,    0.000 ,    5.638 ,        9 , 	)
   7 	 (   7 ,  360.000 ,  480.000 ,        0 ,  446.840 ,  446.840 ,    0.000 ,  446.840 ,  449.840 ,    0.000 ,   33.160 ,    0.000 ,    2.274 ,       10 , 	)
  69 	 (   4 ,  397.454 ,  575.000 ,        0 ,  484.294 ,  484.294 ,    0.000 ,  484.294 ,  487.294 ,   34.454 ,   57.546 ,    0.000 ,   26.486 ,       11 , 	)
  72 	 (   0 ,  364.000 ,  604.000 ,        0 ,  501.630 ,  501.630 ,    0.000 ,  501.630 ,  505.630 ,   67.123 ,   68.877 ,    0.000 ,    1.456 ,       12 , 	)
 125 	 (   0 ,    0.000 , 1440.000 ,        0 ,  510.687 ,  510.687 ,    0.000 ,  510.687 ,  510.687 ,    0.000 ,  929.313 ,    0.000 ,    0.000 ,       13 , 	)

	20 sommets 
	values : ( Cost : 351.370 , TRT : 353.553 , TWT :  51.365 , TD : 801.925 )
	violations : ( VC :       0 , VTW :   0.000 , VTD :   0.000 , VTRT :   0.000 )
	cout global : (   0.000	 )
S(i)	 (   C ,     TW0 ,       TW1 ,       VTW ,       Min ,       A ,       W ,       B ,       D ,       L ,       F ,       E ,       Det ,       [Imp ,       Imp]	)
   0 	 (   0 ,    0.000 , 1440.000 ,        0 ,    0.000 ,  862.171 ,    0.000 ,  862.171 ,  862.171 ,    0.000 ,    0.000 ,  862.171 ,    0.000 ,        0 , 	)
  31 	 (   2 ,  780.000 ,  960.000 ,        0 ,    5.057 ,  867.229 ,    0.000 ,  867.229 ,  869.229 ,    0.000 ,    0.000 ,   87.229 ,    8.760 ,        1 , 	)
  27 	 (   6 ,  720.000 ,  900.000 ,        0 ,  794.111 ,  881.340 ,    0.000 ,  881.340 ,  885.340 ,    0.000 ,    0.000 ,   87.229 ,   -7.877 ,        2 , 	)
  93 	 (   4 ,  807.672 , 1031.000 ,        0 ,  803.795 ,  891.023 ,    0.000 ,  891.023 ,  893.023 ,   21.795 ,    0.000 ,   83.351 ,    2.568 ,        3 , 	)
  35 	 (   5 ,  780.000 ,  960.000 ,        0 ,  815.123 ,  898.474 ,    0.000 ,  898.474 ,  899.474 ,    0.000 ,    0.000 ,   83.351 ,    1.454 ,        4 , 	)
  89 	 (   1 ,  743.000 ,  923.000 ,        0 ,  821.334 ,  904.685 ,    0.000 ,  904.685 ,  908.685 ,   19.345 ,    0.000 ,   83.351 ,    1.380 ,        5 , 	)
  46 	 (   4 ,  840.000 ,  960.000 ,        0 ,  831.326 ,  914.677 ,    0.000 ,  914.677 ,  917.677 ,    0.000 ,    0.000 ,   74.677 ,    4.201 ,        6 , 	)
  50 	 (   6 ,  729.000 ,  959.138 ,        0 ,  856.617 ,  931.293 ,    0.000 ,  931.293 ,  933.293 ,    0.000 ,    0.000 ,   74.677 ,   15.857 ,        7 , 	)
 108 	 (   3 ,  875.629 , 1050.000 ,        0 ,  893.486 ,  968.163 ,    0.000 ,  968.163 ,  971.163 ,   50.486 ,    0.000 ,   74.677 ,   17.416 ,        8 , 	)
  59 	 (   5 ,  960.000 , 1200.000 ,        0 ,  906.985 ,  981.662 ,    0.000 ,  981.662 ,  983.662 ,    0.000 ,    0.000 ,   21.662 ,   -1.121 ,        9 , 	)
 112 	 (   3 ,  811.000 ,  991.000 ,        0 ,  969.338 ,  991.000 ,    0.000 ,  991.000 ,  993.000 ,   57.707 ,   -0.000 ,   21.662 ,    6.919 ,       10 , 	)
   2 	 (   5 ,  985.000 , 1189.544 ,        0 ,  981.037 , 1002.698 ,   51.365 , 1054.064 , 1056.064 ,    0.000 ,   11.474 ,   69.064 ,    4.850 ,       11 , 	)
  18 	 (   6 ,  976.000 , 1140.000 ,        0 ,  995.702 , 1064.766 ,    0.000 , 1064.766 , 1065.766 ,    0.000 ,    3.625 ,   69.064 ,    8.470 ,       12 , 	)
  41 	 (   8 ,  960.000 , 1200.000 ,        0 , 1009.808 , 1078.871 ,    0.000 , 1078.871 , 1080.871 ,    0.000 ,    3.625 ,   69.064 ,    5.965 ,       13 , 	)
 103 	 (   6 , 1023.000 , 1263.000 ,        0 , 1034.926 , 1103.989 ,    0.000 , 1103.989 , 1105.989 ,   23.118 ,    3.625 ,   69.064 ,    7.911 ,       14 , 	)
  97 	 (   5 ,  923.000 , 1163.000 ,        0 , 1078.936 , 1148.000 ,    0.000 , 1148.000 , 1149.000 ,  248.526 ,    3.625 ,   69.064 ,    0.000 ,       15 , 	)
  80 	 (   4 , 1149.000 , 1209.000 ,        0 , 1079.936 , 1149.000 ,    0.000 , 1149.000 , 1150.000 ,   83.234 ,    3.625 ,    0.000 ,    0.000 ,       16 , 	)
 121 	 (   2 , 1115.000 , 1355.000 ,        0 , 1150.000 , 1150.000 ,    0.000 , 1150.000 , 1152.000 ,  166.338 ,    3.625 ,    0.000 ,    0.000 ,       17 , 	)
  64 	 (   0 , 1122.000 , 1242.000 ,        0 , 1187.439 , 1187.439 ,    0.000 , 1187.439 , 1189.439 ,  131.375 ,    3.625 ,    0.000 ,    6.461 ,       18 , 	)
 125 	 (   0 ,    0.000 , 1440.000 ,        0 , 1215.725 , 1215.725 ,    0.000 , 1215.725 , 1215.725 ,    0.000 ,  224.275 ,    0.000 ,    0.000 ,       19 , 	)

	10 sommets 
	values : ( Cost : 176.178 , TRT : 150.465 , TWT :   0.000 , TD : 270.095 )
	violations : ( VC :       0 , VTW :   0.000 , VTD :   0.000 , VTRT :   0.000 )
	cout global : (   0.000	 )
S(i)	 (   C ,     TW0 ,       TW1 ,       VTW ,       Min ,       A ,       W ,       B ,       D ,       L ,       F ,       E ,       Det ,       [Imp ,       Imp]	)
   0 	 (   0 ,    0.000 , 1440.000 ,        0 ,    0.000 ,  771.592 ,    0.000 ,  771.592 ,  771.592 ,    0.000 ,   49.811 ,  771.592 ,    0.000 ,        0 , 	)
  11 	 (   2 ,  780.000 ,  960.000 ,        0 ,    8.408 ,  780.000 ,    0.000 ,  780.000 ,  782.000 ,    0.000 ,   49.811 ,    0.000 ,    1.561 ,        1 , 	)
  21 	 (   4 ,  720.000 ,  900.000 ,        0 ,  790.366 ,  790.366 ,    0.000 ,  790.366 ,  792.366 ,    0.000 ,   48.156 ,    0.000 ,    4.332 ,        2 , 	)
  23 	 (   8 ,  780.000 ,  960.000 ,        0 ,  801.249 ,  801.249 ,    0.000 ,  801.249 ,  805.249 ,    0.000 ,   11.190 ,    0.000 ,    3.956 ,        3 , 	)
  73 	 (   6 ,  833.000 , 1072.000 ,        0 ,  843.844 ,  843.844 ,    0.000 ,  843.844 ,  845.844 ,   61.844 ,   11.190 ,    0.000 ,    5.302 ,        4 , 	)
   6 	 (   7 ,  780.000 ,  911.356 ,        0 ,  856.426 ,  856.426 ,    0.000 ,  856.426 ,  857.426 ,    0.000 ,   11.190 ,    0.000 ,   15.644 ,        5 , 	)
  85 	 (   3 ,  848.000 , 1028.000 ,        0 ,  872.926 ,  872.926 ,    0.000 ,  872.926 ,  876.926 ,   67.677 ,   11.190 ,    0.000 ,   -1.948 ,        6 , 	)
  83 	 (   1 ,  769.000 , 1006.000 ,        0 ,  885.176 ,  885.176 ,    0.000 ,  885.176 ,  887.176 ,   92.810 ,   11.190 ,    0.000 ,    1.485 ,        7 , 	)
  68 	 (   0 ,  895.000 ,  955.000 ,        0 ,  905.189 ,  905.189 ,    0.000 ,  905.189 ,  906.189 ,   47.764 ,   49.811 ,    0.000 ,    2.217 ,        8 , 	)
 125 	 (   0 ,    0.000 , 1440.000 ,        0 ,  922.056 ,  922.056 ,    0.000 ,  922.056 ,  922.056 ,    0.000 ,  517.944 ,    0.000 ,    0.000 ,        9 , 	)

	18 sommets 
	values : ( Cost : 325.847 , TRT : 409.323 , TWT : 116.325 , TD : 553.568 )
	violations : ( VC :       0 , VTW :   0.000 , VTD :   0.000 , VTRT :   0.000 )
	cout global : (   0.000	 )
S(i)	 (   C ,     TW0 ,       TW1 ,       VTW ,       Min ,       A ,       W ,       B ,       D ,       L ,       F ,       E ,       Det ,       [Imp ,       Imp]	)
   0 	 (   0 ,    0.000 , 1440.000 ,        0 ,    0.000 ,  307.107 ,    0.000 ,  307.107 ,  307.107 ,    0.000 ,    0.000 ,  307.107 ,    0.000 ,        0 , 	)
  56 	 (   4 ,  240.000 ,  480.000 ,        0 ,   11.941 ,  319.048 ,    0.000 ,  319.048 ,  323.048 ,    0.000 ,    0.000 ,   79.048 ,    7.117 ,        1 , 	)
 118 	 (   0 ,  319.000 ,  559.000 ,        0 ,  266.867 ,  345.915 ,    0.000 ,  345.915 ,  349.915 ,   22.867 ,    0.000 ,   26.915 ,   19.300 ,        2 , 	)
  33 	 (   4 ,  300.000 ,  360.000 ,        0 ,  333.085 ,  360.000 ,    0.000 ,  360.000 ,  364.000 ,    0.000 ,    0.000 ,   26.915 ,    0.870 ,        3 , 	)
  54 	 (   8 ,  420.000 ,  480.000 ,        0 ,  344.574 ,  371.489 ,   58.844 ,  430.333 ,  434.333 ,    0.000 ,    0.000 ,   10.333 ,    5.521 ,        4 , 	)
  95 	 (   4 ,  326.635 ,  455.000 ,        0 ,  444.667 ,  455.000 ,    0.000 ,  455.000 ,  459.000 ,   91.000 ,    0.000 ,   10.333 ,   19.932 ,        5 , 	)
  30 	 (   7 ,  480.000 ,  660.000 ,        0 ,  463.109 ,  473.442 ,    9.664 ,  483.106 ,  486.106 ,    0.000 ,    0.000 ,    3.106 ,   25.053 ,        6 , 	)
 116 	 (   3 ,  454.580 ,  566.000 ,        0 ,  513.227 ,  516.333 ,    0.000 ,  516.333 ,  520.333 ,   82.000 ,   -0.000 ,    3.106 ,   12.840 ,        7 , 	)
  34 	 (   6 ,  495.000 ,  714.814 ,        0 ,  525.176 ,  528.282 ,   47.817 ,  576.099 ,  579.099 ,    0.000 ,    1.106 ,   50.923 ,    0.140 ,        8 , 	)
  92 	 (   3 ,  566.000 ,  746.000 ,        0 ,  546.077 ,  597.000 ,    0.000 ,  597.000 ,  600.000 ,  110.894 ,    1.106 ,   31.000 ,    0.000 ,        9 , 	)
  52 	 (   7 ,  600.000 ,  720.000 ,        0 ,  569.000 ,  600.000 ,    0.000 ,  600.000 ,  604.000 ,    0.000 ,   12.418 ,    0.000 ,    0.000 ,       10 , 	)
  22 	 (   8 ,  600.000 ,  720.000 ,        0 ,  631.032 ,  631.032 ,    0.000 ,  631.032 ,  632.032 ,    0.000 ,   12.418 ,    0.000 ,    3.196 ,       11 , 	)
 114 	 (   4 ,  643.300 ,  829.000 ,        0 ,  647.496 ,  647.496 ,    0.000 ,  647.496 ,  651.496 ,   43.496 ,   12.418 ,    0.000 ,    2.458 ,       12 , 	)
  43 	 (   5 ,  523.000 ,  683.265 ,        0 ,  665.795 ,  665.795 ,    0.000 ,  665.795 ,  666.795 ,    0.000 ,   12.418 ,    0.000 ,   13.547 ,       13 , 	)
  84 	 (   4 ,  634.560 ,  811.000 ,        0 ,  686.361 ,  686.361 ,    0.000 ,  686.361 ,  687.361 ,   54.329 ,   12.418 ,    0.000 ,    3.665 ,       14 , 	)
 105 	 (   3 ,  588.000 ,  708.000 ,        0 ,  695.195 ,  695.195 ,    0.000 ,  695.195 ,  696.195 ,   28.400 ,   12.418 ,    0.000 ,    3.418 ,       15 , 	)
  96 	 (   0 ,  631.000 ,  751.000 ,        0 ,  699.681 ,  699.681 ,    0.000 ,  699.681 ,  702.681 ,  120.582 ,   12.418 ,    0.000 ,    0.768 ,       16 , 	)
 125 	 (   0 ,    0.000 , 1440.000 ,        0 ,  716.429 ,  716.429 ,    0.000 ,  716.429 ,  716.429 ,    0.000 ,  723.571 ,    0.000 ,    0.000 ,       17 , 	)

	20 sommets 
	values : ( Cost : 307.437 , TRT : 314.797 , TWT :  51.641 , TD : 469.532 )
	violations : ( VC :       0 , VTW :   0.000 , VTD :   0.000 , VTRT :   0.000 )
	cout global : (   0.000	 )
S(i)	 (   C ,     TW0 ,       TW1 ,       VTW ,       Min ,       A ,       W ,       B ,       D ,       L ,       F ,       E ,       Det ,       [Imp ,       Imp]	)
   0 	 (   0 ,    0.000 , 1440.000 ,        0 ,    0.000 ,  317.260 ,    0.000 ,  317.260 ,  317.260 ,    0.000 ,    0.000 ,  317.260 ,    0.000 ,        0 , 	)
  37 	 (   3 ,  300.000 ,  480.000 ,        0 ,   17.688 ,  334.948 ,    0.000 ,  334.948 ,  337.948 ,    0.000 ,    0.000 ,   34.948 ,    0.000 ,        1 , 	)
  12 	 (   7 ,  243.000 ,  480.000 ,        0 ,  303.000 ,  337.948 ,    0.000 ,  337.948 ,  341.948 ,    0.000 ,    0.000 ,   34.948 ,    0.000 ,        2 , 	)
  99 	 (   4 ,  337.000 ,  577.000 ,        0 ,  331.211 ,  366.159 ,    0.000 ,  366.159 ,  369.159 ,   28.211 ,    0.000 ,   29.159 ,    0.101 ,        3 , 	)
  26 	 (   5 ,  240.000 ,  480.000 ,        0 ,  359.723 ,  388.881 ,    0.000 ,  388.881 ,  389.881 ,    0.000 ,    0.000 ,   29.159 ,   -1.732 ,        4 , 	)
  88 	 (   4 ,  265.000 ,  505.000 ,        0 ,  372.767 ,  401.926 ,    0.000 ,  401.926 ,  402.926 ,   12.044 ,    0.000 ,   29.159 ,    0.188 ,        5 , 	)
  25 	 (   5 ,  274.000 ,  456.589 ,        0 ,  378.794 ,  407.953 ,    0.000 ,  407.953 ,  408.953 ,    0.000 ,    0.000 ,   29.159 ,    9.007 ,        6 , 	)
  16 	 (   6 ,  240.000 ,  420.000 ,        0 ,  387.720 ,  416.879 ,    0.000 ,  416.879 ,  417.879 ,    0.000 ,    0.000 ,   29.159 ,    1.612 ,        7 , 	)
  74 	 (   2 ,  349.000 ,  529.000 ,        0 ,  403.706 ,  432.865 ,    0.000 ,  432.865 ,  436.865 ,   90.917 ,    0.000 ,   29.159 ,    0.165 ,        8 , 	)
  55 	 (   3 ,  247.000 ,  480.000 ,        0 ,  416.260 ,  445.419 ,    0.000 ,  445.419 ,  446.419 ,    0.000 ,    0.000 ,   29.159 ,   14.359 ,        9 , 	)
  87 	 (   2 ,  375.000 ,  495.000 ,        0 ,  440.584 ,  469.743 ,    0.000 ,  469.743 ,  470.743 ,   60.790 ,    0.000 ,   29.159 ,    6.216 ,       10 , 	)
  51 	 (   3 ,  300.000 ,  480.000 ,        0 ,  449.841 ,  479.000 ,    0.000 ,  479.000 ,  480.000 ,    0.000 ,    0.000 ,   29.159 ,    0.000 ,       11 , 	)
  58 	 (   6 ,  300.000 ,  480.000 ,        0 ,  450.841 ,  480.000 ,    0.000 ,  480.000 ,  483.000 ,    0.000 ,    0.000 ,   29.159 ,    0.000 ,       12 , 	)
 117 	 (   5 ,  335.000 ,  515.000 ,        0 ,  471.462 ,  500.620 ,    0.000 ,  500.620 ,  501.620 ,   54.202 ,    5.346 ,   29.159 ,    6.011 ,       13 , 	)
  78 	 (   4 ,  289.000 ,  527.000 ,        0 ,  489.374 ,  518.533 ,    0.000 ,  518.533 ,  519.533 ,  100.654 ,    5.346 ,   29.159 ,    2.523 ,       14 , 	)
 113 	 (   3 ,  337.000 ,  571.000 ,        0 ,  497.839 ,  526.998 ,    0.000 ,  526.998 ,  527.998 ,   46.998 ,   15.265 ,   29.159 ,    3.853 ,       15 , 	)
 120 	 (   0 ,  366.000 ,  546.000 ,        0 ,  501.576 ,  530.735 ,    0.000 ,  530.735 ,  533.735 ,   47.735 ,   15.265 ,   29.159 ,    1.532 ,       16 , 	)
  45 	 (   1 ,  550.000 ,  657.017 ,        0 ,  516.217 ,  545.376 ,   51.641 ,  597.017 ,  598.017 ,    0.000 ,   60.000 ,   47.017 ,   21.223 ,       17 , 	)
 107 	 (   0 ,  626.000 ,  686.000 ,        0 ,  578.983 ,  626.000 ,    0.000 ,  626.000 ,  627.000 ,   27.983 ,   47.017 ,    0.000 ,    5.522 ,       18 , 	)
 125 	 (   0 ,    0.000 , 1440.000 ,        0 ,  632.057 ,  632.057 ,    0.000 ,  632.057 ,  632.057 ,    0.000 ,  807.943 ,    0.000 ,    0.000 ,       19 , 	)

	22 sommets 
	values : ( Cost : 494.419 , TRT : 455.511 , TWT :  39.768 , TD : 737.944 )
	violations : ( VC :       0 , VTW :   0.000 , VTD :   0.000 , VTRT :   0.000 )
	cout global : (   0.000	 )
S(i)	 (   C ,     TW0 ,       TW1 ,       VTW ,       Min ,       A ,       W ,       B ,       D ,       L ,       F ,       E ,       Det ,       [Imp ,       Imp]	)
   0 	 (   0 ,    0.000 , 1440.000 ,        0 ,    0.000 ,  688.800 ,    0.000 ,  688.800 ,  688.800 ,    0.000 ,    0.000 ,  688.800 ,    0.000 ,        0 , 	)
  62 	 (   1 ,  480.000 ,  720.000 ,        0 ,   17.150 ,  705.950 ,    0.000 ,  705.950 ,  706.950 ,    0.000 ,    0.000 ,  225.950 ,   26.259 ,        1 , 	)
  40 	 (   2 ,  720.000 ,  960.000 ,        0 ,  495.016 ,  720.966 ,    0.000 ,  720.966 ,  721.966 ,    0.000 ,    0.000 ,    0.966 ,    1.053 ,        2 , 	)
  38 	 (   4 ,  720.000 ,  840.000 ,        0 ,  740.874 ,  741.840 ,    0.000 ,  741.840 ,  743.840 ,    0.000 ,    0.000 ,    0.966 ,   25.394 ,        3 , 	)
  49 	 (   7 ,  720.000 ,  900.000 ,        0 ,  769.168 ,  770.134 ,    0.000 ,  770.134 ,  773.134 ,    0.000 ,    0.000 ,    0.966 ,   25.238 ,        4 , 	)
 124 	 (   6 ,  595.000 ,  835.000 ,        0 ,  814.812 ,  815.778 ,    0.000 ,  815.778 ,  816.778 ,  108.828 ,    0.000 ,    0.966 ,    2.929 ,        5 , 	)
 111 	 (   3 ,  802.000 , 1042.000 ,        0 ,  831.083 ,  832.050 ,    0.000 ,  832.050 ,  835.050 ,   58.916 ,    0.000 ,    0.966 ,    6.838 ,        6 , 	)
  32 	 (   4 ,  720.000 ,  960.000 ,        0 ,  840.467 ,  841.433 ,    0.000 ,  841.433 ,  842.433 ,    0.000 ,    0.000 ,    0.966 ,    5.320 ,        7 , 	)
 100 	 (   2 ,  775.270 ,  984.000 ,        0 ,  848.702 ,  849.668 ,    0.000 ,  849.668 ,  851.668 ,  105.828 ,    0.000 ,    0.966 ,    0.000 ,        8 , 	)
 102 	 (   1 ,  830.000 , 1070.000 ,        0 ,  850.702 ,  851.668 ,    0.000 ,  851.668 ,  852.668 ,  129.702 ,    0.000 ,    0.966 ,    0.000 ,        9 , 	)
  24 	 (   4 ,  720.000 ,  960.000 ,        0 ,  881.998 ,  882.964 ,    0.000 ,  882.964 ,  885.964 ,    0.000 ,    0.000 ,    0.966 ,   21.894 ,       10 , 	)
  53 	 (   6 ,  720.000 ,  900.000 ,        0 ,  899.034 ,  900.000 ,    0.000 ,  900.000 ,  902.000 ,    0.000 ,    0.000 ,    0.966 ,    1.668 ,       11 , 	)
  94 	 (   5 ,  779.000 , 1019.000 ,        0 ,  912.745 ,  913.711 ,    0.000 ,  913.711 ,  914.711 ,   71.278 ,    7.722 ,    0.966 ,    0.000 ,       12 , 	)
  86 	 (   2 ,  771.000 , 1011.000 ,        0 ,  913.745 ,  914.711 ,    0.000 ,  914.711 ,  917.711 ,   28.747 ,   36.253 ,    0.966 ,    0.000 ,       13 , 	)
  19 	 (   6 ,  960.000 , 1140.000 ,        0 ,  942.662 ,  943.628 ,   39.768 ,  983.395 ,  987.395 ,    0.000 ,    3.024 ,   23.395 ,    1.783 ,       14 , 	)
  81 	 (   2 , 1012.000 , 1192.000 ,        0 ,  988.605 , 1012.000 ,    0.000 , 1012.000 , 1016.000 ,   24.605 ,    3.024 ,    0.000 ,    2.462 ,       15 , 	)
   9 	 (   6 ,  960.000 , 1080.000 ,        0 , 1027.820 , 1027.820 ,    0.000 , 1027.820 , 1031.820 ,    0.000 ,    3.024 ,    0.000 ,    1.065 ,       16 , 	)
 115 	 (   4 ,  800.000 , 1040.000 ,        0 , 1036.976 , 1036.976 ,    0.000 , 1036.976 , 1038.976 ,  134.976 ,    3.024 ,   -0.000 ,    9.193 ,       17 , 	)
  71 	 (   0 ,  987.396 , 1147.000 ,        0 , 1066.410 , 1066.410 ,    0.000 , 1066.410 , 1070.410 ,   34.589 ,   28.411 ,   -0.000 ,   -0.595 ,       18 , 	)
  14 	 (   1 ,  962.000 , 1200.000 ,        0 , 1085.969 , 1085.969 ,    0.000 , 1085.969 , 1086.969 ,    0.000 ,  114.031 ,   -0.000 ,   14.167 ,       19 , 	)
  76 	 (   0 , 1071.000 , 1251.000 ,        0 , 1127.444 , 1127.444 ,    0.000 , 1127.444 , 1128.444 ,   40.475 ,   67.525 ,   -0.000 ,   21.605 ,       20 , 	)
 125 	 (   0 ,    0.000 , 1440.000 ,        0 , 1144.311 , 1144.311 ,    0.000 , 1144.311 , 1144.311 ,    0.000 ,  295.689 ,   -0.000 ,    0.000 ,       21 , 	)

	22 sommets 
	values : ( Cost : 385.860 , TRT : 383.142 , TWT :  49.022 , TD : 620.353 )
	violations : ( VC :       0 , VTW :   0.000 , VTD :   0.000 , VTRT :   0.000 )
	cout global : (   0.000	 )
S(i)	 (   C ,     TW0 ,       TW1 ,       VTW ,       Min ,       A ,       W ,       B ,       D ,       L ,       F ,       E ,       Det ,       [Imp ,       Imp]	)
   0 	 (   0 ,    0.000 , 1440.000 ,        0 ,    0.000 ,  693.614 ,    0.000 ,  693.614 ,  693.614 ,    0.000 ,    0.000 ,  693.614 ,    0.000 ,        0 , 	)
  44 	 (   4 ,  480.000 ,  720.000 ,        0 ,    7.278 ,  700.892 ,    0.000 ,  700.892 ,  704.892 ,    0.000 ,    0.000 ,  220.892 ,    2.103 ,        1 , 	)
  36 	 (   5 ,  720.000 ,  780.000 ,        0 ,  499.758 ,  720.650 ,    0.000 ,  720.650 ,  721.650 ,    0.000 ,    0.000 ,    0.650 ,   33.459 ,        2 , 	)
  20 	 (   8 ,  720.000 ,  960.000 ,        0 ,  751.042 ,  751.692 ,    0.000 ,  751.692 ,  754.692 ,    0.000 ,    0.000 ,    0.650 ,   16.162 ,        3 , 	)
  82 	 (   5 ,  763.000 , 1003.000 ,        0 ,  778.413 ,  779.063 ,    0.000 ,  779.063 ,  782.063 ,   24.371 ,    0.000 ,    0.650 ,    2.309 ,        4 , 	)
  47 	 (   6 ,  762.000 ,  925.238 ,        0 ,  787.249 ,  787.899 ,    0.000 ,  787.899 ,  788.899 ,    0.000 ,    0.000 ,    0.650 ,    0.776 ,        5 , 	)
 106 	 (   2 ,  553.000 ,  793.000 ,        0 ,  792.350 ,  793.000 ,    0.000 ,  793.000 ,  797.000 ,   88.108 ,   -0.000 ,    0.650 ,    0.226 ,        6 , 	)
  98 	 (   1 ,  777.060 ,  931.000 ,        0 ,  810.345 ,  810.995 ,    0.000 ,  810.995 ,  811.995 ,   89.345 ,   27.596 ,    0.650 ,    2.705 ,        7 , 	)
 109 	 (   0 ,  832.000 ,  952.000 ,        0 ,  821.780 ,  822.430 ,    9.570 ,  832.000 ,  833.000 ,   43.101 ,   18.026 ,    0.000 ,   -0.456 ,        8 , 	)
   3 	 (   1 ,  840.000 ,  960.000 ,        0 ,  843.085 ,  843.085 ,   18.026 ,  861.111 ,  862.111 ,    0.000 ,    0.000 ,   18.026 ,    1.249 ,        9 , 	)
   5 	 (   3 ,  840.000 ,  960.000 ,        0 ,  850.029 ,  868.055 ,    0.000 ,  868.055 ,  870.055 ,    0.000 ,    0.000 ,   18.026 ,    9.949 ,       10 , 	)
   1 	 (   6 ,  780.000 ,  960.000 ,        0 ,  867.036 ,  885.062 ,    0.000 ,  885.062 ,  888.062 ,    0.000 ,    0.000 ,   18.026 ,   12.683 ,       11 , 	)
  28 	 (   7 ,  761.000 ,  926.586 ,        0 ,  888.567 ,  906.593 ,    0.000 ,  906.593 ,  907.593 ,    0.000 ,    0.000 ,   18.026 ,    3.264 ,       12 , 	)
  90 	 (   6 ,  835.000 ,  955.000 ,        0 ,  916.980 ,  935.007 ,    0.000 ,  935.007 ,  936.007 ,   27.414 ,    0.000 ,   18.026 ,    0.000 ,       13 , 	)
  67 	 (   4 ,  899.000 , 1079.000 ,        0 ,  917.980 ,  936.007 ,    0.000 ,  936.007 ,  938.007 ,   65.952 ,    0.000 ,   18.026 ,    0.000 ,       14 , 	)
  63 	 (   1 ,  830.000 , 1067.000 ,        0 ,  926.033 ,  944.059 ,    0.000 ,  944.059 ,  947.059 ,   55.997 ,    0.000 ,   18.026 ,    0.511 ,       15 , 	)
  65 	 (   0 ,  936.000 , 1056.000 ,        0 ,  937.671 ,  955.697 ,    0.000 ,  955.697 ,  956.697 ,   93.586 ,    0.000 ,   18.026 ,    0.724 ,       16 , 	)
  60 	 (   3 ,  720.000 ,  960.000 ,        0 ,  941.974 ,  960.000 ,    0.000 ,  960.000 ,  963.000 ,    0.000 ,    0.000 ,   18.026 ,    0.187 ,       17 , 	)
   4 	 (   6 ,  960.000 , 1200.000 ,        0 ,  961.508 ,  979.534 ,   21.426 , 1000.959 , 1003.959 ,    0.000 ,    0.560 ,   39.452 ,   15.805 ,       18 , 	)
  66 	 (   3 , 1046.000 , 1286.000 ,        0 , 1006.548 , 1046.000 ,    0.000 , 1046.000 , 1049.000 ,   42.041 ,    0.560 ,    0.000 ,    1.622 ,       19 , 	)
 122 	 (   0 ,  814.000 , 1054.000 ,        0 , 1053.440 , 1053.440 ,    0.000 , 1053.440 , 1056.440 ,   90.440 ,    0.560 ,    0.000 ,    7.129 ,       20 , 	)
 125 	 (   0 ,    0.000 , 1440.000 ,        0 , 1076.756 , 1076.756 ,    0.000 , 1076.756 , 1076.756 ,    0.000 ,  363.244 ,    0.000 ,    0.000 ,       21 , 	)
