12
	VALUE ALL : ( Cost : 4880.125 , TRT : 4425.911 , TWT : 358.644 , TD : 6428.716 )
	VIOLATIONS TOTAL : ( VC :       0 , VTW :   0.000 , VTD :   0.000 , VTRT :   0.000 )
 	COUT_ALL : (   0.004 )  T2B:   19801

	24 sommets 
	values : ( Cost : 503.546 , TRT : 466.027 , TWT :  35.421 , TD : 673.117 )
	violations : ( VC :       0 , VTW :   0.000 , VTD :   0.000 , VTRT :   0.000 )
	cout global : (   0.000	 )
S(i)	 (   C ,     TW0 ,       TW1 ,       VTW ,       Min ,       A ,       W ,       B ,       D ,       L ,       F ,       E ,       Det ,       [Imp ,       Imp]	)
   0 	 (   0 ,    0.000 , 1440.000 ,        0 ,    0.000 ,  346.034 ,    0.000 ,  346.034 ,  346.034 ,    0.000 ,    0.000 ,  346.034 ,    0.000 ,        0 , 	)
  92 	 (   4 ,  300.000 ,  420.000 ,        0 ,   10.407 ,  356.441 ,    0.000 ,  356.441 ,  360.441 ,    0.000 ,    0.000 ,   56.441 ,    1.976 ,        1 , 	)
  27 	 (   8 ,  246.000 ,  480.000 ,        0 ,  318.404 ,  374.844 ,    0.000 ,  374.844 ,  378.844 ,    0.000 ,    0.000 ,   56.441 ,   22.520 ,        2 , 	)
 121 	 (   4 ,  343.000 ,  523.000 ,        0 ,  357.232 ,  413.673 ,    0.000 ,  413.673 ,  417.673 ,   34.829 ,    0.000 ,   56.441 ,    1.379 ,        3 , 	)
 186 	 (   0 ,  334.290 ,  505.000 ,        0 ,  371.107 ,  427.547 ,    0.000 ,  427.547 ,  431.547 ,   67.107 ,    0.000 ,   56.441 ,    5.519 ,        4 , 	)
  87 	 (   1 ,  300.000 ,  480.000 ,        0 ,  389.804 ,  446.244 ,    0.000 ,  446.244 ,  447.244 ,    0.000 ,    0.000 ,   56.441 ,   21.344 ,        5 , 	)
  48 	 (   5 ,  240.000 ,  480.000 ,        0 ,  405.321 ,  461.762 ,    0.000 ,  461.762 ,  465.762 ,    0.000 ,    0.000 ,   56.441 ,   -4.347 ,        6 , 	)
 142 	 (   1 ,  311.000 ,  551.000 ,        0 ,  443.273 ,  499.714 ,    0.000 ,  499.714 ,  503.714 ,   33.952 ,    0.000 ,   56.441 ,   19.210 ,        7 , 	)
  79 	 (   5 ,  480.000 ,  720.000 ,        0 ,  458.697 ,  515.138 ,    0.000 ,  515.138 ,  519.138 ,    0.000 ,    0.000 ,   35.138 ,   15.962 ,        8 , 	)
 173 	 (   1 ,  552.000 ,  792.000 ,        0 ,  518.344 ,  553.481 ,    0.000 ,  553.481 ,  557.481 ,   34.344 ,    0.000 ,    1.481 ,    5.638 ,        9 , 	)
  42 	 (   3 ,  482.000 ,  660.000 ,        0 ,  568.368 ,  569.850 ,    0.000 ,  569.850 ,  571.850 ,    0.000 ,    0.000 ,    1.481 ,   10.362 ,       10 , 	)
 181 	 (   2 ,  420.000 ,  600.000 ,        0 ,  598.519 ,  600.000 ,    0.000 ,  600.000 ,  601.000 ,  152.756 ,    0.000 ,    1.481 ,    1.129 ,       11 , 	)
  69 	 (   3 ,  497.000 ,  710.792 ,        0 ,  624.828 ,  626.309 ,   35.421 ,  661.730 ,  662.730 ,    0.000 ,    1.000 ,   36.902 ,    8.778 ,       12 , 	)
 163 	 (   2 ,  623.000 ,  743.000 ,        0 ,  657.035 ,  693.938 ,    0.000 ,  693.938 ,  694.938 ,   31.208 ,    1.000 ,   36.902 ,   -0.284 ,       13 , 	)
 136 	 (   0 ,  712.000 ,  772.000 ,        0 ,  680.098 ,  717.000 ,    0.000 ,  717.000 ,  719.000 ,  145.150 ,    1.000 ,    5.000 ,    0.000 ,       14 , 	)
   6 	 (   1 ,  540.000 ,  720.000 ,        0 ,  714.000 ,  719.000 ,    0.000 ,  719.000 ,  720.000 ,    0.000 ,    1.000 ,    5.000 ,    0.000 ,       15 , 	)
  32 	 (   4 ,  720.000 ,  900.000 ,        0 ,  715.000 ,  720.000 ,    0.000 ,  720.000 ,  723.000 ,    0.000 ,   31.895 ,    0.000 ,    0.000 ,       16 , 	)
  74 	 (   5 ,  720.000 ,  900.000 ,        0 ,  735.137 ,  735.137 ,    0.000 ,  735.137 ,  736.137 ,    0.000 ,    7.262 ,    0.000 ,   15.772 ,       17 , 	)
 126 	 (   2 ,  736.965 ,  941.000 ,        0 ,  753.738 ,  753.738 ,    0.000 ,  753.738 ,  756.738 ,   30.738 ,    7.262 ,    0.000 ,    0.000 ,       18 , 	)
  93 	 (   3 ,  720.000 ,  960.000 ,        0 ,  756.738 ,  756.738 ,    0.000 ,  756.738 ,  757.738 ,    0.000 ,   31.895 ,    0.000 ,    0.000 ,       19 , 	)
 100 	 (   2 ,  556.000 ,  794.000 ,        0 ,  761.105 ,  761.105 ,    0.000 ,  761.105 ,  762.105 ,   41.105 ,   31.895 ,    0.000 ,    0.247 ,       20 , 	)
 168 	 (   1 ,  782.000 , 1022.000 ,        0 ,  791.711 ,  791.711 ,    0.000 ,  791.711 ,  792.711 ,   55.574 ,   40.644 ,    0.000 ,   11.776 ,       21 , 	)
 187 	 (   0 ,  785.000 , 1025.000 ,        0 ,  804.093 ,  804.093 ,    0.000 ,  804.093 ,  805.093 ,   46.356 ,   40.644 ,    0.000 ,    8.247 ,       22 , 	)
 189 	 (   0 ,    0.000 , 1440.000 ,        0 ,  812.061 ,  812.061 ,    0.000 ,  812.061 ,  812.061 ,    0.000 ,  627.939 ,    0.000 ,    0.000 ,       23 , 	)

	20 sommets 
	values : ( Cost : 380.230 , TRT : 384.224 , TWT :  56.337 , TD : 544.998 )
	violations : ( VC :       0 , VTW :   0.000 , VTD :   0.000 , VTRT :   0.000 )
	cout global : (   0.000	 )
S(i)	 (   C ,     TW0 ,       TW1 ,       VTW ,       Min ,       A ,       W ,       B ,       D ,       L ,       F ,       E ,       Det ,       [Imp ,       Imp]	)
   0 	 (   0 ,    0.000 , 1440.000 ,        0 ,    0.000 ,  294.944 ,    0.000 ,  294.944 ,  294.944 ,    0.000 ,    0.000 ,  294.944 ,    0.000 ,        0 , 	)
  25 	 (   1 ,  247.000 ,  480.000 ,        0 ,   12.717 ,  307.660 ,    0.000 ,  307.660 ,  308.660 ,    0.000 ,    0.000 ,   60.660 ,   11.638 ,        1 , 	)
 119 	 (   0 ,  334.000 ,  514.000 ,        0 ,  280.178 ,  340.838 ,    0.000 ,  340.838 ,  341.838 ,   32.178 ,    0.000 ,    6.838 ,   -4.394 ,        2 , 	)
  59 	 (   4 ,  300.000 ,  480.000 ,        0 ,  355.748 ,  362.586 ,    0.000 ,  362.586 ,  366.586 ,    0.000 ,    0.000 ,    6.838 ,    0.000 ,        3 , 	)
  22 	 (   6 ,  240.000 ,  420.000 ,        0 ,  359.748 ,  366.586 ,    0.000 ,  366.586 ,  368.586 ,    0.000 ,    0.000 ,    6.838 ,    0.000 ,        4 , 	)
 153 	 (   2 ,  314.369 ,  512.000 ,        0 ,  372.117 ,  378.956 ,    0.000 ,  378.956 ,  382.956 ,   12.369 ,    0.000 ,    6.838 ,   -6.487 ,        5 , 	)
   9 	 (   3 ,  240.000 ,  420.000 ,        0 ,  384.726 ,  391.565 ,    0.000 ,  391.565 ,  392.565 ,    0.000 ,    0.000 ,    6.838 ,   -4.927 ,        6 , 	)
  77 	 (   5 ,  280.000 ,  448.306 ,        0 ,  392.492 ,  399.330 ,    0.000 ,  399.330 ,  401.330 ,    0.000 ,    0.000 ,    6.838 ,   12.727 ,        7 , 	)
  44 	 (   7 ,  243.000 ,  480.000 ,        0 ,  419.979 ,  426.817 ,    0.000 ,  426.817 ,  428.817 ,    0.000 ,    0.000 ,    6.838 ,    4.882 ,        8 , 	)
 171 	 (   5 ,  359.000 ,  479.000 ,        0 ,  430.068 ,  436.906 ,    0.000 ,  436.906 ,  438.906 ,   35.576 ,    0.000 ,    6.838 ,    0.626 ,        9 , 	)
 116 	 (   3 ,  291.000 ,  529.000 ,        0 ,  447.659 ,  454.497 ,    0.000 ,  454.497 ,  456.497 ,   85.911 ,    0.000 ,    6.838 ,    1.963 ,       10 , 	)
 138 	 (   1 ,  349.000 ,  529.000 ,        0 ,  470.345 ,  477.183 ,    0.000 ,  477.183 ,  479.183 ,   48.366 ,    0.000 ,    6.838 ,    7.801 ,       11 , 	)
  85 	 (   2 ,  484.000 ,  720.000 ,        0 ,  480.732 ,  487.571 ,    0.000 ,  487.571 ,  488.571 ,    0.000 ,    0.000 ,    3.571 ,   12.726 ,       12 , 	)
 103 	 (   1 ,  400.000 ,  520.000 ,        0 ,  516.429 ,  520.000 ,    0.000 ,  520.000 ,  521.000 ,  127.435 ,    0.000 ,    3.571 ,    2.449 ,       13 , 	)
 179 	 (   0 ,  586.000 ,  766.000 ,        0 ,  526.092 ,  529.663 ,   56.337 ,  586.000 ,  587.000 ,   97.429 ,    3.571 ,    0.000 ,    0.341 ,       14 , 	)
  33 	 (   4 ,  480.000 ,  660.000 ,        0 ,  592.014 ,  592.014 ,    0.000 ,  592.014 ,  596.014 ,    0.000 ,   67.986 ,    0.000 ,    2.490 ,       15 , 	)
  45 	 (   8 ,  496.000 ,  715.408 ,        0 ,  604.585 ,  604.585 ,    0.000 ,  604.585 ,  608.585 ,    0.000 ,   34.859 ,    0.000 ,    7.274 ,       16 , 	)
 139 	 (   4 ,  579.000 ,  759.000 ,        0 ,  648.177 ,  648.177 ,    0.000 ,  648.177 ,  652.177 ,   39.592 ,   34.859 ,    0.000 ,   15.150 ,       17 , 	)
 127 	 (   0 ,  559.000 ,  739.000 ,        0 ,  662.155 ,  662.155 ,    0.000 ,  662.155 ,  666.155 ,   66.141 ,   34.859 ,    0.000 ,    0.156 ,       18 , 	)
 189 	 (   0 ,    0.000 , 1440.000 ,        0 ,  679.168 ,  679.168 ,    0.000 ,  679.168 ,  679.168 ,    0.000 ,  760.832 ,    0.000 ,    0.000 ,       19 , 	)

	18 sommets 
	values : ( Cost : 385.760 , TRT : 347.599 , TWT :  19.554 , TD : 567.808 )
	violations : ( VC :       0 , VTW :   0.000 , VTD :   0.000 , VTRT :   0.000 )
	cout global : (   0.000	 )
S(i)	 (   C ,     TW0 ,       TW1 ,       VTW ,       Min ,       A ,       W ,       B ,       D ,       L ,       F ,       E ,       Det ,       [Imp ,       Imp]	)
   0 	 (   0 ,    0.000 , 1440.000 ,        0 ,    0.000 ,  263.921 ,    0.000 ,  263.921 ,  263.921 ,    0.000 ,    0.000 ,  263.921 ,    0.000 ,        0 , 	)
   1 	 (   4 ,  240.000 ,  480.000 ,        0 ,   39.150 ,  303.071 ,    0.000 ,  303.071 ,  307.071 ,    0.000 ,    0.000 ,   63.071 ,    3.749 ,        1 , 	)
  88 	 (   5 ,  240.000 ,  420.000 ,        0 ,  252.962 ,  316.033 ,    0.000 ,  316.033 ,  317.033 ,    0.000 ,    0.000 ,   63.071 ,   14.038 ,        2 , 	)
  62 	 (   8 ,  240.000 ,  420.000 ,        0 ,  293.003 ,  356.074 ,    0.000 ,  356.074 ,  359.074 ,    0.000 ,    0.000 ,   63.071 ,    8.305 ,        3 , 	)
  95 	 (   4 ,  373.000 ,  553.000 ,        0 ,  320.465 ,  383.536 ,    0.000 ,  383.536 ,  387.536 ,   76.465 ,    0.000 ,   10.536 ,    3.226 ,        4 , 	)
  21 	 (   6 ,  272.000 ,  458.997 ,        0 ,  380.281 ,  390.817 ,    0.000 ,  390.817 ,  392.817 ,    0.000 ,    0.000 ,   10.536 ,    4.380 ,        5 , 	)
 182 	 (   5 ,  327.000 ,  567.000 ,        0 ,  398.971 ,  409.508 ,    0.000 ,  409.508 ,  410.508 ,   92.474 ,    0.000 ,   10.536 ,    2.003 ,        6 , 	)
  64 	 (   7 ,  240.000 ,  480.000 ,        0 ,  409.198 ,  419.734 ,    0.000 ,  419.734 ,  421.734 ,    0.000 ,    0.000 ,   10.536 ,    6.028 ,        7 , 	)
 156 	 (   4 ,  303.000 ,  543.000 ,        0 ,  426.580 ,  437.116 ,    0.000 ,  437.116 ,  440.116 ,   78.041 ,    0.000 ,   10.536 ,    7.727 ,        8 , 	)
  14 	 (   5 ,  240.000 ,  480.000 ,        0 ,  448.478 ,  459.014 ,    0.000 ,  459.014 ,  460.014 ,    0.000 ,    0.000 ,   10.536 ,   11.462 ,        9 , 	)
 115 	 (   3 ,  381.000 ,  501.000 ,        0 ,  455.524 ,  466.060 ,    0.000 ,  466.060 ,  468.060 ,   73.243 ,    0.000 ,   10.536 ,   -0.198 ,       10 , 	)
  46 	 (   7 ,  240.000 ,  480.000 ,        0 ,  469.464 ,  480.000 ,    0.000 ,  480.000 ,  484.000 ,    0.000 ,    0.000 ,   10.536 ,    1.782 ,       11 , 	)
 158 	 (   5 ,  320.000 ,  560.000 ,        0 ,  492.533 ,  503.069 ,    0.000 ,  503.069 ,  505.069 ,   81.335 ,   23.665 ,   10.536 ,    0.707 ,       12 , 	)
 108 	 (   4 ,  313.000 ,  553.000 ,        0 ,  497.808 ,  508.344 ,    0.000 ,  508.344 ,  509.344 ,   48.329 ,   23.880 ,   10.536 ,    5.018 ,       13 , 	)
  57 	 (   6 ,  492.000 ,  660.000 ,        0 ,  508.664 ,  519.200 ,   19.554 ,  538.754 ,  540.754 ,    0.000 ,    4.326 ,   30.090 ,    7.068 ,       14 , 	)
 140 	 (   2 ,  310.000 ,  550.000 ,        0 ,  515.583 ,  545.674 ,    0.000 ,  545.674 ,  549.674 ,   61.674 ,    4.326 ,   30.090 ,    0.863 ,       15 , 	)
 151 	 (   0 ,  597.000 ,  717.000 ,        0 ,  566.910 ,  597.000 ,    0.000 ,  597.000 ,  599.000 ,   56.246 ,   46.754 ,    0.000 ,   23.938 ,       16 , 	)
 189 	 (   0 ,    0.000 , 1440.000 ,        0 ,  611.520 ,  611.520 ,    0.000 ,  611.520 ,  611.520 ,    0.000 ,  828.480 ,    0.000 ,    0.000 ,       17 , 	)

	16 sommets 
	values : ( Cost : 265.892 , TRT : 233.919 , TWT :   0.000 , TD : 380.773 )
	violations : ( VC :       0 , VTW :   0.000 , VTD :   0.000 , VTRT :   0.000 )
	cout global : (   0.000	 )
S(i)	 (   C ,     TW0 ,       TW1 ,       VTW ,       Min ,       A ,       W ,       B ,       D ,       L ,       F ,       E ,       Det ,       [Imp ,       Imp]	)
   0 	 (   0 ,    0.000 , 1440.000 ,        0 ,    0.000 ,  833.220 ,    0.000 ,  833.220 ,  833.220 ,    0.000 ,   12.747 ,  833.220 ,    0.000 ,        0 , 	)
   3 	 (   4 ,  840.000 ,  960.000 ,        0 ,    6.780 ,  840.000 ,    0.000 ,  840.000 ,  844.000 ,    0.000 ,   12.747 ,    0.000 ,   12.058 ,        1 , 	)
  55 	 (   7 ,  780.000 ,  960.000 ,        0 ,  868.012 ,  868.012 ,    0.000 ,  868.012 ,  871.012 ,    0.000 ,   12.747 ,    0.000 ,    5.230 ,        2 , 	)
  97 	 (   3 ,  867.038 , 1026.000 ,        0 ,  875.268 ,  875.268 ,    0.000 ,  875.268 ,  879.268 ,   31.268 ,   12.747 ,    0.000 ,    1.518 ,        3 , 	)
   4 	 (   7 ,  780.000 ,  960.000 ,        0 ,  897.479 ,  897.479 ,    0.000 ,  897.479 ,  901.479 ,    0.000 ,   12.747 ,    0.000 ,    1.975 ,        4 , 	)
 149 	 (   4 ,  809.981 , 1035.000 ,        0 ,  911.250 ,  911.250 ,    0.000 ,  911.250 ,  914.250 ,   40.238 ,   12.747 ,    0.000 ,    0.000 ,        5 , 	)
  34 	 (   6 ,  780.000 ,  960.000 ,        0 ,  914.250 ,  914.250 ,    0.000 ,  914.250 ,  916.250 ,    0.000 ,   12.747 ,    0.000 ,    0.000 ,        6 , 	)
  30 	 (   8 ,  780.000 ,  960.000 ,        0 ,  920.362 ,  920.362 ,    0.000 ,  920.362 ,  922.362 ,    0.000 ,   12.747 ,    0.000 ,    0.832 ,        7 , 	)
 128 	 (   6 ,  841.000 , 1081.000 ,        0 ,  952.773 ,  952.773 ,    0.000 ,  952.773 ,  954.773 ,   36.523 ,   12.747 ,    0.000 ,    1.562 ,        8 , 	)
  86 	 (   7 ,  960.000 , 1200.000 ,        0 ,  962.036 ,  962.036 ,    0.000 ,  962.036 ,  963.036 ,    0.000 ,   12.747 ,    0.000 ,   -3.033 ,        9 , 	)
 124 	 (   5 ,  886.000 , 1066.000 ,        0 ,  977.288 ,  977.288 ,    0.000 ,  977.288 ,  979.288 ,   54.926 ,    7.630 ,    0.000 ,   -2.001 ,       10 , 	)
  98 	 (   1 ,  858.000 , 1098.000 ,        0 ,  986.085 ,  986.085 ,    0.000 ,  986.085 ,  990.085 ,   84.606 ,    7.630 ,    0.000 ,    9.486 ,       11 , 	)
  71 	 (   2 ,  960.000 , 1020.000 ,        0 , 1007.253 , 1007.253 ,    0.000 , 1007.253 , 1008.253 ,    0.000 ,    7.630 ,    0.000 ,    1.728 ,       12 , 	)
 180 	 (   1 , 1024.000 , 1264.000 ,        0 , 1041.406 , 1041.406 ,    0.000 , 1041.406 , 1042.406 ,   78.370 ,    7.630 ,    0.000 ,   18.226 ,       13 , 	)
 165 	 (   0 ,  996.617 , 1116.000 ,        0 , 1063.096 , 1063.096 ,    0.000 , 1063.096 , 1064.096 ,   54.843 ,   40.157 ,    0.000 ,    5.212 ,       14 , 	)
 189 	 (   0 ,    0.000 , 1440.000 ,        0 , 1067.138 , 1067.138 ,    0.000 , 1067.138 , 1067.138 ,    0.000 ,  372.862 ,   -0.000 ,    0.000 ,       15 , 	)

	14 sommets 
	values : ( Cost : 372.952 , TRT : 431.208 , TWT : 128.793 , TD : 391.762 )
	violations : ( VC :       0 , VTW :   0.000 , VTD :   0.000 , VTRT :   0.000 )
	cout global : (   0.000	 )
S(i)	 (   C ,     TW0 ,       TW1 ,       VTW ,       Min ,       A ,       W ,       B ,       D ,       L ,       F ,       E ,       Det ,       [Imp ,       Imp]	)
   0 	 (   0 ,    0.000 , 1440.000 ,        0 ,    0.000 ,  605.150 ,    0.000 ,  605.150 ,  605.150 ,    0.000 ,    0.000 ,  605.150 ,    0.000 ,        0 , 	)
  90 	 (   3 ,  540.000 ,  720.000 ,        0 ,   15.093 ,  620.244 ,    0.000 ,  620.244 ,  623.244 ,    0.000 ,    0.000 ,   80.244 ,    1.702 ,        1 , 	)
  84 	 (   4 ,  520.000 ,  688.120 ,        0 ,  554.562 ,  634.806 ,    0.000 ,  634.806 ,  635.806 ,    0.000 ,    0.000 ,   80.244 ,   15.259 ,        2 , 	)
   5 	 (   5 ,  480.000 ,  660.000 ,        0 ,  579.756 ,  660.000 ,    0.000 ,  660.000 ,  661.000 ,    0.000 ,    0.000 ,   80.244 ,    2.806 ,        3 , 	)
 178 	 (   4 ,  598.000 ,  718.000 ,        0 ,  588.248 ,  668.492 ,    0.000 ,  668.492 ,  669.492 ,   32.686 ,    3.076 ,   70.492 ,    1.411 ,        4 , 	)
 184 	 (   1 ,  570.570 ,  797.000 ,        0 ,  623.676 ,  694.168 ,    0.000 ,  694.168 ,  697.168 ,   70.924 ,    3.076 ,   70.492 ,   15.866 ,        5 , 	)
  99 	 (   0 ,  678.000 ,  798.000 ,        0 ,  705.886 ,  776.378 ,    0.000 ,  776.378 ,  777.378 ,  115.378 ,   21.622 ,   70.492 ,   50.047 ,        6 , 	)
  94 	 (   1 ,  720.000 ,  960.000 ,        0 ,  737.378 ,  807.870 ,  128.793 ,  936.663 ,  937.663 ,    0.000 ,   15.480 ,  199.285 ,    0.000 ,        7 , 	)
  28 	 (   5 ,  725.000 ,  960.000 ,        0 ,  738.378 ,  937.663 ,    0.000 ,  937.663 ,  941.663 ,    0.000 ,   15.480 ,  199.285 ,    0.000 ,        8 , 	)
  19 	 (   6 ,  960.000 , 1140.000 ,        0 ,  760.715 ,  960.000 ,    0.000 ,  960.000 ,  961.000 ,    0.000 ,   15.480 ,    0.000 ,    9.878 ,        9 , 	)
 122 	 (   2 ,  823.000 , 1003.000 ,        0 ,  987.520 ,  987.520 ,    0.000 ,  987.520 ,  991.520 ,   45.856 ,   15.480 ,    0.000 ,    0.588 ,       10 , 	)
 113 	 (   1 , 1000.000 , 1235.000 ,        0 , 1000.629 , 1000.629 ,    0.000 , 1000.629 , 1001.629 ,   39.629 ,   18.048 ,    0.000 ,    2.287 ,       11 , 	)
 188 	 (   0 ,  803.000 , 1043.000 ,        0 , 1024.952 , 1024.952 ,    0.000 , 1024.952 , 1025.952 ,   87.289 ,   18.048 ,   -0.000 ,   15.210 ,       12 , 	)
 189 	 (   0 ,    0.000 , 1440.000 ,        0 , 1036.359 , 1036.359 ,    0.000 , 1036.359 , 1036.359 ,    0.000 ,  403.641 ,   -0.000 ,    0.000 ,       13 , 	)

	18 sommets 
	values : ( Cost : 336.094 , TRT : 343.386 , TWT :  58.684 , TD : 591.405 )
	violations : ( VC :       0 , VTW :   0.000 , VTD :   0.000 , VTRT :   0.000 )
	cout global : (   0.000	 )
S(i)	 (   C ,     TW0 ,       TW1 ,       VTW ,       Min ,       A ,       W ,       B ,       D ,       L ,       F ,       E ,       Det ,       [Imp ,       Imp]	)
   0 	 (   0 ,    0.000 , 1440.000 ,        0 ,    0.000 ,  799.904 ,    0.000 ,  799.904 ,  799.904 ,    0.000 ,    0.000 ,  799.904 ,    0.000 ,        0 , 	)
  10 	 (   4 ,  720.000 ,  900.000 ,        0 ,   28.669 ,  828.574 ,    0.000 ,  828.574 ,  832.574 ,    0.000 ,    0.000 ,  108.574 ,   16.523 ,        1 , 	)
  13 	 (   5 ,  720.000 ,  960.000 ,        0 ,  735.888 ,  844.462 ,    0.000 ,  844.462 ,  845.462 ,    0.000 ,    0.000 ,  108.574 ,    0.311 ,        2 , 	)
 107 	 (   4 ,  819.000 , 1059.000 ,        0 ,  766.591 ,  875.165 ,    0.000 ,  875.165 ,  876.165 ,   29.703 ,    0.000 ,   56.165 ,    1.939 ,        3 , 	)
  36 	 (   6 ,  783.000 ,  960.000 ,        0 ,  828.807 ,  884.971 ,    0.000 ,  884.971 ,  886.971 ,    0.000 ,    0.000 ,   56.165 ,    3.683 ,        4 , 	)
  11 	 (   7 ,  720.000 ,  900.000 ,        0 ,  834.976 ,  891.141 ,    0.000 ,  891.141 ,  892.141 ,    0.000 ,    0.000 ,   56.165 ,    4.253 ,        5 , 	)
  31 	 (   8 ,  739.000 ,  959.138 ,        0 ,  847.367 ,  903.532 ,    0.000 ,  903.532 ,  904.532 ,    0.000 ,    0.000 ,   56.165 ,   -6.723 ,        6 , 	)
 130 	 (   6 ,  889.000 , 1009.000 ,        0 ,  868.153 ,  924.318 ,    0.000 ,  924.318 ,  926.318 ,   37.347 ,    0.000 ,   35.318 ,    1.795 ,        7 , 	)
 105 	 (   5 ,  798.000 ,  978.000 ,        0 ,  896.792 ,  932.111 ,    0.000 ,  932.111 ,  933.111 ,   39.970 ,    0.000 ,   35.318 ,    1.680 ,        8 , 	)
  75 	 (   7 ,  960.000 , 1140.000 ,        0 ,  941.345 ,  976.663 ,    0.000 ,  976.663 ,  978.663 ,    0.000 ,    0.000 ,   16.663 ,    0.000 ,        9 , 	)
 104 	 (   3 ,  861.000 , 1041.000 ,        0 ,  962.000 ,  978.663 ,    0.000 ,  978.663 ,  982.663 ,  146.089 ,    0.000 ,   16.663 ,    0.000 ,       10 , 	)
  65 	 (   7 ,  960.000 , 1200.000 ,        0 ,  972.407 ,  989.070 ,    0.000 ,  989.070 ,  993.070 ,    0.000 ,    0.000 ,   16.663 ,    3.180 ,       11 , 	)
 125 	 (   6 ,  900.000 , 1020.000 ,        0 , 1003.337 , 1020.000 ,    0.000 , 1020.000 , 1021.000 ,  115.468 ,    0.000 ,   16.663 ,    3.740 ,       12 , 	)
 169 	 (   4 , 1024.000 , 1264.000 ,        0 , 1024.273 , 1040.936 ,    0.000 , 1040.936 , 1042.936 ,   62.273 ,   61.727 ,   16.663 ,    3.970 ,       13 , 	)
  49 	 (   5 ,  976.000 , 1187.368 ,        0 , 1035.616 , 1052.279 ,   58.684 , 1110.963 , 1111.963 ,    0.000 ,   67.413 ,   75.347 ,    1.342 ,       14 , 	)
 159 	 (   1 , 1126.000 , 1306.000 ,        0 , 1050.653 , 1126.000 ,    0.000 , 1126.000 , 1130.000 ,  132.930 ,   22.376 ,    0.000 ,    4.992 ,       15 , 	)
 143 	 (   0 , 1027.000 , 1207.000 ,        0 , 1139.587 , 1139.587 ,    0.000 , 1139.587 , 1140.587 ,   27.624 ,   22.376 ,   -0.000 ,   -0.426 ,       16 , 	)
 189 	 (   0 ,    0.000 , 1440.000 ,        0 , 1143.291 , 1143.291 ,    0.000 , 1143.291 , 1143.291 ,    0.000 ,  296.709 ,   -0.000 ,    0.000 ,       17 , 	)

	10 sommets 
	values : ( Cost : 194.115 , TRT : 171.951 , TWT :   0.000 , TD : 181.982 )
	violations : ( VC :       0 , VTW :   0.000 , VTD :   0.000 , VTRT :   0.000 )
	cout global : (   0.000	 )
S(i)	 (   C ,     TW0 ,       TW1 ,       VTW ,       Min ,       A ,       W ,       B ,       D ,       L ,       F ,       E ,       Det ,       [Imp ,       Imp]	)
   0 	 (   0 ,    0.000 , 1440.000 ,        0 ,    0.000 ,  274.038 ,    0.000 ,  274.038 ,  274.038 ,    0.000 ,    2.976 ,  274.038 ,    0.000 ,        0 , 	)
   7 	 (   4 ,  240.000 ,  300.000 ,        0 ,   22.986 ,  297.024 ,    0.000 ,  297.024 ,  301.024 ,    0.000 ,    2.976 ,   57.024 ,   20.651 ,        1 , 	)
  58 	 (   8 ,  300.000 ,  480.000 ,        0 ,  260.950 ,  317.974 ,    0.000 ,  317.974 ,  321.974 ,    0.000 ,   28.024 ,   17.974 ,   13.056 ,        2 , 	)
 101 	 (   4 ,  270.920 ,  376.000 ,        0 ,  327.026 ,  345.000 ,    0.000 ,  345.000 ,  349.000 ,   43.976 ,   28.024 ,   17.974 ,    0.000 ,        3 , 	)
 152 	 (   0 ,  349.000 ,  529.000 ,        0 ,  331.026 ,  349.000 ,    0.000 ,  349.000 ,  353.000 ,   27.026 ,   34.974 ,    0.000 ,    0.000 ,        4 , 	)
  70 	 (   1 ,  240.000 ,  480.000 ,        0 ,  370.424 ,  370.424 ,    0.000 ,  370.424 ,  371.424 ,    0.000 ,   96.638 ,    0.000 ,    6.804 ,        5 , 	)
  26 	 (   5 ,  300.000 ,  480.000 ,        0 ,  383.362 ,  383.362 ,    0.000 ,  383.362 ,  387.362 ,    0.000 ,   26.609 ,    0.000 ,   16.618 ,        6 , 	)
 120 	 (   1 ,  420.000 ,  540.000 ,        0 ,  430.951 ,  430.951 ,    0.000 ,  430.951 ,  434.951 ,   43.589 ,   26.609 ,    0.000 ,    8.131 ,        7 , 	)
 164 	 (   0 ,  310.000 ,  550.000 ,        0 ,  438.815 ,  438.815 ,    0.000 ,  438.815 ,  439.815 ,   67.391 ,   26.609 ,    0.000 ,   -2.483 ,        8 , 	)
 189 	 (   0 ,    0.000 , 1440.000 ,        0 ,  445.989 ,  445.989 ,    0.000 ,  445.989 ,  445.989 ,    0.000 ,  994.011 ,    0.000 ,    0.000 ,        9 , 	)

	22 sommets 
	values : ( Cost : 536.177 , TRT : 442.532 , TWT :  15.392 , TD : 857.820 )
	violations : ( VC :       0 , VTW :   0.000 , VTD :   0.000 , VTRT :   0.000 )
	cout global : (   0.000	 )
S(i)	 (   C ,     TW0 ,       TW1 ,       VTW ,       Min ,       A ,       W ,       B ,       D ,       L ,       F ,       E ,       Det ,       [Imp ,       Imp]	)
   0 	 (   0 ,    0.000 , 1440.000 ,        0 ,    0.000 ,  654.068 ,    0.000 ,  654.068 ,  654.068 ,    0.000 ,    0.000 ,  654.068 ,    0.000 ,        0 , 	)
  51 	 (   1 ,  480.000 ,  660.000 ,        0 ,    5.932 ,  660.000 ,    0.000 ,  660.000 ,  661.000 ,    0.000 ,    0.000 ,  180.000 ,    6.493 ,        1 , 	)
  47 	 (   2 ,  720.000 ,  900.000 ,        0 ,  538.441 ,  718.441 ,    5.417 ,  723.857 ,  724.857 ,    0.000 ,    0.000 ,    3.857 ,   17.051 ,        2 , 	)
 145 	 (   1 ,  619.000 ,  739.000 ,        0 ,  735.143 ,  739.000 ,    0.000 ,  739.000 ,  740.000 ,   78.000 ,    0.000 ,    3.857 ,   10.781 ,        3 , 	)
   2 	 (   2 ,  720.000 ,  960.000 ,        0 ,  757.242 ,  761.099 ,    1.768 ,  762.867 ,  763.867 ,    0.000 ,    0.000 ,    5.625 ,    0.000 ,        4 , 	)
  78 	 (   3 ,  720.000 ,  960.000 ,        0 ,  758.242 ,  763.867 ,    0.000 ,  763.867 ,  764.867 ,    0.000 ,    0.000 ,    5.625 ,    0.000 ,        5 , 	)
 141 	 (   2 ,  764.000 , 1000.000 ,        0 ,  775.983 ,  781.608 ,    0.000 ,  781.608 ,  782.608 ,   56.751 ,    0.000 ,    5.625 ,    3.579 ,        6 , 	)
  38 	 (   3 ,  720.000 ,  960.000 ,        0 ,  788.784 ,  794.409 ,    0.000 ,  794.409 ,  795.409 ,    0.000 ,    0.000 ,    5.625 ,    2.614 ,        7 , 	)
  41 	 (   4 ,  720.000 ,  960.000 ,        0 ,  794.250 ,  799.874 ,    0.000 ,  799.874 ,  800.874 ,    0.000 ,    0.000 ,    5.625 ,    1.268 ,        8 , 	)
 172 	 (   3 ,  791.000 , 1031.000 ,        0 ,  806.726 ,  812.351 ,    0.000 ,  812.351 ,  813.351 ,   47.484 ,    0.000 ,    5.625 ,    0.817 ,        9 , 	)
 135 	 (   2 ,  761.000 , 1001.000 ,        0 ,  821.557 ,  827.182 ,    0.000 ,  827.182 ,  828.182 ,   26.308 ,    0.000 ,    5.625 ,    4.314 ,       10 , 	)
  72 	 (   3 ,  720.000 ,  840.000 ,        0 ,  834.375 ,  840.000 ,    0.000 ,  840.000 ,  841.000 ,    0.000 ,    0.000 ,    5.625 ,   11.702 ,       11 , 	)
  39 	 (   4 ,  720.000 ,  900.000 ,        0 ,  845.394 ,  851.019 ,    8.208 ,  859.226 ,  860.226 ,    0.000 ,   29.311 ,   13.832 ,   -2.214 ,       12 , 	)
 132 	 (   3 ,  814.000 , 1054.000 ,        0 ,  878.266 ,  892.098 ,    0.000 ,  892.098 ,  893.098 ,   96.689 ,   29.311 ,   13.832 ,    3.417 ,       13 , 	)
  63 	 (   4 ,  720.000 ,  960.000 ,        0 ,  892.298 ,  906.130 ,    0.000 ,  906.130 ,  907.130 ,    0.000 ,   34.952 ,   13.832 ,    3.034 ,       14 , 	)
 166 	 (   3 ,  769.817 ,  971.000 ,        0 ,  922.216 ,  936.048 ,    0.000 ,  936.048 ,  937.048 ,   95.048 ,   34.952 ,   13.832 ,    0.465 ,       15 , 	)
 157 	 (   2 ,  838.000 , 1078.000 ,        0 ,  939.056 ,  952.888 ,    0.000 ,  952.888 ,  953.888 ,   45.758 ,   50.945 ,   13.832 ,    4.185 ,       16 , 	)
 133 	 (   1 ,  803.000 , 1043.000 ,        0 ,  946.449 ,  960.281 ,    0.000 ,  960.281 ,  961.281 ,  100.055 ,   50.945 ,   13.832 ,    6.241 ,       17 , 	)
  29 	 (   4 ,  960.000 , 1140.000 ,        0 ,  988.412 , 1002.244 ,    0.000 , 1002.244 , 1005.244 ,    0.000 ,  117.029 ,   13.832 ,   17.797 ,       18 , 	)
  96 	 (   3 , 1004.000 , 1184.000 ,        0 , 1014.005 , 1027.838 ,    0.000 , 1027.838 , 1028.838 ,  263.971 ,   73.244 ,   13.832 ,    1.533 ,       19 , 	)
 123 	 (   0 , 1053.000 , 1233.000 ,        0 , 1039.168 , 1053.000 ,    0.000 , 1053.000 , 1056.000 ,   47.756 ,   73.244 ,    0.000 ,   20.380 ,       20 , 	)
 189 	 (   0 ,    0.000 , 1440.000 ,        0 , 1096.600 , 1096.600 ,    0.000 , 1096.600 , 1096.600 ,    0.000 ,  343.400 ,    0.000 ,    0.000 ,       21 , 	)

	22 sommets 
	values : ( Cost : 541.604 , TRT : 447.221 , TWT :   0.000 , TD : 660.840 )
	violations : ( VC :       0 , VTW :   0.000 , VTD :   0.000 , VTRT :   0.000 )
	cout global : (   0.000	 )
S(i)	 (   C ,     TW0 ,       TW1 ,       VTW ,       Min ,       A ,       W ,       B ,       D ,       L ,       F ,       E ,       Det ,       [Imp ,       Imp]	)
   0 	 (   0 ,    0.000 , 1440.000 ,        0 ,    0.000 ,  312.900 ,    0.000 ,  312.900 ,  312.900 ,    0.000 ,   25.141 ,  312.900 ,    0.000 ,        0 , 	)
  24 	 (   2 ,  256.000 ,  475.221 ,        0 ,   33.697 ,  346.597 ,    0.000 ,  346.597 ,  348.597 ,    0.000 ,   25.141 ,   90.597 ,   11.441 ,        1 , 	)
  80 	 (   4 ,  240.000 ,  420.000 ,        0 ,  281.042 ,  371.639 ,    0.000 ,  371.639 ,  373.639 ,    0.000 ,    1.192 ,   90.597 ,   10.726 ,        2 , 	)
  40 	 (   5 ,  240.000 ,  480.000 ,        0 ,  293.955 ,  384.552 ,    0.000 ,  384.552 ,  385.552 ,    0.000 ,    1.192 ,   90.597 ,    2.632 ,        3 , 	)
 134 	 (   4 ,  280.000 ,  520.000 ,        0 ,  314.965 ,  405.562 ,    0.000 ,  405.562 ,  406.562 ,   20.011 ,    1.192 ,   90.597 ,    9.601 ,        4 , 	)
 174 	 (   2 ,  280.000 ,  460.000 ,        0 ,  324.447 ,  415.044 ,    0.000 ,  415.044 ,  417.044 ,   41.405 ,    1.192 ,   90.597 ,    2.906 ,        5 , 	)
 118 	 (   0 ,  336.000 ,  516.000 ,        0 ,  334.808 ,  425.405 ,    0.000 ,  425.405 ,  427.405 ,   76.808 ,    1.192 ,   89.405 ,    9.372 ,        6 , 	)
  37 	 (   3 ,  300.000 ,  480.000 ,        0 ,  354.762 ,  444.166 ,    0.000 ,  444.166 ,  447.166 ,    0.000 ,   25.141 ,   89.405 ,   14.022 ,        7 , 	)
  56 	 (   5 ,  240.000 ,  480.000 ,        0 ,  365.454 ,  454.859 ,    0.000 ,  454.859 ,  456.859 ,    0.000 ,   25.141 ,   89.405 ,    0.914 ,        8 , 	)
  12 	 (   7 ,  480.000 ,  660.000 ,        0 ,  413.150 ,  502.554 ,    0.000 ,  502.554 ,  504.554 ,    0.000 ,   34.323 ,   22.554 ,   -2.223 ,        9 , 	)
 150 	 (   5 ,  377.000 ,  557.000 ,        0 ,  486.719 ,  509.273 ,    0.000 ,  509.273 ,  511.273 ,   52.414 ,   34.323 ,   22.554 ,   -0.000 ,       10 , 	)
 131 	 (   2 ,  509.000 ,  689.000 ,        0 ,  493.768 ,  516.323 ,    0.000 ,  516.323 ,  519.323 ,   69.156 ,   34.323 ,    7.323 ,    7.834 ,       11 , 	)
  50 	 (   5 ,  480.000 ,  720.000 ,        0 ,  544.468 ,  551.791 ,    0.000 ,  551.791 ,  554.791 ,    0.000 ,   34.323 ,    7.323 ,    5.536 ,       12 , 	)
  66 	 (   7 ,  521.000 ,  686.107 ,        0 ,  558.784 ,  566.107 ,    0.000 ,  566.107 ,  568.107 ,    0.000 ,   34.323 ,    7.323 ,    5.646 ,       13 , 	)
 160 	 (   5 ,  595.000 ,  715.000 ,        0 ,  587.677 ,  595.000 ,    0.000 ,  595.000 ,  597.000 ,   26.893 ,   34.323 ,    0.000 ,   -0.495 ,       14 , 	)
  61 	 (   6 ,  480.000 ,  660.000 ,        0 ,  602.653 ,  602.653 ,    0.000 ,  602.653 ,  603.653 ,    0.000 ,   34.323 ,    0.000 ,    7.625 ,       15 , 	)
 106 	 (   4 ,  559.000 ,  799.000 ,        0 ,  613.589 ,  613.589 ,    0.000 ,  613.589 ,  615.589 ,  109.035 ,   34.323 ,    0.000 ,    0.000 ,       16 , 	)
  20 	 (   6 ,  480.000 ,  660.000 ,        0 ,  615.589 ,  615.589 ,    0.000 ,  615.589 ,  617.589 ,    0.000 ,   34.323 ,    0.000 ,    0.000 ,       17 , 	)
 144 	 (   3 ,  601.000 ,  781.000 ,        0 ,  638.763 ,  638.763 ,    0.000 ,  638.763 ,  641.763 ,   83.972 ,   34.323 ,    0.000 ,    5.711 ,       18 , 	)
 155 	 (   2 ,  553.000 ,  793.000 ,        0 ,  669.711 ,  669.711 ,    0.000 ,  669.711 ,  670.711 ,   66.058 ,   34.323 ,    0.000 ,   49.146 ,       19 , 	)
 114 	 (   0 ,  587.000 ,  767.000 ,        0 ,  732.677 ,  732.677 ,    0.000 ,  732.677 ,  734.677 ,  115.089 ,   34.323 ,    0.000 ,   30.790 ,       20 , 	)
 189 	 (   0 ,    0.000 , 1440.000 ,        0 ,  760.121 ,  760.121 ,    0.000 ,  760.121 ,  760.121 ,    0.000 ,  679.879 ,    0.000 ,    0.000 ,       21 , 	)

	14 sommets 
	values : ( Cost : 389.983 , TRT : 327.220 , TWT :   0.000 , TD : 518.109 )
	violations : ( VC :       0 , VTW :   0.000 , VTD :   0.000 , VTRT :   0.000 )
	cout global : (   0.000	 )
S(i)	 (   C ,     TW0 ,       TW1 ,       VTW ,       Min ,       A ,       W ,       B ,       D ,       L ,       F ,       E ,       Det ,       [Imp ,       Imp]	)
   0 	 (   0 ,    0.000 , 1440.000 ,        0 ,    0.000 ,  228.395 ,    0.000 ,  228.395 ,  228.395 ,    0.000 ,    5.512 ,  228.395 ,    0.000 ,        0 , 	)
  15 	 (   2 ,  240.000 ,  420.000 ,        0 ,   24.040 ,  252.435 ,    0.000 ,  252.435 ,  254.435 ,    0.000 ,    5.512 ,   12.435 ,   42.503 ,        1 , 	)
  83 	 (   4 ,  251.000 ,  476.909 ,        0 ,  283.246 ,  295.681 ,    0.000 ,  295.681 ,  297.681 ,    0.000 ,    3.914 ,   12.435 ,    3.038 ,        2 , 	)
  18 	 (   8 ,  240.000 ,  480.000 ,        0 ,  293.134 ,  305.569 ,    0.000 ,  305.569 ,  309.569 ,    0.000 ,    3.914 ,   12.435 ,   11.118 ,        3 , 	)
 177 	 (   6 ,  326.000 ,  506.000 ,        0 ,  327.455 ,  339.890 ,    0.000 ,  339.890 ,  341.890 ,   42.209 ,    3.914 ,   12.435 ,    0.611 ,        4 , 	)
  43 	 (   8 ,  240.000 ,  480.000 ,        0 ,  359.152 ,  371.587 ,    0.000 ,  371.587 ,  373.587 ,    0.000 ,    3.914 ,   12.435 ,    4.519 ,        5 , 	)
 112 	 (   4 ,  395.000 ,  635.000 ,        0 ,  382.565 ,  395.000 ,    0.000 ,  395.000 ,  399.000 ,   85.431 ,    3.914 ,    0.000 ,    1.853 ,        6 , 	)
 109 	 (   2 ,  338.000 ,  575.000 ,        0 ,  403.522 ,  403.522 ,    0.000 ,  403.522 ,  405.522 ,  149.086 ,    3.914 ,    0.000 ,    0.211 ,        7 , 	)
  82 	 (   6 ,  240.000 ,  420.000 ,        0 ,  413.919 ,  413.919 ,    0.000 ,  413.919 ,  417.919 ,    0.000 ,    5.512 ,    0.000 ,   16.669 ,        8 , 	)
 176 	 (   2 ,  299.000 ,  479.000 ,        0 ,  445.964 ,  445.964 ,    0.000 ,  445.964 ,  449.964 ,   28.045 ,    5.512 ,    0.000 ,   10.325 ,        9 , 	)
  23 	 (   5 ,  300.000 ,  480.000 ,        0 ,  474.488 ,  474.488 ,    0.000 ,  474.488 ,  477.488 ,    0.000 ,    5.512 ,    0.000 ,    8.656 ,       10 , 	)
 137 	 (   3 ,  408.000 ,  588.000 ,        0 ,  522.159 ,  522.159 ,    0.000 ,  522.159 ,  524.159 ,  148.572 ,   31.747 ,    0.000 ,   16.691 ,       11 , 	)
 117 	 (   0 ,  394.000 ,  574.000 ,        0 ,  542.253 ,  542.253 ,    0.000 ,  542.253 ,  545.253 ,   64.765 ,   31.747 ,    0.000 ,   16.324 ,       12 , 	)
 189 	 (   0 ,    0.000 , 1440.000 ,        0 ,  555.616 ,  555.616 ,    0.000 ,  555.616 ,  555.616 ,    0.000 ,  884.384 ,    0.000 ,    0.000 ,       13 , 	)

	14 sommets 
	values : ( Cost : 454.090 , TRT : 369.029 , TWT :   1.608 , TD : 469.017 )
	violations : ( VC :       0 , VTW :   0.000 , VTD :   0.000 , VTRT :   0.000 )
	cout global : (   0.000	 )
S(i)	 (   C ,     TW0 ,       TW1 ,       VTW ,       Min ,       A ,       W ,       B ,       D ,       L ,       F ,       E ,       Det ,       [Imp ,       Imp]	)
   0 	 (   0 ,    0.000 , 1440.000 ,        0 ,    0.000 ,  774.362 ,    0.000 ,  774.362 ,  774.362 ,    0.000 ,    0.000 ,  774.362 ,    0.000 ,        0 , 	)
  52 	 (   3 ,  720.000 ,  960.000 ,        0 ,    5.932 ,  780.294 ,    0.000 ,  780.294 ,  783.294 ,    0.000 ,    0.000 ,   60.294 ,    6.493 ,        1 , 	)
  16 	 (   4 ,  780.000 ,  960.000 ,        0 ,  772.177 ,  832.471 ,    0.000 ,  832.471 ,  833.471 ,    0.000 ,    0.000 ,   52.471 ,   30.454 ,        2 , 	)
 146 	 (   1 ,  858.000 , 1038.000 ,        0 ,  815.378 ,  867.850 ,    0.000 ,  867.850 ,  870.850 ,   84.556 ,    0.000 ,    9.850 ,   26.792 ,        3 , 	)
   8 	 (   2 ,  780.000 ,  960.000 ,        0 ,  880.552 ,  890.401 ,    0.000 ,  890.401 ,  891.401 ,    0.000 ,    0.000 ,    9.850 ,   -2.079 ,        4 , 	)
  60 	 (   3 ,  720.000 ,  960.000 ,        0 ,  897.686 ,  907.536 ,    0.000 ,  907.536 ,  908.536 ,    0.000 ,    0.000 ,    9.850 ,    6.754 ,        5 , 	)
 102 	 (   2 ,  800.900 , 1014.000 ,        0 ,  909.206 ,  919.056 ,    0.000 ,  919.056 ,  920.056 ,   27.654 ,    0.000 ,    9.850 ,   10.656 ,        6 , 	)
 110 	 (   1 ,  905.000 , 1025.000 ,        0 ,  937.123 ,  946.972 ,    0.000 ,  946.972 ,  947.972 ,  113.501 ,    0.000 ,    9.850 ,   14.389 ,        7 , 	)
  73 	 (   5 ,  720.000 ,  960.000 ,        0 ,  950.150 ,  960.000 ,    0.000 ,  960.000 ,  964.000 ,    0.000 ,    0.000 ,    9.850 ,    5.921 ,        8 , 	)
  54 	 (   8 ,  960.000 , 1200.000 ,        0 ,  975.732 ,  985.581 ,    1.608 ,  987.189 ,  990.189 ,    0.000 ,   22.462 ,   11.458 ,    1.415 ,        9 , 	)
 154 	 (   7 ,  808.000 , 1048.000 ,        0 ,  992.616 , 1004.074 ,    0.000 , 1004.074 , 1005.074 ,   95.538 ,   22.462 ,   11.458 ,    3.348 ,       10 , 	)
 167 	 (   3 ,  934.000 , 1114.000 ,        0 , 1031.501 , 1042.959 ,    0.000 , 1042.959 , 1046.959 ,   78.959 ,   48.189 ,   11.458 ,    1.869 ,       11 , 	)
 148 	 (   0 , 1059.000 , 1299.000 ,        0 , 1047.542 , 1059.000 ,    0.000 , 1059.000 , 1062.000 ,   68.811 ,   48.189 ,    0.000 ,   22.207 ,       12 , 	)
 189 	 (   0 ,    0.000 , 1440.000 ,        0 , 1143.391 , 1143.391 ,    0.000 , 1143.391 , 1143.391 ,    0.000 ,  296.609 ,   -0.000 ,    0.000 ,       13 , 	)

	20 sommets 
	values : ( Cost : 519.682 , TRT : 461.592 , TWT :  42.854 , TD : 591.087 )
	violations : ( VC :       0 , VTW :   0.000 , VTD :   0.000 , VTRT :   0.000 )
	cout global : (   0.000	 )
S(i)	 (   C ,     TW0 ,       TW1 ,       VTW ,       Min ,       A ,       W ,       B ,       D ,       L ,       F ,       E ,       Det ,       [Imp ,       Imp]	)
   0 	 (   0 ,    0.000 , 1440.000 ,        0 ,    0.000 ,  744.315 ,    0.000 ,  744.315 ,  744.315 ,    0.000 ,    0.000 ,  744.315 ,    0.000 ,        0 , 	)
  76 	 (   1 ,  720.000 ,  780.000 ,        0 ,   35.685 ,  780.000 ,    0.000 ,  780.000 ,  781.000 ,    0.000 ,    0.000 ,   60.000 ,   33.613 ,        1 , 	)
  17 	 (   2 ,  840.000 ,  900.000 ,        0 ,  742.962 ,  802.962 ,   42.854 ,  845.816 ,  846.816 ,    0.000 ,    1.565 ,    5.816 ,    1.202 ,        2 , 	)
 170 	 (   1 ,  784.000 ,  904.000 ,        0 ,  867.371 ,  873.186 ,    0.000 ,  873.186 ,  874.186 ,   92.186 ,    1.565 ,    5.816 ,    5.141 ,        3 , 	)
 111 	 (   0 ,  870.118 ,  979.000 ,        0 ,  876.259 ,  882.074 ,    0.000 ,  882.074 ,  883.074 ,   35.259 ,    1.565 ,    5.816 ,    6.642 ,        4 , 	)
  89 	 (   2 ,  780.000 ,  960.000 ,        0 ,  898.860 ,  904.676 ,    0.000 ,  904.676 ,  906.676 ,    0.000 ,    1.565 ,    5.816 ,   33.208 ,        5 , 	)
  35 	 (   3 ,  720.000 ,  960.000 ,        0 ,  923.012 ,  928.828 ,    0.000 ,  928.828 ,  929.828 ,    0.000 ,    1.565 ,    5.816 ,   -1.377 ,        6 , 	)
 183 	 (   1 ,  918.000 , 1158.000 ,        0 ,  950.619 ,  956.435 ,    0.000 ,  956.435 ,  958.435 ,   49.759 ,    1.565 ,    5.816 ,    0.000 ,        7 , 	)
  67 	 (   3 ,  720.000 ,  960.000 ,        0 ,  952.619 ,  958.435 ,    0.000 ,  958.435 ,  960.435 ,    0.000 ,    1.565 ,    5.816 ,    0.000 ,        8 , 	)
  81 	 (   7 ,  960.000 , 1140.000 ,        0 ,  962.280 ,  968.095 ,    0.000 ,  968.095 ,  972.095 ,    0.000 ,    9.407 ,    5.816 ,    6.756 ,        9 , 	)
  68 	 (   8 ,  960.000 , 1200.000 ,        0 ,  977.210 ,  983.026 ,    0.000 ,  983.026 ,  984.026 ,    0.000 ,    9.407 ,    5.816 ,    6.450 ,       10 , 	)
 161 	 (   6 ,  767.000 , 1007.000 ,        0 ,  991.777 ,  997.593 ,    0.000 ,  997.593 ,  999.593 ,   37.159 ,    9.407 ,    5.816 ,    2.036 ,       11 , 	)
 129 	 (   5 ,  811.000 , 1051.000 ,        0 , 1007.805 , 1013.621 ,    0.000 , 1013.621 , 1014.621 ,   83.793 ,   26.135 ,    5.816 ,    2.116 ,       12 , 	)
 162 	 (   4 , 1019.000 , 1259.000 ,        0 , 1013.184 , 1019.000 ,    0.000 , 1019.000 , 1020.000 ,   34.974 ,   26.135 ,    0.000 ,    1.511 ,       13 , 	)
  91 	 (   5 ,  960.000 , 1200.000 ,        0 , 1038.829 , 1038.829 ,    0.000 , 1038.829 , 1039.829 ,    0.000 ,   26.135 ,   -0.000 ,   12.623 ,       14 , 	)
 175 	 (   1 , 1060.000 , 1300.000 ,        0 , 1089.436 , 1089.436 ,    0.000 , 1089.436 , 1093.436 ,  117.341 ,   26.135 ,   -0.000 ,   58.905 ,       15 , 	)
 185 	 (   0 , 1091.000 , 1331.000 ,        0 , 1151.836 , 1151.836 ,    0.000 , 1151.836 , 1152.836 ,  112.007 ,   26.135 ,   -0.000 ,   22.247 ,       16 , 	)
  53 	 (   1 ,  970.000 , 1198.390 ,        0 , 1172.255 , 1172.255 ,    0.000 , 1172.255 , 1173.255 ,    0.000 ,   26.135 ,   -0.000 ,   16.413 ,       17 , 	)
 147 	 (   0 , 1048.000 , 1228.000 ,        0 , 1201.865 , 1201.865 ,    0.000 , 1201.865 , 1202.865 ,   28.610 ,   26.135 ,   -0.000 ,    4.020 ,       18 , 	)
 189 	 (   0 ,    0.000 , 1440.000 ,        0 , 1205.908 , 1205.908 ,    0.000 , 1205.908 , 1205.908 ,    0.000 ,  234.092 ,   -0.000 ,    0.000 ,       19 , 	)
