6
	VALUE ALL : ( Cost : 1842.842 , TRT : 1660.868 , TWT :  95.272 , TD : 2387.572 )
	VIOLATIONS TOTAL : ( VC :       0 , VTW :   0.000 , VTD :   0.000 , VTRT :   0.000 )
 	COUT_ALL : (   0.001 )  T2B:   49201

	22 sommets 
	values : ( Cost : 441.781 , TRT : 378.983 , TWT :   8.817 , TD : 690.279 )
	violations : ( VC :       0 , VTW :   0.000 , VTD :   0.000 , VTRT :   0.000 )
	cout global : (   0.000	 )
S(i)	 (   C ,     TW0 ,       TW1 ,       VTW ,       Min ,       A ,       W ,       B ,       D ,       L ,       F ,       E ,       Det ,       [Imp ,       Imp]	)
   0 	 (   0 ,    0.000 , 1440.000 ,        0 ,    0.000 ,  242.890 ,    0.000 ,  242.890 ,  242.890 ,    0.000 ,    0.000 ,  242.890 ,    0.000 ,        0 , 	)
   4 	 (   1 ,  240.000 ,  480.000 ,        0 ,    7.688 ,  250.578 ,    0.000 ,  250.578 ,  251.578 ,    0.000 ,    0.000 ,   10.578 ,    0.511 ,        1 , 	)
  27 	 (   4 ,  240.000 ,  480.000 ,        0 ,  252.282 ,  262.860 ,    0.000 ,  262.860 ,  265.860 ,    0.000 ,    0.000 ,   10.578 ,    2.263 ,        2 , 	)
  36 	 (   5 ,  240.000 ,  480.000 ,        0 ,  261.874 ,  272.453 ,    0.000 ,  272.453 ,  273.453 ,    0.000 ,    0.000 ,   10.578 ,    6.730 ,        3 , 	)
  66 	 (   2 ,  276.000 ,  516.000 ,        0 ,  279.658 ,  290.236 ,    0.000 ,  290.236 ,  293.236 ,   24.376 ,    0.000 ,   10.578 ,   10.832 ,        4 , 	)
  19 	 (   3 ,  300.000 ,  480.000 ,        0 ,  295.982 ,  306.560 ,    0.000 ,  306.560 ,  307.560 ,    0.000 ,    0.000 ,    6.560 ,   14.329 ,        5 , 	)
   8 	 (   4 ,  300.000 ,  480.000 ,        0 ,  318.650 ,  325.211 ,    0.000 ,  325.211 ,  326.211 ,    0.000 ,    0.000 ,    6.560 ,    3.797 ,        6 , 	)
  47 	 (   3 ,  346.000 ,  526.000 ,        0 ,  342.798 ,  349.359 ,    0.000 ,  349.359 ,  350.359 ,   23.148 ,    0.000 ,    3.359 ,    3.927 ,        7 , 	)
  75 	 (   2 ,  309.000 ,  549.000 ,        0 ,  355.793 ,  359.152 ,    0.000 ,  359.152 ,  360.152 ,   85.699 ,    0.000 ,    3.359 ,    7.544 ,        8 , 	)
  58 	 (   1 ,  366.000 ,  606.000 ,        0 ,  364.791 ,  368.150 ,    0.000 ,  368.150 ,  369.150 ,   60.589 ,    0.000 ,    2.150 ,    4.120 ,        9 , 	)
  37 	 (   3 ,  250.000 ,  416.829 ,        0 ,  397.048 ,  399.198 ,    0.000 ,  399.198 ,  401.198 ,    0.000 ,    0.000 ,    2.150 ,   37.605 ,       10 , 	)
  13 	 (   5 ,  240.000 ,  420.000 ,        0 ,  417.850 ,  420.000 ,    0.000 ,  420.000 ,  422.000 ,    0.000 ,   -0.000 ,    2.150 ,    3.902 ,       11 , 	)
  76 	 (   3 ,  327.000 ,  447.000 ,        0 ,  433.121 ,  435.271 ,    0.000 ,  435.271 ,  437.271 ,   34.073 ,    1.653 ,    2.150 ,   22.640 ,       12 , 	)
  43 	 (   2 ,  430.000 ,  610.000 ,        0 ,  463.292 ,  465.442 ,    0.000 ,  465.442 ,  466.442 ,  213.864 ,    1.653 ,    2.150 ,    8.702 ,       13 , 	)
  30 	 (   6 ,  240.000 ,  480.000 ,        0 ,  470.379 ,  472.529 ,    1.653 ,  474.181 ,  478.181 ,    0.000 ,    0.000 ,    3.802 ,    0.796 ,       14 , 	)
  69 	 (   2 ,  369.000 ,  549.000 ,        0 ,  503.014 ,  506.817 ,    0.000 ,  506.817 ,  510.817 ,   28.635 ,    0.000 ,    3.802 ,   11.925 ,       15 , 	)
  12 	 (   3 ,  503.000 ,  644.816 ,        0 ,  528.138 ,  531.940 ,    0.000 ,  531.940 ,  532.940 ,    0.000 ,    0.000 ,    3.802 ,    0.083 ,       16 , 	)
  52 	 (   1 ,  311.000 ,  551.000 ,        0 ,  547.198 ,  551.000 ,    0.000 ,  551.000 ,  553.000 ,  129.000 ,    0.000 ,    3.802 ,    8.153 ,       17 , 	)
  15 	 (   4 ,  480.000 ,  660.000 ,        0 ,  562.483 ,  566.286 ,    7.164 ,  573.450 ,  576.450 ,    0.000 ,   28.940 ,   10.966 ,    3.778 ,       18 , 	)
  54 	 (   1 ,  504.000 ,  684.000 ,        0 ,  576.317 ,  587.283 ,    0.000 ,  587.283 ,  590.283 ,   10.834 ,   18.166 ,   10.966 ,   -1.717 ,       19 , 	)
  51 	 (   0 ,  613.000 ,  673.000 ,        0 ,  602.034 ,  613.000 ,    0.000 ,  613.000 ,  614.000 ,   80.060 ,   28.940 ,    0.000 ,   -2.098 ,       20 , 	)
  79 	 (   0 ,    0.000 , 1440.000 ,        0 ,  621.873 ,  621.873 ,    0.000 ,  621.873 ,  621.873 ,    0.000 ,  818.127 ,    0.000 ,    0.000 ,       21 , 	)

	22 sommets 
	values : ( Cost : 444.989 , TRT : 407.574 , TWT :  26.995 , TD : 681.768 )
	violations : ( VC :       0 , VTW :   0.000 , VTD :   0.000 , VTRT :   0.000 )
	cout global : (   0.000	 )
S(i)	 (   C ,     TW0 ,       TW1 ,       VTW ,       Min ,       A ,       W ,       B ,       D ,       L ,       F ,       E ,       Det ,       [Imp ,       Imp]	)
   0 	 (   0 ,    0.000 , 1440.000 ,        0 ,    0.000 ,  775.885 ,    0.000 ,  775.885 ,  775.885 ,    0.000 ,    0.000 ,  775.885 ,    0.000 ,        0 , 	)
   1 	 (   1 ,  780.000 ,  840.000 ,        0 ,   12.880 ,  788.765 ,    0.000 ,  788.765 ,  789.765 ,    0.000 ,    0.000 ,    8.765 ,    7.690 ,        1 , 	)
  14 	 (   5 ,  780.000 ,  960.000 ,        0 ,  807.135 ,  815.900 ,    0.000 ,  815.900 ,  819.900 ,    0.000 ,    0.000 ,    8.765 ,    0.647 ,        2 , 	)
  40 	 (   4 ,  819.403 ,  944.000 ,        0 ,  824.050 ,  832.815 ,    0.000 ,  832.815 ,  833.815 ,   43.050 ,    0.000 ,    8.765 ,   13.790 ,        3 , 	)
  24 	 (   5 ,  780.000 ,  960.000 ,        0 ,  838.229 ,  846.994 ,    0.000 ,  846.994 ,  847.994 ,    0.000 ,    0.000 ,    8.765 ,  -13.217 ,        4 , 	)
  53 	 (   1 ,  857.000 , 1097.000 ,        0 ,  866.903 ,  875.668 ,    0.000 ,  875.668 ,  879.668 ,   55.768 ,    0.000 ,    8.765 ,   -9.826 ,        5 , 	)
  39 	 (   3 ,  780.000 ,  960.000 ,        0 ,  882.862 ,  891.627 ,    0.000 ,  891.627 ,  893.627 ,    0.000 ,    0.000 ,    8.765 ,   -0.235 ,        6 , 	)
  63 	 (   2 ,  891.000 , 1071.000 ,        0 ,  894.857 ,  903.622 ,    0.000 ,  903.622 ,  904.622 ,   55.628 ,    0.000 ,    8.765 ,   16.065 ,        7 , 	)
  38 	 (   3 ,  720.000 ,  960.000 ,        0 ,  916.286 ,  925.051 ,    0.000 ,  925.051 ,  926.051 ,    0.000 ,    0.000 ,    8.765 ,    0.000 ,        8 , 	)
  11 	 (   7 ,  754.000 ,  937.163 ,        0 ,  917.286 ,  926.051 ,    0.000 ,  926.051 ,  930.051 ,    0.000 ,    0.000 ,    8.765 ,    0.000 ,        9 , 	)
  17 	 (   8 ,  726.000 ,  960.000 ,        0 ,  942.691 ,  951.456 ,    0.000 ,  951.456 ,  952.456 ,    0.000 ,    0.000 ,    8.765 ,    2.732 ,       10 , 	)
  50 	 (   4 ,  859.000 ,  979.000 ,        0 ,  962.856 ,  971.620 ,    0.000 ,  971.620 ,  975.620 ,   41.569 ,    0.000 ,    8.765 ,    7.771 ,       11 , 	)
  78 	 (   2 ,  827.000 , 1064.000 ,        0 ,  983.283 ,  992.048 ,    0.000 ,  992.048 ,  994.048 ,   98.421 ,    0.000 ,    8.765 ,    1.774 ,       12 , 	)
  56 	 (   1 ,  820.000 , 1000.000 ,        0 ,  991.235 , 1000.000 ,    0.000 , 1000.000 , 1001.000 ,   47.544 ,    0.000 ,    8.765 ,    2.048 ,       13 , 	)
  28 	 (   4 ,  994.000 , 1175.362 ,        0 ,  998.135 , 1006.900 ,   13.056 , 1019.956 , 1022.956 ,    0.000 ,    0.000 ,   21.820 ,    1.838 ,       14 , 	)
  77 	 (   3 ,  822.000 , 1062.000 ,        0 , 1040.180 , 1062.000 ,    0.000 , 1062.000 , 1063.000 ,  135.949 ,    0.000 ,   21.820 ,   11.041 ,       15 , 	)
  20 	 (   5 , 1020.000 , 1200.000 ,        0 , 1050.303 , 1072.123 ,   13.940 , 1086.063 , 1088.063 ,    0.000 ,   25.956 ,   35.760 ,    2.071 ,       16 , 	)
  67 	 (   2 , 1095.000 , 1215.000 ,        0 , 1059.240 , 1095.000 ,    0.000 , 1095.000 , 1098.000 ,   72.044 ,   25.956 ,    0.000 ,    2.098 ,       17 , 	)
  21 	 (   6 ,  960.000 , 1140.000 ,        0 , 1110.911 , 1110.911 ,    0.000 , 1110.911 , 1114.911 ,    0.000 ,   27.768 ,    0.000 ,   21.978 ,       18 , 	)
  59 	 (   4 , 1097.000 , 1277.000 ,        0 , 1161.295 , 1161.295 ,    0.000 , 1161.295 , 1163.295 ,   73.232 ,   27.768 ,   -0.000 ,    7.718 ,       19 , 	)
  60 	 (   0 , 1060.000 , 1240.000 ,        0 , 1173.473 , 1173.473 ,    0.000 , 1173.473 , 1177.473 ,   58.562 ,   66.527 ,   -0.000 ,   10.350 ,       20 , 	)
  79 	 (   0 ,    0.000 , 1440.000 ,        0 , 1183.459 , 1183.459 ,    0.000 , 1183.459 , 1183.459 ,    0.000 ,  256.541 ,   -0.000 ,    0.000 ,       21 , 	)

	10 sommets 
	values : ( Cost : 205.872 , TRT : 180.791 , TWT :   0.000 , TD : 175.266 )
	violations : ( VC :       0 , VTW :   0.000 , VTD :   0.000 , VTRT :   0.000 )
	cout global : (   0.000	 )
S(i)	 (   C ,     TW0 ,       TW1 ,       VTW ,       Min ,       A ,       W ,       B ,       D ,       L ,       F ,       E ,       Det ,       [Imp ,       Imp]	)
   0 	 (   0 ,    0.000 , 1440.000 ,        0 ,    0.000 ,  806.800 ,    0.000 ,  806.800 ,  806.800 ,    0.000 ,    3.792 ,  806.800 ,    0.000 ,        0 , 	)
  33 	 (   2 ,  731.000 ,  954.756 ,        0 ,   25.149 ,  831.949 ,    0.000 ,  831.949 ,  833.949 ,    0.000 ,    3.792 ,  100.949 ,    0.820 ,        1 , 	)
   9 	 (   6 ,  737.000 ,  960.000 ,        0 ,  745.771 ,  846.720 ,    0.000 ,  846.720 ,  850.720 ,    0.000 ,    3.792 ,  100.949 ,   14.745 ,        2 , 	)
  72 	 (   4 ,  803.000 ,  983.000 ,        0 ,  777.989 ,  878.938 ,    0.000 ,  878.938 ,  880.938 ,   44.989 ,    3.792 ,   75.938 ,    3.316 ,        3 , 	)
   2 	 (   8 ,  720.000 ,  900.000 ,        0 ,  810.430 ,  886.368 ,    0.000 ,  886.368 ,  890.368 ,    0.000 ,    3.792 ,   75.938 ,    4.057 ,        4 , 	)
  48 	 (   4 ,  909.000 , 1029.000 ,        0 ,  833.062 ,  909.000 ,    0.000 ,  909.000 ,  913.000 ,   58.280 ,    3.792 ,    0.000 ,   -5.069 ,        5 , 	)
  41 	 (   0 ,  763.000 ,  997.000 ,        0 ,  923.886 ,  923.886 ,    0.000 ,  923.886 ,  927.886 ,   33.517 ,    3.792 ,    0.000 ,    0.898 ,        6 , 	)
  35 	 (   3 ,  813.000 ,  937.521 ,        0 ,  933.729 ,  933.729 ,    0.000 ,  933.729 ,  936.729 ,    0.000 ,    3.792 ,    0.000 ,    6.878 ,        7 , 	)
  74 	 (   0 ,  919.000 ,  979.000 ,        0 ,  975.208 ,  975.208 ,    0.000 ,  975.208 ,  978.208 ,   38.479 ,    3.792 ,    0.000 ,    0.389 ,        8 , 	)
  79 	 (   0 ,    0.000 , 1440.000 ,        0 ,  987.591 ,  987.591 ,    0.000 ,  987.591 ,  987.591 ,    0.000 ,  452.409 ,    0.000 ,    0.000 ,        9 , 	)

	10 sommets 
	values : ( Cost : 255.164 , TRT : 217.853 , TWT :   0.000 , TD : 219.756 )
	violations : ( VC :       0 , VTW :   0.000 , VTD :   0.000 , VTRT :   0.000 )
	cout global : (   0.000	 )
S(i)	 (   C ,     TW0 ,       TW1 ,       VTW ,       Min ,       A ,       W ,       B ,       D ,       L ,       F ,       E ,       Det ,       [Imp ,       Imp]	)
   0 	 (   0 ,    0.000 , 1440.000 ,        0 ,    0.000 ,  266.170 ,    0.000 ,  266.170 ,  266.170 ,    0.000 ,   29.373 ,  266.170 ,    0.000 ,        0 , 	)
   7 	 (   1 ,  240.000 ,  480.000 ,        0 ,    8.962 ,  275.132 ,    0.000 ,  275.132 ,  276.132 ,    0.000 ,   29.373 ,   35.132 ,   16.397 ,        1 , 	)
  46 	 (   0 ,  304.000 ,  544.000 ,        0 ,  273.098 ,  308.230 ,    0.000 ,  308.230 ,  309.230 ,   32.098 ,   29.373 ,    4.230 ,   42.296 ,        2 , 	)
   5 	 (   4 ,  240.000 ,  480.000 ,        0 ,  331.807 ,  336.037 ,    0.000 ,  336.037 ,  340.037 ,    0.000 ,   29.373 ,    4.230 ,    5.129 ,        3 , 	)
  26 	 (   8 ,  240.000 ,  420.000 ,        0 ,  340.790 ,  345.020 ,    0.000 ,  345.020 ,  349.020 ,    0.000 ,   29.373 ,    4.230 ,    1.265 ,        4 , 	)
  65 	 (   4 ,  319.000 ,  499.000 ,        0 ,  382.397 ,  386.627 ,    0.000 ,  386.627 ,  390.627 ,   37.607 ,   29.373 ,    4.230 ,    0.000 ,        5 , 	)
  23 	 (   8 ,  240.000 ,  420.000 ,        0 ,  386.397 ,  390.627 ,    0.000 ,  390.627 ,  394.627 ,    0.000 ,   29.373 ,    4.230 ,    0.000 ,        6 , 	)
  44 	 (   4 ,  424.000 ,  544.000 ,        0 ,  419.770 ,  424.000 ,    0.000 ,  424.000 ,  428.000 ,   83.963 ,   48.913 ,    0.000 ,   18.950 ,        7 , 	)
  62 	 (   0 ,  299.000 ,  539.000 ,        0 ,  460.714 ,  460.714 ,    0.000 ,  460.714 ,  464.714 ,   66.087 ,   48.913 ,    0.000 ,    5.523 ,        8 , 	)
  79 	 (   0 ,    0.000 , 1440.000 ,        0 ,  484.023 ,  484.023 ,    0.000 ,  484.023 ,  484.023 ,    0.000 ,  955.977 ,    0.000 ,    0.000 ,        9 , 	)

	12 sommets 
	values : ( Cost : 212.881 , TRT : 174.061 , TWT :   0.000 , TD : 232.643 )
	violations : ( VC :       0 , VTW :   0.000 , VTD :   0.000 , VTRT :   0.000 )
	cout global : (   0.000	 )
S(i)	 (   C ,     TW0 ,       TW1 ,       VTW ,       Min ,       A ,       W ,       B ,       D ,       L ,       F ,       E ,       Det ,       [Imp ,       Imp]	)
   0 	 (   0 ,    0.000 , 1440.000 ,        0 ,    0.000 ,  248.402 ,    0.000 ,  248.402 ,  248.402 ,    0.000 ,    0.500 ,  248.402 ,    0.000 ,        0 , 	)
  31 	 (   2 ,  240.000 ,  480.000 ,        0 ,   17.156 ,  265.559 ,    0.000 ,  265.559 ,  267.559 ,    0.000 ,    0.500 ,   25.559 ,    3.638 ,        1 , 	)
   6 	 (   3 ,  240.000 ,  480.000 ,        0 ,  260.701 ,  286.259 ,    0.000 ,  286.259 ,  287.259 ,    0.000 ,    0.500 ,   25.559 ,   24.004 ,        2 , 	)
   3 	 (   4 ,  300.000 ,  420.000 ,        0 ,  274.441 ,  300.000 ,    0.000 ,  300.000 ,  301.000 ,    0.000 ,    0.500 ,    0.000 ,   -2.668 ,        3 , 	)
  45 	 (   3 ,  297.000 ,  537.000 ,        0 ,  314.056 ,  314.056 ,    0.000 ,  314.056 ,  315.056 ,   26.796 ,    0.500 ,    0.000 ,    3.022 ,        4 , 	)
  25 	 (   4 ,  240.000 ,  420.000 ,        0 ,  334.448 ,  334.448 ,    0.000 ,  334.448 ,  335.448 ,    0.000 ,    0.500 ,    0.000 ,    0.000 ,        5 , 	)
  70 	 (   2 ,  309.000 ,  549.000 ,        0 ,  335.448 ,  335.448 ,    0.000 ,  335.448 ,  337.448 ,   67.889 ,    0.500 ,    0.000 ,    0.000 ,        6 , 	)
  64 	 (   1 ,  255.529 ,  460.000 ,        0 ,  351.977 ,  351.977 ,    0.000 ,  351.977 ,  352.977 ,   16.529 ,    0.500 ,    0.000 ,   -0.376 ,        7 , 	)
  10 	 (   3 ,  252.000 ,  360.000 ,        0 ,  355.901 ,  355.901 ,    0.000 ,  355.901 ,  357.901 ,    0.000 ,    0.500 ,    0.000 ,    0.978 ,        8 , 	)
  42 	 (   2 ,  355.069 ,  565.000 ,        0 ,  366.829 ,  366.829 ,    0.000 ,  366.829 ,  367.829 ,   65.829 ,    0.500 ,    0.000 ,    4.714 ,        9 , 	)
  49 	 (   0 ,  354.000 ,  414.000 ,        0 ,  413.500 ,  413.500 ,    0.000 ,  413.500 ,  415.500 ,   55.599 ,    0.500 ,    0.000 ,   12.264 ,       10 , 	)
  79 	 (   0 ,    0.000 , 1440.000 ,        0 ,  422.463 ,  422.463 ,    0.000 ,  422.463 ,  422.463 ,    0.000 , 1017.537 ,    0.000 ,    0.000 ,       11 , 	)

	14 sommets 
	values : ( Cost : 282.155 , TRT : 301.607 , TWT :  59.460 , TD : 387.860 )
	violations : ( VC :       0 , VTW :   0.000 , VTD :   0.000 , VTRT :   0.000 )
	cout global : (   0.000	 )
S(i)	 (   C ,     TW0 ,       TW1 ,       VTW ,       Min ,       A ,       W ,       B ,       D ,       L ,       F ,       E ,       Det ,       [Imp ,       Imp]	)
   0 	 (   0 ,    0.000 , 1440.000 ,        0 ,    0.000 ,  870.266 ,    0.000 ,  870.266 ,  870.266 ,    0.000 ,    0.000 ,  870.266 ,    0.000 ,        0 , 	)
  29 	 (   2 ,  720.000 ,  960.000 ,        0 ,    7.688 ,  877.954 ,    0.000 ,  877.954 ,  879.954 ,    0.000 ,    0.000 ,  157.954 ,    6.423 ,        1 , 	)
  22 	 (   3 ,  780.000 ,  960.000 ,        0 ,  734.694 ,  892.648 ,    0.000 ,  892.648 ,  893.648 ,    0.000 ,    0.000 ,  112.648 ,    2.305 ,        2 , 	)
  61 	 (   2 ,  864.000 , 1044.000 ,        0 ,  822.950 ,  935.598 ,    0.000 ,  935.598 ,  936.598 ,   41.950 ,    0.000 ,   71.598 ,    0.000 ,        3 , 	)
  34 	 (   6 ,  784.000 ,  960.000 ,        0 ,  865.000 ,  936.598 ,    0.000 ,  936.598 ,  940.598 ,    0.000 ,    0.000 ,   71.598 ,    0.000 ,        4 , 	)
  68 	 (   4 ,  839.000 , 1019.000 ,        0 ,  896.218 ,  967.816 ,    0.000 ,  967.816 ,  969.816 ,   87.862 ,    0.000 ,   71.598 ,    2.075 ,        5 , 	)
  32 	 (   8 ,  960.000 , 1200.000 ,        0 ,  902.409 ,  974.007 ,    0.000 ,  974.007 ,  978.007 ,    0.000 ,    0.000 ,   14.007 ,    0.140 ,        6 , 	)
  73 	 (   4 ,  889.000 , 1009.000 ,        0 ,  994.993 , 1009.000 ,    0.000 , 1009.000 , 1013.000 ,   68.402 ,    0.000 ,   14.007 ,  -15.258 ,        7 , 	)
  71 	 (   0 , 1089.000 , 1329.000 ,        0 , 1015.533 , 1029.540 ,   59.460 , 1089.000 , 1093.000 ,  110.993 ,   57.007 ,    0.000 ,   16.036 ,        8 , 	)
  18 	 (   3 , 1080.000 , 1200.000 ,        0 , 1105.771 , 1105.771 ,    0.000 , 1105.771 , 1108.771 ,    0.000 ,   78.820 ,    0.000 ,    0.000 ,        9 , 	)
  16 	 (   4 ,  960.000 , 1200.000 ,        0 , 1108.771 , 1108.771 ,    0.000 , 1108.771 , 1109.771 ,    0.000 ,   42.756 ,    0.000 ,    0.000 ,       10 , 	)
  57 	 (   1 , 1109.244 , 1273.000 ,        0 , 1136.015 , 1136.015 ,    0.000 , 1136.015 , 1139.015 ,   27.244 ,    1.591 ,   -0.000 ,   28.549 ,       11 , 	)
  55 	 (   0 , 1000.000 , 1240.000 ,        0 , 1161.180 , 1161.180 ,    0.000 , 1161.180 , 1162.180 ,   51.409 ,    1.591 ,   -0.000 ,    4.659 ,       12 , 	)
  79 	 (   0 ,    0.000 , 1440.000 ,        0 , 1171.873 , 1171.873 ,    0.000 , 1171.873 , 1171.873 ,    0.000 ,  268.127 ,   -0.000 ,    0.000 ,       13 , 	)
