14
	VALUE ALL : ( Cost : 5439.441 , TRT : 5090.294 , TWT : 528.489 , TD : 6465.169 )
	VIOLATIONS TOTAL : ( VC :       0 , VTW :   0.000 , VTD :   0.000 , VTRT :   0.000 )
 	COUT_ALL : (   0.004 )  T2B:   22801

	20 sommets 
	values : ( Cost : 354.181 , TRT : 464.119 , TWT : 163.817 , TD : 699.754 )
	violations : ( VC :       0 , VTW :   0.000 , VTD :   0.000 , VTRT :   0.000 )
	cout global : (   0.000	 )
S(i)	 (   C ,     TW0 ,       TW1 ,       VTW ,       Min ,       A ,       W ,       B ,       D ,       L ,       F ,       E ,       Det ,       [Imp ,       Imp]	)
   0 	 (   0 ,    0.000 , 1440.000 ,        0 ,    0.000 ,  710.741 ,    0.000 ,  710.741 ,  710.741 ,    0.000 ,    0.000 ,  710.741 ,    0.000 ,        0 , 	)
   8 	 (   1 ,  540.000 ,  720.000 ,        0 ,    9.259 ,  720.000 ,    0.000 ,  720.000 ,  721.000 ,    0.000 ,    0.000 ,  180.000 ,    8.493 ,        1 , 	)
  92 	 (   2 ,  720.000 ,  960.000 ,        0 ,  547.405 ,  727.405 ,    4.608 ,  732.012 ,  733.012 ,    0.000 ,    0.000 ,   12.012 ,   -6.094 ,        2 , 	)
  31 	 (   3 ,  720.000 ,  960.000 ,        0 ,  742.799 ,  754.811 ,    0.000 ,  754.811 ,  755.811 ,    0.000 ,    0.000 ,   12.012 ,    1.493 ,        3 , 	)
  61 	 (   4 ,  743.000 ,  938.959 ,        0 ,  748.049 ,  760.061 ,    0.000 ,  760.061 ,  761.061 ,    0.000 ,    0.000 ,   12.012 ,    0.529 ,        4 , 	)
 163 	 (   3 ,  769.000 ,  949.000 ,        0 ,  758.089 ,  770.101 ,    0.000 ,  770.101 ,  771.101 ,    9.041 ,    0.000 ,    1.101 ,    3.670 ,        5 , 	)
  72 	 (   5 ,  720.000 ,  960.000 ,        0 ,  797.335 ,  798.436 ,    0.000 ,  798.436 ,  800.436 ,    0.000 ,    0.000 ,    1.101 ,    0.000 ,        6 , 	)
  33 	 (   8 ,  720.000 ,  960.000 ,        0 ,  799.335 ,  800.436 ,    0.000 ,  800.436 ,  803.436 ,    0.000 ,    0.000 ,    1.101 ,    0.000 ,        7 , 	)
 133 	 (   7 ,  793.000 , 1033.000 ,        0 ,  806.916 ,  808.017 ,    0.000 ,  808.017 ,  809.017 ,   52.206 ,    0.000 ,    1.101 ,   -1.485 ,        8 , 	)
 110 	 (   6 ,  641.000 ,  821.000 ,        0 ,  819.899 ,  821.000 ,    0.000 ,  821.000 ,  822.000 ,  100.000 ,    0.000 ,    1.101 ,   -0.772 ,        9 , 	)
 194 	 (   5 ,  799.000 , 1039.000 ,        0 ,  828.626 ,  829.727 ,    0.000 ,  829.727 ,  830.727 ,   96.715 ,    8.285 ,    1.101 ,   -0.565 ,       10 , 	)
  24 	 (   8 ,  720.000 ,  960.000 ,        0 ,  847.701 ,  848.802 ,   66.914 ,  915.716 ,  918.716 ,    0.000 ,    0.000 ,   68.015 ,   -4.590 ,       11 , 	)
 126 	 (   5 ,  755.000 ,  995.000 ,        0 ,  867.170 ,  935.185 ,    0.000 ,  935.185 ,  938.185 ,   16.469 ,    0.000 ,   68.015 ,    2.977 ,       12 , 	)
 135 	 (   2 ,  855.000 , 1035.000 ,        0 ,  873.421 ,  941.436 ,    0.000 ,  941.436 ,  944.436 ,  138.000 ,    0.000 ,   68.015 ,    3.526 ,       13 , 	)
 174 	 (   0 ,  900.000 , 1020.000 ,        0 ,  902.016 ,  970.031 ,    0.000 ,  970.031 ,  972.031 ,  169.595 ,    9.405 ,   68.015 ,    0.000 ,       14 , 	)
  53 	 (   4 , 1020.000 , 1140.000 ,        0 ,  904.016 ,  972.031 ,   92.296 , 1064.327 , 1068.327 ,    0.000 ,   71.673 ,   44.327 ,    0.000 ,       15 , 	)
  96 	 (   5 ,  960.000 , 1140.000 ,        0 , 1024.000 , 1068.327 ,    0.000 , 1068.327 , 1069.327 ,    0.000 ,   71.673 ,   44.327 ,    0.000 ,       16 , 	)
 155 	 (   1 , 1115.000 , 1295.000 ,        0 , 1070.673 , 1115.000 ,    0.000 , 1115.000 , 1119.000 ,   46.673 ,   85.944 ,    0.000 ,   37.623 ,       17 , 	)
 198 	 (   0 , 1028.000 , 1268.000 ,        0 , 1140.383 , 1140.383 ,    0.000 , 1140.383 , 1141.383 ,   71.056 ,   85.944 ,    0.000 ,   -2.343 ,       18 , 	)
 205 	 (   0 ,    0.000 , 1440.000 ,        0 , 1174.860 , 1174.860 ,    0.000 , 1174.860 , 1174.860 ,    0.000 ,  265.140 ,   -0.000 ,    0.000 ,       19 , 	)

	14 sommets 
	values : ( Cost : 347.134 , TRT : 295.003 , TWT :   0.000 , TD : 426.181 )
	violations : ( VC :       0 , VTW :   0.000 , VTD :   0.000 , VTRT :   0.000 )
	cout global : (   0.000	 )
S(i)	 (   C ,     TW0 ,       TW1 ,       VTW ,       Min ,       A ,       W ,       B ,       D ,       L ,       F ,       E ,       Det ,       [Imp ,       Imp]	)
   0 	 (   0 ,    0.000 , 1440.000 ,        0 ,    0.000 ,  254.971 ,    0.000 ,  254.971 ,  254.971 ,    0.000 ,   28.278 ,  254.971 ,    0.000 ,        0 , 	)
  70 	 (   2 ,  240.000 ,  480.000 ,        0 ,   32.867 ,  287.838 ,    0.000 ,  287.838 ,  289.838 ,    0.000 ,   28.278 ,   47.838 ,    2.500 ,        1 , 	)
  46 	 (   5 ,  250.000 ,  477.537 ,        0 ,  245.796 ,  293.634 ,    0.000 ,  293.634 ,  296.634 ,    0.000 ,   28.278 ,   43.634 ,    5.006 ,        2 , 	)
 101 	 (   7 ,  300.000 ,  480.000 ,        0 ,  269.944 ,  313.577 ,    0.000 ,  313.577 ,  315.577 ,    0.000 ,   28.278 ,   13.577 ,    1.903 ,        3 , 	)
 148 	 (   4 ,  329.000 ,  509.000 ,        0 ,  315.423 ,  329.000 ,    0.000 ,  329.000 ,  332.000 ,   32.366 ,   28.278 ,    0.000 ,    5.929 ,        4 , 	)
   7 	 (   7 ,  360.000 ,  480.000 ,        0 ,  398.088 ,  398.088 ,    0.000 ,  398.088 ,  401.088 ,    0.000 ,   28.278 ,    0.000 ,   -0.446 ,        5 , 	)
 172 	 (   5 ,  397.000 ,  637.000 ,        0 ,  406.017 ,  406.017 ,    0.000 ,  406.017 ,  408.017 ,  116.180 ,   28.278 ,    0.000 ,    0.344 ,        6 , 	)
  95 	 (   8 ,  240.000 ,  480.000 ,        0 ,  410.345 ,  410.345 ,    0.000 ,  410.345 ,  413.345 ,    0.000 ,   28.278 ,    0.000 ,   -5.493 ,        7 , 	)
 197 	 (   5 ,  288.000 ,  528.000 ,        0 ,  436.131 ,  436.131 ,    0.000 ,  436.131 ,  439.131 ,   22.786 ,   28.278 ,    0.000 ,    2.498 ,        8 , 	)
 203 	 (   3 ,  435.000 ,  615.000 ,        0 ,  449.722 ,  449.722 ,    0.000 ,  449.722 ,  451.722 ,  134.144 ,   28.278 ,    0.000 ,    0.000 ,        9 , 	)
  42 	 (   7 ,  240.000 ,  480.000 ,        0 ,  451.722 ,  451.722 ,    0.000 ,  451.722 ,  455.722 ,    0.000 ,   28.278 ,    0.000 ,    0.000 ,       10 , 	)
 144 	 (   3 ,  335.000 ,  575.000 ,        0 ,  483.216 ,  483.216 ,    0.000 ,  483.216 ,  487.216 ,   27.494 ,   80.789 ,    0.000 ,    0.000 ,       11 , 	)
 109 	 (   0 ,  462.000 ,  642.000 ,        0 ,  494.299 ,  494.299 ,    0.000 ,  494.299 ,  497.299 ,   93.211 ,   80.789 ,    0.000 ,  -28.808 ,       12 , 	)
 205 	 (   0 ,    0.000 , 1440.000 ,        0 ,  549.974 ,  549.974 ,    0.000 ,  549.974 ,  549.974 ,    0.000 ,  890.026 ,    0.000 ,    0.000 ,       13 , 	)

	16 sommets 
	values : ( Cost : 407.560 , TRT : 478.303 , TWT : 127.867 , TD : 574.916 )
	violations : ( VC :       0 , VTW :   0.000 , VTD :   0.000 , VTRT :   0.000 )
	cout global : (   0.000	 )
S(i)	 (   C ,     TW0 ,       TW1 ,       VTW ,       Min ,       A ,       W ,       B ,       D ,       L ,       F ,       E ,       Det ,       [Imp ,       Imp]	)
   0 	 (   0 ,    0.000 , 1440.000 ,        0 ,    0.000 ,  232.099 ,    0.000 ,  232.099 ,  232.099 ,    0.000 ,    0.000 ,  232.099 ,    0.000 ,        0 , 	)
  38 	 (   3 ,  240.000 ,  480.000 ,        0 ,   49.831 ,  281.930 ,    0.000 ,  281.930 ,  284.930 ,    0.000 ,    0.000 ,   41.930 ,  -21.460 ,        1 , 	)
  77 	 (   7 ,  240.000 ,  420.000 ,        0 ,  249.895 ,  291.826 ,    0.000 ,  291.826 ,  295.826 ,    0.000 ,    0.000 ,   41.930 ,    9.920 ,        2 , 	)
 179 	 (   3 ,  273.617 ,  503.000 ,        0 ,  283.513 ,  325.443 ,    0.000 ,  325.443 ,  329.443 ,   29.617 ,    0.000 ,   41.930 ,    9.189 ,        3 , 	)
  82 	 (   6 ,  240.000 ,  420.000 ,        0 ,  292.302 ,  334.232 ,    0.000 ,  334.232 ,  337.232 ,    0.000 ,    0.000 ,   41.930 ,   -1.626 ,        4 , 	)
 140 	 (   3 ,  292.000 ,  532.000 ,        0 ,  301.559 ,  343.489 ,    0.000 ,  343.489 ,  346.489 ,   58.559 ,    0.000 ,   41.930 ,    0.000 ,        5 , 	)
  81 	 (   5 ,  278.000 ,  449.332 ,        0 ,  304.559 ,  346.489 ,    0.000 ,  346.489 ,  348.489 ,    0.000 ,    0.000 ,   41.930 ,    0.000 ,        6 , 	)
  58 	 (   7 ,  300.000 ,  480.000 ,        0 ,  317.095 ,  359.025 ,    0.000 ,  359.025 ,  361.025 ,    0.000 ,    0.000 ,   41.930 ,    4.259 ,        7 , 	)
 160 	 (   5 ,  315.488 ,  518.000 ,        0 ,  332.583 ,  374.513 ,    0.000 ,  374.513 ,  376.513 ,   13.488 ,    0.000 ,   41.930 ,   20.963 ,        8 , 	)
 184 	 (   2 ,  282.095 ,  501.000 ,        0 ,  372.767 ,  414.697 ,    0.000 ,  414.697 ,  417.697 ,   77.465 ,    0.000 ,   41.930 ,   13.694 ,        9 , 	)
  74 	 (   6 ,  240.000 ,  480.000 ,        0 ,  395.838 ,  437.768 ,    0.000 ,  437.768 ,  441.768 ,    0.000 ,    0.000 ,   41.930 ,    6.744 ,       10 , 	)
 183 	 (   4 ,  417.000 ,  477.000 ,        0 ,  435.070 ,  477.000 ,    0.000 ,  477.000 ,  479.000 ,  128.511 ,    0.000 ,   41.930 ,    0.950 ,       11 , 	)
  90 	 (   8 ,  480.000 ,  720.000 ,        0 ,  446.062 ,  487.992 ,   25.965 ,  513.957 ,  517.957 ,    0.000 ,    0.000 ,   33.957 ,   13.066 ,       12 , 	)
 176 	 (   4 ,  365.000 ,  545.000 ,        0 ,  511.043 ,  545.000 ,    0.000 ,  545.000 ,  549.000 ,  103.232 ,    0.000 ,   33.957 ,    7.408 ,       13 , 	)
 192 	 (   0 ,  682.000 ,  862.000 ,        0 ,  546.141 ,  580.098 ,  101.902 ,  682.000 ,  686.000 ,  164.043 ,  105.957 ,    0.000 ,    6.787 ,       14 , 	)
 205 	 (   0 ,    0.000 , 1440.000 ,        0 ,  710.402 ,  710.402 ,    0.000 ,  710.402 ,  710.402 ,    0.000 ,  729.598 ,    0.000 ,    0.000 ,       15 , 	)

	16 sommets 
	values : ( Cost : 333.466 , TRT : 294.233 , TWT :  13.507 , TD : 414.318 )
	violations : ( VC :       0 , VTW :   0.000 , VTD :   0.000 , VTRT :   0.000 )
	cout global : (   0.000	 )
S(i)	 (   C ,     TW0 ,       TW1 ,       VTW ,       Min ,       A ,       W ,       B ,       D ,       L ,       F ,       E ,       Det ,       [Imp ,       Imp]	)
   0 	 (   0 ,    0.000 , 1440.000 ,        0 ,    0.000 ,  772.145 ,    0.000 ,  772.145 ,  772.145 ,    0.000 ,    0.000 ,  772.145 ,    0.000 ,        0 , 	)
  64 	 (   1 ,  720.000 ,  900.000 ,        0 ,   24.402 ,  796.547 ,    0.000 ,  796.547 ,  797.547 ,    0.000 ,    0.000 ,   76.547 ,    6.511 ,        1 , 	)
  15 	 (   2 ,  720.000 ,  900.000 ,        0 ,  742.317 ,  818.865 ,    0.000 ,  818.865 ,  819.865 ,    0.000 ,    0.000 ,   76.547 ,    0.458 ,        2 , 	)
  32 	 (   5 ,  720.000 ,  900.000 ,        0 ,  751.298 ,  827.845 ,    0.000 ,  827.845 ,  830.845 ,    0.000 ,    0.000 ,   76.547 ,   -9.980 ,        3 , 	)
 117 	 (   4 ,  757.000 ,  990.000 ,        0 ,  769.722 ,  846.269 ,    0.000 ,  846.269 ,  847.269 ,   26.405 ,    0.000 ,   76.547 ,   -8.097 ,        4 , 	)
 166 	 (   3 ,  854.000 , 1094.000 ,        0 ,  786.264 ,  862.811 ,    0.000 ,  862.811 ,  863.811 ,   65.264 ,    0.000 ,    8.811 ,   18.138 ,        5 , 	)
 100 	 (   6 ,  720.000 ,  900.000 ,        0 ,  870.389 ,  879.200 ,    0.000 ,  879.200 ,  882.200 ,    0.000 ,    0.000 ,    8.811 ,    9.725 ,        6 , 	)
 202 	 (   3 ,  780.000 , 1020.000 ,        0 ,  917.713 ,  926.524 ,    0.000 ,  926.524 ,  929.524 ,   44.324 ,    0.000 ,    8.811 ,    0.000 ,        7 , 	)
  25 	 (   6 ,  780.000 ,  960.000 ,        0 ,  920.713 ,  929.524 ,    0.000 ,  929.524 ,  932.524 ,    0.000 ,    0.000 ,    8.811 ,    0.000 ,        8 , 	)
 134 	 (   3 ,  886.000 , 1126.000 ,        0 ,  932.267 ,  941.078 ,    0.000 ,  941.078 ,  944.078 ,  110.233 ,    0.000 ,    8.811 ,   12.521 ,        9 , 	)
  43 	 (   6 ,  732.000 ,  954.775 ,        0 ,  942.886 ,  951.697 ,    0.000 ,  951.697 ,  954.697 ,    0.000 ,    0.000 ,    8.811 ,   15.238 ,       10 , 	)
  26 	 (   7 ,  960.000 , 1080.000 ,        0 ,  953.505 ,  962.316 ,    0.000 ,  962.316 ,  963.316 ,    0.000 ,    0.000 ,    2.316 ,    2.078 ,       11 , 	)
 145 	 (   4 ,  803.000 ,  983.000 ,        0 ,  980.684 ,  983.000 ,    0.000 ,  983.000 ,  986.000 ,   28.303 ,    0.000 ,    2.316 ,    8.232 ,       12 , 	)
 127 	 (   1 ,  809.817 , 1035.000 ,        0 ,  994.314 ,  996.629 ,    0.000 ,  996.629 ,  999.629 ,   64.105 ,    7.895 ,    2.316 ,    2.168 ,       13 , 	)
 128 	 (   0 , 1039.000 , 1159.000 ,        0 , 1023.177 , 1025.493 ,   13.507 , 1039.000 , 1040.000 ,   75.684 ,   30.316 ,    0.000 ,   46.226 ,       14 , 	)
 205 	 (   0 ,    0.000 , 1440.000 ,        0 , 1066.378 , 1066.378 ,    0.000 , 1066.378 , 1066.378 ,    0.000 ,  373.622 ,    0.000 ,    0.000 ,       15 , 	)

	12 sommets 
	values : ( Cost : 427.745 , TRT : 394.632 , TWT :  47.019 , TD : 315.359 )
	violations : ( VC :       0 , VTW :   0.000 , VTD :   0.000 , VTRT :   0.000 )
	cout global : (   0.000	 )
S(i)	 (   C ,     TW0 ,       TW1 ,       VTW ,       Min ,       A ,       W ,       B ,       D ,       L ,       F ,       E ,       Det ,       [Imp ,       Imp]	)
   0 	 (   0 ,    0.000 , 1440.000 ,        0 ,    0.000 ,  575.066 ,    0.000 ,  575.066 ,  575.066 ,    0.000 ,    0.000 ,  575.066 ,    0.000 ,        0 , 	)
  67 	 (   2 ,  480.000 ,  600.000 ,        0 ,   24.934 ,  600.000 ,    0.000 ,  600.000 ,  602.000 ,    0.000 ,   -0.000 ,  120.000 ,    4.535 ,        1 , 	)
 169 	 (   0 ,  575.000 ,  755.000 ,        0 ,  544.077 ,  664.077 ,    0.000 ,  664.077 ,  666.077 ,   62.077 ,   24.146 ,   89.077 ,    4.403 ,        2 , 	)
  60 	 (   4 ,  480.000 ,  720.000 ,        0 ,  606.777 ,  695.854 ,   24.146 ,  720.000 ,  724.000 ,    0.000 ,    0.000 ,  113.223 ,    2.617 ,        3 , 	)
 162 	 (   0 ,  599.000 ,  839.000 ,        0 ,  654.141 ,  767.364 ,    0.000 ,  767.364 ,  771.364 ,   43.364 ,   40.610 ,  113.223 ,   20.438 ,        4 , 	)
 102 	 (   2 ,  760.000 ,  928.429 ,        0 ,  669.653 ,  782.876 ,   22.873 ,  805.749 ,  807.749 ,    0.000 ,   17.737 ,   45.749 ,    2.586 ,        5 , 	)
  54 	 (   3 ,  780.000 ,  840.000 ,        0 ,  776.514 ,  822.263 ,    0.000 ,  822.263 ,  823.263 ,    0.000 ,   17.737 ,   42.263 ,    4.508 ,        6 , 	)
  30 	 (   7 ,  840.000 ,  960.000 ,        0 ,  797.737 ,  840.000 ,    0.000 ,  840.000 ,  844.000 ,    0.000 ,   19.159 ,    0.000 ,   18.177 ,        7 , 	)
 204 	 (   5 ,  839.000 ,  959.000 ,        0 ,  864.326 ,  864.326 ,    0.000 ,  864.326 ,  866.326 ,   56.577 ,   19.159 ,    0.000 ,    8.767 ,        8 , 	)
 132 	 (   1 ,  890.733 , 1089.000 ,        0 ,  901.500 ,  901.500 ,    0.000 ,  901.500 ,  905.500 ,   57.500 ,   19.159 ,    0.000 ,   16.502 ,        9 , 	)
 156 	 (   0 ,  824.059 ,  956.000 ,        0 ,  919.105 ,  919.105 ,    0.000 ,  919.105 ,  920.105 ,   95.841 ,   19.159 ,    0.000 ,  -25.368 ,       10 , 	)
 205 	 (   0 ,    0.000 , 1440.000 ,        0 ,  969.698 ,  969.698 ,    0.000 ,  969.698 ,  969.698 ,    0.000 ,  470.302 ,    0.000 ,    0.000 ,       11 , 	)

	20 sommets 
	values : ( Cost : 332.250 , TRT : 269.812 , TWT :   0.000 , TD : 580.519 )
	violations : ( VC :       0 , VTW :   0.000 , VTD :   0.000 , VTRT :   0.000 )
	cout global : (   0.000	 )
S(i)	 (   C ,     TW0 ,       TW1 ,       VTW ,       Min ,       A ,       W ,       B ,       D ,       L ,       F ,       E ,       Det ,       [Imp ,       Imp]	)
   0 	 (   0 ,    0.000 , 1440.000 ,        0 ,    0.000 ,  288.826 ,    0.000 ,  288.826 ,  288.826 ,    0.000 ,    5.506 ,  288.826 ,    0.000 ,        0 , 	)
  40 	 (   1 ,  300.000 ,  480.000 ,        0 ,   12.901 ,  301.726 ,    0.000 ,  301.726 ,  302.726 ,    0.000 ,    5.506 ,    1.726 ,    8.014 ,        1 , 	)
  34 	 (   2 ,  300.000 ,  480.000 ,        0 ,  306.155 ,  307.881 ,    0.000 ,  307.881 ,  308.881 ,    0.000 ,    5.506 ,    1.726 ,    0.741 ,        2 , 	)
  73 	 (   3 ,  240.000 ,  480.000 ,        0 ,  312.062 ,  313.788 ,    0.000 ,  313.788 ,  314.788 ,    0.000 ,    0.909 ,    1.726 ,   -0.224 ,        3 , 	)
  65 	 (   4 ,  240.000 ,  420.000 ,        0 ,  328.720 ,  330.447 ,    0.000 ,  330.447 ,  331.447 ,    0.000 ,    0.909 ,    1.726 ,    0.423 ,        4 , 	)
 175 	 (   3 ,  307.000 ,  547.000 ,        0 ,  339.757 ,  341.483 ,    0.000 ,  341.483 ,  342.483 ,   26.695 ,    0.909 ,    1.726 ,    2.755 ,        5 , 	)
 167 	 (   2 ,  306.000 ,  486.000 ,        0 ,  358.254 ,  359.980 ,    0.000 ,  359.980 ,  360.980 ,   28.534 ,    0.909 ,    1.726 ,    1.434 ,        6 , 	)
 142 	 (   1 ,  375.000 ,  615.000 ,        0 ,  373.274 ,  375.000 ,    0.000 ,  375.000 ,  376.000 ,   72.274 ,    0.909 ,    0.000 ,    2.276 ,        7 , 	)
  21 	 (   2 ,  265.000 ,  470.674 ,        0 ,  381.030 ,  381.030 ,    0.000 ,  381.030 ,  382.030 ,    0.000 ,    0.909 ,    0.000 ,    5.433 ,        8 , 	)
  56 	 (   3 ,  240.000 ,  480.000 ,        0 ,  401.840 ,  401.840 ,    0.000 ,  401.840 ,  402.840 ,    0.000 ,    0.909 ,    0.000 ,    0.000 ,        9 , 	)
  23 	 (   5 ,  300.000 ,  480.000 ,        0 ,  402.840 ,  402.840 ,    0.000 ,  402.840 ,  404.840 ,    0.000 ,    0.909 ,    0.000 ,    0.000 ,       10 , 	)
 125 	 (   3 ,  322.820 ,  524.000 ,        0 ,  425.660 ,  425.660 ,    0.000 ,  425.660 ,  427.660 ,   20.820 ,    0.909 ,    0.000 ,   -3.874 ,       11 , 	)
   2 	 (   4 ,  240.000 ,  480.000 ,        0 ,  436.388 ,  436.388 ,    0.000 ,  436.388 ,  437.388 ,    0.000 ,    0.909 ,    0.000 ,    8.120 ,       12 , 	)
 136 	 (   3 ,  432.000 ,  552.000 ,        0 ,  443.972 ,  443.972 ,    0.000 ,  443.972 ,  444.972 ,  135.091 ,    0.909 ,    0.000 ,    0.455 ,       13 , 	)
 104 	 (   2 ,  259.000 ,  499.000 ,        0 ,  448.293 ,  448.293 ,    0.000 ,  448.293 ,  449.293 ,   10.905 ,    5.506 ,    0.000 ,    4.174 ,       14 , 	)
  68 	 (   3 ,  240.000 ,  480.000 ,        0 ,  474.494 ,  474.494 ,    0.000 ,  474.494 ,  475.494 ,    0.000 ,    5.506 ,    0.000 ,    3.441 ,       15 , 	)
 123 	 (   2 ,  403.000 ,  523.000 ,        0 ,  483.286 ,  483.286 ,    0.000 ,  483.286 ,  484.286 ,  101.256 ,   24.179 ,    0.000 ,  -17.760 ,       16 , 	)
 158 	 (   1 ,  428.000 ,  608.000 ,        0 ,  512.456 ,  512.456 ,    0.000 ,  512.456 ,  513.456 ,  109.617 ,   24.179 ,    0.000 ,   22.448 ,       17 , 	)
 170 	 (   0 ,  335.000 ,  575.000 ,        0 ,  550.821 ,  550.821 ,    0.000 ,  550.821 ,  551.821 ,   75.327 ,   24.179 ,    0.000 ,    6.315 ,       18 , 	)
 205 	 (   0 ,    0.000 , 1440.000 ,        0 ,  558.638 ,  558.638 ,    0.000 ,  558.638 ,  558.638 ,    0.000 ,  881.362 ,    0.000 ,    0.000 ,       19 , 	)

	16 sommets 
	values : ( Cost : 398.963 , TRT : 387.134 , TWT :  45.162 , TD : 535.056 )
	violations : ( VC :       0 , VTW :   0.000 , VTD :   0.000 , VTRT :   0.000 )
	cout global : (   0.000	 )
S(i)	 (   C ,     TW0 ,       TW1 ,       VTW ,       Min ,       A ,       W ,       B ,       D ,       L ,       F ,       E ,       Det ,       [Imp ,       Imp]	)
   0 	 (   0 ,    0.000 , 1440.000 ,        0 ,    0.000 ,  586.941 ,    0.000 ,  586.941 ,  586.941 ,    0.000 ,    0.000 ,  586.941 ,    0.000 ,        0 , 	)
  13 	 (   2 ,  480.000 ,  600.000 ,        0 ,   11.577 ,  598.518 ,    0.000 ,  598.518 ,  600.518 ,    0.000 ,    0.000 ,  118.518 ,   16.789 ,        1 , 	)
 115 	 (   0 ,  530.706 ,  732.000 ,        0 ,  530.706 ,  649.224 ,    0.000 ,  649.224 ,  651.224 ,   48.706 ,    0.000 ,  118.518 ,   -3.187 ,        2 , 	)
  75 	 (   3 ,  489.000 ,  717.879 ,        0 ,  537.456 ,  655.974 ,    0.000 ,  655.974 ,  658.974 ,    0.000 ,    0.000 ,  118.518 ,    7.714 ,        3 , 	)
  86 	 (   4 ,  540.000 ,  720.000 ,        0 ,  587.583 ,  706.101 ,    0.000 ,  706.101 ,  707.101 ,    0.000 ,    0.000 ,  118.518 ,   25.984 ,        4 , 	)
  57 	 (   8 ,  720.000 ,  900.000 ,        0 ,  602.244 ,  720.762 ,    0.000 ,  720.762 ,  724.762 ,    0.000 ,    0.000 ,    0.762 ,   -3.679 ,        5 , 	)
 177 	 (   5 ,  570.000 ,  750.000 ,        0 ,  735.217 ,  735.979 ,    0.000 ,  735.979 ,  738.979 ,   77.005 ,    0.000 ,    0.762 ,    2.284 ,        6 , 	)
  28 	 (   8 ,  720.000 ,  960.000 ,        0 ,  746.805 ,  747.567 ,    0.000 ,  747.567 ,  750.567 ,    0.000 ,    0.000 ,    0.762 ,    9.435 ,        7 , 	)
 188 	 (   7 ,  656.000 ,  776.000 ,        0 ,  775.238 ,  776.000 ,    0.000 ,  776.000 ,  777.000 ,   68.899 ,    0.000 ,    0.762 ,    6.989 ,        8 , 	)
 130 	 (   4 ,  774.000 , 1014.000 ,        0 ,  783.995 ,  784.757 ,    0.000 ,  784.757 ,  787.757 ,   34.190 ,   35.810 ,    0.762 ,    4.945 ,        9 , 	)
  47 	 (   8 ,  720.000 ,  900.000 ,        0 ,  810.250 ,  811.012 ,   45.162 ,  856.174 ,  860.174 ,    0.000 ,   15.762 ,   45.924 ,    5.101 ,       10 , 	)
 159 	 (   4 ,  883.000 , 1003.000 ,        0 ,  837.076 ,  883.000 ,    0.000 ,  883.000 ,  887.000 ,  158.238 ,   15.762 ,    0.000 ,   37.474 ,       11 , 	)
  22 	 (   8 ,  780.000 ,  960.000 ,        0 ,  906.392 ,  906.392 ,    0.000 ,  906.392 ,  910.392 ,    0.000 ,   28.891 ,    0.000 ,   43.391 ,       12 , 	)
 124 	 (   4 ,  837.000 , 1076.000 ,        0 ,  952.302 ,  952.302 ,    0.000 ,  952.302 ,  956.302 ,   41.911 ,   28.891 ,    0.000 ,    4.538 ,       13 , 	)
 149 	 (   0 ,  824.000 , 1004.000 ,        0 ,  966.283 ,  966.283 ,    0.000 ,  966.283 ,  970.283 ,  106.109 ,   28.891 ,    0.000 ,    4.841 ,       14 , 	)
 205 	 (   0 ,    0.000 , 1440.000 ,        0 ,  974.075 ,  974.075 ,    0.000 ,  974.075 ,  974.075 ,    0.000 ,  465.925 ,    0.000 ,    0.000 ,       15 , 	)

	16 sommets 
	values : ( Cost : 449.036 , TRT : 404.637 , TWT :  33.016 , TD : 437.635 )
	violations : ( VC :       0 , VTW :   0.000 , VTD :   0.000 , VTRT :   0.000 )
	cout global : (   0.000	 )
S(i)	 (   C ,     TW0 ,       TW1 ,       VTW ,       Min ,       A ,       W ,       B ,       D ,       L ,       F ,       E ,       Det ,       [Imp ,       Imp]	)
   0 	 (   0 ,    0.000 , 1440.000 ,        0 ,    0.000 ,  309.228 ,    0.000 ,  309.228 ,  309.228 ,    0.000 ,    0.000 ,  309.228 ,    0.000 ,        0 , 	)
  12 	 (   4 ,  247.000 ,  480.000 ,        0 ,   40.453 ,  349.681 ,    0.000 ,  349.681 ,  353.681 ,    0.000 ,    0.000 ,  102.681 ,   31.920 ,        1 , 	)
  91 	 (   6 ,  360.000 ,  480.000 ,        0 ,  279.464 ,  382.145 ,    0.000 ,  382.145 ,  384.145 ,    0.000 ,    0.000 ,   22.145 ,    1.357 ,        2 , 	)
 114 	 (   2 ,  338.000 ,  518.000 ,        0 ,  367.569 ,  389.714 ,    0.000 ,  389.714 ,  393.714 ,   36.033 ,    0.000 ,   22.145 ,    3.323 ,        3 , 	)
 193 	 (   0 ,  373.165 ,  512.000 ,        0 ,  380.488 ,  402.633 ,    0.000 ,  402.633 ,  404.633 ,   18.488 ,    0.000 ,   22.145 ,    2.730 ,        4 , 	)
  99 	 (   4 ,  272.000 ,  459.116 ,        0 ,  428.389 ,  450.535 ,    0.000 ,  450.535 ,  454.535 ,    0.000 ,    0.000 ,   22.145 ,   46.850 ,        5 , 	)
  39 	 (   5 ,  240.000 ,  480.000 ,        0 ,  457.855 ,  480.000 ,    0.000 ,  480.000 ,  481.000 ,    0.000 ,    0.000 ,   22.145 ,    0.000 ,        6 , 	)
 201 	 (   1 ,  383.000 ,  503.000 ,        0 ,  473.274 ,  495.419 ,    0.000 ,  495.419 ,  499.419 ,   40.884 ,    7.581 ,   22.145 ,    1.959 ,        7 , 	)
   1 	 (   3 ,  480.000 ,  720.000 ,        0 ,  494.756 ,  516.901 ,    7.979 ,  524.880 ,  526.880 ,    0.000 ,    0.000 ,   30.124 ,   11.511 ,        8 , 	)
 141 	 (   2 ,  297.000 ,  537.000 ,        0 ,  506.876 ,  537.000 ,    0.000 ,  537.000 ,  538.000 ,   56.000 ,    0.000 ,   30.124 ,    4.261 ,        9 , 	)
  98 	 (   3 ,  540.000 ,  720.000 ,        0 ,  518.576 ,  548.700 ,   23.491 ,  572.191 ,  573.191 ,    0.000 ,    0.000 ,   32.191 ,   10.244 ,       10 , 	)
  44 	 (   6 ,  540.000 ,  720.000 ,        0 ,  555.691 ,  587.882 ,    0.000 ,  587.882 ,  590.882 ,    0.000 ,    0.000 ,   32.191 ,   16.134 ,       11 , 	)
 146 	 (   3 ,  587.000 ,  823.000 ,        0 ,  596.111 ,  628.302 ,    0.000 ,  628.302 ,  631.302 ,   37.420 ,    0.000 ,   32.191 ,    6.521 ,       12 , 	)
 103 	 (   1 ,  579.000 ,  819.000 ,        0 ,  625.689 ,  657.880 ,    0.000 ,  657.880 ,  659.880 ,  131.000 ,    0.000 ,   32.191 ,    6.066 ,       13 , 	)
 200 	 (   0 ,  691.000 ,  871.000 ,        0 ,  657.263 ,  689.454 ,    1.546 ,  691.000 ,  692.000 ,  117.809 ,   84.191 ,    0.000 ,  -12.835 ,       14 , 	)
 205 	 (   0 ,    0.000 , 1440.000 ,        0 ,  713.865 ,  713.865 ,    0.000 ,  713.865 ,  713.865 ,    0.000 ,  726.135 ,    0.000 ,    0.000 ,       15 , 	)

	6 sommets 
	values : ( Cost : 107.887 , TRT : 146.083 , TWT :  52.965 , TD :  56.511 )
	violations : ( VC :       0 , VTW :   0.000 , VTD :   0.000 , VTRT :   0.000 )
	cout global : (   0.000	 )
S(i)	 (   C ,     TW0 ,       TW1 ,       VTW ,       Min ,       A ,       W ,       B ,       D ,       L ,       F ,       E ,       Det ,       [Imp ,       Imp]	)
   0 	 (   0 ,    0.000 , 1440.000 ,        0 ,    0.000 ,  409.959 ,    0.000 ,  409.959 ,  409.959 ,    0.000 ,    0.000 ,  409.959 ,    0.000 ,        0 , 	)
  48 	 (   3 ,  360.000 ,  420.000 ,        0 ,   10.041 ,  420.000 ,    0.000 ,  420.000 ,  423.000 ,    0.000 ,    0.000 ,   60.000 ,   10.890 ,        1 , 	)
 150 	 (   0 ,  388.783 ,  492.000 ,        0 ,  388.783 ,  448.783 ,    0.000 ,  448.783 ,  451.783 ,   25.783 ,   43.217 ,   60.000 ,    2.977 ,        2 , 	)
  76 	 (   3 ,  480.000 ,  660.000 ,        0 ,  396.307 ,  456.307 ,   52.965 ,  509.271 ,  512.271 ,    0.000 ,  150.729 ,   29.271 ,    5.616 ,        3 , 	)
 178 	 (   0 ,  543.000 ,  723.000 ,        0 ,  513.729 ,  543.000 ,    0.000 ,  543.000 ,  546.000 ,   30.729 ,   51.271 ,    0.000 ,   14.176 ,        4 , 	)
 205 	 (   0 ,    0.000 , 1440.000 ,        0 ,  556.041 ,  556.041 ,    0.000 ,  556.041 ,  556.041 ,    0.000 ,  883.959 ,    0.000 ,    0.000 ,        5 , 	)

	24 sommets 
	values : ( Cost : 539.585 , TRT : 465.703 , TWT :   0.000 , TD : 612.344 )
	violations : ( VC :       0 , VTW :   0.000 , VTD :   0.000 , VTRT :   0.000 )
	cout global : (   0.000	 )
S(i)	 (   C ,     TW0 ,       TW1 ,       VTW ,       Min ,       A ,       W ,       B ,       D ,       L ,       F ,       E ,       Det ,       [Imp ,       Imp]	)
   0 	 (   0 ,    0.000 , 1440.000 ,        0 ,    0.000 ,  805.667 ,    0.000 ,  805.667 ,  805.667 ,    0.000 ,   18.625 ,  805.667 ,    0.000 ,        0 , 	)
  89 	 (   3 ,  780.000 ,  960.000 ,        0 ,   16.818 ,  822.485 ,    0.000 ,  822.485 ,  825.485 ,    0.000 ,   18.625 ,   42.485 ,   15.702 ,        1 , 	)
  52 	 (   7 ,  720.000 ,  900.000 ,        0 ,  792.547 ,  835.032 ,    0.000 ,  835.032 ,  839.032 ,    0.000 ,   18.625 ,   42.485 ,    3.305 ,        2 , 	)
 191 	 (   4 ,  837.000 , 1017.000 ,        0 ,  817.958 ,  860.443 ,    0.000 ,  860.443 ,  863.443 ,   34.958 ,   18.625 ,   23.443 ,   -0.645 ,        3 , 	)
 154 	 (   0 ,  748.980 ,  971.000 ,        0 ,  842.925 ,  866.368 ,    0.000 ,  866.368 ,  870.368 ,   27.335 ,   18.625 ,   23.443 ,    4.167 ,        4 , 	)
  45 	 (   4 ,  780.000 ,  960.000 ,        0 ,  851.308 ,  874.751 ,    0.000 ,  874.751 ,  878.751 ,    0.000 ,   18.625 ,   23.443 ,    0.174 ,        5 , 	)
  17 	 (   5 ,  840.000 ,  960.000 ,        0 ,  873.180 ,  896.623 ,    0.000 ,  896.623 ,  897.623 ,    0.000 ,   18.625 ,   23.443 ,    4.745 ,        6 , 	)
  51 	 (   6 ,  720.000 ,  960.000 ,        0 ,  881.065 ,  904.508 ,    0.000 ,  904.508 ,  905.508 ,    0.000 ,    3.279 ,   23.443 ,    2.180 ,        7 , 	)
  62 	 (   7 ,  720.000 ,  960.000 ,        0 ,  897.796 ,  921.239 ,    0.000 ,  921.239 ,  922.239 ,    0.000 ,    3.279 ,   23.443 ,    3.911 ,        8 , 	)
 147 	 (   3 ,  851.000 , 1091.000 ,        0 ,  905.337 ,  928.780 ,    0.000 ,  928.780 ,  932.780 ,   50.029 ,    3.279 ,   23.443 ,    0.653 ,        9 , 	)
 164 	 (   2 ,  747.000 ,  987.000 ,        0 ,  916.932 ,  940.375 ,    0.000 ,  940.375 ,  941.375 ,   18.136 ,    3.279 ,   23.443 ,    0.000 ,       10 , 	)
  79 	 (   3 ,  720.000 ,  960.000 ,        0 ,  917.932 ,  941.375 ,    0.000 ,  941.375 ,  942.375 ,    0.000 ,    3.279 ,   23.443 ,    0.000 ,       11 , 	)
 181 	 (   2 ,  754.000 ,  994.000 ,        0 ,  935.557 ,  959.000 ,    0.000 ,  959.000 ,  960.000 ,   16.625 ,    3.279 ,   23.443 ,    0.000 ,       12 , 	)
  83 	 (   6 ,  960.000 , 1200.000 ,        0 ,  936.557 ,  960.000 ,    0.000 ,  960.000 ,  964.000 ,    0.000 ,    3.279 ,    0.000 ,    0.000 ,       13 , 	)
 119 	 (   5 ,  872.100 , 1044.000 ,        0 ,  977.344 ,  977.344 ,    0.000 ,  977.344 ,  978.344 ,   79.721 ,    3.279 ,    0.000 ,   -2.082 ,       14 , 	)
 153 	 (   4 ,  888.000 , 1128.000 ,        0 , 1028.219 , 1028.219 ,    0.000 , 1028.219 , 1029.219 ,  122.711 ,   33.606 ,   -0.000 ,   -1.918 ,       15 , 	)
 185 	 (   0 , 1050.000 , 1290.000 ,        0 , 1050.644 , 1050.644 ,    0.000 , 1050.644 , 1054.644 ,   86.644 ,   33.606 ,   -0.000 ,   34.725 ,       16 , 	)
  78 	 (   4 ,  960.000 , 1200.000 ,        0 , 1086.319 , 1086.319 ,    0.000 , 1086.319 , 1090.319 ,    0.000 ,   33.606 ,   -0.000 ,   -2.880 ,       17 , 	)
  66 	 (   7 , 1020.000 , 1200.000 ,        0 , 1108.772 , 1108.772 ,    0.000 , 1108.772 , 1111.772 ,    0.000 ,   33.606 ,   -0.000 ,   33.517 ,       18 , 	)
 168 	 (   4 , 1055.000 , 1287.000 ,        0 , 1143.138 , 1143.138 ,    0.000 , 1143.138 , 1146.138 ,   31.366 ,   33.606 ,   -0.000 ,    2.125 ,       19 , 	)
  87 	 (   8 ,  960.000 , 1200.000 ,        0 , 1166.394 , 1166.394 ,    0.000 , 1166.394 , 1170.394 ,    0.000 ,   33.606 ,   -0.000 ,    0.271 ,       20 , 	)
 180 	 (   4 , 1064.000 , 1304.000 ,        0 , 1186.395 , 1186.395 ,    0.000 , 1186.395 , 1190.395 ,   96.077 ,   38.923 ,   -0.000 ,    2.184 ,       21 , 	)
 189 	 (   0 , 1048.000 , 1288.000 ,        0 , 1219.136 , 1219.136 ,    0.000 , 1219.136 , 1223.136 ,   48.742 ,   65.258 ,   -0.000 ,   27.302 ,       22 , 	)
 205 	 (   0 ,    0.000 , 1440.000 ,        0 , 1271.370 , 1271.370 ,    0.000 , 1271.370 , 1271.370 ,    0.000 ,  168.630 ,   -0.000 ,    0.000 ,       23 , 	)

	20 sommets 
	values : ( Cost : 496.454 , TRT : 413.274 , TWT :   0.000 , TD : 720.142 )
	violations : ( VC :       0 , VTW :   0.000 , VTD :   0.000 , VTRT :   0.000 )
	cout global : (   0.000	 )
S(i)	 (   C ,     TW0 ,       TW1 ,       VTW ,       Min ,       A ,       W ,       B ,       D ,       L ,       F ,       E ,       Det ,       [Imp ,       Imp]	)
   0 	 (   0 ,    0.000 , 1440.000 ,        0 ,    0.000 ,  250.186 ,    0.000 ,  250.186 ,  250.186 ,    0.000 ,    1.590 ,  250.186 ,    0.000 ,        0 , 	)
  69 	 (   2 ,  240.000 ,  300.000 ,        0 ,   42.413 ,  292.598 ,    0.000 ,  292.598 ,  294.598 ,    0.000 ,    1.590 ,   52.598 ,  -10.800 ,        1 , 	)
  80 	 (   6 ,  240.000 ,  480.000 ,        0 ,  278.915 ,  331.514 ,    0.000 ,  331.514 ,  335.514 ,    0.000 ,    1.590 ,   52.598 ,    6.500 ,        2 , 	)
  84 	 (   8 ,  240.000 ,  420.000 ,        0 ,  290.398 ,  342.997 ,    0.000 ,  342.997 ,  344.997 ,    0.000 ,    1.590 ,   52.598 ,   13.798 ,        3 , 	)
 171 	 (   6 ,  288.829 ,  427.000 ,        0 ,  325.997 ,  378.595 ,    0.000 ,  378.595 ,  380.595 ,   83.997 ,    1.590 ,   52.598 ,   17.461 ,        4 , 	)
 182 	 (   2 ,  293.000 ,  533.000 ,        0 ,  342.159 ,  394.758 ,    0.000 ,  394.758 ,  398.758 ,   59.244 ,    1.590 ,   52.598 ,    2.617 ,        5 , 	)
  88 	 (   5 ,  240.000 ,  480.000 ,        0 ,  363.047 ,  415.645 ,    0.000 ,  415.645 ,  418.645 ,    0.000 ,    1.590 ,   52.598 ,   18.604 ,        6 , 	)
   4 	 (   6 ,  256.000 ,  468.707 ,        0 ,  390.699 ,  443.298 ,    0.000 ,  443.298 ,  444.298 ,    0.000 ,    1.590 ,   52.598 ,    0.000 ,        7 , 	)
 186 	 (   4 ,  287.000 ,  524.000 ,        0 ,  391.699 ,  444.298 ,    0.000 ,  444.298 ,  446.298 ,   99.301 ,    1.590 ,   52.598 ,    0.000 ,        8 , 	)
  85 	 (   8 ,  360.000 ,  480.000 ,        0 ,  393.699 ,  446.298 ,    0.000 ,  446.298 ,  450.298 ,    0.000 ,    1.590 ,   52.598 ,    0.000 ,        9 , 	)
 106 	 (   7 ,  309.000 ,  489.000 ,        0 ,  416.992 ,  469.591 ,    0.000 ,  469.591 ,  470.591 ,   25.293 ,    1.590 ,   52.598 ,    4.855 ,       10 , 	)
  41 	 (   8 ,  300.000 ,  480.000 ,        0 ,  425.811 ,  478.410 ,    0.000 ,  478.410 ,  479.410 ,    0.000 ,    1.590 ,   52.598 ,    6.620 ,       11 , 	)
 187 	 (   4 ,  457.000 ,  577.000 ,        0 ,  453.923 ,  506.522 ,    0.000 ,  506.522 ,  510.522 ,   56.224 ,   26.099 ,   49.522 ,   37.743 ,       12 , 	)
  36 	 (   5 ,  487.000 ,  720.000 ,        0 ,  481.104 ,  530.626 ,    0.000 ,  530.626 ,  531.626 ,    0.000 ,   26.099 ,   43.626 ,    0.161 ,       13 , 	)
  50 	 (   7 ,  491.000 ,  714.786 ,        0 ,  491.160 ,  534.786 ,    0.000 ,  534.786 ,  536.786 ,    0.000 ,   26.099 ,   43.626 ,    2.259 ,       14 , 	)
 152 	 (   5 ,  563.000 ,  743.000 ,        0 ,  519.374 ,  563.000 ,    0.000 ,  563.000 ,  565.000 ,   26.214 ,   26.099 ,    0.000 ,   10.112 ,       15 , 	)
 138 	 (   4 ,  574.000 ,  754.000 ,        0 ,  582.000 ,  582.000 ,    0.000 ,  582.000 ,  583.000 ,   50.374 ,   26.099 ,    0.000 ,    4.514 ,       16 , 	)
 143 	 (   3 ,  409.000 ,  649.000 ,        0 ,  606.003 ,  606.003 ,    0.000 ,  606.003 ,  607.003 ,  126.593 ,   26.099 ,    0.000 ,    7.044 ,       17 , 	)
 190 	 (   0 ,  406.000 ,  646.000 ,        0 ,  611.546 ,  611.546 ,    0.000 ,  611.546 ,  614.546 ,  192.901 ,   26.099 ,    0.000 ,    0.683 ,       18 , 	)
 205 	 (   0 ,    0.000 , 1440.000 ,        0 ,  663.459 ,  663.459 ,    0.000 ,  663.459 ,  663.459 ,    0.000 ,  776.541 ,    0.000 ,    0.000 ,       19 , 	)

	16 sommets 
	values : ( Cost : 334.776 , TRT : 330.848 , TWT :  45.137 , TD : 313.158 )
	violations : ( VC :       0 , VTW :   0.000 , VTD :   0.000 , VTRT :   0.000 )
	cout global : (   0.000	 )
S(i)	 (   C ,     TW0 ,       TW1 ,       VTW ,       Min ,       A ,       W ,       B ,       D ,       L ,       F ,       E ,       Det ,       [Imp ,       Imp]	)
   0 	 (   0 ,    0.000 , 1440.000 ,        0 ,    0.000 ,  797.386 ,    0.000 ,  797.386 ,  797.386 ,    0.000 ,    0.000 ,  797.386 ,    0.000 ,        0 , 	)
  20 	 (   1 ,  728.000 ,  960.000 ,        0 ,   18.714 ,  816.099 ,    0.000 ,  816.099 ,  817.099 ,    0.000 ,    0.000 ,   88.099 ,   -2.271 ,        1 , 	)
 122 	 (   0 ,  814.000 ,  994.000 ,        0 ,  760.690 ,  848.789 ,    0.000 ,  848.789 ,  849.789 ,   31.690 ,    0.000 ,   34.789 ,   20.362 ,        2 , 	)
  35 	 (   1 ,  720.000 ,  960.000 ,        0 ,  870.820 ,  905.610 ,    0.000 ,  905.610 ,  906.610 ,    0.000 ,    0.000 ,   34.789 ,   13.272 ,        3 , 	)
  10 	 (   2 ,  813.000 ,  937.490 ,        0 ,  887.108 ,  921.898 ,    0.000 ,  921.898 ,  922.898 ,    0.000 ,    0.000 ,   34.789 ,    4.648 ,        4 , 	)
  59 	 (   6 ,  780.000 ,  960.000 ,        0 ,  894.906 ,  929.695 ,    0.000 ,  929.695 ,  933.695 ,    0.000 ,    0.000 ,   34.789 ,    7.392 ,        5 , 	)
  11 	 (   8 ,  780.000 ,  960.000 ,        0 ,  912.416 ,  947.205 ,    0.000 ,  947.205 ,  949.205 ,    0.000 ,    0.000 ,   34.789 ,    4.662 ,        6 , 	)
 161 	 (   4 ,  833.000 , 1013.000 ,        0 ,  935.589 ,  970.378 ,    0.000 ,  970.378 ,  974.378 ,   36.683 ,    0.000 ,   34.789 ,   -1.199 ,        7 , 	)
 112 	 (   3 ,  917.000 ,  977.000 ,        0 ,  942.211 ,  977.000 ,    0.000 ,  977.000 ,  978.000 ,   54.102 ,    0.000 ,   34.789 ,    0.698 ,        8 , 	)
 113 	 (   1 ,  810.495 , 1038.000 ,        0 ,  950.402 ,  985.192 ,    0.000 ,  985.192 ,  987.192 ,   35.986 ,   27.097 ,   34.789 ,    0.221 ,        9 , 	)
 137 	 (   0 ,  803.000 , 1043.000 ,        0 ,  955.723 ,  990.513 ,    0.000 ,  990.513 ,  991.513 ,   83.903 ,   27.097 ,   34.789 ,    6.187 ,       10 , 	)
  27 	 (   4 ,  960.000 , 1200.000 ,        0 ,  966.174 , 1000.963 ,   45.137 , 1046.100 , 1050.100 ,    0.000 ,  147.259 ,   79.926 ,    5.074 ,       11 , 	)
  14 	 (   8 ,  960.000 , 1200.000 ,        0 ,  972.814 , 1052.741 ,    0.000 , 1052.741 , 1056.741 ,    0.000 ,  110.100 ,   79.926 ,  -13.930 ,       12 , 	)
 116 	 (   4 , 1009.000 , 1249.000 ,        0 ,  999.708 , 1079.634 ,    0.000 , 1079.634 , 1083.634 ,   22.893 ,   38.107 ,   70.634 ,    0.213 ,       13 , 	)
 129 	 (   0 , 1098.000 , 1278.000 ,        0 , 1027.366 , 1098.000 ,    0.000 , 1098.000 , 1102.000 ,   47.900 ,  110.100 ,    0.000 ,    7.123 ,       14 , 	)
 205 	 (   0 ,    0.000 , 1440.000 ,        0 , 1128.234 , 1128.234 ,    0.000 , 1128.234 , 1128.234 ,    0.000 ,  311.766 ,    0.000 ,    0.000 ,       15 , 	)

	22 sommets 
	values : ( Cost : 526.155 , TRT : 437.605 , TWT :   0.000 , TD : 467.396 )
	violations : ( VC :       0 , VTW :   0.000 , VTD :   0.000 , VTRT :   0.000 )
	cout global : (   0.000	 )
S(i)	 (   C ,     TW0 ,       TW1 ,       VTW ,       Min ,       A ,       W ,       B ,       D ,       L ,       F ,       E ,       Det ,       [Imp ,       Imp]	)
   0 	 (   0 ,    0.000 , 1440.000 ,        0 ,    0.000 ,  702.139 ,    0.000 ,  702.139 ,  702.139 ,    0.000 ,    1.610 ,  702.139 ,    0.000 ,        0 , 	)
  29 	 (   1 ,  720.000 ,  900.000 ,        0 ,   44.988 ,  747.127 ,    0.000 ,  747.127 ,  748.127 ,    0.000 ,    1.610 ,   27.127 ,   -6.553 ,        1 , 	)
 131 	 (   0 ,  778.000 , 1018.000 ,        0 ,  764.944 ,  792.071 ,    0.000 ,  792.071 ,  793.071 ,   43.944 ,    1.610 ,   14.071 ,    1.853 ,        2 , 	)
  93 	 (   1 ,  767.000 ,  855.965 ,        0 ,  791.021 ,  805.092 ,    0.000 ,  805.092 ,  806.092 ,    0.000 ,    1.610 ,   14.071 ,   13.693 ,        3 , 	)
 195 	 (   0 ,  814.000 ,  874.000 ,        0 ,  809.056 ,  823.126 ,    0.000 ,  823.126 ,  824.126 ,   17.035 ,    1.610 ,    9.126 ,    9.456 ,        4 , 	)
   3 	 (   3 ,  789.000 ,  957.801 ,        0 ,  824.141 ,  833.267 ,    0.000 ,  833.267 ,  836.267 ,    0.000 ,    1.610 ,    9.126 ,    0.454 ,        5 , 	)
  97 	 (   4 ,  720.000 ,  840.000 ,        0 ,  829.264 ,  838.390 ,    0.000 ,  838.390 ,  839.390 ,    0.000 ,    1.610 ,    9.126 ,   -0.465 ,        6 , 	)
  19 	 (   8 ,  720.000 ,  960.000 ,        0 ,  836.438 ,  845.564 ,    0.000 ,  845.564 ,  849.564 ,    0.000 ,   13.157 ,    9.126 ,    0.004 ,        7 , 	)
 105 	 (   5 ,  870.000 ,  990.000 ,        0 ,  860.874 ,  870.000 ,    0.000 ,  870.000 ,  873.000 ,   33.733 ,   13.157 ,    0.000 ,   14.969 ,        8 , 	)
 121 	 (   1 ,  770.000 , 1010.000 ,        0 ,  891.186 ,  891.186 ,    0.000 ,  891.186 ,  895.186 ,   41.623 ,   13.157 ,    0.000 ,    1.405 ,        9 , 	)
 199 	 (   0 ,  749.460 ,  917.000 ,        0 ,  902.082 ,  902.082 ,    0.000 ,  902.082 ,  903.082 ,   62.692 ,   13.157 ,    0.000 ,    6.417 ,       10 , 	)
  71 	 (   4 ,  780.000 ,  960.000 ,        0 ,  926.344 ,  926.344 ,    0.000 ,  926.344 ,  930.344 ,    0.000 ,   13.157 ,    0.000 ,    2.025 ,       11 , 	)
  49 	 (   8 ,  720.000 ,  960.000 ,        0 ,  946.843 ,  946.843 ,    0.000 ,  946.843 ,  950.843 ,    0.000 ,    3.797 ,    0.000 ,   30.221 ,       12 , 	)
 151 	 (   4 ,  800.000 , 1040.000 ,        0 ,  989.547 ,  989.547 ,    0.000 ,  989.547 ,  993.547 ,   38.705 ,    3.797 ,    0.000 ,    0.000 ,       13 , 	)
 173 	 (   0 ,  808.982 , 1031.000 ,        0 ,  993.547 ,  993.547 ,    0.000 ,  993.547 ,  997.547 ,   63.203 ,    3.797 ,    0.000 ,    0.000 ,       14 , 	)
  63 	 (   1 ,  960.000 , 1140.000 ,        0 , 1011.366 , 1011.366 ,    0.000 , 1011.366 , 1012.366 ,    0.000 ,   93.193 ,    0.000 ,   22.591 ,       15 , 	)
  18 	 (   2 , 1020.000 , 1140.000 ,        0 , 1046.807 , 1046.807 ,    0.000 , 1046.807 , 1047.807 ,    0.000 ,   41.520 ,    0.000 ,   36.199 ,       16 , 	)
  16 	 (   3 , 1020.000 , 1200.000 ,        0 , 1075.731 , 1075.731 ,    0.000 , 1075.731 , 1076.731 ,    0.000 ,   41.520 ,    0.000 ,    2.684 ,       17 , 	)
 120 	 (   2 , 1060.000 , 1235.000 ,        0 , 1086.700 , 1086.700 ,    0.000 , 1086.700 , 1087.700 ,   38.893 ,   31.911 ,    0.000 ,   -1.498 ,       18 , 	)
 118 	 (   1 , 1057.000 , 1237.000 ,        0 , 1094.820 , 1094.820 ,    0.000 , 1094.820 , 1095.820 ,   18.089 ,   31.911 ,   -0.000 ,    0.260 ,       19 , 	)
 165 	 (   0 , 1043.000 , 1283.000 ,        0 , 1121.847 , 1121.847 ,    0.000 , 1121.847 , 1122.847 ,  109.480 ,   41.520 ,   -0.000 ,    9.311 ,       20 , 	)
 205 	 (   0 ,    0.000 , 1440.000 ,        0 , 1139.744 , 1139.744 ,    0.000 , 1139.744 , 1139.744 ,    0.000 ,  300.256 ,   -0.000 ,    0.000 ,       21 , 	)

	14 sommets 
	values : ( Cost : 384.249 , TRT : 308.909 , TWT :   0.000 , TD : 311.880 )
	violations : ( VC :       0 , VTW :   0.000 , VTD :   0.000 , VTRT :   0.000 )
	cout global : (   0.000	 )
S(i)	 (   C ,     TW0 ,       TW1 ,       VTW ,       Min ,       A ,       W ,       B ,       D ,       L ,       F ,       E ,       Det ,       [Imp ,       Imp]	)
   0 	 (   0 ,    0.000 , 1440.000 ,        0 ,    0.000 ,  171.865 ,    0.000 ,  171.865 ,  171.865 ,    0.000 ,   14.260 ,  171.865 ,    0.000 ,        0 , 	)
   9 	 (   1 ,  240.000 ,  360.000 ,        0 ,  111.526 ,  283.390 ,    0.000 ,  283.390 ,  284.390 ,    0.000 ,   14.260 ,   43.390 ,   29.855 ,        1 , 	)
  55 	 (   3 ,  300.000 ,  420.000 ,        0 ,  256.610 ,  300.000 ,    0.000 ,  300.000 ,  302.000 ,    0.000 ,   14.260 ,    0.000 ,    2.711 ,        2 , 	)
 111 	 (   2 ,  266.426 ,  463.000 ,        0 ,  314.527 ,  314.527 ,    0.000 ,  314.527 ,  315.527 ,   30.137 ,   14.260 ,    0.000 ,    6.156 ,        3 , 	)
  94 	 (   4 ,  240.000 ,  420.000 ,        0 ,  328.428 ,  328.428 ,    0.000 ,  328.428 ,  330.428 ,    0.000 ,   14.260 ,    0.000 ,    0.000 ,        4 , 	)
  37 	 (   5 ,  240.000 ,  420.000 ,        0 ,  330.428 ,  330.428 ,    0.000 ,  330.428 ,  331.428 ,    0.000 ,   14.260 ,    0.000 ,    0.000 ,        5 , 	)
   5 	 (   6 ,  240.000 ,  360.000 ,        0 ,  341.422 ,  341.422 ,    0.000 ,  341.422 ,  342.422 ,    0.000 ,    6.822 ,    0.000 ,    1.549 ,        6 , 	)
 157 	 (   4 ,  350.000 ,  527.000 ,        0 ,  356.842 ,  356.842 ,    0.000 ,  356.842 ,  358.842 ,   54.842 ,    6.822 ,    0.000 ,   17.834 ,        7 , 	)
 139 	 (   3 ,  264.196 ,  483.000 ,        0 ,  386.606 ,  386.606 ,    0.000 ,  386.606 ,  387.606 ,   55.178 ,    6.822 ,    0.000 ,    3.920 ,        8 , 	)
 107 	 (   2 ,  267.702 ,  433.000 ,        0 ,  393.740 ,  393.740 ,    0.000 ,  393.740 ,  394.740 ,   51.318 ,   14.260 ,    0.000 ,    0.613 ,        9 , 	)
   6 	 (   5 ,  286.000 ,  439.339 ,        0 ,  420.444 ,  420.444 ,    0.000 ,  420.444 ,  423.444 ,    0.000 ,   14.260 ,    0.000 ,   -0.026 ,       10 , 	)
 196 	 (   3 ,  308.000 ,  548.000 ,        0 ,  426.536 ,  426.536 ,    0.000 ,  426.536 ,  428.536 ,   96.108 ,   14.260 ,    0.000 ,    2.635 ,       11 , 	)
 108 	 (   0 ,  342.000 ,  462.000 ,        0 ,  447.740 ,  447.740 ,    0.000 ,  447.740 ,  450.740 ,   24.296 ,   14.260 ,    0.000 ,   -3.437 ,       12 , 	)
 205 	 (   0 ,    0.000 , 1440.000 ,        0 ,  480.774 ,  480.774 ,    0.000 ,  480.774 ,  480.774 ,    0.000 ,  959.226 ,    0.000 ,    0.000 ,       13 , 	)
