12
	VALUE ALL : ( Cost : 2924.305 , TRT : 3163.689 , TWT : 554.963 , TD : 5474.718 )
	VIOLATIONS TOTAL : ( VC :       0 , VTW :   0.000 , VTD :   0.000 , VTRT :   0.000 )
 	COUT_ALL : (   0.002 )  T2B:   46801

	24 sommets 
	values : ( Cost : 258.665 , TRT : 230.485 , TWT :   0.000 , TD : 594.420 )
	violations : ( VC :       0 , VTW :   0.000 , VTD :   0.000 , VTRT :   0.000 )
	cout global : (   0.000	 )
S(i)	 (   C ,     TW0 ,       TW1 ,       VTW ,       Min ,       A ,       W ,       B ,       D ,       L ,       F ,       E ,       Det ,       [Imp ,       Imp]	)
   0 	 (   0 ,    0.000 , 1440.000 ,        0 ,    0.000 ,  263.097 ,    0.000 ,  263.097 ,  263.097 ,    0.000 ,   14.245 ,  263.097 ,    0.000 ,        0 , 	)
  21 	 (   1 ,  240.000 ,  360.000 ,        0 ,   13.535 ,  276.632 ,    0.000 ,  276.632 ,  277.632 ,    0.000 ,   14.245 ,   36.632 ,    0.000 ,        1 , 	)
  81 	 (   2 ,  240.000 ,  480.000 ,        0 ,  241.000 ,  277.632 ,    0.000 ,  277.632 ,  278.632 ,    0.000 ,   14.245 ,   36.632 ,    0.000 ,        2 , 	)
  28 	 (   3 ,  262.000 ,  459.730 ,        0 ,  251.291 ,  287.923 ,    0.000 ,  287.923 ,  288.923 ,    0.000 ,   14.245 ,   25.923 ,   -3.023 ,        3 , 	)
  90 	 (   6 ,  240.000 ,  480.000 ,        0 ,  271.663 ,  297.586 ,    0.000 ,  297.586 ,  300.586 ,    0.000 ,    3.815 ,   25.923 ,   10.915 ,        4 , 	)
 123 	 (   5 ,  291.000 ,  471.000 ,        0 ,  287.185 ,  313.108 ,    0.000 ,  313.108 ,  314.108 ,   24.185 ,    3.815 ,   22.108 ,    2.141 ,        5 , 	)
  67 	 (   7 ,  253.000 ,  472.364 ,        0 ,  295.615 ,  317.723 ,    0.000 ,  317.723 ,  319.723 ,    0.000 ,   14.245 ,   22.108 ,   -2.073 ,        6 , 	)
  50 	 (   8 ,  252.000 ,  473.864 ,        0 ,  306.465 ,  328.574 ,    0.000 ,  328.574 ,  329.574 ,    0.000 ,   14.245 ,   22.108 ,    2.654 ,        7 , 	)
 185 	 (   5 ,  331.000 ,  571.000 ,        0 ,  321.671 ,  343.780 ,    0.000 ,  343.780 ,  346.780 ,   43.193 ,   14.245 ,   12.780 ,    0.000 ,        8 , 	)
  19 	 (   8 ,  301.000 ,  431.741 ,        0 ,  334.000 ,  346.780 ,    0.000 ,  346.780 ,  349.780 ,    0.000 ,   14.245 ,   12.780 ,    0.000 ,        9 , 	)
 162 	 (   6 ,  318.000 ,  498.000 ,        0 ,  345.832 ,  358.612 ,    0.000 ,  358.612 ,  360.612 ,   38.889 ,    0.025 ,   12.780 ,    4.959 ,       10 , 	)
 145 	 (   5 ,  320.000 ,  500.000 ,        0 ,  353.902 ,  366.682 ,    0.000 ,  366.682 ,  367.682 ,   37.108 ,    0.025 ,   12.780 ,   -1.988 ,       11 , 	)
 116 	 (   4 ,  321.000 ,  501.000 ,        0 ,  367.220 ,  380.000 ,    0.000 ,  380.000 ,  381.000 ,  102.368 ,    0.025 ,   12.780 ,    0.000 ,       12 , 	)
 176 	 (   3 ,  381.000 ,  561.000 ,        0 ,  368.220 ,  381.000 ,    0.000 ,  381.000 ,  382.000 ,  102.368 ,    0.025 ,    0.000 ,    0.000 ,       13 , 	)
  20 	 (   4 ,  240.000 ,  480.000 ,        0 ,  396.869 ,  396.869 ,    0.000 ,  396.869 ,  397.869 ,    0.000 ,    0.025 ,    0.000 ,    2.954 ,       14 , 	)
  87 	 (   5 ,  274.000 ,  455.322 ,        0 ,  416.053 ,  416.053 ,    0.000 ,  416.053 ,  417.053 ,    0.000 ,    0.025 ,    0.000 ,   -1.226 ,       15 , 	)
 115 	 (   4 ,  289.000 ,  529.000 ,        0 ,  422.230 ,  422.230 ,    0.000 ,  422.230 ,  423.230 ,   24.361 ,    0.025 ,    0.000 ,    3.392 ,       16 , 	)
  36 	 (   7 ,  300.000 ,  480.000 ,        0 ,  425.906 ,  425.906 ,    0.000 ,  425.906 ,  428.906 ,    0.000 ,    0.025 ,    0.000 ,    0.000 ,       17 , 	)
   9 	 (   8 ,  240.000 ,  480.000 ,        0 ,  428.906 ,  428.906 ,    0.000 ,  428.906 ,  429.906 ,    0.000 ,    0.025 ,    0.000 ,    0.000 ,       18 , 	)
 131 	 (   5 ,  318.149 ,  524.000 ,        0 ,  445.055 ,  445.055 ,    0.000 ,  445.055 ,  448.055 ,   16.149 ,    0.025 ,    0.000 ,    6.445 ,       19 , 	)
 182 	 (   4 ,  373.000 ,  493.000 ,        0 ,  461.755 ,  461.755 ,    0.000 ,  461.755 ,  462.755 ,   44.702 ,    0.025 ,    0.000 ,    0.000 ,       20 , 	)
 114 	 (   1 ,  417.000 ,  477.000 ,        0 ,  462.755 ,  462.755 ,    0.000 ,  462.755 ,  465.755 ,  112.975 ,    0.025 ,    0.000 ,    0.000 ,       21 , 	)
 104 	 (   0 ,  287.000 ,  527.000 ,        0 ,  478.028 ,  478.028 ,    0.000 ,  478.028 ,  479.028 ,   48.122 ,   14.878 ,    0.000 ,    0.998 ,       22 , 	)
 191 	 (   0 ,    0.000 , 1440.000 ,        0 ,  493.582 ,  493.582 ,    0.000 ,  493.582 ,  493.582 ,    0.000 ,  946.418 ,    0.000 ,    0.000 ,       23 , 	)

	16 sommets 
	values : ( Cost : 166.931 , TRT : 153.512 , TWT :   0.000 , TD : 405.459 )
	violations : ( VC :       0 , VTW :   0.000 , VTD :   0.000 , VTRT :   0.000 )
	cout global : (   0.000	 )
S(i)	 (   C ,     TW0 ,       TW1 ,       VTW ,       Min ,       A ,       W ,       B ,       D ,       L ,       F ,       E ,       Det ,       [Imp ,       Imp]	)
   0 	 (   0 ,    0.000 , 1440.000 ,        0 ,    0.000 ,  749.774 ,    0.000 ,  749.774 ,  749.774 ,    0.000 ,   57.506 ,  749.774 ,    0.000 ,        0 , 	)
  73 	 (   1 ,  727.000 ,  960.000 ,        0 ,    2.371 ,  752.145 ,    0.000 ,  752.145 ,  753.145 ,    0.000 ,   57.506 ,   25.145 ,    1.847 ,        1 , 	)
   8 	 (   2 ,  720.000 ,  900.000 ,        0 ,  730.269 ,  755.414 ,    0.000 ,  755.414 ,  756.414 ,    0.000 ,   12.298 ,   25.145 ,    0.065 ,        2 , 	)
  80 	 (   6 ,  720.000 ,  960.000 ,        0 ,  734.295 ,  759.440 ,    0.000 ,  759.440 ,  763.440 ,    0.000 ,   12.298 ,   25.145 ,    5.602 ,        3 , 	)
 175 	 (   2 ,  773.000 , 1013.000 ,        0 ,  763.160 ,  788.305 ,    0.000 ,  788.305 ,  792.305 ,   24.865 ,   12.298 ,   15.305 ,   -0.000 ,        4 , 	)
  10 	 (   3 ,  720.000 ,  900.000 ,        0 ,  779.928 ,  795.233 ,    0.000 ,  795.233 ,  796.233 ,    0.000 ,   12.298 ,   15.305 ,    4.293 ,        5 , 	)
  43 	 (   7 ,  720.000 ,  960.000 ,        0 ,  793.849 ,  809.154 ,    0.000 ,  809.154 ,  813.154 ,    0.000 ,   12.298 ,   15.305 ,   -0.420 ,        6 , 	)
  86 	 (   8 ,  747.000 ,  939.114 ,        0 ,  802.484 ,  817.789 ,    0.000 ,  817.789 ,  818.789 ,    0.000 ,   12.298 ,   15.305 ,    0.129 ,        7 , 	)
 168 	 (   7 ,  816.000 ,  996.000 ,        0 ,  813.542 ,  828.847 ,    0.000 ,  828.847 ,  829.847 ,   75.702 ,   12.298 ,   12.847 ,    3.275 ,        8 , 	)
 103 	 (   6 ,  765.000 , 1001.000 ,        0 ,  825.813 ,  838.660 ,    0.000 ,  838.660 ,  839.660 ,   82.246 ,   17.754 ,   12.847 ,    4.291 ,        9 , 	)
  23 	 (   8 ,  720.000 ,  900.000 ,        0 ,  829.647 ,  842.494 ,    0.000 ,  842.494 ,  844.494 ,    0.000 ,   24.403 ,   12.847 ,   -1.174 ,       10 , 	)
 105 	 (   7 ,  855.000 , 1095.000 ,        0 ,  842.153 ,  855.000 ,    0.000 ,  855.000 ,  856.000 ,   58.767 ,   24.403 ,    0.000 ,   -2.029 ,       11 , 	)
 118 	 (   5 ,  779.000 ,  959.000 ,        0 ,  872.362 ,  872.362 ,    0.000 ,  872.362 ,  874.362 ,   27.868 ,   24.403 ,    0.000 ,   -4.880 ,       12 , 	)
 181 	 (   4 ,  844.000 ,  964.000 ,        0 ,  882.203 ,  882.203 ,    0.000 ,  882.203 ,  883.203 ,   63.414 ,   24.403 ,    0.000 ,    1.098 ,       13 , 	)
 138 	 (   0 ,  796.000 , 1036.000 ,        0 ,  885.751 ,  885.751 ,    0.000 ,  885.751 ,  889.751 ,   72.597 ,   24.403 ,    0.000 ,    3.519 ,       14 , 	)
 191 	 (   0 ,    0.000 , 1440.000 ,        0 ,  903.286 ,  903.286 ,    0.000 ,  903.286 ,  903.286 ,    0.000 ,  536.714 ,    0.000 ,    0.000 ,       15 , 	)

	12 sommets 
	values : ( Cost : 205.901 , TRT : 178.813 , TWT :   0.000 , TD : 248.690 )
	violations : ( VC :       0 , VTW :   0.000 , VTD :   0.000 , VTRT :   0.000 )
	cout global : (   0.000	 )
S(i)	 (   C ,     TW0 ,       TW1 ,       VTW ,       Min ,       A ,       W ,       B ,       D ,       L ,       F ,       E ,       Det ,       [Imp ,       Imp]	)
   0 	 (   0 ,    0.000 , 1440.000 ,        0 ,    0.000 ,  908.479 ,    0.000 ,  908.479 ,  908.479 ,    0.000 ,    2.077 ,  908.479 ,    0.000 ,        0 , 	)
  69 	 (   1 ,  821.000 ,  924.832 ,        0 ,   11.281 ,  919.760 ,    0.000 ,  919.760 ,  920.760 ,    0.000 ,    2.077 ,   98.760 ,    2.335 ,        1 , 	)
  55 	 (   4 ,  720.000 ,  960.000 ,        0 ,  832.968 ,  931.729 ,    0.000 ,  931.729 ,  934.729 ,    0.000 ,    2.077 ,   98.760 ,   -0.006 ,        2 , 	)
 164 	 (   3 ,  892.000 ,  952.000 ,        0 ,  851.162 ,  949.923 ,    0.000 ,  949.923 ,  950.923 ,   29.162 ,    2.077 ,   57.923 ,    1.238 ,        3 , 	)
  17 	 (   5 ,  780.000 ,  960.000 ,        0 ,  898.050 ,  955.972 ,    0.000 ,  955.972 ,  957.972 ,    0.000 ,    4.028 ,   57.923 ,    4.949 ,        4 , 	)
  34 	 (   7 ,  960.000 , 1140.000 ,        0 ,  909.051 ,  966.974 ,    0.000 ,  966.974 ,  968.974 ,    0.000 ,    8.908 ,    6.974 ,   12.891 ,        5 , 	)
 129 	 (   5 ,  992.000 , 1232.000 ,        0 ,  985.026 ,  992.000 ,    0.000 ,  992.000 ,  994.000 ,   23.026 ,    8.908 ,    0.000 ,   -9.020 ,        6 , 	)
 150 	 (   2 ,  837.000 , 1017.000 ,        0 , 1008.092 , 1008.092 ,    0.000 , 1008.092 , 1011.092 ,   73.363 ,    8.908 ,    0.000 ,   -1.332 ,        7 , 	)
  51 	 (   6 ,  969.000 , 1198.421 ,        0 , 1028.002 , 1028.002 ,    0.000 , 1028.002 , 1032.002 ,    0.000 ,   16.314 ,    0.000 ,   32.409 ,        8 , 	)
 112 	 (   4 ,  886.000 , 1066.000 ,        0 , 1049.686 , 1049.686 ,    0.000 , 1049.686 , 1051.686 ,   91.714 ,   16.314 ,   -0.000 ,   -0.155 ,        9 , 	)
 146 	 (   0 , 1052.000 , 1232.000 ,        0 , 1063.426 , 1063.426 ,    0.000 , 1063.426 , 1067.426 ,   31.424 ,   47.576 ,   -0.000 ,    4.743 ,       10 , 	)
 191 	 (   0 ,    0.000 , 1440.000 ,        0 , 1087.292 , 1087.292 ,    0.000 , 1087.292 , 1087.292 ,    0.000 ,  352.708 ,   -0.000 ,    0.000 ,       11 , 	)

	14 sommets 
	values : ( Cost : 242.142 , TRT : 470.553 , TWT : 256.491 , TD : 355.454 )
	violations : ( VC :       0 , VTW :   0.000 , VTD :   0.000 , VTRT :   0.000 )
	cout global : (   0.000	 )
S(i)	 (   C ,     TW0 ,       TW1 ,       VTW ,       Min ,       A ,       W ,       B ,       D ,       L ,       F ,       E ,       Det ,       [Imp ,       Imp]	)
   0 	 (   0 ,    0.000 , 1440.000 ,        0 ,    0.000 ,  342.798 ,    0.000 ,  342.798 ,  342.798 ,    0.000 ,    0.000 ,  342.798 ,    0.000 ,        0 , 	)
  70 	 (   3 ,  277.000 ,  392.038 ,        0 ,    4.610 ,  347.408 ,    0.000 ,  347.408 ,  350.408 ,    0.000 ,    0.000 ,   70.408 ,    6.689 ,        1 , 	)
 165 	 (   0 ,  368.000 ,  428.000 ,        0 ,  312.962 ,  383.370 ,    0.000 ,  383.370 ,  386.370 ,   32.962 ,    0.000 ,   15.370 ,    0.000 ,        2 , 	)
   1 	 (   2 ,  251.000 ,  416.824 ,        0 ,  371.000 ,  386.370 ,    0.000 ,  386.370 ,  388.370 ,    0.000 ,    0.000 ,   15.370 ,    0.000 ,        3 , 	)
   5 	 (   5 ,  240.000 ,  480.000 ,        0 ,  385.711 ,  401.081 ,    0.000 ,  401.081 ,  404.081 ,    0.000 ,    0.000 ,   15.370 ,    6.898 ,        4 , 	)
  95 	 (   8 ,  240.000 ,  420.000 ,        0 ,  404.630 ,  420.000 ,    0.000 ,  420.000 ,  423.000 ,    0.000 ,    0.000 ,   15.370 ,    3.223 ,        5 , 	)
  96 	 (   6 ,  326.000 ,  446.000 ,        0 ,  416.969 ,  432.339 ,    0.000 ,  432.339 ,  434.339 ,   43.969 ,   13.661 ,   15.370 ,    1.527 ,        6 , 	)
  12 	 (   7 ,  360.000 ,  480.000 ,        0 ,  424.908 ,  440.278 ,   39.722 ,  480.000 ,  481.000 ,    0.000 ,    0.000 ,   55.092 ,   -0.847 ,        7 , 	)
 100 	 (   4 ,  362.000 ,  542.000 ,        0 ,  443.658 ,  498.750 ,    0.000 ,  498.750 ,  501.750 ,   94.668 ,    8.623 ,   55.092 ,    8.159 ,        8 , 	)
 190 	 (   1 ,  290.000 ,  527.000 ,        0 ,  463.286 ,  518.377 ,    0.000 ,  518.377 ,  521.377 ,   95.377 ,    8.623 ,   55.092 ,    1.649 ,        9 , 	)
 107 	 (   0 ,  469.000 ,  589.000 ,        0 ,  482.331 ,  537.423 ,    0.000 ,  537.423 ,  538.423 ,   56.423 ,   51.577 ,   55.092 ,   15.370 ,       10 , 	)
  41 	 (   4 ,  720.000 ,  900.000 ,        0 ,  492.084 ,  547.176 ,  216.769 ,  763.945 ,  767.945 ,    0.000 ,  136.055 ,   43.945 ,   -1.842 ,       11 , 	)
 136 	 (   0 ,  800.000 , 1040.000 ,        0 ,  756.055 ,  800.000 ,    0.000 ,  800.000 ,  804.000 ,   32.055 ,  138.945 ,    0.000 ,    7.817 ,       12 , 	)
 191 	 (   0 ,    0.000 , 1440.000 ,        0 ,  813.351 ,  813.351 ,    0.000 ,  813.351 ,  813.351 ,    0.000 ,  626.649 ,    0.000 ,    0.000 ,       13 , 	)

	16 sommets 
	values : ( Cost : 159.707 , TRT : 152.080 , TWT :   0.000 , TD : 281.443 )
	violations : ( VC :       0 , VTW :   0.000 , VTD :   0.000 , VTRT :   0.000 )
	cout global : (   0.000	 )
S(i)	 (   C ,     TW0 ,       TW1 ,       VTW ,       Min ,       A ,       W ,       B ,       D ,       L ,       F ,       E ,       Det ,       [Imp ,       Imp]	)
   0 	 (   0 ,    0.000 , 1440.000 ,        0 ,    0.000 ,  280.987 ,    0.000 ,  280.987 ,  280.987 ,    0.000 ,   46.747 ,  280.987 ,    0.000 ,        0 , 	)
  33 	 (   2 ,  240.000 ,  420.000 ,        0 ,    2.944 ,  283.931 ,    0.000 ,  283.931 ,  285.931 ,    0.000 ,   46.747 ,   43.931 ,    1.867 ,        1 , 	)
  89 	 (   3 ,  300.000 ,  480.000 ,        0 ,  256.069 ,  300.000 ,    0.000 ,  300.000 ,  301.000 ,    0.000 ,   23.603 ,    0.000 ,   12.811 ,        2 , 	)
  56 	 (   5 ,  300.000 ,  480.000 ,        0 ,  317.842 ,  317.842 ,    0.000 ,  317.842 ,  319.842 ,    0.000 ,   23.603 ,    0.000 ,   -4.831 ,        3 , 	)
 128 	 (   3 ,  267.834 ,  491.000 ,        0 ,  331.328 ,  331.328 ,    0.000 ,  331.328 ,  333.328 ,   45.397 ,   19.421 ,    0.000 ,    0.000 ,        4 , 	)
  11 	 (   7 ,  240.000 ,  420.000 ,        0 ,  333.328 ,  333.328 ,    0.000 ,  333.328 ,  337.328 ,    0.000 ,   19.421 ,    0.000 ,    0.000 ,        5 , 	)
 184 	 (   6 ,  334.000 ,  566.000 ,        0 ,  340.657 ,  340.657 ,    0.000 ,  340.657 ,  341.657 ,   39.657 ,   19.421 ,    0.000 ,   -4.162 ,        6 , 	)
 106 	 (   2 ,  288.000 ,  468.000 ,        0 ,  350.814 ,  350.814 ,    0.000 ,  350.814 ,  354.814 ,   13.486 ,   19.421 ,    0.000 ,    0.685 ,        7 , 	)
  35 	 (   3 ,  300.000 ,  480.000 ,        0 ,  358.065 ,  358.065 ,    0.000 ,  358.065 ,  359.065 ,    0.000 ,   19.421 ,    0.000 ,    0.471 ,        8 , 	)
  40 	 (   7 ,  240.000 ,  480.000 ,        0 ,  367.387 ,  367.387 ,    0.000 ,  367.387 ,  371.387 ,    0.000 ,   19.421 ,    0.000 ,    0.371 ,        9 , 	)
 151 	 (   5 ,  330.098 ,  557.000 ,        0 ,  375.421 ,  375.421 ,    0.000 ,  375.421 ,  377.421 ,   55.579 ,   19.421 ,    0.000 ,   -0.776 ,       10 , 	)
  94 	 (   7 ,  343.000 ,  443.756 ,        0 ,  386.865 ,  386.865 ,    0.000 ,  386.865 ,  388.865 ,    0.000 ,   23.906 ,    0.000 ,    5.017 ,       11 , 	)
 135 	 (   3 ,  296.000 ,  536.000 ,        0 ,  403.230 ,  403.230 ,    0.000 ,  403.230 ,  407.230 ,   31.843 ,   23.906 ,    0.000 ,    3.053 ,       12 , 	)
 130 	 (   2 ,  364.000 ,  544.000 ,        0 ,  420.159 ,  420.159 ,    0.000 ,  420.159 ,  421.159 ,   61.094 ,   23.906 ,    0.000 ,    2.432 ,       13 , 	)
 189 	 (   0 ,  410.000 ,  470.000 ,        0 ,  423.253 ,  423.253 ,    0.000 ,  423.253 ,  425.253 ,   34.387 ,   30.613 ,    0.000 ,   -0.449 ,       14 , 	)
 191 	 (   0 ,    0.000 , 1440.000 ,        0 ,  433.068 ,  433.068 ,    0.000 ,  433.068 ,  433.068 ,    0.000 , 1006.932 ,    0.000 ,    0.000 ,       15 , 	)

	12 sommets 
	values : ( Cost : 166.152 , TRT : 157.926 , TWT :   5.000 , TD : 255.371 )
	violations : ( VC :       0 , VTW :   0.000 , VTD :   0.000 , VTRT :   0.000 )
	cout global : (   0.000	 )
S(i)	 (   C ,     TW0 ,       TW1 ,       VTW ,       Min ,       A ,       W ,       B ,       D ,       L ,       F ,       E ,       Det ,       [Imp ,       Imp]	)
   0 	 (   0 ,    0.000 , 1440.000 ,        0 ,    0.000 ,  819.450 ,    0.000 ,  819.450 ,  819.450 ,    0.000 ,    0.000 ,  819.450 ,    0.000 ,        0 , 	)
  39 	 (   3 ,  780.000 ,  960.000 ,        0 ,   11.186 ,  830.636 ,    0.000 ,  830.636 ,  833.636 ,    0.000 ,    0.000 ,   50.636 ,    3.532 ,        1 , 	)
  42 	 (   7 ,  840.000 ,  900.000 ,        0 ,  790.681 ,  841.317 ,    0.000 ,  841.317 ,  845.317 ,    0.000 ,    0.000 ,    1.317 ,    5.725 ,        2 , 	)
  88 	 (   8 ,  780.000 ,  960.000 ,        0 ,  853.029 ,  854.347 ,    0.000 ,  854.347 ,  855.347 ,    0.000 ,    0.000 ,    1.317 ,    4.757 ,        3 , 	)
 137 	 (   4 ,  866.917 ,  965.000 ,        0 ,  872.674 ,  873.992 ,    0.000 ,  873.992 ,  877.992 ,   28.674 ,    0.000 ,    1.317 ,   10.596 ,        4 , 	)
  63 	 (   7 ,  840.000 ,  900.000 ,        0 ,  898.683 ,  900.000 ,    0.000 ,  900.000 ,  903.000 ,    0.000 ,    0.000 ,    1.317 ,    0.000 ,        5 , 	)
 134 	 (   4 ,  908.000 , 1028.000 ,        0 ,  901.683 ,  903.000 ,    5.000 ,  908.000 ,  911.000 ,   74.364 ,    7.141 ,    0.000 ,    0.000 ,        6 , 	)
 183 	 (   3 ,  807.448 , 1032.000 ,        0 ,  919.206 ,  919.206 ,    0.000 ,  919.206 ,  920.206 ,   63.859 ,    7.141 ,    0.000 ,    0.474 ,        7 , 	)
  37 	 (   6 ,  720.000 ,  960.000 ,        0 ,  933.557 ,  933.557 ,    0.000 ,  933.557 ,  936.557 ,    0.000 ,   26.443 ,    0.000 ,    4.844 ,        8 , 	)
 132 	 (   3 ,  819.000 ,  999.000 ,        0 ,  961.468 ,  961.468 ,    0.000 ,  961.468 ,  964.468 ,   24.911 ,   37.532 ,    0.000 ,    3.162 ,        9 , 	)
 158 	 (   0 ,  883.032 , 1010.000 ,        0 ,  966.562 ,  966.562 ,    0.000 ,  966.562 ,  969.562 ,   63.562 ,   43.438 ,    0.000 ,   -0.449 ,       10 , 	)
 191 	 (   0 ,    0.000 , 1440.000 ,        0 ,  977.377 ,  977.377 ,    0.000 ,  977.377 ,  977.377 ,    0.000 ,  462.623 ,    0.000 ,    0.000 ,       11 , 	)

	24 sommets 
	values : ( Cost : 372.082 , TRT : 382.945 , TWT :  51.184 , TD : 649.256 )
	violations : ( VC :       0 , VTW :   0.000 , VTD :   0.000 , VTRT :   0.000 )
	cout global : (   0.000	 )
S(i)	 (   C ,     TW0 ,       TW1 ,       VTW ,       Min ,       A ,       W ,       B ,       D ,       L ,       F ,       E ,       Det ,       [Imp ,       Imp]	)
   0 	 (   0 ,    0.000 , 1440.000 ,        0 ,    0.000 ,  859.680 ,    0.000 ,  859.680 ,  859.680 ,    0.000 ,    0.000 ,  859.680 ,    0.000 ,        0 , 	)
  91 	 (   1 ,  720.000 ,  900.000 ,        0 ,    7.025 ,  866.705 ,    0.000 ,  866.705 ,  867.705 ,    0.000 ,    0.000 ,  146.705 ,    1.318 ,        1 , 	)
   2 	 (   4 ,  840.000 ,  960.000 ,        0 ,  728.776 ,  875.480 ,    0.000 ,  875.480 ,  878.480 ,    0.000 ,    0.000 ,   35.480 ,    3.781 ,        2 , 	)
 186 	 (   3 ,  740.000 ,  920.000 ,        0 ,  850.561 ,  886.041 ,    0.000 ,  886.041 ,  887.041 ,   18.337 ,    0.000 ,   35.480 ,    2.781 ,        3 , 	)
  22 	 (   5 ,  720.000 ,  900.000 ,        0 ,  864.520 ,  900.000 ,    0.000 ,  900.000 ,  902.000 ,    0.000 ,    0.000 ,   35.480 ,    5.432 ,        4 , 	)
  14 	 (   8 ,  723.000 ,  960.000 ,        0 ,  870.697 ,  906.177 ,    5.225 ,  911.402 ,  914.402 ,    0.000 ,    0.000 ,   40.705 ,   -1.198 ,        5 , 	)
 117 	 (   6 ,  741.000 ,  921.000 ,        0 ,  880.295 ,  921.000 ,    0.000 ,  921.000 ,  923.000 ,   19.000 ,    0.000 ,   40.705 ,   -0.650 ,        6 , 	)
 109 	 (   3 ,  829.000 , 1009.000 ,        0 ,  913.513 ,  954.218 ,    0.000 ,  954.218 ,  957.218 ,   39.816 ,   43.432 ,   40.705 ,    7.908 ,        7 , 	)
  97 	 (   0 ,  908.000 , 1088.000 ,        0 ,  922.343 ,  963.048 ,    0.000 ,  963.048 ,  966.048 ,   84.568 ,   43.432 ,   40.705 ,    0.000 ,        8 , 	)
  38 	 (   1 ,  960.000 , 1140.000 ,        0 ,  925.343 ,  966.048 ,   45.959 , 1012.008 , 1013.008 ,    0.000 ,    7.914 ,   52.008 ,    0.000 ,        9 , 	)
  27 	 (   5 ,  970.000 , 1197.118 ,        0 ,  961.000 , 1013.008 ,    0.000 , 1013.008 , 1017.008 ,    0.000 ,    7.914 ,   43.008 ,    0.000 ,       10 , 	)
  85 	 (   6 ,  960.000 , 1140.000 ,        0 ,  997.836 , 1040.844 ,    0.000 , 1040.844 , 1041.844 ,    0.000 ,    7.914 ,   43.008 ,    3.111 ,       11 , 	)
 122 	 (   2 , 1049.000 , 1229.000 ,        0 , 1005.992 , 1049.000 ,    0.000 , 1049.000 , 1053.000 ,   31.992 ,    4.331 ,    0.000 ,   -4.441 ,       12 , 	)
  65 	 (   5 ,  960.000 , 1200.000 ,        0 , 1069.877 , 1069.877 ,    0.000 , 1069.877 , 1072.877 ,    0.000 ,    4.331 ,    0.000 ,   19.146 ,       13 , 	)
  30 	 (   8 ,  971.000 , 1195.376 ,        0 , 1086.241 , 1086.241 ,    0.000 , 1086.241 , 1089.241 ,    0.000 ,    4.331 ,    0.000 ,    4.956 ,       14 , 	)
 125 	 (   5 , 1045.000 , 1225.000 ,        0 , 1115.865 , 1115.865 ,    0.000 , 1115.865 , 1118.865 ,   26.624 ,    4.331 ,    0.000 ,    1.977 ,       15 , 	)
 180 	 (   4 ,  999.000 , 1233.000 ,        0 , 1129.513 , 1129.513 ,    0.000 , 1129.513 , 1130.513 ,   87.669 ,    4.331 ,    0.000 ,    1.944 ,       16 , 	)
  44 	 (   8 , 1080.000 , 1200.000 ,        0 , 1142.014 , 1142.014 ,    0.000 , 1142.014 , 1146.014 ,    0.000 ,    7.914 ,    0.000 ,   11.335 ,       17 , 	)
 133 	 (   7 , 1107.000 , 1347.000 ,        0 , 1161.356 , 1161.356 ,    0.000 , 1161.356 , 1162.356 ,  148.349 ,    7.914 ,   -0.000 ,    1.072 ,       18 , 	)
 160 	 (   4 , 1104.000 , 1284.000 ,        0 , 1172.635 , 1172.635 ,    0.000 , 1172.635 , 1175.635 ,   99.757 ,    7.914 ,   -0.000 ,   13.349 ,       19 , 	)
  59 	 (   5 ,  960.000 , 1200.000 ,        0 , 1192.086 , 1192.086 ,    0.000 , 1192.086 , 1193.086 ,    0.000 ,    7.914 ,   -0.000 ,    2.780 ,       20 , 	)
 139 	 (   1 , 1124.000 , 1364.000 ,        0 , 1203.567 , 1203.567 ,    0.000 , 1203.567 , 1207.567 ,   57.553 ,   19.324 ,   -0.000 ,    7.727 ,       21 , 	)
 154 	 (   0 , 1008.000 , 1248.000 ,        0 , 1228.676 , 1228.676 ,    0.000 , 1228.676 , 1229.676 ,   35.590 ,   19.324 ,   -0.000 ,   12.771 ,       22 , 	)
 191 	 (   0 ,    0.000 , 1440.000 ,        0 , 1242.625 , 1242.625 ,    0.000 , 1242.625 , 1242.625 ,    0.000 ,  197.375 ,   -0.000 ,    0.000 ,       23 , 	)

	20 sommets 
	values : ( Cost : 301.588 , TRT : 278.005 , TWT :  17.247 , TD : 678.486 )
	violations : ( VC :       0 , VTW :   0.000 , VTD :   0.000 , VTRT :   0.000 )
	cout global : (   0.000	 )
S(i)	 (   C ,     TW0 ,       TW1 ,       VTW ,       Min ,       A ,       W ,       B ,       D ,       L ,       F ,       E ,       Det ,       [Imp ,       Imp]	)
   0 	 (   0 ,    0.000 , 1440.000 ,        0 ,    0.000 ,  634.392 ,    0.000 ,  634.392 ,  634.392 ,    0.000 ,    0.000 ,  634.392 ,    0.000 ,        0 , 	)
  46 	 (   2 ,  480.000 ,  720.000 ,        0 ,    6.902 ,  641.295 ,    0.000 ,  641.295 ,  643.295 ,    0.000 ,    0.000 ,  161.295 ,    4.143 ,        1 , 	)
  77 	 (   4 ,  480.000 ,  660.000 ,        0 ,  498.705 ,  660.000 ,    0.000 ,  660.000 ,  662.000 ,    0.000 ,    0.000 ,  161.295 ,    0.000 ,        2 , 	)
   4 	 (   5 ,  540.000 ,  720.000 ,        0 ,  500.705 ,  662.000 ,   17.247 ,  679.247 ,  680.247 ,    0.000 ,    9.770 ,  139.247 ,    0.000 ,        3 , 	)
  32 	 (   6 ,  480.000 ,  720.000 ,        0 ,  552.876 ,  692.123 ,    0.000 ,  692.123 ,  693.123 ,    0.000 ,    9.770 ,  139.247 ,   -1.116 ,        4 , 	)
  99 	 (   5 ,  604.000 ,  784.000 ,        0 ,  572.988 ,  712.235 ,    0.000 ,  712.235 ,  713.235 ,   31.988 ,    9.770 ,  108.235 ,    0.735 ,        5 , 	)
 127 	 (   4 ,  594.000 ,  774.000 ,        0 ,  611.860 ,  720.095 ,    0.000 ,  720.095 ,  721.095 ,   26.972 ,    9.770 ,  108.235 ,    4.395 ,        6 , 	)
  93 	 (   6 ,  720.000 ,  960.000 ,        0 ,  635.439 ,  743.674 ,    0.000 ,  743.674 ,  745.674 ,    0.000 ,    9.770 ,   23.674 ,    3.998 ,        7 , 	)
  24 	 (   8 ,  720.000 ,  900.000 ,        0 ,  725.381 ,  749.055 ,    0.000 ,  749.055 ,  751.055 ,    0.000 ,    9.770 ,   23.674 ,    2.250 ,        8 , 	)
 172 	 (   6 ,  590.000 ,  770.000 ,        0 ,  736.556 ,  760.230 ,    0.000 ,  760.230 ,  762.230 ,   98.230 ,    9.770 ,   23.674 ,    7.478 ,        9 , 	)
 141 	 (   4 ,  615.000 ,  855.000 ,        0 ,  747.342 ,  771.016 ,    0.000 ,  771.016 ,  773.016 ,  127.721 ,   54.491 ,   23.674 ,    4.289 ,       10 , 	)
  47 	 (   8 ,  720.000 ,  960.000 ,        0 ,  754.965 ,  778.638 ,    0.000 ,  778.638 ,  782.638 ,    0.000 ,   54.491 ,   23.674 ,    0.036 ,       11 , 	)
 188 	 (   6 ,  822.000 , 1062.000 ,        0 ,  802.509 ,  826.183 ,    0.000 ,  826.183 ,  828.183 ,   80.509 ,   54.491 ,    4.183 ,    0.000 ,       12 , 	)
  64 	 (   7 ,  720.000 ,  900.000 ,        0 ,  824.000 ,  828.183 ,    0.000 ,  828.183 ,  829.183 ,    0.000 ,   71.817 ,    4.183 ,    0.000 ,       13 , 	)
 119 	 (   5 ,  820.000 , 1060.000 ,        0 ,  860.932 ,  865.114 ,    0.000 ,  865.114 ,  867.114 ,  114.059 ,   63.474 ,    4.183 ,    0.329 ,       14 , 	)
  26 	 (   7 ,  720.000 ,  960.000 ,        0 ,  866.347 ,  870.529 ,    0.000 ,  870.529 ,  872.529 ,    0.000 ,   63.474 ,    4.183 ,    0.525 ,       15 , 	)
 142 	 (   3 ,  880.000 , 1060.000 ,        0 ,  875.817 ,  880.000 ,    0.000 ,  880.000 ,  884.000 ,   97.362 ,    4.881 ,    0.000 ,   11.192 ,       16 , 	)
 159 	 (   2 ,  820.000 , 1000.000 ,        0 ,  899.708 ,  899.708 ,    0.000 ,  899.708 ,  900.708 ,   70.526 ,    4.881 ,    0.000 ,    1.423 ,       17 , 	)
 121 	 (   0 ,  748.000 ,  988.000 ,        0 ,  903.648 ,  903.648 ,    0.000 ,  903.648 ,  905.648 ,   31.119 ,    4.881 ,    0.000 ,    2.622 ,       18 , 	)
 191 	 (   0 ,    0.000 , 1440.000 ,        0 ,  912.397 ,  912.397 ,    0.000 ,  912.397 ,  912.397 ,    0.000 ,  527.603 ,    0.000 ,    0.000 ,       19 , 	)

	20 sommets 
	values : ( Cost : 262.274 , TRT : 259.783 , TWT :  30.584 , TD : 528.203 )
	violations : ( VC :       0 , VTW :   0.000 , VTD :   0.000 , VTRT :   0.000 )
	cout global : (   0.000	 )
S(i)	 (   C ,     TW0 ,       TW1 ,       VTW ,       Min ,       A ,       W ,       B ,       D ,       L ,       F ,       E ,       Det ,       [Imp ,       Imp]	)
   0 	 (   0 ,    0.000 , 1440.000 ,        0 ,    0.000 ,  343.547 ,    0.000 ,  343.547 ,  343.547 ,    0.000 ,    0.000 ,  343.547 ,    0.000 ,        0 , 	)
  52 	 (   1 ,  310.000 ,  477.492 ,        0 ,    2.206 ,  345.753 ,    0.000 ,  345.753 ,  346.753 ,    0.000 ,    0.000 ,   35.753 ,   -2.995 ,        1 , 	)
   7 	 (   3 ,  260.000 ,  418.208 ,        0 ,  319.075 ,  354.828 ,    0.000 ,  354.828 ,  356.828 ,    0.000 ,    0.000 ,   35.753 ,   15.586 ,        2 , 	)
  92 	 (   4 ,  360.000 ,  480.000 ,        0 ,  338.798 ,  374.550 ,    0.000 ,  374.550 ,  375.550 ,    0.000 ,    0.000 ,   14.550 ,   -3.249 ,        3 , 	)
   3 	 (   7 ,  300.000 ,  480.000 ,        0 ,  376.191 ,  390.741 ,    0.000 ,  390.741 ,  393.741 ,    0.000 ,    0.000 ,   14.550 ,   -0.590 ,        4 , 	)
 187 	 (   6 ,  390.829 ,  561.000 ,        0 ,  393.239 ,  407.789 ,    0.000 ,  407.789 ,  408.789 ,   32.239 ,    0.000 ,   14.550 ,    2.834 ,        5 , 	)
 147 	 (   5 ,  387.000 ,  507.000 ,        0 ,  400.495 ,  415.045 ,    0.000 ,  415.045 ,  416.045 ,   68.292 ,    0.000 ,   14.550 ,    8.435 ,        6 , 	)
  18 	 (   8 ,  263.000 ,  457.019 ,        0 ,  410.023 ,  424.574 ,    0.000 ,  424.574 ,  427.574 ,    0.000 ,    0.000 ,   14.550 ,   -0.415 ,        7 , 	)
 113 	 (   5 ,  288.000 ,  468.000 ,        0 ,  421.005 ,  435.555 ,    0.000 ,  435.555 ,  438.555 ,    7.981 ,    0.000 ,   14.550 ,    6.258 ,        8 , 	)
 102 	 (   3 ,  419.000 ,  479.000 ,        0 ,  443.010 ,  457.560 ,    0.000 ,  457.560 ,  459.560 ,  100.732 ,    0.000 ,   14.550 ,   19.893 ,        9 , 	)
  98 	 (   0 ,  378.000 ,  558.000 ,        0 ,  459.008 ,  473.558 ,    0.000 ,  473.558 ,  476.558 ,   79.817 ,    0.000 ,   14.550 ,   -0.127 ,       10 , 	)
  53 	 (   1 ,  300.000 ,  480.000 ,        0 ,  465.450 ,  480.000 ,    0.000 ,  480.000 ,  481.000 ,    0.000 ,    0.000 ,   14.550 ,    3.017 ,       11 , 	)
  84 	 (   3 ,  480.000 ,  660.000 ,        0 ,  473.798 ,  488.348 ,   30.584 ,  518.932 ,  520.932 ,    0.000 ,   39.823 ,   38.932 ,    0.282 ,       12 , 	)
  83 	 (   5 ,  480.000 ,  720.000 ,        0 ,  485.998 ,  524.930 ,    0.000 ,  524.930 ,  526.930 ,    0.000 ,    8.547 ,   38.932 ,    5.545 ,       13 , 	)
  61 	 (   6 ,  540.000 ,  720.000 ,        0 ,  501.934 ,  540.866 ,    0.000 ,  540.866 ,  541.866 ,    0.000 ,    8.547 ,    0.866 ,   -8.574 ,       14 , 	)
 148 	 (   5 ,  359.000 ,  599.000 ,        0 ,  558.311 ,  559.177 ,    0.000 ,  559.177 ,  560.177 ,   78.177 ,    8.547 ,    0.866 ,   -1.866 ,       15 , 	)
 156 	 (   4 ,  568.502 ,  795.000 ,        0 ,  567.635 ,  568.502 ,    0.000 ,  568.502 ,  569.502 ,   26.635 ,    8.547 ,    0.000 ,    6.080 ,       16 , 	)
 178 	 (   2 ,  575.000 ,  815.000 ,        0 ,  583.806 ,  583.806 ,    0.000 ,  583.806 ,  585.806 ,   56.876 ,    8.547 ,    0.000 ,   18.918 ,       17 , 	)
 179 	 (   0 ,  515.000 ,  748.000 ,        0 ,  598.386 ,  598.386 ,    0.000 ,  598.386 ,  600.386 ,   77.453 ,    8.547 ,    0.000 ,    2.247 ,       18 , 	)
 191 	 (   0 ,    0.000 , 1440.000 ,        0 ,  603.329 ,  603.329 ,    0.000 ,  603.329 ,  603.329 ,    0.000 ,  836.671 ,    0.000 ,    0.000 ,       19 , 	)

	16 sommets 
	values : ( Cost : 190.355 , TRT : 179.124 , TWT :   0.000 , TD : 331.161 )
	violations : ( VC :       0 , VTW :   0.000 , VTD :   0.000 , VTRT :   0.000 )
	cout global : (   0.000	 )
S(i)	 (   C ,     TW0 ,       TW1 ,       VTW ,       Min ,       A ,       W ,       B ,       D ,       L ,       F ,       E ,       Det ,       [Imp ,       Imp]	)
   0 	 (   0 ,    0.000 , 1440.000 ,        0 ,    0.000 ,  802.190 ,    0.000 ,  802.190 ,  802.190 ,    0.000 ,    0.131 ,  802.190 ,    0.000 ,        0 , 	)
  74 	 (   4 ,  720.000 ,  900.000 ,        0 ,    7.067 ,  809.257 ,    0.000 ,  809.257 ,  813.257 ,    0.000 ,    0.131 ,   89.257 ,    8.074 ,        1 , 	)
  31 	 (   5 ,  780.000 ,  960.000 ,        0 ,  734.091 ,  823.348 ,    0.000 ,  823.348 ,  824.348 ,    0.000 ,    0.131 ,   43.348 ,    0.465 ,        2 , 	)
   6 	 (   6 ,  780.000 ,  960.000 ,        0 ,  791.474 ,  834.823 ,    0.000 ,  834.823 ,  835.823 ,    0.000 ,    0.131 ,   43.348 ,   -4.075 ,        3 , 	)
 101 	 (   5 ,  809.177 , 1036.000 ,        0 ,  820.652 ,  864.000 ,    0.000 ,  864.000 ,  865.000 ,   28.177 ,    0.131 ,   43.348 ,    0.000 ,        4 , 	)
 126 	 (   4 ,  865.000 , 1045.000 ,        0 ,  821.652 ,  865.000 ,    0.000 ,  865.000 ,  866.000 ,   40.652 ,    0.131 ,    0.000 ,    0.000 ,        5 , 	)
 169 	 (   0 ,  794.000 , 1034.000 ,        0 ,  871.902 ,  871.902 ,    0.000 ,  871.902 ,  875.902 ,   58.645 ,    0.131 ,    0.000 ,    1.902 ,        6 , 	)
  75 	 (   2 ,  720.000 ,  960.000 ,        0 ,  879.502 ,  879.502 ,    0.000 ,  879.502 ,  881.502 ,    0.000 ,    0.131 ,    0.000 ,    2.904 ,        7 , 	)
  25 	 (   4 ,  780.000 ,  900.000 ,        0 ,  883.399 ,  883.399 ,    0.000 ,  883.399 ,  885.399 ,    0.000 ,    0.131 ,    0.000 ,    0.000 ,        8 , 	)
  60 	 (   8 ,  720.000 ,  900.000 ,        0 ,  885.399 ,  885.399 ,    0.000 ,  885.399 ,  889.399 ,    0.000 ,    0.131 ,    0.000 ,    0.000 ,        9 , 	)
 155 	 (   4 ,  769.000 ,  949.000 ,        0 ,  912.041 ,  912.041 ,    0.000 ,  912.041 ,  916.041 ,   22.641 ,    0.131 ,    0.000 ,    5.592 ,       10 , 	)
  66 	 (   8 ,  759.000 ,  928.450 ,        0 ,  924.802 ,  924.802 ,    0.000 ,  924.802 ,  928.802 ,    0.000 ,    0.131 ,    0.000 ,   -1.415 ,       11 , 	)
 170 	 (   6 ,  859.000 , 1039.000 ,        0 ,  943.813 ,  943.813 ,    0.000 ,  943.813 ,  945.813 ,   62.311 ,    0.131 ,    0.000 ,    1.517 ,       12 , 	)
 161 	 (   2 ,  842.000 ,  962.000 ,        0 ,  961.869 ,  961.869 ,    0.000 ,  961.869 ,  965.869 ,   33.068 ,    0.131 ,    0.000 ,    5.017 ,       13 , 	)
 120 	 (   0 ,  826.955 , 1022.000 ,        0 ,  971.066 ,  971.066 ,    0.000 ,  971.066 ,  973.066 ,   85.667 ,   34.333 ,    0.000 ,    2.551 ,       14 , 	)
 191 	 (   0 ,    0.000 , 1440.000 ,        0 ,  981.314 ,  981.314 ,    0.000 ,  981.314 ,  981.314 ,    0.000 ,  458.686 ,    0.000 ,    0.000 ,       15 , 	)

	14 sommets 
	values : ( Cost : 201.372 , TRT : 351.453 , TWT : 172.046 , TD : 336.011 )
	violations : ( VC :       0 , VTW :   0.000 , VTD :   0.000 , VTRT :   0.000 )
	cout global : (   0.000	 )
S(i)	 (   C ,     TW0 ,       TW1 ,       VTW ,       Min ,       A ,       W ,       B ,       D ,       L ,       F ,       E ,       Det ,       [Imp ,       Imp]	)
   0 	 (   0 ,    0.000 , 1440.000 ,        0 ,    0.000 ,  579.709 ,    0.000 ,  579.709 ,  579.709 ,    0.000 ,    0.000 ,  579.709 ,    0.000 ,        0 , 	)
  78 	 (   2 ,  480.000 ,  720.000 ,        0 ,    2.371 ,  582.080 ,    0.000 ,  582.080 ,  584.080 ,    0.000 ,    0.000 ,  102.080 ,   -1.169 ,        1 , 	)
  76 	 (   5 ,  480.000 ,  600.000 ,        0 ,  497.920 ,  600.000 ,    0.000 ,  600.000 ,  603.000 ,    0.000 ,    0.000 ,  102.080 ,    8.572 ,        2 , 	)
  58 	 (   6 ,  540.000 ,  720.000 ,        0 ,  517.281 ,  619.361 ,   17.046 ,  636.407 ,  637.407 ,    0.000 ,    0.000 ,   96.407 ,    4.034 ,        3 , 	)
 153 	 (   5 ,  566.623 ,  790.000 ,        0 ,  566.623 ,  663.030 ,    0.000 ,  663.030 ,  664.030 ,   25.623 ,    0.000 ,   96.407 ,  -15.474 ,        4 , 	)
 171 	 (   2 ,  572.000 ,  692.000 ,        0 ,  574.729 ,  671.135 ,    0.000 ,  671.135 ,  674.135 ,   68.135 ,    0.000 ,   96.407 ,    0.940 ,        5 , 	)
 173 	 (   0 ,  553.000 ,  793.000 ,        0 ,  583.673 ,  680.080 ,    0.000 ,  680.080 ,  682.080 ,   96.000 ,    0.000 ,   96.407 ,    1.971 ,        6 , 	)
  79 	 (   3 ,  840.000 ,  960.000 ,        0 ,  588.593 ,  685.000 ,  155.000 ,  840.000 ,  843.000 ,    0.000 ,   18.511 ,    0.000 ,   -0.496 ,        7 , 	)
  71 	 (   6 ,  720.000 ,  960.000 ,        0 ,  857.964 ,  857.964 ,    0.000 ,  857.964 ,  860.964 ,    0.000 ,   15.044 ,    0.000 ,   22.430 ,        8 , 	)
  13 	 (   8 ,  720.000 ,  900.000 ,        0 ,  881.489 ,  881.489 ,    0.000 ,  881.489 ,  883.489 ,    0.000 ,   15.044 ,    0.000 ,    3.449 ,        9 , 	)
 108 	 (   6 ,  772.000 ,  952.000 ,        0 ,  898.781 ,  898.781 ,    0.000 ,  898.781 ,  900.781 ,   15.292 ,   15.044 ,    0.000 ,    2.543 ,       10 , 	)
 166 	 (   3 ,  852.000 , 1032.000 ,        0 ,  908.968 ,  908.968 ,    0.000 ,  908.968 ,  911.968 ,   48.004 ,   15.044 ,    0.000 ,    5.877 ,       11 , 	)
 174 	 (   0 ,  879.568 , 1061.000 ,        0 ,  925.956 ,  925.956 ,    0.000 ,  925.956 ,  928.956 ,   82.956 ,   15.044 ,    0.000 ,    3.244 ,       12 , 	)
 191 	 (   0 ,    0.000 , 1440.000 ,        0 ,  931.162 ,  931.162 ,    0.000 ,  931.162 ,  931.162 ,    0.000 ,  508.838 ,    0.000 ,    0.000 ,       13 , 	)

	26 sommets 
	values : ( Cost : 397.136 , TRT : 369.010 , TWT :  22.411 , TD : 810.765 )
	violations : ( VC :       0 , VTW :   0.000 , VTD :   0.000 , VTRT :   0.000 )
	cout global : (   0.000	 )
S(i)	 (   C ,     TW0 ,       TW1 ,       VTW ,       Min ,       A ,       W ,       B ,       D ,       L ,       F ,       E ,       Det ,       [Imp ,       Imp]	)
   0 	 (   0 ,    0.000 , 1440.000 ,        0 ,    0.000 ,  229.804 ,    0.000 ,  229.804 ,  229.804 ,    0.000 ,    0.000 ,  229.804 ,    0.000 ,        0 , 	)
  57 	 (   4 ,  240.000 ,  300.000 ,        0 ,   15.507 ,  245.311 ,    0.000 ,  245.311 ,  249.311 ,    0.000 ,    0.000 ,    5.311 ,   22.593 ,        1 , 	)
 152 	 (   0 ,  258.111 ,  342.000 ,        0 ,  258.111 ,  263.423 ,    0.000 ,  263.423 ,  267.423 ,   14.111 ,    0.000 ,    5.311 ,    0.592 ,        2 , 	)
  62 	 (   2 ,  240.000 ,  480.000 ,        0 ,  268.362 ,  273.674 ,    0.000 ,  273.674 ,  275.674 ,    0.000 ,    0.000 ,    5.311 ,    8.006 ,        3 , 	)
  29 	 (   6 ,  240.000 ,  480.000 ,        0 ,  303.268 ,  308.579 ,    0.000 ,  308.579 ,  312.579 ,    0.000 ,    0.000 ,    5.311 ,   21.452 ,        4 , 	)
  45 	 (   7 ,  240.000 ,  480.000 ,        0 ,  322.792 ,  328.103 ,    0.000 ,  328.103 ,  329.103 ,    0.000 ,    0.000 ,    5.311 ,    1.499 ,        5 , 	)
 124 	 (   3 ,  297.000 ,  537.000 ,        0 ,  342.176 ,  347.487 ,    0.000 ,  347.487 ,  351.487 ,   34.908 ,    0.000 ,    5.311 ,    0.000 ,        6 , 	)
  68 	 (   6 ,  247.000 ,  480.000 ,        0 ,  346.176 ,  351.487 ,    0.000 ,  351.487 ,  354.487 ,    0.000 ,    0.000 ,    5.311 ,    0.000 ,        7 , 	)
  16 	 (   8 ,  240.000 ,  480.000 ,        0 ,  349.176 ,  354.487 ,    0.000 ,  354.487 ,  356.487 ,    0.000 ,    0.000 ,    5.311 ,    0.000 ,        8 , 	)
 140 	 (   7 ,  339.000 ,  519.000 ,        0 ,  357.586 ,  362.897 ,    0.000 ,  362.897 ,  363.897 ,   33.794 ,    0.000 ,    5.311 ,   10.002 ,        9 , 	)
 157 	 (   5 ,  358.000 ,  538.000 ,        0 ,  367.736 ,  373.047 ,    0.000 ,  373.047 ,  375.047 ,   97.374 ,    0.000 ,    5.311 ,    2.821 ,       10 , 	)
  54 	 (   6 ,  300.000 ,  480.000 ,        0 ,  383.706 ,  389.017 ,    0.000 ,  389.017 ,  390.017 ,    0.000 ,    0.000 ,    5.311 ,    7.800 ,       11 , 	)
  49 	 (   7 ,  240.000 ,  420.000 ,        0 ,  401.753 ,  407.064 ,    0.000 ,  407.064 ,  408.064 ,    0.000 ,    0.000 ,    5.311 ,    0.159 ,       12 , 	)
 163 	 (   4 ,  337.000 ,  517.000 ,        0 ,  409.469 ,  414.780 ,    0.000 ,  414.780 ,  417.780 ,   60.293 ,    0.000 ,    5.311 ,    2.379 ,       13 , 	)
  82 	 (   5 ,  240.000 ,  420.000 ,        0 ,  414.689 ,  420.000 ,    0.000 ,  420.000 ,  421.000 ,    0.000 ,    0.000 ,    5.311 ,   -0.047 ,       14 , 	)
 111 	 (   3 ,  315.000 ,  555.000 ,        0 ,  421.798 ,  427.109 ,    0.000 ,  427.109 ,  429.109 ,   70.622 ,   16.449 ,    5.311 ,   -0.880 ,       15 , 	)
 149 	 (   2 ,  331.588 ,  563.000 ,        0 ,  431.241 ,  436.552 ,    0.000 ,  436.552 ,  437.552 ,   46.535 ,   16.449 ,    5.311 ,    0.667 ,       16 , 	)
  48 	 (   3 ,  300.000 ,  480.000 ,        0 ,  440.287 ,  445.598 ,   16.449 ,  462.047 ,  463.047 ,    0.000 ,    0.000 ,   21.760 ,    0.796 ,       17 , 	)
  72 	 (   5 ,  240.000 ,  480.000 ,        0 ,  451.654 ,  473.414 ,    0.000 ,  473.414 ,  475.414 ,    0.000 ,    0.000 ,   21.760 ,   14.778 ,       18 , 	)
  15 	 (   7 ,  480.000 ,  660.000 ,        0 ,  462.099 ,  483.859 ,    0.000 ,  483.859 ,  485.859 ,    0.000 ,    0.000 ,    3.859 ,   -2.214 ,       19 , 	)
 144 	 (   6 ,  283.000 ,  518.000 ,        0 ,  501.205 ,  505.064 ,    0.000 ,  505.064 ,  506.064 ,   97.000 ,    0.000 ,    3.859 ,    0.189 ,       20 , 	)
 177 	 (   5 ,  300.000 ,  540.000 ,        0 ,  526.178 ,  530.038 ,    0.000 ,  530.038 ,  531.038 ,  109.038 ,    9.962 ,    3.859 ,    0.000 ,       21 , 	)
 110 	 (   3 ,  537.000 ,  777.000 ,        0 ,  527.178 ,  531.038 ,    5.962 ,  537.000 ,  539.000 ,   51.141 ,    7.995 ,    0.000 ,    0.000 ,       22 , 	)
 143 	 (   2 ,  409.000 ,  649.000 ,        0 ,  558.406 ,  558.406 ,    0.000 ,  558.406 ,  559.406 ,   95.359 ,    7.995 ,    0.000 ,   14.367 ,       23 , 	)
 167 	 (   0 ,  344.000 ,  584.000 ,        0 ,  576.005 ,  576.005 ,    0.000 ,  576.005 ,  578.005 ,  100.591 ,    7.995 ,    0.000 ,   -1.460 ,       24 , 	)
 191 	 (   0 ,    0.000 , 1440.000 ,        0 ,  598.814 ,  598.814 ,    0.000 ,  598.814 ,  598.814 ,    0.000 ,  841.186 ,    0.000 ,    0.000 ,       25 , 	)
