11
	VALUE ALL : ( Cost : 3624.947 , TRT : 3486.111 , TWT : 414.586 , TD : 5380.265 )
	VIOLATIONS TOTAL : ( VC :       0 , VTW :   0.000 , VTD :   0.000 , VTRT :   0.000 )
 	COUT_ALL : (   0.003 )  T2B:   51601

	20 sommets 
	values : ( Cost : 367.358 , TRT : 343.950 , TWT :  19.741 , TD : 517.202 )
	violations : ( VC :       0 , VTW :   0.000 , VTD :   0.000 , VTRT :   0.000 )
	cout global : (   0.000	 )
S(i)	 (   C ,     TW0 ,       TW1 ,       VTW ,       Min ,       A ,       W ,       B ,       D ,       L ,       F ,       E ,       Det ,       [Imp ,       Imp]	)
   0 	 (   0 ,    0.000 , 1440.000 ,        0 ,    0.000 ,  301.580 ,    0.000 ,  301.580 ,  301.580 ,    0.000 ,    0.000 ,  301.580 ,    0.000 ,        0 , 	)
  21 	 (   4 ,  240.000 ,  420.000 ,        0 ,   17.252 ,  318.832 ,    0.000 ,  318.832 ,  322.832 ,    0.000 ,    0.000 ,   78.832 ,    0.862 ,        1 , 	)
  13 	 (   8 ,  240.000 ,  480.000 ,        0 ,  258.377 ,  337.209 ,    0.000 ,  337.209 ,  341.209 ,    0.000 ,    0.000 ,   78.832 ,    4.758 ,        2 , 	)
  97 	 (   4 ,  262.006 ,  472.000 ,        0 ,  270.764 ,  349.596 ,    0.000 ,  349.596 ,  353.596 ,   26.764 ,    0.000 ,   78.832 ,    0.000 ,        3 , 	)
   7 	 (   5 ,  240.000 ,  480.000 ,        0 ,  274.764 ,  353.596 ,    0.000 ,  353.596 ,  354.596 ,    0.000 ,    0.000 ,   78.832 ,    0.000 ,        4 , 	)
  23 	 (   6 ,  300.000 ,  480.000 ,        0 ,  303.625 ,  382.457 ,    0.000 ,  382.457 ,  383.457 ,    0.000 ,    0.000 ,   78.832 ,    2.718 ,        5 , 	)
  89 	 (   2 ,  319.000 ,  559.000 ,        0 ,  310.931 ,  389.763 ,    0.000 ,  389.763 ,  393.763 ,   48.554 ,    0.000 ,   70.763 ,    0.938 ,        6 , 	)
  83 	 (   1 ,  331.000 ,  571.000 ,        0 ,  337.713 ,  408.476 ,    0.000 ,  408.476 ,  409.476 ,   53.880 ,    0.000 ,   70.763 ,   -0.223 ,        7 , 	)
   6 	 (   5 ,  240.000 ,  420.000 ,        0 ,  349.237 ,  420.000 ,    0.000 ,  420.000 ,  424.000 ,    0.000 ,    0.000 ,   70.763 ,   -0.040 ,        8 , 	)
  82 	 (   1 ,  269.356 ,  492.000 ,        0 ,  378.592 ,  449.356 ,    0.000 ,  449.356 ,  453.356 ,   25.356 ,    2.550 ,   70.763 ,    3.663 ,        9 , 	)
  44 	 (   2 ,  240.000 ,  480.000 ,        0 ,  390.601 ,  461.364 ,    2.550 ,  463.914 ,  464.914 ,    0.000 ,    0.000 ,   73.314 ,   12.277 ,       10 , 	)
  99 	 (   1 ,  400.000 ,  580.000 ,        0 ,  405.686 ,  479.000 ,    0.000 ,  479.000 ,  480.000 ,   95.543 ,    0.000 ,   73.314 ,    0.000 ,       11 , 	)
  46 	 (   4 ,  360.000 ,  480.000 ,        0 ,  406.686 ,  480.000 ,    0.000 ,  480.000 ,  483.000 ,    0.000 ,    0.000 ,   73.314 ,    0.000 ,       12 , 	)
   5 	 (   8 ,  480.000 ,  660.000 ,        0 ,  414.071 ,  487.384 ,   17.191 ,  504.575 ,  508.575 ,    0.000 ,    6.167 ,   24.575 ,    0.077 ,       13 , 	)
 122 	 (   5 ,  392.856 ,  563.000 ,        0 ,  509.548 ,  534.123 ,    0.000 ,  534.123 ,  537.123 ,   51.123 ,    6.167 ,   24.575 ,    9.358 ,       14 , 	)
  20 	 (   7 ,  520.000 ,  687.646 ,        0 ,  528.545 ,  553.120 ,    0.000 ,  553.120 ,  555.120 ,    0.000 ,    6.167 ,   24.575 ,   13.918 ,       15 , 	)
 120 	 (   6 ,  332.000 ,  572.000 ,        0 ,  541.258 ,  565.833 ,    0.000 ,  565.833 ,  566.833 ,  100.919 ,    6.167 ,   24.575 ,   -1.116 ,       16 , 	)
  81 	 (   2 ,  541.000 ,  781.000 ,        0 ,  556.183 ,  580.759 ,    0.000 ,  580.759 ,  584.759 ,   72.183 ,   33.120 ,   24.575 ,    3.971 ,       17 , 	)
  96 	 (   0 ,  598.000 ,  718.000 ,        0 ,  573.425 ,  598.000 ,    0.000 ,  598.000 ,  600.000 ,   42.880 ,   33.120 ,    0.000 ,   21.366 ,       18 , 	)
 153 	 (   0 ,    0.000 , 1440.000 ,        0 ,  645.531 ,  645.531 ,    0.000 ,  645.531 ,  645.531 ,    0.000 ,  794.469 ,    0.000 ,    0.000 ,       19 , 	)

	10 sommets 
	values : ( Cost : 294.293 , TRT : 256.896 , TWT :  13.623 , TD : 334.726 )
	violations : ( VC :       0 , VTW :   0.000 , VTD :   0.000 , VTRT :   0.000 )
	cout global : (   0.000	 )
S(i)	 (   C ,     TW0 ,       TW1 ,       VTW ,       Min ,       A ,       W ,       B ,       D ,       L ,       F ,       E ,       Det ,       [Imp ,       Imp]	)
   0 	 (   0 ,    0.000 , 1440.000 ,        0 ,    0.000 ,  270.132 ,    0.000 ,  270.132 ,  270.132 ,    0.000 ,    0.000 ,  270.132 ,    0.000 ,        0 , 	)
  67 	 (   1 ,  240.000 ,  480.000 ,        0 ,   32.065 ,  302.197 ,    0.000 ,  302.197 ,  303.197 ,    0.000 ,    0.000 ,   62.197 ,   16.024 ,        1 , 	)
  31 	 (   3 ,  300.000 ,  480.000 ,        0 ,  264.465 ,  326.662 ,    0.000 ,  326.662 ,  328.662 ,    0.000 ,    0.000 ,   26.662 ,   22.682 ,        2 , 	)
  56 	 (   7 ,  240.000 ,  360.000 ,        0 ,  333.338 ,  360.000 ,    0.000 ,  360.000 ,  364.000 ,    0.000 ,    0.000 ,   26.662 ,   -4.754 ,        3 , 	)
 107 	 (   5 ,  382.000 ,  562.000 ,        0 ,  341.714 ,  368.377 ,   13.623 ,  382.000 ,  384.000 ,   53.338 ,   26.915 ,    0.000 ,    3.771 ,        4 , 	)
 143 	 (   4 ,  329.000 ,  569.000 ,        0 ,  418.282 ,  418.282 ,    0.000 ,  418.282 ,  419.282 ,  115.085 ,   26.915 ,    0.000 ,   -0.005 ,        5 , 	)
  35 	 (   8 ,  240.000 ,  480.000 ,        0 ,  438.965 ,  438.965 ,    0.000 ,  438.965 ,  442.965 ,    0.000 ,   41.035 ,    0.000 ,    3.744 ,        6 , 	)
 132 	 (   4 ,  338.000 ,  571.000 ,        0 ,  472.471 ,  472.471 ,    0.000 ,  472.471 ,  476.471 ,  108.471 ,   65.168 ,    0.000 ,    7.613 ,        7 , 	)
 111 	 (   0 ,  335.000 ,  575.000 ,        0 ,  500.797 ,  500.797 ,    0.000 ,  500.797 ,  504.797 ,   57.832 ,   65.168 ,    0.000 ,   26.174 ,        8 , 	)
 153 	 (   0 ,    0.000 , 1440.000 ,        0 ,  527.029 ,  527.029 ,    0.000 ,  527.029 ,  527.029 ,    0.000 ,  912.971 ,    0.000 ,    0.000 ,        9 , 	)

	14 sommets 
	values : ( Cost : 274.807 , TRT : 324.832 , TWT :  88.211 , TD : 389.689 )
	violations : ( VC :       0 , VTW :   0.000 , VTD :   0.000 , VTRT :   0.000 )
	cout global : (   0.000	 )
S(i)	 (   C ,     TW0 ,       TW1 ,       VTW ,       Min ,       A ,       W ,       B ,       D ,       L ,       F ,       E ,       Det ,       [Imp ,       Imp]	)
   0 	 (   0 ,    0.000 , 1440.000 ,        0 ,    0.000 ,  273.735 ,    0.000 ,  273.735 ,  273.735 ,    0.000 ,    0.000 ,  273.735 ,    0.000 ,        0 , 	)
   1 	 (   1 ,  240.000 ,  480.000 ,        0 ,   16.568 ,  290.303 ,    0.000 ,  290.303 ,  291.303 ,    0.000 ,    0.000 ,   50.303 ,    2.532 ,        1 , 	)
  18 	 (   3 ,  240.000 ,  480.000 ,        0 ,  250.792 ,  301.095 ,    0.000 ,  301.095 ,  303.095 ,    0.000 ,    0.000 ,   50.303 ,   -0.349 ,        2 , 	)
  77 	 (   2 ,  294.000 ,  534.000 ,        0 ,  269.649 ,  319.952 ,    0.000 ,  319.952 ,  320.952 ,   28.649 ,    0.000 ,   25.952 ,    0.756 ,        3 , 	)
  34 	 (   6 ,  277.000 ,  452.210 ,        0 ,  321.591 ,  347.543 ,    0.000 ,  347.543 ,  351.543 ,    0.000 ,    0.000 ,   25.952 ,    8.709 ,        4 , 	)
  74 	 (   7 ,  240.000 ,  360.000 ,        0 ,  334.048 ,  360.000 ,    0.000 ,  360.000 ,  361.000 ,    0.000 ,    0.000 ,   25.952 ,   -1.632 ,        5 , 	)
 110 	 (   3 ,  369.000 ,  489.000 ,        0 ,  357.749 ,  383.701 ,    0.000 ,  383.701 ,  387.701 ,   32.158 ,    8.371 ,   14.701 ,    1.772 ,        6 , 	)
  94 	 (   1 ,  356.000 ,  596.000 ,        0 ,  378.559 ,  393.259 ,    0.000 ,  393.259 ,  395.259 ,   90.164 ,    8.371 ,   14.701 ,    6.497 ,        7 , 	)
 150 	 (   0 ,  270.351 ,  440.000 ,        0 ,  390.342 ,  405.043 ,    0.000 ,  405.043 ,  406.043 ,   44.043 ,    8.371 ,   14.701 ,    3.764 ,        8 , 	)
  70 	 (   4 ,  240.000 ,  420.000 ,        0 ,  396.929 ,  411.629 ,    8.371 ,  420.000 ,  424.000 ,    0.000 ,    0.000 ,   23.071 ,    2.752 ,        9 , 	)
  14 	 (   7 ,  480.000 ,  720.000 ,        0 ,  419.744 ,  442.816 ,   55.508 ,  498.324 ,  501.324 ,    0.000 ,    0.000 ,   18.324 ,   14.207 ,       10 , 	)
 146 	 (   3 ,  301.000 ,  541.000 ,        0 ,  522.676 ,  541.000 ,    0.000 ,  541.000 ,  545.000 ,  117.000 ,   -0.000 ,   18.324 ,    0.805 ,       11 , 	)
  90 	 (   0 ,  579.000 ,  819.000 ,        0 ,  536.344 ,  554.668 ,   24.332 ,  579.000 ,  582.000 ,   77.676 ,   52.324 ,    0.000 ,   13.990 ,       12 , 	)
 153 	 (   0 ,    0.000 , 1440.000 ,        0 ,  598.568 ,  598.568 ,    0.000 ,  598.568 ,  598.568 ,    0.000 ,  841.432 ,    0.000 ,    0.000 ,       13 , 	)

	16 sommets 
	values : ( Cost : 336.586 , TRT : 281.072 , TWT :   0.000 , TD : 480.170 )
	violations : ( VC :       0 , VTW :   0.000 , VTD :   0.000 , VTRT :   0.000 )
	cout global : (   0.000	 )
S(i)	 (   C ,     TW0 ,       TW1 ,       VTW ,       Min ,       A ,       W ,       B ,       D ,       L ,       F ,       E ,       Det ,       [Imp ,       Imp]	)
   0 	 (   0 ,    0.000 , 1440.000 ,        0 ,    0.000 ,  218.621 ,    0.000 ,  218.621 ,  218.621 ,    0.000 ,    3.054 ,  218.621 ,    0.000 ,        0 , 	)
  53 	 (   4 ,  240.000 ,  420.000 ,        0 ,   77.797 ,  296.418 ,    0.000 ,  296.418 ,  300.418 ,    0.000 ,    3.054 ,   56.418 ,    0.000 ,        1 , 	)
  75 	 (   7 ,  240.000 ,  420.000 ,        0 ,  244.000 ,  300.418 ,    0.000 ,  300.418 ,  303.418 ,    0.000 ,    3.054 ,   56.418 ,    0.000 ,        2 , 	)
   3 	 (   8 ,  300.000 ,  420.000 ,        0 ,  261.674 ,  318.092 ,    0.000 ,  318.092 ,  319.092 ,    0.000 ,    3.054 ,   18.092 ,   11.514 ,        3 , 	)
  79 	 (   7 ,  326.223 ,  489.000 ,        0 ,  326.223 ,  344.314 ,    0.000 ,  344.314 ,  345.314 ,   25.223 ,    3.054 ,   18.092 ,    2.874 ,        4 , 	)
  22 	 (   8 ,  300.000 ,  420.000 ,        0 ,  335.680 ,  353.771 ,    0.000 ,  353.771 ,  354.771 ,    0.000 ,    3.054 ,   18.092 ,    4.853 ,        5 , 	)
 129 	 (   4 ,  307.000 ,  487.000 ,        0 ,  348.604 ,  366.695 ,    0.000 ,  366.695 ,  370.695 ,   66.277 ,    2.826 ,   18.092 ,    2.110 ,        6 , 	)
   8 	 (   5 ,  240.000 ,  420.000 ,        0 ,  364.271 ,  382.363 ,    0.000 ,  382.363 ,  383.363 ,    0.000 ,    2.826 ,   18.092 ,    7.661 ,        7 , 	)
  47 	 (   6 ,  300.000 ,  420.000 ,        0 ,  375.854 ,  393.946 ,    0.000 ,  393.946 ,  394.946 ,    0.000 ,    2.826 ,   18.092 ,   -0.974 ,        8 , 	)
  84 	 (   5 ,  286.000 ,  466.000 ,        0 ,  388.321 ,  406.413 ,    0.000 ,  406.413 ,  407.413 ,   23.050 ,    2.826 ,   18.092 ,   -3.597 ,        9 , 	)
  98 	 (   4 ,  324.763 ,  485.000 ,        0 ,  397.854 ,  415.946 ,    0.000 ,  415.946 ,  416.946 ,   61.174 ,    2.826 ,   18.092 ,    0.000 ,       10 , 	)
  57 	 (   7 ,  300.000 ,  420.000 ,        0 ,  398.854 ,  416.946 ,    0.000 ,  416.946 ,  419.946 ,    0.000 ,    3.054 ,   18.092 ,    0.000 ,       11 , 	)
 151 	 (   4 ,  459.000 ,  699.000 ,        0 ,  440.908 ,  459.000 ,    0.000 ,  459.000 ,  462.000 ,  155.582 ,   11.741 ,    0.000 ,    2.318 ,       12 , 	)
 133 	 (   1 ,  349.286 ,  547.000 ,        0 ,  471.550 ,  471.550 ,    0.000 ,  471.550 ,  474.550 ,   51.605 ,   11.741 ,    0.000 ,   13.716 ,       13 , 	)
 123 	 (   0 ,  341.957 ,  530.000 ,        0 ,  492.205 ,  492.205 ,    0.000 ,  492.205 ,  493.205 ,   97.259 ,   11.741 ,    0.000 ,   11.131 ,       14 , 	)
 153 	 (   0 ,    0.000 , 1440.000 ,        0 ,  499.693 ,  499.693 ,    0.000 ,  499.693 ,  499.693 ,    0.000 ,  940.307 ,    0.000 ,    0.000 ,       15 , 	)

	14 sommets 
	values : ( Cost : 292.847 , TRT : 290.113 , TWT :  45.927 , TD : 490.032 )
	violations : ( VC :       0 , VTW :   0.000 , VTD :   0.000 , VTRT :   0.000 )
	cout global : (   0.000	 )
S(i)	 (   C ,     TW0 ,       TW1 ,       VTW ,       Min ,       A ,       W ,       B ,       D ,       L ,       F ,       E ,       Det ,       [Imp ,       Imp]	)
   0 	 (   0 ,    0.000 , 1440.000 ,        0 ,    0.000 ,  641.796 ,    0.000 ,  641.796 ,  641.796 ,    0.000 ,    0.000 ,  641.796 ,    0.000 ,        0 , 	)
  25 	 (   4 ,  480.000 ,  660.000 ,        0 ,   18.204 ,  660.000 ,    0.000 ,  660.000 ,  664.000 ,    0.000 ,    0.000 ,  180.000 ,    1.308 ,        1 , 	)
  16 	 (   5 ,  540.000 ,  720.000 ,        0 ,  496.133 ,  676.133 ,   13.038 ,  689.171 ,  690.171 ,    0.000 ,    0.000 ,  149.171 ,    5.251 ,        2 , 	)
  76 	 (   6 ,  480.000 ,  720.000 ,        0 ,  570.829 ,  720.000 ,    0.000 ,  720.000 ,  721.000 ,    0.000 ,    0.000 ,  149.171 ,    0.000 ,        3 , 	)
  41 	 (   7 ,  720.000 ,  900.000 ,        0 ,  571.829 ,  721.000 ,    8.344 ,  729.344 ,  730.344 ,    0.000 ,    0.000 ,    9.344 ,    0.000 ,        4 , 	)
 101 	 (   3 ,  552.000 ,  792.000 ,        0 ,  736.157 ,  745.502 ,    0.000 ,  745.502 ,  749.502 ,   81.502 ,    0.000 ,    9.344 ,    0.447 ,        5 , 	)
  92 	 (   2 ,  661.000 ,  781.000 ,        0 ,  771.656 ,  781.000 ,    0.000 ,  781.000 ,  782.000 ,   90.829 ,    0.000 ,    9.344 ,    0.000 ,        6 , 	)
 152 	 (   1 ,  572.000 ,  812.000 ,        0 ,  772.656 ,  782.000 ,    0.000 ,  782.000 ,  783.000 ,   61.000 ,   30.000 ,    9.344 ,    0.000 ,        7 , 	)
  38 	 (   4 ,  720.000 ,  960.000 ,        0 ,  796.563 ,  805.908 ,   24.544 ,  830.452 ,  833.452 ,    0.000 ,   14.344 ,   33.889 ,    0.195 ,        8 , 	)
  54 	 (   6 ,  726.000 ,  960.000 ,        0 ,  802.399 ,  836.287 ,    0.000 ,  836.287 ,  838.287 ,    0.000 ,   14.344 ,   33.889 ,   -0.454 ,        9 , 	)
 117 	 (   5 ,  853.000 ,  973.000 ,        0 ,  819.111 ,  853.000 ,    0.000 ,  853.000 ,  854.000 ,  122.656 ,   14.344 ,    0.000 ,   22.516 ,       10 , 	)
 130 	 (   3 ,  820.000 , 1000.000 ,        0 ,  896.097 ,  896.097 ,    0.000 ,  896.097 ,  898.097 ,   57.810 ,   16.763 ,    0.000 ,    1.263 ,       11 , 	)
 114 	 (   0 ,  799.000 , 1039.000 ,        0 ,  909.689 ,  909.689 ,    0.000 ,  909.689 ,  912.689 ,   76.237 ,   16.763 ,    0.000 ,    9.965 ,       12 , 	)
 153 	 (   0 ,    0.000 , 1440.000 ,        0 ,  931.909 ,  931.909 ,    0.000 ,  931.909 ,  931.909 ,    0.000 ,  508.091 ,    0.000 ,    0.000 ,       13 , 	)

	26 sommets 
	values : ( Cost : 416.565 , TRT : 403.711 , TWT :  42.505 , TD : 758.829 )
	violations : ( VC :       0 , VTW :   0.000 , VTD :   0.000 , VTRT :   0.000 )
	cout global : (   0.000	 )
S(i)	 (   C ,     TW0 ,       TW1 ,       VTW ,       Min ,       A ,       W ,       B ,       D ,       L ,       F ,       E ,       Det ,       [Imp ,       Imp]	)
   0 	 (   0 ,    0.000 , 1440.000 ,        0 ,    0.000 ,  634.519 ,    0.000 ,  634.519 ,  634.519 ,    0.000 ,    0.000 ,  634.519 ,    0.000 ,        0 , 	)
  15 	 (   2 ,  540.000 ,  660.000 ,        0 ,   16.583 ,  651.102 ,    0.000 ,  651.102 ,  653.102 ,    0.000 ,    0.000 ,  111.102 ,    1.596 ,        1 , 	)
  30 	 (   5 ,  480.000 ,  660.000 ,        0 ,  548.898 ,  660.000 ,    0.000 ,  660.000 ,  663.000 ,    0.000 ,    0.000 ,  111.102 ,    9.949 ,        2 , 	)
 106 	 (   2 ,  502.018 ,  714.000 ,        0 ,  570.917 ,  682.018 ,    0.000 ,  682.018 ,  685.018 ,   19.018 ,   28.478 ,  111.102 ,    2.927 ,        3 , 	)
  17 	 (   3 ,  600.000 ,  720.000 ,        0 ,  580.420 ,  691.522 ,   28.478 ,  720.000 ,  721.000 ,    0.000 ,    0.000 ,  120.000 ,    3.813 ,        4 , 	)
  28 	 (   5 ,  720.000 ,  840.000 ,        0 ,  614.845 ,  734.845 ,   14.026 ,  748.871 ,  750.871 ,    0.000 ,    6.350 ,   28.871 ,    0.000 ,        5 , 	)
  93 	 (   4 ,  633.263 ,  807.000 ,        0 ,  740.418 ,  769.289 ,    0.000 ,  769.289 ,  770.289 ,   48.289 ,    6.350 ,   28.871 ,   -8.260 ,        6 , 	)
  50 	 (   6 ,  723.000 ,  960.000 ,        0 ,  749.660 ,  778.532 ,    0.000 ,  778.532 ,  780.532 ,    0.000 ,    6.350 ,   28.871 ,   10.341 ,        7 , 	)
  72 	 (   8 ,  724.000 ,  960.000 ,        0 ,  762.274 ,  791.145 ,    0.000 ,  791.145 ,  793.145 ,    0.000 ,    6.350 ,   28.871 ,    0.611 ,        8 , 	)
 104 	 (   6 ,  773.000 ,  893.000 ,        0 ,  769.113 ,  797.984 ,    0.000 ,  797.984 ,  799.984 ,   47.113 ,    6.350 ,   24.984 ,    3.891 ,        9 , 	)
 126 	 (   4 ,  828.000 , 1008.000 ,        0 ,  803.016 ,  828.000 ,    0.000 ,  828.000 ,  830.000 ,   47.468 ,    6.350 ,    0.000 ,   -0.474 ,       10 , 	)
 148 	 (   2 ,  825.000 , 1005.000 ,        0 ,  837.724 ,  837.724 ,    0.000 ,  837.724 ,  839.724 ,   44.579 ,    6.350 ,    0.000 ,   14.335 ,       11 , 	)
  61 	 (   3 ,  737.000 ,  886.511 ,        0 ,  850.331 ,  850.331 ,    0.000 ,  850.331 ,  851.331 ,    0.000 ,    6.350 ,    0.000 ,    0.000 ,       12 , 	)
  91 	 (   1 ,  636.000 ,  869.000 ,        0 ,  851.331 ,  851.331 ,    0.000 ,  851.331 ,  853.331 ,  198.229 ,    6.350 ,    0.000 ,    0.000 ,       13 , 	)
 137 	 (   0 ,  785.000 ,  905.000 ,        0 ,  870.820 ,  870.820 ,    0.000 ,  870.820 ,  871.820 ,   19.489 ,    6.350 ,    0.000 ,    0.000 ,       14 , 	)
  62 	 (   2 ,  780.000 ,  960.000 ,        0 ,  871.820 ,  871.820 ,    0.000 ,  871.820 ,  873.820 ,    0.000 ,    6.350 ,    0.000 ,    0.000 ,       15 , 	)
  37 	 (   5 ,  780.000 ,  960.000 ,        0 ,  880.667 ,  880.667 ,    0.000 ,  880.667 ,  883.667 ,    0.000 ,    6.350 ,    0.000 ,    0.447 ,       16 , 	)
  11 	 (   6 ,  720.000 ,  960.000 ,        0 ,  896.127 ,  896.127 ,    0.000 ,  896.127 ,  897.127 ,    0.000 ,    6.350 ,    0.000 ,    1.736 ,       17 , 	)
 113 	 (   3 ,  812.142 , 1041.000 ,        0 ,  915.545 ,  915.545 ,    0.000 ,  915.545 ,  918.545 ,   31.878 ,    6.350 ,    0.000 ,   20.456 ,       18 , 	)
  26 	 (   6 ,  720.000 ,  960.000 ,        0 ,  935.059 ,  935.059 ,    0.000 ,  935.059 ,  938.059 ,    0.000 ,    6.350 ,    0.000 ,   11.674 ,       19 , 	)
  43 	 (   8 ,  720.000 ,  960.000 ,        0 ,  953.650 ,  953.650 ,    0.000 ,  953.650 ,  955.650 ,    0.000 ,    6.350 ,    0.000 ,    1.403 ,       20 , 	)
 138 	 (   6 ,  842.000 , 1082.000 ,        0 ,  965.709 ,  965.709 ,    0.000 ,  965.709 ,  967.709 ,   91.889 ,   29.111 ,    0.000 ,    2.162 ,       21 , 	)
  87 	 (   5 ,  850.000 , 1030.000 ,        0 ,  988.611 ,  988.611 ,    0.000 ,  988.611 ,  989.611 ,   91.484 ,   41.389 ,    0.000 ,    1.867 ,       22 , 	)
 119 	 (   3 ,  843.000 , 1083.000 ,        0 ,  998.253 ,  998.253 ,    0.000 ,  998.253 , 1000.253 ,   42.603 ,   49.153 ,    0.000 ,    8.380 ,       23 , 	)
 102 	 (   0 ,  824.000 , 1064.000 ,        0 , 1014.847 , 1014.847 ,    0.000 , 1014.847 , 1017.847 ,   76.788 ,   49.153 ,    0.000 ,    4.211 ,       24 , 	)
 153 	 (   0 ,    0.000 , 1440.000 ,        0 , 1038.230 , 1038.230 ,    0.000 , 1038.230 , 1038.230 ,    0.000 ,  401.770 ,    0.000 ,    0.000 ,       25 , 	)

	10 sommets 
	values : ( Cost : 213.838 , TRT : 182.780 , TWT :   0.000 , TD : 264.506 )
	violations : ( VC :       0 , VTW :   0.000 , VTD :   0.000 , VTRT :   0.000 )
	cout global : (   0.000	 )
S(i)	 (   C ,     TW0 ,       TW1 ,       VTW ,       Min ,       A ,       W ,       B ,       D ,       L ,       F ,       E ,       Det ,       [Imp ,       Imp]	)
   0 	 (   0 ,    0.000 , 1440.000 ,        0 ,    0.000 ,  284.318 ,    0.000 ,  284.318 ,  284.318 ,    0.000 ,   60.000 ,  284.318 ,    0.000 ,        0 , 	)
  71 	 (   1 ,  300.000 ,  360.000 ,        0 ,   15.682 ,  300.000 ,    0.000 ,  300.000 ,  301.000 ,    0.000 ,   60.000 ,    0.000 ,   22.441 ,        1 , 	)
  63 	 (   3 ,  240.000 ,  480.000 ,        0 ,  320.771 ,  320.771 ,    0.000 ,  320.771 ,  322.771 ,    0.000 ,   21.692 ,    0.000 ,    1.214 ,        2 , 	)
  29 	 (   7 ,  240.000 ,  480.000 ,        0 ,  342.158 ,  342.158 ,    0.000 ,  342.158 ,  346.158 ,    0.000 ,   16.705 ,    0.000 ,   21.903 ,        3 , 	)
 139 	 (   5 ,  292.000 ,  532.000 ,        0 ,  374.065 ,  374.065 ,    0.000 ,  374.065 ,  376.065 ,   51.295 ,   16.705 ,    0.000 ,    4.160 ,        4 , 	)
 147 	 (   4 ,  340.376 ,  466.000 ,        0 ,  384.308 ,  384.308 ,    0.000 ,  384.308 ,  385.308 ,   83.308 ,   21.692 ,    0.000 ,    8.418 ,        5 , 	)
  33 	 (   8 ,  247.000 ,  480.000 ,        0 ,  394.818 ,  394.818 ,    0.000 ,  394.818 ,  398.818 ,    0.000 ,   40.371 ,    0.000 ,   10.102 ,        6 , 	)
 109 	 (   4 ,  340.000 ,  520.000 ,        0 ,  432.093 ,  432.093 ,    0.000 ,  432.093 ,  436.093 ,   33.275 ,   40.371 ,    0.000 ,    7.941 ,        7 , 	)
 105 	 (   0 ,  376.000 ,  556.000 ,        0 ,  442.786 ,  442.786 ,    0.000 ,  442.786 ,  446.786 ,   96.629 ,   40.371 ,    0.000 ,    3.191 ,        8 , 	)
 153 	 (   0 ,    0.000 , 1440.000 ,        0 ,  467.099 ,  467.099 ,    0.000 ,  467.099 ,  467.099 ,    0.000 ,  972.901 ,    0.000 ,    0.000 ,        9 , 	)

	16 sommets 
	values : ( Cost : 322.166 , TRT : 297.986 , TWT :  29.756 , TD : 543.777 )
	violations : ( VC :       0 , VTW :   0.000 , VTD :   0.000 , VTRT :   0.000 )
	cout global : (   0.000	 )
S(i)	 (   C ,     TW0 ,       TW1 ,       VTW ,       Min ,       A ,       W ,       B ,       D ,       L ,       F ,       E ,       Det ,       [Imp ,       Imp]	)
   0 	 (   0 ,    0.000 , 1440.000 ,        0 ,    0.000 ,  276.977 ,    0.000 ,  276.977 ,  276.977 ,    0.000 ,    0.000 ,  276.977 ,    0.000 ,        0 , 	)
   9 	 (   1 ,  277.000 ,  465.690 ,        0 ,   16.583 ,  293.559 ,    0.000 ,  293.559 ,  294.559 ,    0.000 ,    0.000 ,   16.559 ,    1.596 ,        1 , 	)
  65 	 (   2 ,  240.000 ,  480.000 ,        0 ,  284.898 ,  301.458 ,    0.000 ,  301.458 ,  302.458 ,    0.000 ,    0.000 ,   16.559 ,    1.695 ,        2 , 	)
 141 	 (   1 ,  297.000 ,  537.000 ,        0 ,  314.187 ,  330.747 ,    0.000 ,  330.747 ,  331.747 ,   28.289 ,    0.000 ,   16.559 ,    1.851 ,        3 , 	)
  27 	 (   5 ,  240.000 ,  420.000 ,        0 ,  320.267 ,  336.826 ,    0.000 ,  336.826 ,  340.826 ,    0.000 ,    0.000 ,   16.559 ,    0.974 ,        4 , 	)
  39 	 (   7 ,  313.000 ,  411.699 ,        0 ,  330.683 ,  347.242 ,    0.000 ,  347.242 ,  349.242 ,    0.000 ,    0.000 ,   16.559 ,    3.452 ,        5 , 	)
  60 	 (   8 ,  240.000 ,  420.000 ,        0 ,  352.623 ,  369.183 ,    0.000 ,  369.183 ,  370.183 ,    0.000 ,    0.000 ,   16.559 ,    3.487 ,        6 , 	)
 115 	 (   6 ,  377.000 ,  437.000 ,        0 ,  360.471 ,  377.030 ,    0.000 ,  377.030 ,  379.030 ,   27.788 ,    0.000 ,    0.030 ,    0.469 ,        7 , 	)
 103 	 (   2 ,  331.000 ,  571.000 ,        0 ,  410.783 ,  410.814 ,    0.000 ,  410.814 ,  414.814 ,   69.987 ,    0.000 ,    0.030 ,    1.769 ,        8 , 	)
  12 	 (   3 ,  300.000 ,  420.000 ,        0 ,  419.970 ,  420.000 ,    0.000 ,  420.000 ,  421.000 ,    0.000 ,   -0.000 ,    0.030 ,    0.674 ,        9 , 	)
 136 	 (   2 ,  274.000 ,  507.000 ,        0 ,  441.154 ,  441.184 ,    0.000 ,  441.184 ,  442.184 ,   71.002 ,   14.998 ,    0.030 ,    4.042 ,       10 , 	)
  19 	 (   5 ,  240.000 ,  480.000 ,        0 ,  447.331 ,  447.361 ,   29.756 ,  477.117 ,  480.117 ,    0.000 ,    2.177 ,   29.786 ,    3.809 ,       11 , 	)
  85 	 (   4 ,  484.000 ,  544.000 ,        0 ,  454.214 ,  484.000 ,    0.000 ,  484.000 ,  485.000 ,  189.441 ,    2.177 ,    0.000 ,    2.553 ,       12 , 	)
  88 	 (   3 ,  349.000 ,  526.000 ,        0 ,  523.823 ,  523.823 ,    0.000 ,  523.823 ,  524.823 ,  102.823 ,    2.177 ,    0.000 ,    5.505 ,       13 , 	)
  95 	 (   0 ,  361.000 ,  541.000 ,        0 ,  534.565 ,  534.565 ,    0.000 ,  534.565 ,  537.565 ,   54.449 ,    6.435 ,    0.000 ,    6.122 ,       14 , 	)
 153 	 (   0 ,    0.000 , 1440.000 ,        0 ,  574.962 ,  574.962 ,    0.000 ,  574.962 ,  574.962 ,    0.000 ,  865.038 ,    0.000 ,    0.000 ,       15 , 	)

	20 sommets 
	values : ( Cost : 490.059 , TRT : 402.465 , TWT :   0.000 , TD : 528.092 )
	violations : ( VC :       0 , VTW :   0.000 , VTD :   0.000 , VTRT :   0.000 )
	cout global : (   0.000	 )
S(i)	 (   C ,     TW0 ,       TW1 ,       VTW ,       Min ,       A ,       W ,       B ,       D ,       L ,       F ,       E ,       Det ,       [Imp ,       Imp]	)
   0 	 (   0 ,    0.000 , 1440.000 ,        0 ,    0.000 ,  770.049 ,    0.000 ,  770.049 ,  770.049 ,    0.000 ,    4.158 ,  770.049 ,    0.000 ,        0 , 	)
   4 	 (   1 ,  780.000 ,  960.000 ,        0 ,    9.951 ,  780.000 ,    0.000 ,  780.000 ,  781.000 ,    0.000 ,    4.158 ,    0.000 ,   19.465 ,        1 , 	)
  51 	 (   2 ,  720.000 ,  900.000 ,        0 ,  811.975 ,  811.975 ,    0.000 ,  811.975 ,  812.975 ,    0.000 ,    4.158 ,    0.000 ,   -0.049 ,        2 , 	)
  80 	 (   1 ,  817.441 , 1034.000 ,        0 ,  818.392 ,  818.392 ,    0.000 ,  818.392 ,  819.392 ,   37.392 ,    4.158 ,    0.000 ,  -16.863 ,        3 , 	)
  32 	 (   4 ,  720.000 ,  960.000 ,        0 ,  826.312 ,  826.312 ,    0.000 ,  826.312 ,  829.312 ,    0.000 ,    4.158 ,    0.000 ,    2.730 ,        4 , 	)
  59 	 (   7 ,  760.000 ,  926.935 ,        0 ,  854.363 ,  854.363 ,    0.000 ,  854.363 ,  857.363 ,    0.000 ,    4.158 ,    0.000 ,    7.176 ,        5 , 	)
  10 	 (   8 ,  780.000 ,  960.000 ,        0 ,  877.780 ,  877.780 ,    0.000 ,  877.780 ,  878.780 ,    0.000 ,    4.158 ,    0.000 ,   18.984 ,        6 , 	)
  86 	 (   7 ,  811.000 ,  991.000 ,        0 ,  894.238 ,  894.238 ,    0.000 ,  894.238 ,  895.238 ,   15.459 ,    4.158 ,    0.000 ,   11.021 ,        7 , 	)
 135 	 (   4 ,  838.000 ,  958.000 ,        0 ,  907.108 ,  907.108 ,    0.000 ,  907.108 ,  910.108 ,   49.744 ,    4.158 ,    0.000 ,    2.657 ,        8 , 	)
 127 	 (   3 ,  782.000 , 1022.000 ,        0 ,  917.820 ,  917.820 ,    0.000 ,  917.820 ,  918.820 ,  104.844 ,    4.158 ,    0.000 ,    0.000 ,        9 , 	)
 108 	 (   0 ,  792.000 , 1032.000 ,        0 ,  918.820 ,  918.820 ,    0.000 ,  918.820 ,  921.820 ,   89.508 ,    4.158 ,    0.000 ,    0.000 ,       10 , 	)
  24 	 (   2 ,  780.000 ,  960.000 ,        0 ,  934.082 ,  934.082 ,    0.000 ,  934.082 ,  936.082 ,    0.000 ,    4.158 ,    0.000 ,   19.878 ,       11 , 	)
  69 	 (   6 ,  720.000 ,  960.000 ,        0 ,  955.842 ,  955.842 ,    0.000 ,  955.842 ,  959.842 ,    0.000 ,    4.158 ,    0.000 ,    3.478 ,       12 , 	)
  73 	 (   7 ,  960.000 , 1080.000 ,        0 ,  968.750 ,  968.750 ,    0.000 ,  968.750 ,  969.750 ,    0.000 ,   12.268 ,    0.000 ,    1.806 ,       13 , 	)
 100 	 (   5 ,  898.000 , 1018.000 ,        0 ,  992.296 ,  992.296 ,    0.000 ,  992.296 ,  994.296 ,   56.214 ,   12.268 ,    0.000 ,   16.294 ,       14 , 	)
 149 	 (   4 ,  988.644 , 1155.000 ,        0 , 1015.687 , 1015.687 ,    0.000 , 1015.687 , 1016.687 ,   45.938 ,   12.268 ,    0.000 ,    9.249 ,       15 , 	)
 145 	 (   0 ,  819.000 , 1059.000 ,        0 , 1046.732 , 1046.732 ,    0.000 , 1046.732 , 1050.732 ,   86.890 ,   12.268 ,    0.000 ,   29.766 ,       16 , 	)
  68 	 (   1 ,  960.000 , 1200.000 ,        0 , 1078.767 , 1078.767 ,    0.000 , 1078.767 , 1079.767 ,    0.000 ,  121.233 ,    0.000 ,   44.613 ,       17 , 	)
 144 	 (   0 , 1044.000 , 1284.000 ,        0 , 1121.870 , 1121.870 ,    0.000 , 1121.870 , 1122.870 ,   42.103 ,   69.897 ,   -0.000 ,   75.180 ,       18 , 	)
 153 	 (   0 ,    0.000 , 1440.000 ,        0 , 1172.514 , 1172.514 ,    0.000 , 1172.514 , 1172.514 ,    0.000 ,  267.486 ,   -0.000 ,    0.000 ,       19 , 	)

	14 sommets 
	values : ( Cost : 280.746 , TRT : 255.059 , TWT :  17.972 , TD : 512.603 )
	violations : ( VC :       0 , VTW :   0.000 , VTD :   0.000 , VTRT :   0.000 )
	cout global : (   0.000	 )
S(i)	 (   C ,     TW0 ,       TW1 ,       VTW ,       Min ,       A ,       W ,       B ,       D ,       L ,       F ,       E ,       Det ,       [Imp ,       Imp]	)
   0 	 (   0 ,    0.000 , 1440.000 ,        0 ,    0.000 ,  879.029 ,    0.000 ,  879.029 ,  879.029 ,    0.000 ,    0.000 ,  879.029 ,    0.000 ,        0 , 	)
  48 	 (   1 ,  720.000 ,  960.000 ,        0 ,   16.583 ,  895.612 ,    0.000 ,  895.612 ,  896.612 ,    0.000 ,    0.000 ,  175.612 ,    1.639 ,        1 , 	)
  49 	 (   5 ,  753.000 ,  937.650 ,        0 ,  729.871 ,  905.483 ,    0.000 ,  905.483 ,  909.483 ,    0.000 ,    0.000 ,  152.483 ,    3.121 ,        2 , 	)
  52 	 (   6 ,  780.000 ,  960.000 ,        0 ,  770.359 ,  922.841 ,    0.000 ,  922.841 ,  923.841 ,    0.000 ,    0.000 ,  142.841 ,    1.127 ,        3 , 	)
  55 	 (   7 ,  720.000 ,  960.000 ,        0 ,  793.216 ,  936.057 ,    0.000 ,  936.057 ,  937.057 ,    0.000 ,    0.000 ,  142.841 ,    4.017 ,        4 , 	)
 125 	 (   3 ,  860.000 ,  980.000 ,        0 ,  822.817 ,  965.659 ,    0.000 ,  965.659 ,  969.659 ,   56.176 ,    0.000 ,  105.659 ,    5.988 ,        5 , 	)
  66 	 (   5 ,  960.000 , 1200.000 ,        0 ,  872.735 ,  978.393 ,    0.000 ,  978.393 ,  980.393 ,    0.000 ,    0.000 ,   18.393 ,    1.569 ,        6 , 	)
 128 	 (   4 ,  837.000 , 1077.000 ,        0 ,  978.825 ,  997.218 ,    0.000 ,  997.218 ,  998.218 ,   73.377 ,    0.000 ,   18.393 ,    4.889 ,        7 , 	)
   2 	 (   8 ,  995.000 , 1114.959 ,        0 ,  986.135 , 1004.529 ,    0.000 , 1004.529 , 1008.529 ,    0.000 ,    0.000 ,    9.529 ,    9.698 ,        8 , 	)
 131 	 (   7 ,  859.000 , 1099.000 ,        0 , 1021.471 , 1031.000 ,    0.000 , 1031.000 , 1032.000 ,   93.943 ,    0.000 ,    9.529 ,    0.000 ,        9 , 	)
 124 	 (   6 ,  852.000 , 1032.000 ,        0 , 1022.471 , 1032.000 ,    0.000 , 1032.000 , 1033.000 ,  135.388 ,   -0.000 ,    9.529 ,    0.000 ,       10 , 	)
 142 	 (   4 , 1034.000 , 1274.000 ,        0 , 1038.113 , 1047.641 ,    0.000 , 1047.641 , 1049.641 ,   67.248 ,   27.501 ,    9.529 ,    4.440 ,       11 , 	)
  78 	 (   0 , 1095.000 , 1155.000 ,        0 , 1067.499 , 1077.028 ,   17.972 , 1095.000 , 1099.000 ,   86.471 ,    9.529 ,    0.000 ,   26.017 ,       12 , 	)
 153 	 (   0 ,    0.000 , 1440.000 ,        0 , 1134.089 , 1134.089 ,    0.000 , 1134.089 , 1134.089 ,    0.000 ,  305.911 ,   -0.000 ,    0.000 ,       13 , 	)

	14 sommets 
	values : ( Cost : 335.682 , TRT : 447.244 , TWT : 156.852 , TD : 560.639 )
	violations : ( VC :       0 , VTW :   0.000 , VTD :   0.000 , VTRT :   0.000 )
	cout global : (   0.000	 )
S(i)	 (   C ,     TW0 ,       TW1 ,       VTW ,       Min ,       A ,       W ,       B ,       D ,       L ,       F ,       E ,       Det ,       [Imp ,       Imp]	)
   0 	 (   0 ,    0.000 , 1440.000 ,        0 ,    0.000 ,  443.638 ,    0.000 ,  443.638 ,  443.638 ,    0.000 ,    0.000 ,  443.638 ,    0.000 ,        0 , 	)
  64 	 (   3 ,  300.000 ,  480.000 ,        0 ,   15.498 ,  459.135 ,    0.000 ,  459.135 ,  462.135 ,    0.000 ,    0.000 ,  159.135 ,    8.889 ,        1 , 	)
  36 	 (   7 ,  240.000 ,  480.000 ,        0 ,  318.138 ,  477.273 ,    0.000 ,  477.273 ,  481.273 ,    0.000 ,    0.000 ,  159.135 ,   21.109 ,        2 , 	)
 140 	 (   4 ,  328.723 ,  552.000 ,        0 ,  353.832 ,  512.968 ,    0.000 ,  512.968 ,  515.968 ,   50.832 ,    0.000 ,  159.135 ,    3.805 ,        3 , 	)
  42 	 (   8 ,  480.000 ,  720.000 ,        0 ,  362.391 ,  521.526 ,    0.000 ,  521.526 ,  525.526 ,    0.000 ,    0.000 ,   41.526 ,   -0.965 ,        4 , 	)
 112 	 (   4 ,  372.000 ,  552.000 ,        0 ,  510.474 ,  552.000 ,    0.000 ,  552.000 ,  556.000 ,   70.727 ,   -0.000 ,   41.526 ,    0.840 ,        5 , 	)
  58 	 (   5 ,  480.000 ,  720.000 ,        0 ,  518.850 ,  560.377 ,  114.149 ,  674.526 ,  675.526 ,    0.000 ,    0.000 ,  155.675 ,    1.891 ,        6 , 	)
 118 	 (   1 ,  594.000 ,  834.000 ,        0 ,  536.851 ,  692.526 ,    0.000 ,  692.526 ,  696.526 ,  167.000 ,    0.000 ,   98.526 ,   28.624 ,        7 , 	)
  40 	 (   5 ,  726.000 ,  900.000 ,        0 ,  632.902 ,  731.429 ,   42.703 ,  774.132 ,  778.132 ,    0.000 ,   12.350 ,   48.132 ,    7.499 ,        8 , 	)
  45 	 (   8 ,  720.000 ,  900.000 ,        0 ,  744.828 ,  792.959 ,    0.000 ,  792.959 ,  795.959 ,    0.000 ,   12.350 ,   48.132 ,    5.351 ,        9 , 	)
 116 	 (   4 ,  820.000 ,  940.000 ,        0 ,  771.868 ,  820.000 ,    0.000 ,  820.000 ,  824.000 ,   41.868 ,   12.350 ,    0.000 ,    4.195 ,       10 , 	)
 121 	 (   1 ,  752.892 ,  983.000 ,        0 ,  834.046 ,  834.046 ,    0.000 ,  834.046 ,  837.046 ,   38.086 ,   12.350 ,    0.000 ,    4.931 ,       11 , 	)
 134 	 (   0 ,  640.000 ,  880.000 ,        0 ,  867.650 ,  867.650 ,    0.000 ,  867.650 ,  868.650 ,  192.125 ,   12.350 ,    0.000 ,   25.078 ,       12 , 	)
 153 	 (   0 ,    0.000 , 1440.000 ,        0 ,  890.882 ,  890.882 ,    0.000 ,  890.882 ,  890.882 ,    0.000 ,  549.118 ,    0.000 ,    0.000 ,       13 , 	)
