9
	VALUE ALL : ( Cost : 2709.251 , TRT : 2728.161 , TWT : 435.130 , TD : 4763.944 )
	VIOLATIONS TOTAL : ( VC :       0 , VTW :   0.000 , VTD :   0.000 , VTRT :   0.000 )
 	COUT_ALL : (   0.002 )  T2B:    9600

	16 sommets 
	values : ( Cost : 374.991 , TRT : 446.873 , TWT : 142.925 , TD : 577.054 )
	violations : ( VC :       0 , VTW :   0.000 , VTD :   0.000 , VTRT :   0.000 )
	cout global : (   0.000	 )
S(i)	 (   C ,     TW0 ,       TW1 ,       VTW ,       Min ,       A ,       W ,       B ,       D ,       L ,       F ,       E ,       Det ,       [Imp ,       Imp]	)
   0 	 (   0 ,    0.000 , 1440.000 ,        0 ,    0.000 ,  876.376 ,    0.000 ,  876.376 ,  876.376 ,    0.000 ,    0.000 ,  876.376 ,    0.000 ,        0 , 	)
  42 	 (   2 ,  753.000 ,  938.887 ,        0 ,    5.020 ,  881.395 ,    0.000 ,  881.395 ,  883.395 ,    0.000 ,    0.000 ,  128.395 ,    5.059 ,        1 , 	)
  23 	 (   4 ,  720.000 ,  960.000 ,        0 ,  761.648 ,  890.044 ,    0.000 ,  890.044 ,  892.044 ,    0.000 ,    0.000 ,  128.395 ,   -2.065 ,        2 , 	)
  64 	 (   7 ,  780.000 ,  960.000 ,        0 ,  766.599 ,  894.995 ,    0.000 ,  894.995 ,  897.995 ,    0.000 ,    0.000 ,  114.995 ,    4.413 ,        3 , 	)
   8 	 (   8 ,  780.000 ,  960.000 ,        0 ,  810.717 ,  925.711 ,    0.000 ,  925.711 ,  926.711 ,    0.000 ,    0.000 ,  114.995 ,    4.300 ,        4 , 	)
 106 	 (   6 ,  860.000 ,  980.000 ,        0 ,  819.833 ,  934.828 ,    0.000 ,  934.828 ,  936.828 ,   51.432 ,    0.000 ,   74.828 ,    5.154 ,        5 , 	)
  87 	 (   4 ,  795.000 , 1035.000 ,        0 ,  873.993 ,  948.821 ,    0.000 ,  948.821 ,  950.821 ,   56.777 ,    0.000 ,   74.828 ,   11.134 ,        6 , 	)
  72 	 (   3 ,  825.043 , 1049.000 ,        0 ,  925.384 , 1000.212 ,    0.000 , 1000.212 , 1001.212 ,   73.501 ,    0.000 ,   74.828 ,    1.919 ,        7 , 	)
 128 	 (   0 ,  919.000 , 1039.000 ,        0 ,  964.172 , 1039.000 ,    0.000 , 1039.000 , 1042.000 ,  141.005 ,    0.000 ,   74.828 ,   27.320 ,        8 , 	)
  11 	 (   1 ,  963.000 , 1200.000 ,        0 ,  986.387 , 1061.215 ,  119.450 , 1180.665 , 1181.665 ,    0.000 ,    0.000 ,  194.278 ,    0.000 ,        9 , 	)
  10 	 (   2 , 1140.000 , 1200.000 ,        0 ,  987.387 , 1181.665 ,    0.000 , 1181.665 , 1182.665 ,    0.000 ,    0.000 ,   41.665 ,    0.000 ,       10 , 	)
  14 	 (   3 , 1080.000 , 1200.000 ,        0 , 1158.335 , 1200.000 ,    0.000 , 1200.000 , 1201.000 ,    0.000 ,    0.000 ,   41.665 ,   12.078 ,       11 , 	)
  75 	 (   2 , 1068.000 , 1248.000 ,        0 , 1192.994 , 1234.659 ,    0.000 , 1234.659 , 1235.659 ,   52.994 ,   13.341 ,   41.665 ,   -5.585 ,       12 , 	)
  74 	 (   1 , 1275.000 , 1395.000 ,        0 , 1209.860 , 1251.526 ,   23.474 , 1275.000 , 1276.000 ,   92.335 ,    2.990 ,    0.000 ,   26.432 ,       13 , 	)
  78 	 (   0 , 1134.000 , 1313.000 ,        0 , 1310.010 , 1310.010 ,    0.000 , 1310.010 , 1311.010 ,  109.010 ,    2.990 ,   -0.000 ,   23.716 ,       14 , 	)
 129 	 (   0 ,    0.000 , 1440.000 ,        0 , 1323.249 , 1323.249 ,    0.000 , 1323.249 , 1323.249 ,    0.000 ,  116.751 ,   -0.000 ,    0.000 ,       15 , 	)

	8 sommets 
	values : ( Cost : 176.108 , TRT : 148.412 , TWT :   0.000 , TD : 227.528 )
	violations : ( VC :       0 , VTW :   0.000 , VTD :   0.000 , VTRT :   0.000 )
	cout global : (   0.000	 )
S(i)	 (   C ,     TW0 ,       TW1 ,       VTW ,       Min ,       A ,       W ,       B ,       D ,       L ,       F ,       E ,       Det ,       [Imp ,       Imp]	)
   0 	 (   0 ,    0.000 , 1440.000 ,        0 ,    0.000 ,  327.403 ,    0.000 ,  327.403 ,  327.403 ,    0.000 ,  100.801 ,  327.403 ,    0.000 ,        0 , 	)
  38 	 (   2 ,  360.000 ,  480.000 ,        0 ,   32.597 ,  360.000 ,    0.000 ,  360.000 ,  362.000 ,    0.000 ,  100.801 ,    0.000 ,    4.872 ,        1 , 	)
  36 	 (   4 ,  300.000 ,  480.000 ,        0 ,  374.348 ,  374.348 ,    0.000 ,  374.348 ,  376.348 ,    0.000 ,    2.959 ,    0.000 ,    5.734 ,        2 , 	)
   5 	 (   8 ,  240.000 ,  480.000 ,        0 ,  379.198 ,  379.198 ,    0.000 ,  379.198 ,  383.198 ,    0.000 ,    2.959 ,    0.000 ,   -0.375 ,        3 , 	)
  69 	 (   4 ,  362.000 ,  542.000 ,        0 ,  427.699 ,  427.699 ,    0.000 ,  427.699 ,  431.699 ,   44.501 ,    2.959 ,    0.000 ,   25.412 ,        4 , 	)
 102 	 (   2 ,  404.000 ,  580.000 ,        0 ,  457.041 ,  457.041 ,    0.000 ,  457.041 ,  459.041 ,   95.041 ,    2.959 ,    0.000 ,    1.857 ,        5 , 	)
 100 	 (   0 ,  401.000 ,  581.000 ,        0 ,  464.335 ,  464.335 ,    0.000 ,  464.335 ,  466.335 ,   87.986 ,   45.014 ,    0.000 ,    2.263 ,        6 , 	)
 129 	 (   0 ,    0.000 , 1440.000 ,        0 ,  475.815 ,  475.815 ,    0.000 ,  475.815 ,  475.815 ,    0.000 ,  964.185 ,    0.000 ,    0.000 ,        7 , 	)

	12 sommets 
	values : ( Cost : 166.832 , TRT : 141.438 , TWT :   0.000 , TD : 250.981 )
	violations : ( VC :       0 , VTW :   0.000 , VTD :   0.000 , VTRT :   0.000 )
	cout global : (   0.000	 )
S(i)	 (   C ,     TW0 ,       TW1 ,       VTW ,       Min ,       A ,       W ,       B ,       D ,       L ,       F ,       E ,       Det ,       [Imp ,       Imp]	)
   0 	 (   0 ,    0.000 , 1440.000 ,        0 ,    0.000 ,  367.912 ,    0.000 ,  367.912 ,  367.912 ,    0.000 ,    6.375 ,  367.912 ,    0.000 ,        0 , 	)
  55 	 (   2 ,  336.000 ,  454.265 ,        0 ,   35.920 ,  403.832 ,    0.000 ,  403.832 ,  405.832 ,    0.000 ,    6.375 ,   67.832 ,    7.664 ,        1 , 	)
  33 	 (   3 ,  300.000 ,  420.000 ,        0 ,  345.793 ,  413.625 ,    0.000 ,  413.625 ,  414.625 ,    0.000 ,    6.375 ,   67.832 ,    4.708 ,        2 , 	)
  18 	 (   6 ,  420.000 ,  480.000 ,        0 ,  352.168 ,  420.000 ,    0.000 ,  420.000 ,  423.000 ,    0.000 ,   25.447 ,    0.000 ,    4.879 ,        3 , 	)
  12 	 (   7 ,  241.000 ,  480.000 ,        0 ,  430.620 ,  430.620 ,    0.000 ,  430.620 ,  431.620 ,    0.000 ,   25.447 ,    0.000 ,    0.000 ,        4 , 	)
  31 	 (   8 ,  274.000 ,  457.067 ,        0 ,  431.620 ,  431.620 ,    0.000 ,  431.620 ,  432.620 ,    0.000 ,   25.447 ,    0.000 ,    0.000 ,        5 , 	)
  97 	 (   7 ,  324.214 ,  483.000 ,        0 ,  449.370 ,  449.370 ,    0.000 ,  449.370 ,  450.370 ,   34.745 ,   25.717 ,    0.000 ,   -2.908 ,        6 , 	)
 119 	 (   5 ,  431.000 ,  491.000 ,        0 ,  461.802 ,  461.802 ,    0.000 ,  461.802 ,  463.802 ,   55.971 ,   25.717 ,    0.000 ,    0.086 ,        7 , 	)
  95 	 (   4 ,  376.000 ,  496.000 ,        0 ,  470.283 ,  470.283 ,    0.000 ,  470.283 ,  471.283 ,   37.663 ,   25.717 ,    0.000 ,    6.489 ,        8 , 	)
  76 	 (   3 ,  352.000 ,  532.000 ,        0 ,  484.511 ,  484.511 ,    0.000 ,  484.511 ,  485.511 ,   52.890 ,   47.489 ,    0.000 ,    5.965 ,        9 , 	)
  82 	 (   0 ,  472.179 ,  680.000 ,        0 ,  492.712 ,  492.712 ,    0.000 ,  492.712 ,  495.712 ,   69.712 ,  127.288 ,    0.000 ,    8.435 ,       10 , 	)
 129 	 (   0 ,    0.000 , 1440.000 ,        0 ,  509.350 ,  509.350 ,    0.000 ,  509.350 ,  509.350 ,    0.000 ,  930.650 ,    0.000 ,    0.000 ,       11 , 	)

	14 sommets 
	values : ( Cost : 287.448 , TRT : 303.347 , TWT :  55.220 , TD : 428.266 )
	violations : ( VC :       0 , VTW :   0.000 , VTD :   0.000 , VTRT :   0.000 )
	cout global : (   0.000	 )
S(i)	 (   C ,     TW0 ,       TW1 ,       VTW ,       Min ,       A ,       W ,       B ,       D ,       L ,       F ,       E ,       Det ,       [Imp ,       Imp]	)
   0 	 (   0 ,    0.000 , 1440.000 ,        0 ,    0.000 ,  826.117 ,    0.000 ,  826.117 ,  826.117 ,    0.000 ,    0.000 ,  826.117 ,    0.000 ,        0 , 	)
  21 	 (   3 ,  780.000 ,  900.000 ,        0 ,   22.533 ,  848.650 ,    0.000 ,  848.650 ,  851.650 ,    0.000 ,    0.000 ,   68.650 ,   22.451 ,        1 , 	)
  40 	 (   4 ,  720.000 ,  900.000 ,        0 ,  795.429 ,  864.080 ,    0.000 ,  864.080 ,  865.080 ,    0.000 ,    0.000 ,   68.650 ,    1.856 ,        2 , 	)
  58 	 (   7 ,  780.000 ,  900.000 ,        0 ,  805.905 ,  874.556 ,    0.000 ,  874.556 ,  877.556 ,    0.000 ,    0.000 ,   68.650 ,    0.160 ,        3 , 	)
  85 	 (   4 ,  815.000 ,  987.000 ,        0 ,  818.089 ,  886.740 ,    0.000 ,  886.740 ,  889.740 ,   35.089 ,    0.000 ,   68.650 ,    2.367 ,        4 , 	)
  27 	 (   8 ,  786.000 ,  902.451 ,        0 ,  833.801 ,  902.451 ,    0.000 ,  902.451 ,  906.451 ,    0.000 ,    0.000 ,   68.650 ,    6.670 ,        5 , 	)
  91 	 (   4 ,  880.000 ,  940.000 ,        0 ,  871.350 ,  940.000 ,    0.000 ,  940.000 ,  944.000 ,   33.549 ,    0.000 ,   60.000 ,   15.498 ,        6 , 	)
 104 	 (   3 ,  808.000 ,  988.000 ,        0 ,  892.623 ,  952.623 ,    0.000 ,  952.623 ,  953.623 ,   87.544 ,   30.456 ,   60.000 ,   -1.354 ,        7 , 	)
  52 	 (   7 ,  960.000 , 1200.000 ,        0 ,  903.641 ,  963.641 ,   47.835 , 1011.476 , 1015.476 ,    0.000 ,    0.000 ,   51.476 ,   -4.370 ,        8 , 	)
 122 	 (   4 ,  821.000 , 1061.000 ,        0 ,  985.080 , 1036.556 ,    0.000 , 1036.556 , 1039.556 ,  159.000 ,    0.000 ,   51.476 ,    9.374 ,        9 , 	)
  43 	 (   5 , 1080.000 , 1200.000 ,        0 , 1021.139 , 1072.615 ,    7.385 , 1080.000 , 1081.000 ,    0.000 ,   52.932 ,    0.000 ,   28.314 ,       10 , 	)
 107 	 (   4 , 1095.017 , 1239.000 ,        0 , 1095.017 , 1095.017 ,    0.000 , 1095.017 , 1096.017 ,   14.017 ,   23.983 ,    0.000 ,    8.130 ,       11 , 	)
 116 	 (   0 , 1058.000 , 1298.000 ,        0 , 1114.544 , 1114.544 ,    0.000 , 1114.544 , 1118.544 ,   99.068 ,   52.932 ,   -0.000 ,    0.468 ,       12 , 	)
 129 	 (   0 ,    0.000 , 1440.000 ,        0 , 1129.464 , 1129.464 ,    0.000 , 1129.464 , 1129.464 ,    0.000 ,  310.536 ,   -0.000 ,    0.000 ,       13 , 	)

	16 sommets 
	values : ( Cost : 276.648 , TRT : 236.006 , TWT :   0.000 , TD : 494.277 )
	violations : ( VC :       0 , VTW :   0.000 , VTD :   0.000 , VTRT :   0.000 )
	cout global : (   0.000	 )
S(i)	 (   C ,     TW0 ,       TW1 ,       VTW ,       Min ,       A ,       W ,       B ,       D ,       L ,       F ,       E ,       Det ,       [Imp ,       Imp]	)
   0 	 (   0 ,    0.000 , 1440.000 ,        0 ,    0.000 ,  254.799 ,    0.000 ,  254.799 ,  254.799 ,    0.000 ,   33.121 ,  254.799 ,    0.000 ,        0 , 	)
  63 	 (   3 ,  240.000 ,  420.000 ,        0 ,   19.814 ,  274.614 ,    0.000 ,  274.614 ,  277.614 ,    0.000 ,   33.121 ,   34.614 ,   28.948 ,        1 , 	)
  35 	 (   4 ,  259.000 ,  464.945 ,        0 ,  261.048 ,  295.662 ,    0.000 ,  295.662 ,  296.662 ,    0.000 ,   29.735 ,   34.614 ,    9.092 ,        2 , 	)
  39 	 (   5 ,  240.000 ,  360.000 ,        0 ,  276.611 ,  311.224 ,    0.000 ,  311.224 ,  312.224 ,    0.000 ,   13.049 ,   34.614 ,    0.000 ,        3 , 	)
  37 	 (   8 ,  300.000 ,  480.000 ,        0 ,  277.611 ,  312.224 ,    0.000 ,  312.224 ,  315.224 ,    0.000 ,   13.049 ,   12.224 ,    0.000 ,        4 , 	)
  99 	 (   7 ,  301.000 ,  481.000 ,        0 ,  312.389 ,  324.613 ,    0.000 ,  324.613 ,  325.613 ,   27.951 ,   13.049 ,   12.224 ,   -3.359 ,        5 , 	)
 103 	 (   6 ,  267.116 ,  431.000 ,        0 ,  326.756 ,  338.980 ,    0.000 ,  338.980 ,  339.980 ,   26.756 ,   29.735 ,   12.224 ,    3.214 ,        6 , 	)
  45 	 (   7 ,  360.000 ,  420.000 ,        0 ,  354.329 ,  366.553 ,    0.000 ,  366.553 ,  367.553 ,    0.000 ,   29.735 ,    6.553 ,   17.677 ,        7 , 	)
 127 	 (   4 ,  344.000 ,  524.000 ,        0 ,  377.326 ,  383.879 ,    0.000 ,  383.879 ,  386.879 ,  106.265 ,    4.383 ,    6.553 ,    0.000 ,        8 , 	)
  61 	 (   5 ,  240.000 ,  420.000 ,        0 ,  380.326 ,  386.879 ,    0.000 ,  386.879 ,  387.879 ,    0.000 ,    4.383 ,    6.553 ,    0.000 ,        9 , 	)
 101 	 (   2 ,  409.000 ,  649.000 ,        0 ,  402.447 ,  409.000 ,    0.000 ,  409.000 ,  412.000 ,   93.776 ,    4.383 ,    0.000 ,    0.000 ,       10 , 	)
  30 	 (   6 ,  240.000 ,  480.000 ,        0 ,  412.000 ,  412.000 ,    0.000 ,  412.000 ,  416.000 ,    0.000 ,    4.383 ,    0.000 ,    0.000 ,       11 , 	)
  94 	 (   2 ,  321.000 ,  561.000 ,        0 ,  454.850 ,  454.850 ,    0.000 ,  454.850 ,  458.850 ,   38.850 ,    4.383 ,    0.000 ,   -1.047 ,       12 , 	)
 109 	 (   1 ,  401.567 ,  529.000 ,        0 ,  471.171 ,  471.171 ,    0.000 ,  471.171 ,  472.171 ,  103.617 ,    4.383 ,    0.000 ,   18.235 ,       13 , 	)
 125 	 (   0 ,  288.000 ,  525.000 ,        0 ,  484.940 ,  484.940 ,    0.000 ,  484.940 ,  485.940 ,   97.061 ,    6.939 ,    0.000 ,    2.547 ,       14 , 	)
 129 	 (   0 ,    0.000 , 1440.000 ,        0 ,  490.805 ,  490.805 ,    0.000 ,  490.805 ,  490.805 ,    0.000 ,  949.195 ,    0.000 ,    0.000 ,       15 , 	)

	14 sommets 
	values : ( Cost : 245.683 , TRT : 208.724 , TWT :   0.000 , TD : 422.578 )
	violations : ( VC :       0 , VTW :   0.000 , VTD :   0.000 , VTRT :   0.000 )
	cout global : (   0.000	 )
S(i)	 (   C ,     TW0 ,       TW1 ,       VTW ,       Min ,       A ,       W ,       B ,       D ,       L ,       F ,       E ,       Det ,       [Imp ,       Imp]	)
   0 	 (   0 ,    0.000 , 1440.000 ,        0 ,    0.000 ,  792.562 ,    0.000 ,  792.562 ,  792.562 ,    0.000 ,   10.908 ,  792.562 ,    0.000 ,        0 , 	)
  54 	 (   3 ,  780.000 ,  960.000 ,        0 ,   34.259 ,  826.822 ,    0.000 ,  826.822 ,  829.822 ,    0.000 ,   10.908 ,   46.822 ,    1.417 ,        1 , 	)
  17 	 (   4 ,  743.000 ,  951.641 ,        0 ,  787.200 ,  834.022 ,    0.000 ,  834.022 ,  835.022 ,    0.000 ,   10.908 ,   46.822 ,    3.857 ,        2 , 	)
  26 	 (   6 ,  780.000 ,  960.000 ,        0 ,  809.290 ,  856.112 ,    0.000 ,  856.112 ,  858.112 ,    0.000 ,    3.509 ,   46.822 ,    1.123 ,        3 , 	)
  28 	 (   8 ,  780.000 ,  960.000 ,        0 ,  817.449 ,  864.271 ,    0.000 ,  864.271 ,  866.271 ,    0.000 ,    3.509 ,   46.822 ,    0.400 ,        4 , 	)
 118 	 (   5 ,  878.000 , 1118.000 ,        0 ,  831.178 ,  878.000 ,    0.000 ,  878.000 ,  881.000 ,   48.178 ,    3.509 ,    0.000 ,    1.659 ,        5 , 	)
  47 	 (   8 ,  840.000 ,  900.000 ,        0 ,  884.963 ,  884.963 ,    0.000 ,  884.963 ,  887.963 ,    0.000 ,    3.509 ,    0.000 ,    0.967 ,        6 , 	)
 111 	 (   5 ,  863.522 ,  958.000 ,        0 ,  908.485 ,  908.485 ,    0.000 ,  908.485 ,  911.485 ,   20.522 ,    3.509 ,    0.000 ,   12.933 ,        7 , 	)
  92 	 (   3 ,  828.021 , 1054.000 ,        0 ,  937.601 ,  937.601 ,    0.000 ,  937.601 ,  939.601 ,   71.330 ,    3.509 ,    0.000 ,    7.914 ,        8 , 	)
  20 	 (   4 ,  720.000 ,  960.000 ,        0 ,  949.092 ,  949.092 ,    0.000 ,  949.092 ,  950.092 ,    0.000 ,    3.509 ,    0.000 ,    1.276 ,        9 , 	)
  90 	 (   2 ,  910.000 , 1090.000 ,        0 ,  964.486 ,  964.486 ,    0.000 ,  964.486 ,  966.486 ,  106.374 ,    3.509 ,    0.000 ,    7.227 ,       10 , 	)
  81 	 (   1 ,  886.000 , 1006.000 ,        0 ,  973.513 ,  973.513 ,    0.000 ,  973.513 ,  974.513 ,  138.491 ,    3.509 ,    0.000 ,   -3.932 ,       11 , 	)
  84 	 (   0 ,  849.000 , 1029.000 ,        0 ,  987.775 ,  987.775 ,    0.000 ,  987.775 ,  988.775 ,   37.683 ,   41.225 ,    0.000 ,    9.435 ,       12 , 	)
 129 	 (   0 ,    0.000 , 1440.000 ,        0 , 1001.286 , 1001.286 ,    0.000 , 1001.286 , 1001.286 ,    0.000 ,  438.714 ,    0.000 ,    0.000 ,       13 , 	)

	28 sommets 
	values : ( Cost : 499.489 , TRT : 475.929 , TWT :  50.373 , TD : 927.333 )
	violations : ( VC :       0 , VTW :   0.000 , VTD :   0.000 , VTRT :   0.000 )
	cout global : (   0.000	 )
S(i)	 (   C ,     TW0 ,       TW1 ,       VTW ,       Min ,       A ,       W ,       B ,       D ,       L ,       F ,       E ,       Det ,       [Imp ,       Imp]	)
   0 	 (   0 ,    0.000 , 1440.000 ,        0 ,    0.000 ,  371.185 ,    0.000 ,  371.185 ,  371.185 ,    0.000 ,    0.000 ,  371.185 ,    0.000 ,        0 , 	)
  57 	 (   1 ,  300.000 ,  480.000 ,        0 ,   10.158 ,  381.343 ,    0.000 ,  381.343 ,  382.343 ,    0.000 ,    0.000 ,   81.343 ,    0.659 ,        1 , 	)
  56 	 (   3 ,  240.000 ,  480.000 ,        0 ,  324.098 ,  405.441 ,    0.000 ,  405.441 ,  407.441 ,    0.000 ,    0.000 ,   81.343 ,    1.037 ,        2 , 	)
   4 	 (   4 ,  240.000 ,  480.000 ,        0 ,  333.718 ,  415.061 ,    0.000 ,  415.061 ,  416.061 ,    0.000 ,    0.000 ,   81.343 ,    0.183 ,        3 , 	)
 121 	 (   3 ,  335.000 ,  568.000 ,        0 ,  337.657 ,  419.000 ,    0.000 ,  419.000 ,  420.000 ,   36.657 ,    0.000 ,   81.343 ,    0.000 ,        4 , 	)
  50 	 (   6 ,  240.000 ,  420.000 ,        0 ,  338.657 ,  420.000 ,    0.000 ,  420.000 ,  423.000 ,    0.000 ,    0.000 ,   81.343 ,    0.000 ,        5 , 	)
  60 	 (   7 ,  480.000 ,  720.000 ,        0 ,  367.772 ,  449.115 ,   50.373 ,  499.488 ,  500.488 ,    0.000 ,   11.420 ,   19.488 ,    1.566 ,        6 , 	)
 114 	 (   4 ,  289.000 ,  526.000 ,        0 ,  495.092 ,  514.580 ,    0.000 ,  514.580 ,  517.580 ,   91.580 ,   11.420 ,   19.488 ,    8.511 ,        7 , 	)
  68 	 (   3 ,  345.000 ,  585.000 ,        0 ,  510.401 ,  529.889 ,    0.000 ,  529.889 ,  530.889 ,  113.828 ,   17.835 ,   19.488 ,    5.164 ,        8 , 	)
 124 	 (   2 ,  528.000 ,  768.000 ,        0 ,  515.397 ,  534.885 ,    0.000 ,  534.885 ,  535.885 ,   34.397 ,   17.835 ,    6.885 ,    2.674 ,        9 , 	)
 120 	 (   0 ,  405.000 ,  585.000 ,        0 ,  560.280 ,  567.165 ,    0.000 ,  567.165 ,  569.165 ,  159.724 ,   17.835 ,    6.885 ,   -0.375 ,       10 , 	)
  41 	 (   1 ,  480.000 ,  660.000 ,        0 ,  566.837 ,  573.722 ,    0.000 ,  573.722 ,  574.722 ,    0.000 ,   28.304 ,    6.885 ,    7.280 ,       11 , 	)
  16 	 (   2 ,  600.000 ,  720.000 ,        0 ,  593.115 ,  600.000 ,    0.000 ,  600.000 ,  601.000 ,    0.000 ,   28.304 ,    0.000 ,   -0.650 ,       12 , 	)
  62 	 (   6 ,  540.000 ,  660.000 ,        0 ,  604.730 ,  604.730 ,    0.000 ,  604.730 ,  608.730 ,    0.000 ,   28.304 ,    0.000 ,    5.615 ,       13 , 	)
 105 	 (   5 ,  553.000 ,  733.000 ,        0 ,  617.017 ,  617.017 ,    0.000 ,  617.017 ,  618.017 ,   42.295 ,   28.304 ,    0.000 ,    1.468 ,       14 , 	)
  22 	 (   8 ,  489.000 ,  719.044 ,        0 ,  630.108 ,  630.108 ,    0.000 ,  630.108 ,  633.108 ,    0.000 ,   28.304 ,    0.000 ,    1.818 ,       15 , 	)
  80 	 (   7 ,  630.394 ,  800.000 ,        0 ,  646.746 ,  646.746 ,    0.000 ,  646.746 ,  647.746 ,   45.746 ,   21.894 ,    0.000 ,   22.284 ,       16 , 	)
  15 	 (   8 ,  480.000 ,  720.000 ,        0 ,  683.473 ,  683.473 ,    0.000 ,  683.473 ,  684.473 ,    0.000 ,   21.894 ,    0.000 ,    3.866 ,       17 , 	)
  86 	 (   5 ,  572.000 ,  752.000 ,        0 ,  691.214 ,  691.214 ,    0.000 ,  691.214 ,  694.214 ,   58.106 ,   21.894 ,    0.000 ,    4.482 ,       18 , 	)
 126 	 (   1 ,  615.000 ,  855.000 ,        0 ,  708.345 ,  708.345 ,    0.000 ,  708.345 ,  712.345 ,   99.615 ,   22.777 ,    0.000 ,   23.780 ,       19 , 	)
  32 	 (   5 ,  720.000 ,  900.000 ,        0 ,  750.359 ,  750.359 ,    0.000 ,  750.359 ,  754.359 ,    0.000 ,   22.777 ,    0.000 ,    1.309 ,       20 , 	)
  29 	 (   6 ,  720.000 ,  960.000 ,        0 ,  772.112 ,  772.112 ,    0.000 ,  772.112 ,  773.112 ,    0.000 ,   22.777 ,    0.000 ,    1.847 ,       21 , 	)
  79 	 (   5 ,  569.000 ,  809.000 ,        0 ,  780.696 ,  780.696 ,    0.000 ,  780.696 ,  781.696 ,   96.223 ,   22.777 ,    0.000 ,    6.047 ,       22 , 	)
   9 	 (   7 ,  720.000 ,  960.000 ,        0 ,  785.156 ,  785.156 ,    0.000 ,  785.156 ,  787.156 ,    0.000 ,   25.650 ,    0.000 ,    0.147 ,       23 , 	)
  73 	 (   5 ,  792.000 , 1032.000 ,        0 ,  813.776 ,  813.776 ,    0.000 ,  813.776 ,  815.776 ,   26.620 ,   25.650 ,    0.000 ,    0.000 ,       24 , 	)
  93 	 (   4 ,  788.000 , 1028.000 ,        0 ,  819.303 ,  819.303 ,    0.000 ,  819.303 ,  820.303 ,   46.191 ,   25.650 ,    0.000 ,   -0.563 ,       25 , 	)
  96 	 (   0 ,  799.000 ,  979.000 ,        0 ,  830.709 ,  830.709 ,    0.000 ,  830.709 ,  834.709 ,   76.350 ,   25.650 ,    0.000 ,   18.391 ,       26 , 	)
 129 	 (   0 ,    0.000 , 1440.000 ,        0 ,  847.114 ,  847.114 ,    0.000 ,  847.114 ,  847.114 ,    0.000 ,  592.886 ,    0.000 ,    0.000 ,       27 , 	)

	16 sommets 
	values : ( Cost : 313.479 , TRT : 454.311 , TWT : 186.612 , TD : 506.851 )
	violations : ( VC :       0 , VTW :   0.000 , VTD :   0.000 , VTRT :   0.000 )
	cout global : (   0.000	 )
S(i)	 (   C ,     TW0 ,       TW1 ,       VTW ,       Min ,       A ,       W ,       B ,       D ,       L ,       F ,       E ,       Det ,       [Imp ,       Imp]	)
   0 	 (   0 ,    0.000 , 1440.000 ,        0 ,    0.000 ,  446.658 ,    0.000 ,  446.658 ,  446.658 ,    0.000 ,    0.000 ,  446.658 ,    0.000 ,        0 , 	)
   1 	 (   1 ,  240.000 ,  480.000 ,        0 ,    9.467 ,  456.125 ,    0.000 ,  456.125 ,  457.125 ,    0.000 ,    0.000 ,  216.125 ,   11.666 ,        1 , 	)
  51 	 (   3 ,  240.000 ,  480.000 ,        0 ,  255.438 ,  471.563 ,    0.000 ,  471.563 ,  473.563 ,    0.000 ,    0.000 ,  216.125 ,    8.966 ,        2 , 	)
   3 	 (   6 ,  300.000 ,  480.000 ,        0 ,  263.875 ,  480.000 ,    0.000 ,  480.000 ,  483.000 ,    0.000 ,    0.000 ,  180.000 ,   -3.729 ,        3 , 	)
  44 	 (   8 ,  480.000 ,  720.000 ,        0 ,  309.327 ,  489.327 ,   10.084 ,  499.411 ,  501.411 ,    0.000 ,    0.000 ,   19.411 ,   -1.677 ,        4 , 	)
 115 	 (   6 ,  297.000 ,  537.000 ,        0 ,  498.759 ,  518.170 ,    0.000 ,  518.170 ,  520.170 ,   44.607 ,    0.000 ,   19.411 ,    7.328 ,        5 , 	)
  67 	 (   3 ,  378.000 ,  558.000 ,        0 ,  521.151 ,  540.562 ,    0.000 ,  540.562 ,  543.562 ,   57.562 ,    0.000 ,   19.411 ,    4.302 ,        6 , 	)
  65 	 (   2 ,  384.000 ,  564.000 ,        0 ,  544.589 ,  564.000 ,    0.000 ,  564.000 ,  565.000 ,  106.875 ,    0.000 ,   19.411 ,    5.801 ,        7 , 	)
 108 	 (   0 ,  592.000 ,  832.000 ,        0 ,  562.011 ,  581.422 ,   10.578 ,  592.000 ,  594.000 ,   90.589 ,   57.411 ,    0.000 ,    9.117 ,        8 , 	)
   7 	 (   3 ,  721.000 ,  960.000 ,        0 ,  606.270 ,  606.270 ,  165.950 ,  772.220 ,  775.220 ,    0.000 ,   85.256 ,   51.220 ,    7.142 ,        9 , 	)
  24 	 (   6 ,  780.000 ,  960.000 ,        0 ,  732.396 ,  783.616 ,    0.000 ,  783.616 ,  786.616 ,    0.000 ,   51.220 ,    3.616 ,   -0.131 ,       10 , 	)
  59 	 (   8 ,  780.000 ,  900.000 ,        0 ,  811.128 ,  814.744 ,    0.000 ,  814.744 ,  816.744 ,    0.000 ,   15.189 ,    3.616 ,    8.816 ,       11 , 	)
  71 	 (   5 ,  835.000 , 1015.000 ,        0 ,  831.384 ,  835.000 ,    0.000 ,  835.000 ,  838.000 ,   59.780 ,   15.189 ,    0.000 ,    8.489 ,       12 , 	)
  88 	 (   2 ,  855.000 , 1035.000 ,        0 ,  868.427 ,  868.427 ,    0.000 ,  868.427 ,  871.427 ,   81.811 ,   15.189 ,    0.000 ,    6.710 ,       13 , 	)
 123 	 (   0 ,  844.000 , 1024.000 ,        0 ,  882.370 ,  882.370 ,    0.000 ,  882.370 ,  884.370 ,   65.626 ,   58.374 ,    0.000 ,    8.186 ,       14 , 	)
 129 	 (   0 ,    0.000 , 1440.000 ,        0 ,  900.968 ,  900.968 ,    0.000 ,  900.968 ,  900.968 ,    0.000 ,  539.032 ,    0.000 ,    0.000 ,       15 , 	)

	22 sommets 
	values : ( Cost : 368.573 , TRT : 313.123 , TWT :   0.000 , TD : 929.074 )
	violations : ( VC :       0 , VTW :   0.000 , VTD :   0.000 , VTRT :   0.000 )
	cout global : (   0.000	 )
S(i)	 (   C ,     TW0 ,       TW1 ,       VTW ,       Min ,       A ,       W ,       B ,       D ,       L ,       F ,       E ,       Det ,       [Imp ,       Imp]	)
   0 	 (   0 ,    0.000 , 1440.000 ,        0 ,    0.000 ,  246.162 ,    0.000 ,  246.162 ,  246.162 ,    0.000 ,   37.715 ,  246.162 ,    0.000 ,        0 , 	)
  49 	 (   1 ,  251.000 ,  480.000 ,        0 ,    9.480 ,  255.642 ,    0.000 ,  255.642 ,  256.642 ,    0.000 ,   37.715 ,    4.642 ,    2.263 ,        1 , 	)
  48 	 (   2 ,  240.000 ,  480.000 ,        0 ,  257.294 ,  261.936 ,    0.000 ,  261.936 ,  262.936 ,    0.000 ,    4.642 ,    4.642 ,    3.833 ,        2 , 	)
  46 	 (   3 ,  240.000 ,  420.000 ,        0 ,  266.708 ,  271.350 ,    0.000 ,  271.350 ,  272.350 ,    0.000 ,    4.642 ,    4.642 ,    2.350 ,        3 , 	)
  19 	 (   5 ,  300.000 ,  420.000 ,        0 ,  318.875 ,  323.517 ,    0.000 ,  323.517 ,  325.517 ,    0.000 ,    4.642 ,    4.642 ,    1.641 ,        4 , 	)
  13 	 (   6 ,  240.000 ,  480.000 ,        0 ,  334.399 ,  339.041 ,    0.000 ,  339.041 ,  340.041 ,    0.000 ,    4.642 ,    4.642 ,   19.012 ,        5 , 	)
  34 	 (   7 ,  240.000 ,  420.000 ,        0 ,  347.931 ,  352.573 ,    0.000 ,  352.573 ,  353.573 ,    0.000 ,    4.642 ,    4.642 ,   -2.026 ,        6 , 	)
 113 	 (   6 ,  358.000 ,  538.000 ,        0 ,  353.358 ,  358.000 ,    0.000 ,  358.000 ,  359.000 ,  101.358 ,    4.642 ,    0.000 ,    0.000 ,        7 , 	)
 110 	 (   5 ,  302.000 ,  542.000 ,        0 ,  359.000 ,  359.000 ,    0.000 ,  359.000 ,  360.000 ,   86.650 ,   12.589 ,    0.000 ,    0.000 ,        8 , 	)
   2 	 (   8 ,  240.000 ,  480.000 ,        0 ,  383.505 ,  383.505 ,    0.000 ,  383.505 ,  386.505 ,    0.000 ,   12.589 ,    0.000 ,   16.512 ,        9 , 	)
  66 	 (   5 ,  292.000 ,  532.000 ,        0 ,  411.566 ,  411.566 ,    0.000 ,  411.566 ,  414.566 ,   25.061 ,   12.589 ,    0.000 ,    0.000 ,       10 , 	)
  77 	 (   4 ,  366.000 ,  546.000 ,        0 ,  419.730 ,  419.730 ,    0.000 ,  419.730 ,  420.730 ,   79.689 ,   12.589 ,    0.000 ,    8.576 ,       11 , 	)
  25 	 (   6 ,  300.000 ,  480.000 ,        0 ,  431.422 ,  431.422 ,    0.000 ,  431.422 ,  433.422 ,    0.000 ,   12.589 ,    0.000 ,    3.271 ,       12 , 	)
   6 	 (   8 ,  300.000 ,  480.000 ,        0 ,  442.285 ,  442.285 ,    0.000 ,  442.285 ,  444.285 ,    0.000 ,   12.589 ,    0.000 ,   -0.461 ,       13 , 	)
  70 	 (   6 ,  311.532 ,  502.000 ,        0 ,  453.817 ,  453.817 ,    0.000 ,  453.817 ,  455.817 ,    9.532 ,   10.468 ,    0.000 ,    3.072 ,       14 , 	)
  98 	 (   5 ,  317.000 ,  557.000 ,        0 ,  463.795 ,  463.795 ,    0.000 ,  463.795 ,  464.795 ,  110.223 ,   12.589 ,    0.000 ,    8.863 ,       15 , 	)
  83 	 (   3 ,  391.000 ,  622.000 ,        0 ,  495.613 ,  495.613 ,    0.000 ,  495.613 ,  497.613 ,  170.096 ,   12.589 ,    0.000 ,    0.879 ,       16 , 	)
 112 	 (   2 ,  398.000 ,  638.000 ,        0 ,  503.347 ,  503.347 ,    0.000 ,  503.347 ,  504.347 ,  240.411 ,   12.589 ,    0.000 ,    8.802 ,       17 , 	)
  89 	 (   0 ,  354.000 ,  593.000 ,        0 ,  511.435 ,  511.435 ,    0.000 ,  511.435 ,  513.435 ,   78.014 ,   32.986 ,    0.000 ,    3.426 ,       18 , 	)
  53 	 (   4 ,  480.000 ,  720.000 ,        0 ,  515.770 ,  515.770 ,    0.000 ,  515.770 ,  519.770 ,    0.000 ,  204.230 ,    0.000 ,    0.501 ,       19 , 	)
 117 	 (   0 ,  539.000 ,  779.000 ,        0 ,  547.814 ,  547.814 ,    0.000 ,  547.814 ,  551.814 ,   28.044 ,   46.956 ,    0.000 ,   -0.145 ,       20 , 	)
 129 	 (   0 ,    0.000 , 1440.000 ,        0 ,  559.284 ,  559.284 ,    0.000 ,  559.284 ,  559.284 ,    0.000 ,  880.716 ,    0.000 ,    0.000 ,       21 , 	)
