10
	VALUE ALL : ( Cost : 3593.600 , TRT : 3209.862 , TWT : 279.907 , TD : 3731.423 )
	VIOLATIONS TOTAL : ( VC :       0 , VTW :   0.000 , VTD :   0.000 , VTRT :   0.000 )
 	COUT_ALL : (   0.003 )  T2B:    1200

	12 sommets 
	values : ( Cost : 332.139 , TRT : 281.358 , TWT :   9.629 , TD : 268.320 )
	violations : ( VC :       0 , VTW :   0.000 , VTD :   0.000 , VTRT :   0.000 )
	cout global : (   0.000	 )
S(i)	 (   C ,     TW0 ,       TW1 ,       VTW ,       Min ,       A ,       W ,       B ,       D ,       L ,       F ,       E ,       Det ,       [Imp ,       Imp]	)
   0 	 (   0 ,    0.000 , 1440.000 ,        0 ,    0.000 ,  283.219 ,    0.000 ,  283.219 ,  283.219 ,    0.000 ,    0.000 ,  283.219 ,    0.000 ,        0 , 	)
   3 	 (   3 ,  240.000 ,  480.000 ,        0 ,   25.056 ,  308.275 ,    0.000 ,  308.275 ,  311.275 ,    0.000 ,    0.000 ,   68.275 ,   46.565 ,        1 , 	)
  56 	 (   0 ,  349.000 ,  589.000 ,        0 ,  296.436 ,  364.711 ,    0.000 ,  364.711 ,  367.711 ,   53.436 ,    0.000 ,   15.711 ,    4.143 ,        2 , 	)
  33 	 (   2 ,  243.000 ,  480.000 ,        0 ,  366.598 ,  382.310 ,    0.000 ,  382.310 ,  384.310 ,    0.000 ,    0.000 ,   15.711 ,   17.538 ,        3 , 	)
  40 	 (   6 ,  240.000 ,  480.000 ,        0 ,  377.368 ,  393.079 ,    0.000 ,  393.079 ,  397.079 ,    0.000 ,    0.000 ,   15.711 ,    0.000 ,        4 , 	)
  86 	 (   4 ,  350.000 ,  530.000 ,        0 ,  412.035 ,  427.746 ,    0.000 ,  427.746 ,  429.746 ,   43.436 ,    0.000 ,   15.711 ,    8.274 ,        5 , 	)
  93 	 (   0 ,  324.000 ,  564.000 ,        0 ,  439.912 ,  455.623 ,    0.000 ,  455.623 ,  459.623 ,   58.544 ,    0.000 ,   15.711 ,    7.626 ,        6 , 	)
  48 	 (   1 ,  240.000 ,  480.000 ,        0 ,  464.289 ,  480.000 ,    0.000 ,  480.000 ,  481.000 ,    0.000 ,    0.000 ,   15.711 ,    0.767 ,        7 , 	)
  20 	 (   2 ,  480.000 ,  720.000 ,        0 ,  475.632 ,  491.343 ,    5.753 ,  497.096 ,  498.096 ,    0.000 ,    0.000 ,   17.096 ,   19.919 ,        8 , 	)
 101 	 (   1 ,  295.000 ,  535.000 ,        0 ,  517.904 ,  535.000 ,    0.000 ,  535.000 ,  536.000 ,   54.000 ,    0.000 ,   17.096 ,   15.458 ,        9 , 	)
  73 	 (   0 ,  557.000 ,  797.000 ,        0 ,  536.028 ,  553.124 ,    3.876 ,  557.000 ,  558.000 ,   58.904 ,   44.096 ,    0.000 ,    2.962 ,       10 , 	)
 107 	 (   0 ,    0.000 , 1440.000 ,        0 ,  564.577 ,  564.577 ,    0.000 ,  564.577 ,  564.577 ,    0.000 ,  875.423 ,    0.000 ,    0.000 ,       11 , 	)

	10 sommets 
	values : ( Cost : 382.489 , TRT : 309.586 , TWT :   0.000 , TD : 157.248 )
	violations : ( VC :       0 , VTW :   0.000 , VTD :   0.000 , VTRT :   0.000 )
	cout global : (   0.000	 )
S(i)	 (   C ,     TW0 ,       TW1 ,       VTW ,       Min ,       A ,       W ,       B ,       D ,       L ,       F ,       E ,       Det ,       [Imp ,       Imp]	)
   0 	 (   0 ,    0.000 , 1440.000 ,        0 ,    0.000 ,  762.269 ,    0.000 ,  762.269 ,  762.269 ,    0.000 ,   70.128 ,  762.269 ,    0.000 ,        0 , 	)
  50 	 (   1 ,  740.000 ,  882.731 ,        0 ,   31.455 ,  793.724 ,    0.000 ,  793.724 ,  794.724 ,    0.000 ,   70.128 ,   53.724 ,    1.072 ,        1 , 	)
 103 	 (   0 ,  777.000 ,  897.000 ,        0 ,  754.269 ,  807.993 ,    0.000 ,  807.993 ,  808.993 ,   13.269 ,   22.731 ,   30.993 ,   11.976 ,        2 , 	)
  52 	 (   2 ,  745.000 ,  948.786 ,        0 ,  834.923 ,  865.917 ,    0.000 ,  865.917 ,  867.917 ,    0.000 ,   70.128 ,   30.993 ,   38.835 ,        3 , 	)
  30 	 (   6 ,  727.000 ,  960.000 ,        0 ,  858.805 ,  889.798 ,    0.000 ,  889.798 ,  893.798 ,    0.000 ,   70.128 ,   30.993 ,    4.741 ,        4 , 	)
 105 	 (   4 ,  881.000 , 1001.000 ,        0 ,  895.879 ,  926.872 ,    0.000 ,  926.872 ,  928.872 ,   58.956 ,   52.926 ,   30.993 ,    0.000 ,        5 , 	)
  83 	 (   0 ,  819.000 ,  999.000 ,        0 ,  897.879 ,  928.872 ,    0.000 ,  928.872 ,  932.872 ,   35.074 ,   52.926 ,   30.993 ,    0.000 ,        6 , 	)
  19 	 (   4 ,  960.000 , 1140.000 ,        0 ,  948.058 ,  979.051 ,    0.000 ,  979.051 ,  983.051 ,    0.000 ,  160.949 ,   19.051 ,   89.816 ,        7 , 	)
  72 	 (   0 , 1033.000 , 1273.000 ,        0 , 1013.949 , 1033.000 ,    0.000 , 1033.000 , 1037.000 ,   49.949 ,   83.051 ,    0.000 ,    2.817 ,        8 , 	)
 107 	 (   0 ,    0.000 , 1440.000 ,        0 , 1071.855 , 1071.855 ,    0.000 , 1071.855 , 1071.855 ,    0.000 ,  368.145 ,   -0.000 ,    0.000 ,        9 , 	)

	12 sommets 
	values : ( Cost : 237.007 , TRT : 212.429 , TWT :  20.228 , TD : 402.901 )
	violations : ( VC :       0 , VTW :   0.000 , VTD :   0.000 , VTRT :   0.000 )
	cout global : (   0.000	 )
S(i)	 (   C ,     TW0 ,       TW1 ,       VTW ,       Min ,       A ,       W ,       B ,       D ,       L ,       F ,       E ,       Det ,       [Imp ,       Imp]	)
   0 	 (   0 ,    0.000 , 1440.000 ,        0 ,    0.000 ,  251.457 ,    0.000 ,  251.457 ,  251.457 ,    0.000 ,    0.000 ,  251.457 ,    0.000 ,        0 , 	)
  32 	 (   1 ,  240.000 ,  300.000 ,        0 ,   48.543 ,  300.000 ,    0.000 ,  300.000 ,  301.000 ,    0.000 ,    0.000 ,   60.000 ,    0.329 ,        1 , 	)
  53 	 (   3 ,  240.000 ,  420.000 ,        0 ,  250.642 ,  310.642 ,    3.641 ,  314.283 ,  316.283 ,    0.000 ,    0.000 ,   63.641 ,    6.751 ,        2 , 	)
  51 	 (   4 ,  276.000 ,  453.470 ,        0 ,  267.953 ,  331.594 ,    0.000 ,  331.594 ,  332.594 ,    0.000 ,    0.000 ,   55.594 ,   18.247 ,        3 , 	)
  15 	 (   5 ,  300.000 ,  480.000 ,        0 ,  286.286 ,  341.880 ,    0.000 ,  341.880 ,  342.880 ,    0.000 ,    0.000 ,   41.880 ,    0.095 ,        4 , 	)
  26 	 (   7 ,  240.000 ,  480.000 ,        0 ,  326.338 ,  368.219 ,    0.000 ,  368.219 ,  370.219 ,    0.000 ,    0.000 ,   41.880 ,    0.000 ,        5 , 	)
 104 	 (   6 ,  369.000 ,  489.000 ,        0 ,  328.338 ,  370.219 ,    0.000 ,  370.219 ,  371.219 ,   37.625 ,    0.000 ,    1.219 ,    0.000 ,        6 , 	)
  85 	 (   5 ,  277.475 ,  399.000 ,        0 ,  397.781 ,  399.000 ,    0.000 ,  399.000 ,  400.000 ,   98.000 ,    0.000 ,    1.219 ,    6.106 ,        7 , 	)
 106 	 (   3 ,  311.000 ,  551.000 ,        0 ,  409.111 ,  410.330 ,    0.000 ,  410.330 ,  412.330 ,   94.047 ,   39.953 ,    1.219 ,    2.441 ,        8 , 	)
  68 	 (   2 ,  434.000 ,  554.000 ,        0 ,  416.195 ,  417.414 ,   16.586 ,  434.000 ,  435.000 ,   91.120 ,   47.880 ,    0.000 ,    2.644 ,        9 , 	)
  79 	 (   0 ,  370.000 ,  550.000 ,        0 ,  452.329 ,  452.329 ,    0.000 ,  452.329 ,  454.329 ,   82.110 ,   49.890 ,    0.000 ,   19.114 ,       10 , 	)
 107 	 (   0 ,    0.000 , 1440.000 ,        0 ,  463.886 ,  463.886 ,    0.000 ,  463.886 ,  463.886 ,    0.000 ,  976.114 ,    0.000 ,    0.000 ,       11 , 	)

	10 sommets 
	values : ( Cost : 401.160 , TRT : 381.752 , TWT :  66.128 , TD : 275.808 )
	violations : ( VC :       0 , VTW :   0.000 , VTD :   0.000 , VTRT :   0.000 )
	cout global : (   0.000	 )
S(i)	 (   C ,     TW0 ,       TW1 ,       VTW ,       Min ,       A ,       W ,       B ,       D ,       L ,       F ,       E ,       Det ,       [Imp ,       Imp]	)
   0 	 (   0 ,    0.000 , 1440.000 ,        0 ,    0.000 ,  584.529 ,    0.000 ,  584.529 ,  584.529 ,    0.000 ,    0.000 ,  584.529 ,    0.000 ,        0 , 	)
   8 	 (   2 ,  480.000 ,  660.000 ,        0 ,   75.471 ,  660.000 ,    0.000 ,  660.000 ,  662.000 ,    0.000 ,    0.000 ,  180.000 ,   74.557 ,        1 , 	)
   2 	 (   3 ,  739.000 ,  944.247 ,        0 ,  561.129 ,  741.129 ,   66.128 ,  807.257 ,  808.257 ,    0.000 ,   60.000 ,   68.257 ,    1.429 ,        2 , 	)
  61 	 (   1 ,  753.000 ,  993.000 ,        0 ,  753.102 ,  821.359 ,    0.000 ,  821.359 ,  823.359 ,  159.359 ,   21.789 ,   68.257 ,    1.457 ,        3 , 	)
  55 	 (   0 ,  780.000 ,  960.000 ,        0 ,  758.211 ,  826.468 ,    0.000 ,  826.468 ,  827.468 ,   18.211 ,   21.789 ,   46.468 ,    4.150 ,        4 , 	)
  41 	 (   2 ,  777.000 ,  915.945 ,        0 ,  802.598 ,  849.065 ,    0.000 ,  849.065 ,  851.065 ,    0.000 ,   60.000 ,   46.468 ,    2.802 ,        5 , 	)
  47 	 (   4 ,  720.000 ,  960.000 ,        0 ,  842.505 ,  888.973 ,    0.000 ,  888.973 ,  890.973 ,    0.000 ,   60.000 ,   46.468 ,    4.880 ,        6 , 	)
  94 	 (   2 ,  905.000 ,  965.000 ,        0 ,  858.532 ,  905.000 ,    0.000 ,  905.000 ,  907.000 ,   53.935 ,   59.695 ,    0.000 ,    3.306 ,        7 , 	)
 100 	 (   0 ,  799.000 , 1039.000 ,        0 ,  935.277 ,  935.277 ,    0.000 ,  935.277 ,  937.277 ,   44.305 ,   59.695 ,    0.000 ,   26.296 ,        8 , 	)
 107 	 (   0 ,    0.000 , 1440.000 ,        0 ,  966.281 ,  966.281 ,    0.000 ,  966.281 ,  966.281 ,    0.000 ,  473.719 ,    0.000 ,    0.000 ,        9 , 	)

	14 sommets 
	values : ( Cost : 431.212 , TRT : 348.220 , TWT :   0.000 , TD : 429.508 )
	violations : ( VC :       0 , VTW :   0.000 , VTD :   0.000 , VTRT :   0.000 )
	cout global : (   0.000	 )
S(i)	 (   C ,     TW0 ,       TW1 ,       VTW ,       Min ,       A ,       W ,       B ,       D ,       L ,       F ,       E ,       Det ,       [Imp ,       Imp]	)
   0 	 (   0 ,    0.000 , 1440.000 ,        0 ,    0.000 ,  849.942 ,    0.000 ,  849.942 ,  849.942 ,    0.000 ,   33.695 ,  849.942 ,    0.000 ,        0 , 	)
  44 	 (   1 ,  780.000 ,  960.000 ,        0 ,    7.788 ,  857.730 ,    0.000 ,  857.730 ,  858.730 ,    0.000 ,   33.695 ,   77.730 ,    0.062 ,        1 , 	)
  42 	 (   5 ,  840.000 ,  960.000 ,        0 ,  795.961 ,  873.691 ,    0.000 ,  873.691 ,  877.691 ,    0.000 ,    2.138 ,   33.691 ,   13.661 ,        2 , 	)
  14 	 (   7 ,  780.000 ,  960.000 ,        0 ,  892.614 ,  926.305 ,    0.000 ,  926.305 ,  928.305 ,    0.000 ,    2.138 ,   33.691 ,    0.000 ,        3 , 	)
  95 	 (   3 ,  892.614 , 1094.000 ,        0 ,  894.614 ,  928.305 ,    0.000 ,  928.305 ,  932.305 ,   50.614 ,    2.138 ,   33.691 ,    0.000 ,        4 , 	)
  67 	 (   1 ,  851.000 , 1091.000 ,        0 ,  948.902 ,  982.592 ,    0.000 ,  982.592 ,  984.592 ,   54.287 ,    2.138 ,   33.691 ,    0.000 ,        5 , 	)
  97 	 (   0 ,  846.000 , 1086.000 ,        0 ,  950.902 ,  984.592 ,    0.000 ,  984.592 ,  985.592 ,  125.862 ,    2.138 ,   33.691 ,    0.000 ,        6 , 	)
   1 	 (   1 ,  960.000 , 1200.000 ,        0 ,  992.889 , 1026.580 ,    0.000 , 1026.580 , 1027.580 ,    0.000 ,   36.253 ,   33.691 ,   21.031 ,        7 , 	)
  46 	 (   4 ,  960.000 , 1200.000 ,        0 , 1017.731 , 1051.422 ,    0.000 , 1051.422 , 1054.422 ,    0.000 ,   36.253 ,   33.691 ,   -1.193 ,        8 , 	)
  54 	 (   3 , 1099.000 , 1339.000 ,        0 , 1065.309 , 1099.000 ,    0.000 , 1099.000 , 1100.000 ,   71.420 ,    2.414 ,    0.000 ,   60.168 ,        9 , 	)
  23 	 (   4 ,  973.000 , 1193.262 ,        0 , 1154.008 , 1154.008 ,    0.000 , 1154.008 , 1155.008 ,    0.000 ,    2.414 ,    0.000 ,    0.000 ,       10 , 	)
  99 	 (   1 , 1039.000 , 1279.000 ,        0 , 1155.008 , 1155.008 ,    0.000 , 1155.008 , 1158.008 ,  100.586 ,    2.414 ,    0.000 ,    0.000 ,       11 , 	)
  76 	 (   0 , 1038.000 , 1218.000 ,        0 , 1181.747 , 1181.747 ,    0.000 , 1181.747 , 1182.747 ,   26.738 ,   36.253 ,    0.000 ,    2.835 ,       12 , 	)
 107 	 (   0 ,    0.000 , 1440.000 ,        0 , 1198.162 , 1198.162 ,    0.000 , 1198.162 , 1198.162 ,    0.000 ,  241.838 ,   -0.000 ,    0.000 ,       13 , 	)

	8 sommets 
	values : ( Cost : 235.185 , TRT : 212.330 , TWT :  23.499 , TD : 190.027 )
	violations : ( VC :       0 , VTW :   0.000 , VTD :   0.000 , VTRT :   0.000 )
	cout global : (   0.000	 )
S(i)	 (   C ,     TW0 ,       TW1 ,       VTW ,       Min ,       A ,       W ,       B ,       D ,       L ,       F ,       E ,       Det ,       [Imp ,       Imp]	)
   0 	 (   0 ,    0.000 , 1440.000 ,        0 ,    0.000 ,  690.071 ,    0.000 ,  690.071 ,  690.071 ,    0.000 ,    0.000 ,  690.071 ,    0.000 ,        0 , 	)
  39 	 (   1 ,  600.000 ,  720.000 ,        0 ,   29.929 ,  720.000 ,    0.000 ,  720.000 ,  721.000 ,    0.000 ,    0.000 ,  120.000 ,   24.314 ,        1 , 	)
  10 	 (   5 ,  720.000 ,  900.000 ,        0 ,  614.402 ,  734.402 ,   23.499 ,  757.902 ,  761.902 ,    0.000 ,   25.768 ,   37.901 ,    2.491 ,        2 , 	)
  63 	 (   1 ,  741.027 ,  950.000 ,        0 ,  741.027 ,  778.929 ,    0.000 ,  778.929 ,  782.929 ,   17.027 ,   25.768 ,   37.901 ,    5.029 ,        3 , 	)
   7 	 (   2 ,  746.000 ,  949.219 ,        0 ,  780.331 ,  818.232 ,    0.000 ,  818.232 ,  819.232 ,    0.000 ,   25.768 ,   37.901 ,   17.919 ,        4 , 	)
  92 	 (   1 ,  679.000 ,  859.000 ,        0 ,  795.331 ,  833.232 ,    0.000 ,  833.232 ,  834.232 ,  112.232 ,   25.768 ,   37.901 ,    9.986 ,        5 , 	)
  60 	 (   0 ,  880.000 , 1000.000 ,        0 ,  842.099 ,  880.000 ,    0.000 ,  880.000 ,  881.000 ,   60.768 ,   72.232 ,    0.000 ,   39.161 ,        6 , 	)
 107 	 (   0 ,    0.000 , 1440.000 ,        0 ,  902.402 ,  902.402 ,    0.000 ,  902.402 ,  902.402 ,    0.000 ,  537.598 ,    0.000 ,    0.000 ,        7 , 	)

	22 sommets 
	values : ( Cost : 514.455 , TRT : 469.611 , TWT :  36.803 , TD : 792.213 )
	violations : ( VC :       0 , VTW :   0.000 , VTD :   0.000 , VTRT :   0.000 )
	cout global : (   0.000	 )
S(i)	 (   C ,     TW0 ,       TW1 ,       VTW ,       Min ,       A ,       W ,       B ,       D ,       L ,       F ,       E ,       Det ,       [Imp ,       Imp]	)
   0 	 (   0 ,    0.000 , 1440.000 ,        0 ,    0.000 ,  276.398 ,    0.000 ,  276.398 ,  276.398 ,    0.000 ,    0.000 ,  276.398 ,    0.000 ,        0 , 	)
   9 	 (   4 ,  240.000 ,  300.000 ,        0 ,   23.602 ,  300.000 ,    0.000 ,  300.000 ,  304.000 ,    0.000 ,    0.000 ,   60.000 ,   43.562 ,        1 , 	)
  24 	 (   8 ,  240.000 ,  480.000 ,        0 ,  292.963 ,  352.963 ,    1.044 ,  354.008 ,  358.008 ,    0.000 ,    0.000 ,   61.044 ,    2.947 ,        2 , 	)
  77 	 (   4 ,  278.000 ,  518.000 ,        0 ,  314.559 ,  375.604 ,    0.000 ,  375.604 ,  379.604 ,   17.596 ,    0.000 ,   61.044 ,   14.311 ,        3 , 	)
  37 	 (   5 ,  279.000 ,  449.812 ,        0 ,  325.374 ,  386.418 ,    0.000 ,  386.418 ,  387.418 ,    0.000 ,    0.000 ,   61.044 ,    3.688 ,        4 , 	)
  31 	 (   7 ,  240.000 ,  480.000 ,        0 ,  349.788 ,  410.832 ,    0.000 ,  410.832 ,  412.832 ,    0.000 ,    0.000 ,   61.044 ,    2.976 ,        5 , 	)
  90 	 (   6 ,  361.000 ,  481.000 ,        0 ,  361.538 ,  422.582 ,    0.000 ,  422.582 ,  423.582 ,   35.164 ,    0.000 ,   61.044 ,   16.523 ,        6 , 	)
  62 	 (   2 ,  330.000 ,  450.000 ,        0 ,  388.956 ,  450.000 ,    0.000 ,  450.000 ,  454.000 ,  146.000 ,    0.000 ,   61.044 ,    2.542 ,        7 , 	)
  13 	 (   3 ,  240.000 ,  480.000 ,        0 ,  401.265 ,  462.310 ,   17.690 ,  480.000 ,  481.000 ,    0.000 ,    0.000 ,   78.735 ,    3.612 ,        8 , 	)
   6 	 (   4 ,  480.000 ,  720.000 ,        0 ,  415.743 ,  494.477 ,   13.229 ,  507.707 ,  508.707 ,    0.000 ,    0.000 ,   27.707 ,    2.029 ,        9 , 	)
  84 	 (   2 ,  316.000 ,  556.000 ,        0 ,  485.126 ,  512.832 ,    0.000 ,  512.832 ,  514.832 ,  100.000 ,    0.000 ,   27.707 ,    2.674 ,       10 , 	)
  12 	 (   3 ,  501.000 ,  716.125 ,        0 ,  500.099 ,  527.806 ,    4.839 ,  532.645 ,  533.645 ,    0.000 ,    1.534 ,   31.645 ,    7.332 ,       11 , 	)
  66 	 (   2 ,  555.000 ,  615.000 ,        0 ,  567.905 ,  599.550 ,    0.000 ,  599.550 ,  600.550 ,  118.550 ,    1.534 ,   31.645 ,    4.895 ,       12 , 	)
  18 	 (   5 ,  480.000 ,  720.000 ,        0 ,  588.663 ,  620.308 ,    0.000 ,  620.308 ,  623.308 ,    0.000 ,    1.534 ,   31.645 ,    0.000 ,       13 , 	)
  38 	 (   8 ,  548.000 ,  661.107 ,        0 ,  591.663 ,  623.308 ,    0.000 ,  623.308 ,  626.308 ,    0.000 ,    1.534 ,   31.645 ,    0.000 ,       14 , 	)
  59 	 (   7 ,  611.000 ,  851.000 ,        0 ,  617.514 ,  649.159 ,    0.000 ,  649.159 ,  650.159 ,  140.452 ,    1.534 ,   31.645 ,    0.664 ,       15 , 	)
  65 	 (   6 ,  654.000 ,  774.000 ,        0 ,  622.355 ,  654.000 ,    0.000 ,  654.000 ,  655.000 ,  120.355 ,    1.534 ,    0.000 ,    0.777 ,       16 , 	)
  71 	 (   3 ,  606.000 ,  786.000 ,        0 ,  658.117 ,  658.117 ,    0.000 ,  658.117 ,  661.117 ,   34.809 ,    1.534 ,    0.000 ,    0.000 ,       17 , 	)
  27 	 (   6 ,  480.000 ,  720.000 ,        0 ,  661.117 ,  661.117 ,    0.000 ,  661.117 ,  664.117 ,    0.000 ,    1.534 ,    0.000 ,    0.000 ,       18 , 	)
  80 	 (   3 ,  504.000 ,  744.000 ,        0 ,  675.246 ,  675.246 ,    0.000 ,  675.246 ,  678.246 ,   11.129 ,    1.534 ,    0.000 ,   20.390 ,       19 , 	)
  91 	 (   0 ,  636.000 ,  696.000 ,        0 ,  694.466 ,  694.466 ,    0.000 ,  694.466 ,  697.466 ,   68.158 ,    1.534 ,    0.000 ,    8.509 ,       20 , 	)
 107 	 (   0 ,    0.000 , 1440.000 ,        0 ,  746.009 ,  746.009 ,    0.000 ,  746.009 ,  746.009 ,    0.000 ,  693.991 ,    0.000 ,    0.000 ,       21 , 	)

	12 sommets 
	values : ( Cost : 325.253 , TRT : 262.551 , TWT :   0.000 , TD : 261.358 )
	violations : ( VC :       0 , VTW :   0.000 , VTD :   0.000 , VTRT :   0.000 )
	cout global : (   0.000	 )
S(i)	 (   C ,     TW0 ,       TW1 ,       VTW ,       Min ,       A ,       W ,       B ,       D ,       L ,       F ,       E ,       Det ,       [Imp ,       Imp]	)
   0 	 (   0 ,    0.000 , 1440.000 ,        0 ,    0.000 ,  276.701 ,    0.000 ,  276.701 ,  276.701 ,    0.000 ,    6.935 ,  276.701 ,    0.000 ,        0 , 	)
  16 	 (   2 ,  300.000 ,  360.000 ,        0 ,   23.299 ,  300.000 ,    0.000 ,  300.000 ,  302.000 ,    0.000 ,    6.935 ,    0.000 ,   14.887 ,        1 , 	)
   5 	 (   4 ,  300.000 ,  360.000 ,        0 ,  324.735 ,  324.735 ,    0.000 ,  324.735 ,  326.735 ,    0.000 ,    6.935 ,    0.000 ,    9.208 ,        2 , 	)
  69 	 (   2 ,  335.966 ,  543.000 ,        0 ,  347.174 ,  347.174 ,    0.000 ,  347.174 ,  349.174 ,   45.174 ,    6.935 ,    0.000 ,   -0.017 ,        3 , 	)
  58 	 (   0 ,  339.039 ,  461.000 ,        0 ,  365.757 ,  365.757 ,    0.000 ,  365.757 ,  367.757 ,   39.023 ,    6.935 ,    0.000 ,   28.571 ,        4 , 	)
  25 	 (   2 ,  360.000 ,  480.000 ,        0 ,  388.120 ,  388.120 ,    0.000 ,  388.120 ,  390.120 ,    0.000 ,    6.935 ,    0.000 ,    2.842 ,        5 , 	)
  28 	 (   4 ,  300.000 ,  480.000 ,        0 ,  402.206 ,  402.206 ,    0.000 ,  402.206 ,  404.206 ,    0.000 ,    6.935 ,    0.000 ,   21.330 ,        6 , 	)
  81 	 (   2 ,  360.000 ,  540.000 ,        0 ,  433.699 ,  433.699 ,    0.000 ,  433.699 ,  435.699 ,   29.493 ,    6.935 ,    0.000 ,    4.883 ,        7 , 	)
  45 	 (   3 ,  241.000 ,  480.000 ,        0 ,  461.377 ,  461.377 ,    0.000 ,  461.377 ,  462.377 ,    0.000 ,    6.935 ,    0.000 ,    0.449 ,        8 , 	)
  78 	 (   1 ,  429.000 ,  669.000 ,        0 ,  475.100 ,  475.100 ,    0.000 ,  475.100 ,  477.100 ,   84.980 ,    6.935 ,    0.000 ,   19.700 ,        9 , 	)
  98 	 (   0 ,  352.000 ,  532.000 ,        0 ,  525.065 ,  525.065 ,    0.000 ,  525.065 ,  526.065 ,   62.688 ,    6.935 ,    0.000 ,    9.103 ,       10 , 	)
 107 	 (   0 ,    0.000 , 1440.000 ,        0 ,  539.252 ,  539.252 ,    0.000 ,  539.252 ,  539.252 ,    0.000 ,  900.748 ,    0.000 ,    0.000 ,       11 , 	)

	12 sommets 
	values : ( Cost : 312.302 , TRT : 256.814 , TWT :   0.000 , TD : 337.798 )
	violations : ( VC :       0 , VTW :   0.000 , VTD :   0.000 , VTRT :   0.000 )
	cout global : (   0.000	 )
S(i)	 (   C ,     TW0 ,       TW1 ,       VTW ,       Min ,       A ,       W ,       B ,       D ,       L ,       F ,       E ,       Det ,       [Imp ,       Imp]	)
   0 	 (   0 ,    0.000 , 1440.000 ,        0 ,    0.000 ,  709.804 ,    0.000 ,  709.804 ,  709.804 ,    0.000 ,   23.184 ,  709.804 ,    0.000 ,        0 , 	)
  35 	 (   4 ,  747.000 ,  946.995 ,        0 ,   55.611 ,  765.414 ,    0.000 ,  765.414 ,  769.414 ,    0.000 ,   23.184 ,   18.414 ,    3.180 ,        1 , 	)
  49 	 (   6 ,  723.000 ,  960.000 ,        0 ,  769.724 ,  788.138 ,    0.000 ,  788.138 ,  790.138 ,    0.000 ,    4.792 ,   18.414 ,   14.165 ,        2 , 	)
 102 	 (   4 ,  829.000 , 1009.000 ,        0 ,  810.586 ,  829.000 ,    0.000 ,  829.000 ,  831.000 ,   38.862 ,    4.792 ,    0.000 ,   28.768 ,        3 , 	)
  43 	 (   7 ,  780.000 ,  960.000 ,        0 ,  845.751 ,  845.751 ,    0.000 ,  845.751 ,  848.751 ,    0.000 ,    4.792 ,    0.000 ,   29.519 ,        4 , 	)
  36 	 (   8 ,  780.000 ,  900.000 ,        0 ,  876.816 ,  876.816 ,    0.000 ,  876.816 ,  877.816 ,    0.000 ,    4.792 ,    0.000 ,    0.000 ,        5 , 	)
  88 	 (   4 ,  879.000 ,  999.000 ,        0 ,  892.622 ,  892.622 ,    0.000 ,  892.622 ,  896.622 ,  123.208 ,    4.792 ,    0.000 ,    0.000 ,        6 , 	)
  29 	 (   5 ,  720.000 ,  960.000 ,        0 ,  896.622 ,  896.622 ,    0.000 ,  896.622 ,  897.622 ,    0.000 ,   48.756 ,    0.000 ,    0.000 ,        7 , 	)
  96 	 (   2 ,  853.000 , 1093.000 ,        0 ,  914.699 ,  914.699 ,    0.000 ,  914.699 ,  917.699 ,   65.947 ,   31.463 ,    0.000 ,    4.918 ,        8 , 	)
  82 	 (   1 ,  767.000 , 1007.000 ,        0 ,  929.159 ,  929.159 ,    0.000 ,  929.159 ,  930.159 ,   31.537 ,   31.463 ,    0.000 ,    5.347 ,        9 , 	)
  89 	 (   0 ,  845.000 , 1025.000 ,        0 ,  956.060 ,  956.060 ,    0.000 ,  956.060 ,  957.060 ,   78.244 ,   48.756 ,    0.000 ,   16.441 ,       10 , 	)
 107 	 (   0 ,    0.000 , 1440.000 ,        0 ,  966.617 ,  966.617 ,    0.000 ,  966.617 ,  966.617 ,    0.000 ,  473.383 ,    0.000 ,    0.000 ,       11 , 	)

	14 sommets 
	values : ( Cost : 422.398 , TRT : 475.212 , TWT : 123.620 , TD : 616.241 )
	violations : ( VC :       0 , VTW :   0.000 , VTD :   0.000 , VTRT :   0.000 )
	cout global : (   0.000	 )
S(i)	 (   C ,     TW0 ,       TW1 ,       VTW ,       Min ,       A ,       W ,       B ,       D ,       L ,       F ,       E ,       Det ,       [Imp ,       Imp]	)
   0 	 (   0 ,    0.000 , 1440.000 ,        0 ,    0.000 ,  398.123 ,    0.000 ,  398.123 ,  398.123 ,    0.000 ,    0.000 ,  398.123 ,    0.000 ,        0 , 	)
  34 	 (   1 ,  240.000 ,  480.000 ,        0 ,   10.211 ,  408.334 ,    0.000 ,  408.334 ,  409.334 ,    0.000 ,    0.000 ,  168.334 ,    7.116 ,        1 , 	)
  21 	 (   5 ,  240.000 ,  420.000 ,        0 ,  251.666 ,  420.000 ,    0.000 ,  420.000 ,  424.000 ,    0.000 ,   -0.000 ,  168.334 ,    4.005 ,        2 , 	)
  11 	 (   8 ,  240.000 ,  480.000 ,        0 ,  281.635 ,  449.969 ,   17.615 ,  467.584 ,  470.584 ,    0.000 ,    0.000 ,  185.949 ,   15.305 ,        3 , 	)
  87 	 (   7 ,  295.000 ,  535.000 ,        0 ,  296.385 ,  482.334 ,    0.000 ,  482.334 ,  483.334 ,   73.000 ,    0.000 ,  185.949 ,    6.280 ,        4 , 	)
  22 	 (   8 ,  480.000 ,  720.000 ,        0 ,  305.794 ,  491.743 ,   33.689 ,  525.432 ,  526.432 ,    0.000 ,    0.000 ,   45.432 ,   14.329 ,        5 , 	)
  74 	 (   4 ,  409.000 ,  589.000 ,        0 ,  543.568 ,  589.000 ,    0.000 ,  589.000 ,  593.000 ,  165.000 ,   -0.000 ,   45.432 ,   21.601 ,        6 , 	)
  64 	 (   1 ,  509.000 ,  689.000 ,        0 ,  574.658 ,  620.090 ,    0.000 ,  620.090 ,  623.090 ,  149.506 ,   68.910 ,   45.432 ,   18.442 ,        7 , 	)
  75 	 (   0 ,  622.000 ,  862.000 ,        0 ,  596.708 ,  642.140 ,    0.000 ,  642.140 ,  643.140 ,  115.708 ,   73.292 ,   20.140 ,    1.659 ,        8 , 	)
   4 	 (   4 ,  720.000 ,  900.000 ,        0 ,  643.298 ,  663.438 ,   72.315 ,  735.753 ,  739.753 ,    0.000 ,  164.247 ,   15.753 ,   28.117 ,        9 , 	)
  17 	 (   8 ,  720.000 ,  960.000 ,        0 ,  777.335 ,  793.087 ,    0.000 ,  793.087 ,  797.087 ,    0.000 ,   75.885 ,   15.753 ,    5.144 ,       10 , 	)
  57 	 (   4 ,  795.000 , 1035.000 ,        0 ,  784.115 ,  799.868 ,    0.000 ,  799.868 ,  803.868 ,   60.115 ,   75.885 ,    4.868 ,    0.417 ,       11 , 	)
  70 	 (   0 ,  850.000 , 1030.000 ,        0 ,  845.132 ,  850.000 ,    0.000 ,  850.000 ,  854.000 ,   52.913 ,   76.087 ,    0.000 ,   21.448 ,       12 , 	)
 107 	 (   0 ,    0.000 , 1440.000 ,        0 ,  873.335 ,  873.335 ,    0.000 ,  873.335 ,  873.335 ,    0.000 ,  566.665 ,    0.000 ,    0.000 ,       13 , 	)
