11
	VALUE ALL : ( Cost : 2846.484 , TRT : 3444.697 , TWT : 866.483 , TD : 5134.074 )
	VIOLATIONS TOTAL : ( VC :       0 , VTW :   0.000 , VTD :   0.000 , VTRT :   0.000 )
 	COUT_ALL : (   0.002 )  T2B:   54601

	16 sommets 
	values : ( Cost : 201.993 , TRT : 185.874 , TWT :   0.000 , TD : 404.326 )
	violations : ( VC :       0 , VTW :   0.000 , VTD :   0.000 , VTRT :   0.000 )
	cout global : (   0.000	 )
S(i)	 (   C ,     TW0 ,       TW1 ,       VTW ,       Min ,       A ,       W ,       B ,       D ,       L ,       F ,       E ,       Det ,       [Imp ,       Imp]	)
   0 	 (   0 ,    0.000 , 1440.000 ,        0 ,    0.000 ,  767.654 ,    0.000 ,  767.654 ,  767.654 ,    0.000 ,   37.008 ,  767.654 ,    0.000 ,        0 , 	)
   2 	 (   4 ,  720.000 ,  900.000 ,        0 ,    8.711 ,  776.365 ,    0.000 ,  776.365 ,  780.365 ,    0.000 ,   37.008 ,   56.365 ,    2.362 ,        1 , 	)
  51 	 (   5 ,  720.000 ,  840.000 ,        0 ,  730.050 ,  786.414 ,    0.000 ,  786.414 ,  787.414 ,    0.000 ,   37.008 ,   56.365 ,    6.791 ,        2 , 	)
  63 	 (   7 ,  720.000 ,  960.000 ,        0 ,  750.712 ,  807.077 ,    0.000 ,  807.077 ,  809.077 ,    0.000 ,   17.608 ,   56.365 ,    3.719 ,        3 , 	)
  18 	 (   8 ,  720.000 ,  900.000 ,        0 ,  759.502 ,  815.866 ,    0.000 ,  815.866 ,  816.866 ,    0.000 ,   17.608 ,   56.365 ,    4.331 ,        4 , 	)
 100 	 (   4 ,  790.000 ,  970.000 ,        0 ,  773.693 ,  830.058 ,    0.000 ,  830.058 ,  834.058 ,   49.693 ,   17.608 ,   40.058 ,    6.510 ,        5 , 	)
  25 	 (   5 ,  720.000 ,  900.000 ,        0 ,  798.743 ,  838.801 ,    0.000 ,  838.801 ,  839.801 ,    0.000 ,   17.608 ,   40.058 ,    7.363 ,        6 , 	)
 123 	 (   4 ,  747.268 ,  971.000 ,        0 ,  826.011 ,  866.069 ,    0.000 ,  866.069 ,  867.069 ,   26.268 ,   17.608 ,   40.058 ,    8.512 ,        7 , 	)
 149 	 (   3 ,  760.263 ,  946.000 ,        0 ,  834.748 ,  874.806 ,    0.000 ,  874.806 ,  875.806 ,   87.392 ,   17.608 ,   40.058 ,    1.855 ,        8 , 	)
  98 	 (   7 ,  720.000 ,  960.000 ,        0 ,  845.544 ,  885.602 ,    0.000 ,  885.602 ,  889.602 ,    0.000 ,   37.008 ,   40.058 ,    1.080 ,        9 , 	)
 116 	 (   6 ,  894.000 ,  954.000 ,        0 ,  853.942 ,  894.000 ,    0.000 ,  894.000 ,  895.000 ,   77.134 ,   37.008 ,    0.000 ,    5.332 ,       10 , 	)
 161 	 (   4 ,  827.000 , 1067.000 ,        0 ,  901.637 ,  901.637 ,    0.000 ,  901.637 ,  903.637 ,   92.560 ,   37.008 ,    0.000 ,    0.502 ,       11 , 	)
  76 	 (   8 ,  738.000 ,  944.580 ,        0 ,  907.571 ,  907.571 ,    0.000 ,  907.571 ,  911.571 ,    0.000 ,   37.008 ,    0.000 ,    0.132 ,       12 , 	)
 174 	 (   4 ,  784.000 ,  964.000 ,        0 ,  926.992 ,  926.992 ,    0.000 ,  926.992 ,  930.992 ,   15.420 ,   26.580 ,    0.000 ,    2.695 ,       13 , 	)
 196 	 (   0 ,  795.000 , 1035.000 ,        0 ,  945.459 ,  945.459 ,    0.000 ,  945.459 ,  949.459 ,   55.858 ,   40.142 ,    0.000 ,    2.846 ,       14 , 	)
 197 	 (   0 ,    0.000 , 1440.000 ,        0 ,  953.529 ,  953.529 ,    0.000 ,  953.529 ,  953.529 ,    0.000 ,  486.471 ,    0.000 ,    0.000 ,       15 , 	)

	26 sommets 
	values : ( Cost : 310.452 , TRT : 283.423 , TWT :   2.000 , TD : 568.565 )
	violations : ( VC :       0 , VTW :   0.000 , VTD :   0.000 , VTRT :   0.000 )
	cout global : (   0.000	 )
S(i)	 (   C ,     TW0 ,       TW1 ,       VTW ,       Min ,       A ,       W ,       B ,       D ,       L ,       F ,       E ,       Det ,       [Imp ,       Imp]	)
   0 	 (   0 ,    0.000 , 1440.000 ,        0 ,    0.000 ,  760.423 ,    0.000 ,  760.423 ,  760.423 ,    0.000 ,    0.000 ,  760.423 ,    0.000 ,        0 , 	)
  29 	 (   2 ,  720.000 ,  960.000 ,        0 ,   17.667 ,  778.089 ,    0.000 ,  778.089 ,  780.089 ,    0.000 ,    0.000 ,   58.089 ,    2.971 ,        1 , 	)
  23 	 (   4 ,  780.000 ,  900.000 ,        0 ,  738.168 ,  796.258 ,    0.000 ,  796.258 ,  798.258 ,    0.000 ,    0.000 ,   16.258 ,    1.131 ,        2 , 	)
  89 	 (   5 ,  780.000 ,  960.000 ,        0 ,  786.856 ,  803.114 ,    0.000 ,  803.114 ,  804.114 ,    0.000 ,    0.000 ,   16.258 ,    1.942 ,        3 , 	)
  86 	 (   8 ,  780.000 ,  960.000 ,        0 ,  795.344 ,  811.601 ,    0.000 ,  811.601 ,  814.601 ,    0.000 ,    0.000 ,   16.258 ,    0.606 ,        4 , 	)
 121 	 (   6 ,  809.450 ,  976.000 ,        0 ,  815.999 ,  832.256 ,    0.000 ,  832.256 ,  834.256 ,   33.998 ,    0.000 ,   16.258 ,   10.795 ,        5 , 	)
  72 	 (   7 ,  729.000 ,  957.981 ,        0 ,  830.734 ,  846.992 ,    0.000 ,  846.992 ,  847.992 ,    0.000 ,    0.000 ,   16.258 ,   -0.121 ,        6 , 	)
 187 	 (   6 ,  803.661 , 1022.000 ,        0 ,  836.694 ,  852.952 ,    0.000 ,  852.952 ,  853.952 ,   48.838 ,    0.000 ,   16.258 ,    0.000 ,        7 , 	)
 127 	 (   4 ,  827.000 , 1067.000 ,        0 ,  837.694 ,  853.952 ,    0.000 ,  853.952 ,  855.952 ,   73.862 ,    0.000 ,   16.258 ,    0.000 ,        8 , 	)
 184 	 (   1 ,  809.802 , 1035.000 ,        0 ,  839.694 ,  855.952 ,    0.000 ,  855.952 ,  858.952 ,   41.350 ,    0.000 ,   16.258 ,    0.000 ,        9 , 	)
  20 	 (   3 ,  720.000 ,  960.000 ,        0 ,  856.355 ,  872.613 ,    0.000 ,  872.613 ,  874.613 ,    0.000 ,    0.000 ,   16.258 ,   -0.153 ,       10 , 	)
  94 	 (   7 ,  731.000 ,  956.183 ,        0 ,  867.488 ,  883.746 ,    0.000 ,  883.746 ,  887.746 ,    0.000 ,    0.000 ,   16.258 ,    3.047 ,       11 , 	)
 170 	 (   6 ,  808.000 ,  988.000 ,        0 ,  895.195 ,  911.453 ,    0.000 ,  911.453 ,  912.453 ,   63.462 ,    0.000 ,   16.258 ,    0.859 ,       12 , 	)
 118 	 (   4 ,  789.000 , 1029.000 ,        0 ,  901.311 ,  917.569 ,    0.000 ,  917.569 ,  919.569 ,   42.956 ,    0.000 ,   16.258 ,    0.000 ,       13 , 	)
  30 	 (   6 ,  720.000 ,  960.000 ,        0 ,  903.311 ,  919.569 ,    0.000 ,  919.569 ,  921.569 ,    0.000 ,    0.000 ,   16.258 ,    0.000 ,       14 , 	)
 192 	 (   2 ,  807.000 ,  987.000 ,        0 ,  910.321 ,  926.579 ,    0.000 ,  926.579 ,  930.579 ,   38.833 ,    0.000 ,   16.258 ,    2.780 ,       15 , 	)
   5 	 (   3 ,  740.000 ,  942.786 ,        0 ,  919.865 ,  936.123 ,    0.000 ,  936.123 ,  937.123 ,    0.000 ,    0.000 ,   16.258 ,    2.471 ,       16 , 	)
  24 	 (   4 ,  720.000 ,  960.000 ,        0 ,  923.171 ,  939.429 ,    0.000 ,  939.429 ,  940.429 ,    0.000 ,    0.000 ,   16.258 ,    0.883 ,       17 , 	)
  85 	 (   8 ,  731.000 ,  958.929 ,        0 ,  928.622 ,  944.880 ,    0.000 ,  944.880 ,  948.880 ,    0.000 ,    0.000 ,   16.258 ,    0.780 ,       18 , 	)
 103 	 (   7 ,  777.000 ,  957.000 ,        0 ,  940.742 ,  957.000 ,    0.000 ,  957.000 ,  958.000 ,   19.877 ,    0.000 ,   16.258 ,    0.000 ,       19 , 	)
  43 	 (   8 ,  960.000 , 1140.000 ,        0 ,  941.742 ,  958.000 ,    2.000 ,  960.000 ,  961.000 ,    0.000 ,    8.126 ,    0.000 ,    0.000 ,       20 , 	)
 122 	 (   7 ,  767.000 , 1007.000 ,        0 ,  971.920 ,  971.920 ,    0.000 ,  971.920 ,  972.920 ,   31.491 ,    8.126 ,    0.000 ,    1.362 ,       21 , 	)
 183 	 (   3 ,  879.000 ,  999.000 ,        0 ,  990.874 ,  990.874 ,    0.000 ,  990.874 ,  994.874 ,   41.995 ,    8.126 ,    0.000 ,    0.934 ,       22 , 	)
 128 	 (   1 ,  850.000 , 1090.000 ,        0 , 1000.687 , 1000.687 ,    0.000 , 1000.687 , 1002.687 ,   79.118 ,   19.217 ,    0.000 ,    6.556 ,       23 , 	)
 141 	 (   0 ,  987.784 , 1213.000 ,        0 , 1013.783 , 1013.783 ,    0.000 , 1013.783 , 1014.783 ,   52.783 ,   19.217 ,    0.000 ,    6.547 ,       24 , 	)
 197 	 (   0 ,    0.000 , 1440.000 ,        0 , 1043.845 , 1043.845 ,    0.000 , 1043.845 , 1043.845 ,    0.000 ,  396.155 ,    0.000 ,    0.000 ,       25 , 	)

	14 sommets 
	values : ( Cost : 227.059 , TRT : 459.828 , TWT : 241.107 , TD : 245.326 )
	violations : ( VC :       0 , VTW :   0.000 , VTD :   0.000 , VTRT :   0.000 )
	cout global : (   0.000	 )
S(i)	 (   C ,     TW0 ,       TW1 ,       VTW ,       Min ,       A ,       W ,       B ,       D ,       L ,       F ,       E ,       Det ,       [Imp ,       Imp]	)
   0 	 (   0 ,    0.000 , 1440.000 ,        0 ,    0.000 ,  358.646 ,    0.000 ,  358.646 ,  358.646 ,    0.000 ,    0.000 ,  358.646 ,    0.000 ,        0 , 	)
  79 	 (   4 ,  308.000 ,  480.000 ,        0 ,    7.059 ,  365.705 ,    0.000 ,  365.705 ,  369.705 ,    0.000 ,    0.000 ,   57.705 ,    2.138 ,        1 , 	)
  97 	 (   8 ,  283.000 ,  443.278 ,        0 ,  338.466 ,  396.171 ,    0.000 ,  396.171 ,  400.171 ,    0.000 ,    0.000 ,   57.705 ,   15.383 ,        2 , 	)
 177 	 (   4 ,  396.000 ,  516.000 ,        0 ,  362.786 ,  420.492 ,    0.000 ,  420.492 ,  424.492 ,   50.786 ,    0.000 ,   24.492 ,    3.643 ,        3 , 	)
   7 	 (   8 ,  282.000 ,  443.456 ,        0 ,  407.044 ,  431.536 ,    0.000 ,  431.536 ,  435.536 ,    0.000 ,    0.000 ,   24.492 ,    0.000 ,        4 , 	)
 195 	 (   4 ,  351.000 ,  471.000 ,        0 ,  411.044 ,  435.536 ,    0.000 ,  435.536 ,  439.536 ,   35.365 ,    0.000 ,   24.492 ,    0.000 ,        5 , 	)
  53 	 (   8 ,  278.000 ,  450.048 ,        0 ,  424.153 ,  448.645 ,    0.000 ,  448.645 ,  452.645 ,    0.000 ,    0.000 ,   24.492 ,   -1.133 ,        6 , 	)
 105 	 (   4 ,  352.000 ,  472.000 ,        0 ,  442.455 ,  466.947 ,    0.000 ,  466.947 ,  470.947 ,   31.411 ,    0.000 ,   24.492 ,   -2.597 ,        7 , 	)
 151 	 (   0 ,  365.000 ,  485.000 ,        0 ,  460.508 ,  485.000 ,    0.000 ,  485.000 ,  489.000 ,   32.355 ,    0.000 ,   24.492 ,    6.718 ,        8 , 	)
  90 	 (   4 ,  540.000 ,  720.000 ,        0 ,  469.556 ,  494.047 ,  225.953 ,  720.000 ,  724.000 ,    0.000 ,    0.000 ,  180.000 ,    4.116 ,        9 , 	)
  14 	 (   8 ,  720.000 ,  960.000 ,        0 ,  548.183 ,  728.183 ,   13.408 ,  741.591 ,  745.591 ,    0.000 ,    0.000 ,   21.591 ,    7.437 ,       10 , 	)
 188 	 (   4 ,  595.000 ,  775.000 ,        0 ,  753.409 ,  775.000 ,    0.000 ,  775.000 ,  779.000 ,   51.000 ,    0.000 ,   21.591 ,    4.853 ,       11 , 	)
 112 	 (   0 ,  790.000 , 1030.000 ,        0 ,  766.662 ,  788.253 ,    1.747 ,  790.000 ,  794.000 ,   44.409 ,   45.591 ,    0.000 ,   13.654 ,       12 , 	)
 197 	 (   0 ,    0.000 , 1440.000 ,        0 ,  818.474 ,  818.474 ,    0.000 ,  818.474 ,  818.474 ,    0.000 ,  621.526 ,    0.000 ,    0.000 ,       13 , 	)

	22 sommets 
	values : ( Cost : 300.855 , TRT : 288.542 , TWT :  20.335 , TD : 514.307 )
	violations : ( VC :       0 , VTW :   0.000 , VTD :   0.000 , VTRT :   0.000 )
	cout global : (   0.000	 )
S(i)	 (   C ,     TW0 ,       TW1 ,       VTW ,       Min ,       A ,       W ,       B ,       D ,       L ,       F ,       E ,       Det ,       [Imp ,       Imp]	)
   0 	 (   0 ,    0.000 , 1440.000 ,        0 ,    0.000 ,  870.866 ,    0.000 ,  870.866 ,  870.866 ,    0.000 ,    0.000 ,  870.866 ,    0.000 ,        0 , 	)
  42 	 (   2 ,  720.000 ,  960.000 ,        0 ,   16.709 ,  887.575 ,    0.000 ,  887.575 ,  889.575 ,    0.000 ,    0.000 ,  167.575 ,    7.826 ,        1 , 	)
  11 	 (   5 ,  720.000 ,  960.000 ,        0 ,  726.019 ,  893.594 ,    0.000 ,  893.594 ,  896.594 ,    0.000 ,    0.000 ,  167.575 ,   -0.422 ,        2 , 	)
 140 	 (   3 ,  781.000 , 1021.000 ,        0 ,  754.514 ,  922.089 ,    0.000 ,  922.089 ,  924.089 ,   32.514 ,    0.000 ,  141.089 ,    1.871 ,        3 , 	)
 109 	 (   0 ,  777.000 , 1017.000 ,        0 ,  786.737 ,  927.826 ,    0.000 ,  927.826 ,  930.826 ,   31.232 ,    0.000 ,  141.089 ,    5.602 ,        4 , 	)
  15 	 (   4 ,  720.000 ,  960.000 ,        0 ,  796.169 ,  937.258 ,    0.000 ,  937.258 ,  941.258 ,    0.000 ,    0.000 ,  141.089 ,    3.326 ,        5 , 	)
  12 	 (   5 ,  720.000 ,  960.000 ,        0 ,  818.911 ,  960.000 ,    0.000 ,  960.000 ,  961.000 ,    0.000 ,    0.000 ,  141.089 ,    1.245 ,        6 , 	)
   1 	 (   7 ,  960.000 , 1200.000 ,        0 ,  826.423 ,  967.512 ,   20.291 ,  987.803 ,  989.803 ,    0.000 ,    0.000 ,   27.803 ,    2.039 ,        7 , 	)
  64 	 (   8 ,  967.000 , 1200.000 ,        0 ,  971.429 ,  999.232 ,    0.000 ,  999.232 , 1000.232 ,    0.000 ,    0.000 ,   27.803 ,    0.341 ,        8 , 	)
 110 	 (   7 ,  775.000 , 1015.000 ,        0 ,  987.197 , 1015.000 ,    0.000 , 1015.000 , 1016.000 ,   54.000 ,    0.000 ,   27.803 ,    2.800 ,        9 , 	)
  99 	 (   5 , 1024.000 , 1264.000 ,        0 ,  996.153 , 1023.956 ,    0.044 , 1024.000 , 1026.000 ,   34.197 ,   18.798 ,    0.000 ,    0.450 ,       10 , 	)
 113 	 (   1 ,  831.000 , 1071.000 ,        0 , 1029.094 , 1029.094 ,    0.000 , 1029.094 , 1033.094 ,   87.836 ,   18.798 ,    0.000 ,    1.171 ,       11 , 	)
  37 	 (   4 ,  960.000 , 1200.000 ,        0 , 1039.904 , 1039.904 ,    0.000 , 1039.904 , 1042.904 ,    0.000 ,   18.798 ,   -0.000 ,   -4.517 ,       12 , 	)
  95 	 (   5 , 1020.000 , 1200.000 ,        0 , 1060.259 , 1060.259 ,    0.000 , 1060.259 , 1061.259 ,    0.000 ,   18.798 ,   -0.000 ,    3.552 ,       13 , 	)
 162 	 (   4 , 1056.000 , 1236.000 ,        0 , 1069.434 , 1069.434 ,    0.000 , 1069.434 , 1070.434 ,   69.202 ,   18.798 ,   -0.000 ,    0.000 ,       14 , 	)
  50 	 (   7 ,  960.000 , 1140.000 ,        0 , 1070.434 , 1070.434 ,    0.000 , 1070.434 , 1073.434 ,    0.000 ,   19.261 ,   -0.000 ,    0.000 ,       15 , 	)
  56 	 (   8 ,  960.000 , 1200.000 ,        0 , 1084.895 , 1084.895 ,    0.000 , 1084.895 , 1085.895 ,    0.000 ,   16.714 ,   -0.000 ,    1.577 ,       16 , 	)
 193 	 (   7 , 1092.000 , 1332.000 ,        0 , 1100.216 , 1100.216 ,    0.000 , 1100.216 , 1101.216 ,   38.956 ,   16.714 ,   -0.000 ,   -5.481 ,       17 , 	)
 154 	 (   6 , 1020.000 , 1260.000 ,        0 , 1111.241 , 1111.241 ,    0.000 , 1111.241 , 1112.241 ,   25.345 ,   16.714 ,   -0.000 ,    6.471 ,       18 , 	)
 135 	 (   3 , 1037.000 , 1277.000 ,        0 , 1123.643 , 1123.643 ,    0.000 , 1123.643 , 1126.643 ,   80.739 ,   16.714 ,   -0.000 ,    6.356 ,       19 , 	)
 148 	 (   0 ,  991.771 , 1220.000 ,        0 , 1133.720 , 1133.720 ,    0.000 , 1133.720 , 1136.720 ,   60.286 ,   16.714 ,   -0.000 ,    2.896 ,       20 , 	)
 197 	 (   0 ,    0.000 , 1440.000 ,        0 , 1159.408 , 1159.408 ,    0.000 , 1159.408 , 1159.408 ,    0.000 ,  280.592 ,   -0.000 ,    0.000 ,       21 , 	)

	22 sommets 
	values : ( Cost : 287.250 , TRT : 474.716 , TWT : 218.738 , TD : 540.914 )
	violations : ( VC :       0 , VTW :   0.000 , VTD :   0.000 , VTRT :   0.000 )
	cout global : (   0.000	 )
S(i)	 (   C ,     TW0 ,       TW1 ,       VTW ,       Min ,       A ,       W ,       B ,       D ,       L ,       F ,       E ,       Det ,       [Imp ,       Imp]	)
   0 	 (   0 ,    0.000 , 1440.000 ,        0 ,    0.000 ,  318.434 ,    0.000 ,  318.434 ,  318.434 ,    0.000 ,    0.000 ,  318.434 ,    0.000 ,        0 , 	)
  66 	 (   4 ,  240.000 ,  480.000 ,        0 ,   12.308 ,  330.741 ,    0.000 ,  330.741 ,  334.741 ,    0.000 ,    0.000 ,   90.741 ,   11.284 ,        1 , 	)
  46 	 (   6 ,  300.000 ,  420.000 ,        0 ,  256.575 ,  347.317 ,    0.000 ,  347.317 ,  349.317 ,    0.000 ,    0.000 ,   47.317 ,   -1.445 ,        2 , 	)
  48 	 (   7 ,  300.000 ,  480.000 ,        0 ,  328.467 ,  375.783 ,    0.000 ,  375.783 ,  376.783 ,    0.000 ,    0.000 ,   47.317 ,    6.336 ,        3 , 	)
  45 	 (   8 ,  240.000 ,  480.000 ,        0 ,  335.211 ,  382.527 ,    0.000 ,  382.527 ,  383.527 ,    0.000 ,    0.000 ,   47.317 ,   -1.458 ,        4 , 	)
 144 	 (   6 ,  329.844 ,  497.000 ,        0 ,  341.372 ,  388.689 ,    0.000 ,  388.689 ,  390.689 ,   39.372 ,    0.000 ,   47.317 ,    0.000 ,        5 , 	)
 164 	 (   2 ,  335.000 ,  575.000 ,        0 ,  345.794 ,  393.111 ,    0.000 ,  393.111 ,  397.111 ,   58.369 ,    0.000 ,   47.317 ,    0.258 ,        6 , 	)
  38 	 (   4 ,  240.000 ,  420.000 ,        0 ,  364.232 ,  411.549 ,    0.000 ,  411.549 ,  413.549 ,    0.000 ,    0.000 ,   47.317 ,   -0.035 ,        7 , 	)
  52 	 (   5 ,  240.000 ,  420.000 ,        0 ,  372.683 ,  420.000 ,    0.000 ,  420.000 ,  421.000 ,    0.000 ,   -0.000 ,   47.317 ,    4.747 ,        8 , 	)
 146 	 (   4 ,  362.000 ,  602.000 ,        0 ,  379.802 ,  427.119 ,    0.000 ,  427.119 ,  428.119 ,   50.335 ,   12.591 ,   47.317 ,    5.834 ,        9 , 	)
  68 	 (   7 ,  360.000 ,  480.000 ,        0 ,  390.126 ,  437.442 ,   12.591 ,  450.033 ,  453.033 ,    0.000 ,    0.000 ,   59.908 ,   -1.575 ,       10 , 	)
 143 	 (   6 ,  314.000 ,  554.000 ,        0 ,  411.685 ,  471.592 ,    0.000 ,  471.592 ,  472.592 ,   88.065 ,    0.000 ,   59.908 ,    4.737 ,       11 , 	)
 150 	 (   5 ,  333.000 ,  513.000 ,        0 ,  415.853 ,  475.761 ,    0.000 ,  475.761 ,  476.761 ,   54.761 ,    0.000 ,   59.908 ,    0.923 ,       12 , 	)
 136 	 (   3 ,  277.000 ,  510.000 ,        0 ,  441.641 ,  501.549 ,    0.000 ,  501.549 ,  503.549 ,   88.000 ,    0.000 ,   59.908 ,   -2.124 ,       13 , 	)
 166 	 (   0 ,  440.000 ,  560.000 ,        0 ,  448.517 ,  508.424 ,    0.000 ,  508.424 ,  511.424 ,   55.391 ,   48.609 ,   59.908 ,    0.000 ,       14 , 	)
  88 	 (   1 ,  480.000 ,  720.000 ,        0 ,  451.517 ,  511.424 ,  206.147 ,  717.571 ,  718.571 ,    0.000 ,    2.429 ,  237.571 ,    0.000 ,       15 , 	)
  71 	 (   2 ,  720.000 ,  960.000 ,        0 ,  494.418 ,  731.989 ,    0.000 ,  731.989 ,  732.989 ,    0.000 ,   39.131 ,   11.989 ,   -1.958 ,       16 , 	)
  40 	 (   6 ,  720.000 ,  840.000 ,        0 ,  734.188 ,  746.177 ,    0.000 ,  746.177 ,  750.177 ,    0.000 ,   22.989 ,   11.989 ,   -3.056 ,       17 , 	)
 186 	 (   5 ,  622.000 ,  802.000 ,        0 ,  750.880 ,  762.869 ,    0.000 ,  762.869 ,  763.869 ,   44.298 ,    4.689 ,   11.989 ,   -0.009 ,       18 , 	)
 169 	 (   4 ,  770.000 , 1010.000 ,        0 ,  758.011 ,  770.000 ,    0.000 ,  770.000 ,  771.000 ,   37.011 ,    4.689 ,    0.000 ,    4.008 ,       19 , 	)
 138 	 (   0 ,  738.747 ,  874.000 ,        0 ,  775.489 ,  775.489 ,    0.000 ,  775.489 ,  779.489 ,   25.311 ,    4.689 ,    0.000 ,    3.198 ,       20 , 	)
 197 	 (   0 ,    0.000 , 1440.000 ,        0 ,  793.150 ,  793.150 ,    0.000 ,  793.150 ,  793.150 ,    0.000 ,  646.850 ,    0.000 ,    0.000 ,       21 , 	)

	14 sommets 
	values : ( Cost : 136.521 , TRT : 126.647 , TWT :   0.000 , TD : 276.904 )
	violations : ( VC :       0 , VTW :   0.000 , VTD :   0.000 , VTRT :   0.000 )
	cout global : (   0.000	 )
S(i)	 (   C ,     TW0 ,       TW1 ,       VTW ,       Min ,       A ,       W ,       B ,       D ,       L ,       F ,       E ,       Det ,       [Imp ,       Imp]	)
   0 	 (   0 ,    0.000 , 1440.000 ,        0 ,    0.000 ,  347.076 ,    0.000 ,  347.076 ,  347.076 ,    0.000 ,    6.035 ,  347.076 ,    0.000 ,        0 , 	)
  96 	 (   1 ,  300.000 ,  480.000 ,        0 ,    9.341 ,  356.417 ,    0.000 ,  356.417 ,  357.417 ,    0.000 ,    6.035 ,   56.417 ,   -1.737 ,        1 , 	)
   9 	 (   4 ,  360.000 ,  480.000 ,        0 ,  303.583 ,  360.000 ,    0.000 ,  360.000 ,  363.000 ,    0.000 ,    6.035 ,    0.000 ,    0.950 ,        2 , 	)
  93 	 (   7 ,  240.000 ,  480.000 ,        0 ,  366.447 ,  366.447 ,    0.000 ,  366.447 ,  369.447 ,    0.000 ,    5.112 ,    0.000 ,    0.880 ,        3 , 	)
  31 	 (   8 ,  240.000 ,  480.000 ,        0 ,  382.581 ,  382.581 ,    0.000 ,  382.581 ,  383.581 ,    0.000 ,    5.112 ,    0.000 ,    1.309 ,        4 , 	)
 194 	 (   7 ,  326.338 ,  549.000 ,        0 ,  392.882 ,  392.882 ,    0.000 ,  392.882 ,  393.882 ,   35.465 ,    5.112 ,    0.000 ,    3.368 ,        5 , 	)
 191 	 (   4 ,  298.000 ,  538.000 ,        0 ,  407.162 ,  407.162 ,    0.000 ,  407.162 ,  410.162 ,   37.716 ,    5.112 ,    0.000 ,    4.716 ,        6 , 	)
  55 	 (   5 ,  240.000 ,  420.000 ,        0 ,  413.965 ,  413.965 ,    0.000 ,  413.965 ,  414.965 ,    0.000 ,    5.112 ,    0.000 ,    1.513 ,        7 , 	)
 153 	 (   4 ,  280.000 ,  460.000 ,        0 ,  435.252 ,  435.252 ,    0.000 ,  435.252 ,  436.252 ,   20.287 ,    5.112 ,    0.000 ,    0.000 ,        8 , 	)
  82 	 (   7 ,  251.000 ,  475.386 ,        0 ,  436.252 ,  436.252 ,    0.000 ,  436.252 ,  439.252 ,    0.000 ,    5.112 ,    0.000 ,    0.000 ,        9 , 	)
 107 	 (   4 ,  396.000 ,  569.000 ,        0 ,  443.888 ,  443.888 ,    0.000 ,  443.888 ,  446.888 ,   80.888 ,    5.112 ,    0.000 ,   -2.747 ,       10 , 	)
 129 	 (   3 ,  328.000 ,  508.000 ,        0 ,  457.858 ,  457.858 ,    0.000 ,  457.858 ,  458.858 ,   74.277 ,   12.723 ,    0.000 ,   -3.753 ,       11 , 	)
 180 	 (   0 ,  325.000 ,  505.000 ,        0 ,  467.523 ,  467.523 ,    0.000 ,  467.523 ,  470.523 ,   28.271 ,   37.477 ,    0.000 ,   -0.155 ,       12 , 	)
 197 	 (   0 ,    0.000 , 1440.000 ,        0 ,  473.723 ,  473.723 ,    0.000 ,  473.723 ,  473.723 ,    0.000 ,  966.277 ,    0.000 ,    0.000 ,       13 , 	)

	18 sommets 
	values : ( Cost : 234.188 , TRT : 222.081 , TWT :   0.000 , TD : 369.202 )
	violations : ( VC :       0 , VTW :   0.000 , VTD :   0.000 , VTRT :   0.000 )
	cout global : (   0.000	 )
S(i)	 (   C ,     TW0 ,       TW1 ,       VTW ,       Min ,       A ,       W ,       B ,       D ,       L ,       F ,       E ,       Det ,       [Imp ,       Imp]	)
   0 	 (   0 ,    0.000 , 1440.000 ,        0 ,    0.000 ,  226.339 ,    0.000 ,  226.339 ,  226.339 ,    0.000 ,   13.538 ,  226.339 ,    0.000 ,        0 , 	)
  28 	 (   3 ,  240.000 ,  420.000 ,        0 ,   13.661 ,  240.000 ,    0.000 ,  240.000 ,  243.000 ,    0.000 ,   13.538 ,    0.000 ,   12.849 ,        1 , 	)
  69 	 (   7 ,  240.000 ,  420.000 ,        0 ,  251.335 ,  251.335 ,    0.000 ,  251.335 ,  255.335 ,    0.000 ,   13.538 ,    0.000 ,    3.822 ,        2 , 	)
  17 	 (   8 ,  240.000 ,  420.000 ,        0 ,  267.752 ,  267.752 ,    0.000 ,  267.752 ,  268.752 ,    0.000 ,   13.538 ,    0.000 ,    2.304 ,        3 , 	)
 167 	 (   4 ,  265.592 ,  482.000 ,        0 ,  280.231 ,  280.231 ,    0.000 ,  280.231 ,  284.231 ,   24.895 ,   13.538 ,    0.000 ,   -1.567 ,        4 , 	)
  41 	 (   8 ,  240.000 ,  420.000 ,        0 ,  287.481 ,  287.481 ,    0.000 ,  287.481 ,  291.481 ,    0.000 ,   13.538 ,    0.000 ,    1.776 ,        5 , 	)
 126 	 (   5 ,  276.000 ,  508.000 ,        0 ,  298.737 ,  298.737 ,    0.000 ,  298.737 ,  301.737 ,   55.737 ,   13.538 ,    0.000 ,    8.808 ,        6 , 	)
 115 	 (   4 ,  300.000 ,  480.000 ,        0 ,  329.406 ,  329.406 ,    0.000 ,  329.406 ,  330.406 ,   60.654 ,   13.538 ,    0.000 ,  -18.635 ,        7 , 	)
   4 	 (   8 ,  240.000 ,  420.000 ,        0 ,  340.408 ,  340.408 ,    0.000 ,  340.408 ,  344.408 ,    0.000 ,   13.538 ,    0.000 ,    4.021 ,        8 , 	)
 139 	 (   4 ,  328.000 ,  568.000 ,        0 ,  347.314 ,  347.314 ,    0.000 ,  347.314 ,  351.314 ,   55.833 ,   13.538 ,    0.000 ,    0.919 ,        9 , 	)
  70 	 (   7 ,  240.000 ,  420.000 ,        0 ,  359.623 ,  359.623 ,    0.000 ,  359.623 ,  362.623 ,    0.000 ,   13.538 ,    0.000 ,    2.537 ,       10 , 	)
  83 	 (   8 ,  240.000 ,  480.000 ,        0 ,  371.342 ,  371.342 ,    0.000 ,  371.342 ,  372.342 ,    0.000 ,   13.538 ,    0.000 ,   -5.172 ,       11 , 	)
 102 	 (   4 ,  266.554 ,  484.000 ,        0 ,  376.882 ,  376.882 ,    0.000 ,  376.882 ,  380.882 ,   32.474 ,   13.538 ,    0.000 ,    3.898 ,       12 , 	)
  21 	 (   7 ,  248.000 ,  419.434 ,        0 ,  396.033 ,  396.033 ,    0.000 ,  396.033 ,  399.033 ,    0.000 ,   13.538 ,    0.000 ,   -1.272 ,       13 , 	)
 181 	 (   6 ,  287.000 ,  527.000 ,        0 ,  410.368 ,  410.368 ,    0.000 ,  410.368 ,  411.368 ,   38.026 ,   13.538 ,    0.000 ,    1.937 ,       14 , 	)
 168 	 (   3 ,  348.000 ,  528.000 ,        0 ,  423.777 ,  423.777 ,    0.000 ,  423.777 ,  426.777 ,   61.153 ,   13.538 ,    0.000 ,    4.598 ,       15 , 	)
 119 	 (   0 ,  333.000 ,  453.000 ,        0 ,  439.462 ,  439.462 ,    0.000 ,  439.462 ,  442.462 ,   40.429 ,   13.538 ,    0.000 ,    6.238 ,       16 , 	)
 197 	 (   0 ,    0.000 , 1440.000 ,        0 ,  448.420 ,  448.420 ,    0.000 ,  448.420 ,  448.420 ,    0.000 ,  991.580 ,    0.000 ,    0.000 ,       17 , 	)

	14 sommets 
	values : ( Cost : 143.048 , TRT : 459.908 , TWT : 330.353 , TD : 231.584 )
	violations : ( VC :       0 , VTW :   0.000 , VTD :   0.000 , VTRT :   0.000 )
	cout global : (   0.000	 )
S(i)	 (   C ,     TW0 ,       TW1 ,       VTW ,       Min ,       A ,       W ,       B ,       D ,       L ,       F ,       E ,       Det ,       [Imp ,       Imp]	)
   0 	 (   0 ,    0.000 , 1440.000 ,        0 ,    0.000 ,  415.931 ,    0.000 ,  415.931 ,  415.931 ,    0.000 ,    0.000 ,  415.931 ,    0.000 ,        0 , 	)
  33 	 (   3 ,  240.000 ,  420.000 ,        0 ,    4.069 ,  420.000 ,    0.000 ,  420.000 ,  423.000 ,    0.000 ,    0.000 ,  180.000 ,   -2.534 ,        1 , 	)
  74 	 (   5 ,  294.000 ,  442.154 ,        0 ,  251.020 ,  431.020 ,    0.862 ,  431.882 ,  433.882 ,    0.000 ,    0.000 ,  137.882 ,    0.997 ,        2 , 	)
  75 	 (   6 ,  240.000 ,  480.000 ,        0 ,  299.987 ,  437.869 ,    0.000 ,  437.869 ,  438.869 ,    0.000 ,    0.000 ,  137.882 ,    1.677 ,        3 , 	)
 131 	 (   3 ,  259.603 ,  468.000 ,        0 ,  308.051 ,  445.933 ,    0.000 ,  445.933 ,  448.933 ,   22.933 ,    0.000 ,  137.882 ,    1.460 ,        4 , 	)
  58 	 (   4 ,  240.000 ,  480.000 ,        0 ,  317.549 ,  455.431 ,    0.000 ,  455.431 ,  456.431 ,    0.000 ,    0.000 ,  137.882 ,    0.226 ,        5 , 	)
  81 	 (   5 ,  240.000 ,  480.000 ,        0 ,  321.885 ,  459.767 ,    0.000 ,  459.767 ,  460.767 ,    0.000 ,    0.000 ,  137.882 ,    0.744 ,        6 , 	)
 173 	 (   4 ,  330.000 ,  570.000 ,        0 ,  343.478 ,  481.360 ,    0.000 ,  481.360 ,  482.360 ,   42.491 ,    0.000 ,  137.882 ,   -0.000 ,        7 , 	)
 156 	 (   3 ,  346.000 ,  586.000 ,        0 ,  358.118 ,  496.000 ,    0.000 ,  496.000 ,  497.000 ,   39.569 ,    0.000 ,  137.882 ,    0.000 ,        8 , 	)
 172 	 (   1 ,  437.000 ,  497.000 ,        0 ,  359.118 ,  497.000 ,    0.000 ,  497.000 ,  499.000 ,   63.118 ,    0.000 ,   60.000 ,    0.000 ,        9 , 	)
 179 	 (   0 ,  346.000 ,  586.000 ,        0 ,  444.424 ,  504.424 ,    0.000 ,  504.424 ,  505.424 ,   43.657 ,   81.576 ,   60.000 ,    0.138 ,       10 , 	)
  59 	 (   3 ,  840.000 ,  960.000 ,        0 ,  450.509 ,  510.509 ,  329.491 ,  840.000 ,  843.000 ,    0.000 ,  120.000 ,    0.000 ,    4.408 ,       11 , 	)
 157 	 (   0 ,  862.816 , 1016.000 ,        0 ,  862.816 ,  862.816 ,    0.000 ,  862.816 ,  865.816 ,   19.816 ,   33.184 ,    0.000 ,   -1.957 ,       12 , 	)
 197 	 (   0 ,    0.000 , 1440.000 ,        0 ,  875.839 ,  875.839 ,    0.000 ,  875.839 ,  875.839 ,    0.000 ,  564.161 ,    0.000 ,    0.000 ,       13 , 	)

	20 sommets 
	values : ( Cost : 247.464 , TRT : 218.063 , TWT :   0.000 , TD : 508.119 )
	violations : ( VC :       0 , VTW :   0.000 , VTD :   0.000 , VTRT :   0.000 )
	cout global : (   0.000	 )
S(i)	 (   C ,     TW0 ,       TW1 ,       VTW ,       Min ,       A ,       W ,       B ,       D ,       L ,       F ,       E ,       Det ,       [Imp ,       Imp]	)
   0 	 (   0 ,    0.000 , 1440.000 ,        0 ,    0.000 ,  295.415 ,    0.000 ,  295.415 ,  295.415 ,    0.000 ,   13.928 ,  295.415 ,    0.000 ,        0 , 	)
  27 	 (   3 ,  240.000 ,  420.000 ,        0 ,   24.128 ,  319.543 ,    0.000 ,  319.543 ,  322.543 ,    0.000 ,   13.928 ,   79.543 ,    2.266 ,        1 , 	)
   8 	 (   4 ,  300.000 ,  360.000 ,        0 ,  245.527 ,  325.070 ,    0.000 ,  325.070 ,  326.070 ,    0.000 ,   13.928 ,   25.070 ,    0.711 ,        2 , 	)
  22 	 (   7 ,  300.000 ,  480.000 ,        0 ,  313.115 ,  338.185 ,    0.000 ,  338.185 ,  341.185 ,    0.000 ,   13.928 ,   25.070 ,    0.851 ,        3 , 	)
  36 	 (   8 ,  240.000 ,  420.000 ,        0 ,  327.392 ,  352.462 ,    0.000 ,  352.462 ,  353.462 ,    0.000 ,   13.128 ,   25.070 ,    6.854 ,        4 , 	)
 125 	 (   5 ,  272.219 ,  501.000 ,        0 ,  339.642 ,  364.712 ,    0.000 ,  364.712 ,  367.712 ,   42.169 ,   13.128 ,   25.070 ,   -0.439 ,        5 , 	)
   6 	 (   6 ,  240.000 ,  480.000 ,        0 ,  348.428 ,  373.498 ,    0.000 ,  373.498 ,  374.498 ,    0.000 ,   13.128 ,   25.070 ,    1.411 ,        6 , 	)
 106 	 (   5 ,  381.000 ,  441.000 ,        0 ,  355.930 ,  381.000 ,    0.000 ,  381.000 ,  382.000 ,   54.930 ,   13.128 ,    0.000 ,   -6.395 ,        7 , 	)
 134 	 (   4 ,  298.000 ,  538.000 ,        0 ,  399.558 ,  399.558 ,    0.000 ,  399.558 ,  400.558 ,   46.096 ,   13.128 ,    0.000 ,    2.963 ,        8 , 	)
  92 	 (   6 ,  270.000 ,  462.878 ,        0 ,  403.651 ,  403.651 ,    0.000 ,  403.651 ,  405.651 ,    0.000 ,   13.128 ,    0.000 ,    0.000 ,        9 , 	)
  13 	 (   8 ,  240.000 ,  480.000 ,        0 ,  419.823 ,  419.823 ,    0.000 ,  419.823 ,  421.823 ,    0.000 ,   13.128 ,    0.000 ,    0.288 ,       10 , 	)
 120 	 (   5 ,  379.000 ,  559.000 ,        0 ,  431.057 ,  431.057 ,    0.000 ,  431.057 ,  434.057 ,   89.872 ,    9.577 ,    0.000 ,    0.000 ,       11 , 	)
  60 	 (   6 ,  248.000 ,  480.000 ,        0 ,  434.057 ,  434.057 ,    0.000 ,  434.057 ,  435.057 ,    0.000 ,    9.577 ,    0.000 ,    0.000 ,       12 , 	)
  47 	 (   8 ,  262.000 ,  459.644 ,        0 ,  438.312 ,  438.312 ,    0.000 ,  438.312 ,  440.312 ,    0.000 ,    9.577 ,    0.000 ,    2.510 ,       13 , 	)
 104 	 (   7 ,  346.000 ,  586.000 ,        0 ,  443.197 ,  443.197 ,    0.000 ,  443.197 ,  444.197 ,   68.699 ,    9.577 ,    0.000 ,    2.290 ,       14 , 	)
 145 	 (   5 ,  292.000 ,  472.000 ,        0 ,  453.958 ,  453.958 ,    0.000 ,  453.958 ,  455.958 ,   13.646 ,    9.577 ,    0.000 ,    6.436 ,       15 , 	)
 111 	 (   3 ,  281.000 ,  521.000 ,        0 ,  466.246 ,  466.246 ,    0.000 ,  466.246 ,  468.246 ,   44.423 ,    9.577 ,    0.000 ,   -0.241 ,       16 , 	)
 190 	 (   1 ,  449.000 ,  509.000 ,        0 ,  488.920 ,  488.920 ,    0.000 ,  488.920 ,  490.920 ,   83.268 ,   13.928 ,    0.000 ,   13.709 ,       17 , 	)
 158 	 (   0 ,  334.000 ,  514.000 ,        0 ,  500.072 ,  500.072 ,    0.000 ,  500.072 ,  501.072 ,   65.015 ,   13.928 ,    0.000 ,    1.994 ,       18 , 	)
 197 	 (   0 ,    0.000 , 1440.000 ,        0 ,  513.478 ,  513.478 ,    0.000 ,  513.478 ,  513.478 ,    0.000 ,  926.522 ,    0.000 ,    0.000 ,       19 , 	)

	30 sommets 
	values : ( Cost : 338.113 , TRT : 334.150 , TWT :  31.930 , TD : 879.351 )
	violations : ( VC :       0 , VTW :   0.000 , VTD :   0.000 , VTRT :   0.000 )
	cout global : (   0.000	 )
S(i)	 (   C ,     TW0 ,       TW1 ,       VTW ,       Min ,       A ,       W ,       B ,       D ,       L ,       F ,       E ,       Det ,       [Imp ,       Imp]	)
   0 	 (   0 ,    0.000 , 1440.000 ,        0 ,    0.000 ,  568.766 ,    0.000 ,  568.766 ,  568.766 ,    0.000 ,    0.000 ,  568.766 ,    0.000 ,        0 , 	)
  61 	 (   1 ,  480.000 ,  720.000 ,        0 ,   23.170 ,  591.936 ,    0.000 ,  591.936 ,  592.936 ,    0.000 ,    0.000 ,  111.936 ,    3.020 ,        1 , 	)
  16 	 (   2 ,  540.000 ,  720.000 ,        0 ,  485.035 ,  596.971 ,    0.000 ,  596.971 ,  597.971 ,    0.000 ,    0.000 ,   56.971 ,    0.923 ,        2 , 	)
  84 	 (   4 ,  540.000 ,  720.000 ,        0 ,  544.732 ,  601.702 ,    0.000 ,  601.702 ,  603.702 ,    0.000 ,    0.000 ,   56.971 ,    1.195 ,        3 , 	)
  49 	 (   5 ,  540.000 ,  720.000 ,        0 ,  568.883 ,  625.853 ,    0.000 ,  625.853 ,  626.853 ,    0.000 ,    0.000 ,   56.971 ,    0.000 ,        4 , 	)
  44 	 (   7 ,  483.000 ,  720.000 ,        0 ,  569.883 ,  626.853 ,    0.000 ,  626.853 ,  628.853 ,    0.000 ,    0.000 ,   56.971 ,    0.000 ,        5 , 	)
 114 	 (   6 ,  570.912 ,  801.000 ,        0 ,  587.891 ,  644.862 ,    0.000 ,  644.862 ,  645.862 ,   46.891 ,    0.000 ,   56.971 ,    4.273 ,        6 , 	)
 159 	 (   5 ,  594.000 ,  834.000 ,        0 ,  595.849 ,  652.820 ,    0.000 ,  652.820 ,  653.820 ,   59.883 ,    0.000 ,   56.971 ,    1.844 ,        7 , 	)
  32 	 (   8 ,  492.000 ,  713.875 ,        0 ,  602.299 ,  659.270 ,    0.000 ,  659.270 ,  662.270 ,    0.000 ,    0.000 ,   56.971 ,    2.993 ,        8 , 	)
 147 	 (   7 ,  613.000 ,  793.000 ,        0 ,  624.025 ,  680.995 ,    0.000 ,  680.995 ,  681.995 ,   54.142 ,    0.000 ,   56.971 ,    0.000 ,        9 , 	)
  19 	 (   8 ,  540.000 ,  720.000 ,        0 ,  627.447 ,  684.417 ,    0.000 ,  684.417 ,  685.417 ,    0.000 ,    0.000 ,   56.971 ,    4.843 ,       10 , 	)
 182 	 (   6 ,  652.000 ,  832.000 ,        0 ,  634.055 ,  691.026 ,    0.000 ,  691.026 ,  693.026 ,   87.323 ,    0.000 ,   39.026 ,    6.015 ,       11 , 	)
 142 	 (   4 ,  589.000 ,  769.000 ,        0 ,  673.758 ,  712.783 ,    0.000 ,  712.783 ,  714.783 ,   83.930 ,    0.000 ,   39.026 ,    4.954 ,       12 , 	)
  73 	 (   5 ,  540.000 ,  720.000 ,        0 ,  680.974 ,  720.000 ,    0.000 ,  720.000 ,  721.000 ,    0.000 ,    0.000 ,   39.026 ,    0.201 ,       13 , 	)
 130 	 (   2 ,  562.000 ,  742.000 ,        0 ,  688.241 ,  727.266 ,    0.000 ,  727.266 ,  730.266 ,   64.996 ,    2.004 ,   39.026 ,    2.010 ,       14 , 	)
  80 	 (   3 ,  720.000 ,  960.000 ,        0 ,  697.877 ,  736.903 ,    5.154 ,  742.057 ,  743.057 ,    0.000 ,    0.000 ,   22.057 ,    0.114 ,       15 , 	)
  54 	 (   7 ,  720.000 ,  960.000 ,        0 ,  724.238 ,  746.295 ,    0.000 ,  746.295 ,  750.295 ,    0.000 ,    0.000 ,   22.057 ,    6.126 ,       16 , 	)
 117 	 (   6 ,  568.865 ,  796.000 ,        0 ,  738.360 ,  760.417 ,    0.000 ,  760.417 ,  761.417 ,   75.000 ,    0.000 ,   22.057 ,    2.365 ,       17 , 	)
  67 	 (   7 ,  758.000 ,  930.054 ,        0 ,  748.848 ,  770.905 ,    7.836 ,  778.741 ,  779.741 ,    0.000 ,    0.000 ,   20.741 ,    8.673 ,       18 , 	)
 152 	 (   3 ,  768.000 , 1008.000 ,        0 ,  771.092 ,  791.834 ,    0.000 ,  791.834 ,  795.834 ,   41.538 ,    0.000 ,   20.741 ,    1.115 ,       19 , 	)
  35 	 (   7 ,  791.000 ,  896.715 ,        0 ,  783.777 ,  804.519 ,    0.000 ,  804.519 ,  808.519 ,    0.000 ,    0.000 ,   13.519 ,   -0.952 ,       20 , 	)
 178 	 (   6 ,  773.000 , 1013.000 ,        0 ,  800.538 ,  814.057 ,    0.000 ,  814.057 ,  815.057 ,   71.000 ,    0.000 ,   13.519 ,    1.148 ,       21 , 	)
 171 	 (   5 ,  596.000 ,  836.000 ,        0 ,  810.059 ,  823.577 ,    0.000 ,  823.577 ,  824.577 ,  102.577 ,   12.423 ,   13.519 ,    0.000 ,       22 , 	)
  65 	 (   6 ,  720.000 ,  840.000 ,        0 ,  811.059 ,  824.577 ,   15.423 ,  840.000 ,  841.000 ,    0.000 ,    0.000 ,   28.941 ,    0.000 ,       23 , 	)
 165 	 (   5 ,  842.000 ,  962.000 ,        0 ,  823.068 ,  852.010 ,    0.000 ,  852.010 ,  853.010 ,   72.268 ,   10.732 ,   10.010 ,    1.714 ,       24 , 	)
 133 	 (   1 ,  868.000 ,  928.000 ,        0 ,  854.473 ,  864.483 ,    3.517 ,  868.000 ,  872.000 ,   59.481 ,   13.519 ,    0.000 ,    2.750 ,       25 , 	)
  39 	 (   2 ,  769.000 ,  912.738 ,        0 ,  876.714 ,  876.714 ,    0.000 ,  876.714 ,  877.714 ,    0.000 ,   30.276 ,    0.000 ,    4.850 ,       26 , 	)
 163 	 (   1 ,  747.729 ,  913.000 ,        0 ,  882.724 ,  882.724 ,    0.000 ,  882.724 ,  883.724 ,   41.724 ,   19.405 ,    0.000 ,    3.333 ,       27 , 	)
 137 	 (   0 ,  808.000 ,  928.000 ,        0 ,  896.310 ,  896.310 ,    0.000 ,  896.310 ,  897.310 ,   18.595 ,   19.405 ,    0.000 ,    3.947 ,       28 , 	)
 197 	 (   0 ,    0.000 , 1440.000 ,        0 ,  902.917 ,  902.917 ,    0.000 ,  902.917 ,  902.917 ,    0.000 ,  537.083 ,    0.000 ,    0.000 ,       29 , 	)

	22 sommets 
	values : ( Cost : 419.541 , TRT : 391.464 , TWT :  22.020 , TD : 595.478 )
	violations : ( VC :       0 , VTW :   0.000 , VTD :   0.000 , VTRT :   0.000 )
	cout global : (   0.000	 )
S(i)	 (   C ,     TW0 ,       TW1 ,       VTW ,       Min ,       A ,       W ,       B ,       D ,       L ,       F ,       E ,       Det ,       [Imp ,       Imp]	)
   0 	 (   0 ,    0.000 , 1440.000 ,        0 ,    0.000 ,  810.333 ,    0.000 ,  810.333 ,  810.333 ,    0.000 ,    0.000 ,  810.333 ,    0.000 ,        0 , 	)
  57 	 (   1 ,  791.000 ,  896.690 ,        0 ,   17.173 ,  827.506 ,    0.000 ,  827.506 ,  828.506 ,    0.000 ,    0.000 ,   36.506 ,    7.124 ,        1 , 	)
  62 	 (   5 ,  720.000 ,  960.000 ,        0 ,  799.205 ,  835.711 ,    0.000 ,  835.711 ,  839.711 ,    0.000 ,    0.000 ,   36.506 ,    5.862 ,        2 , 	)
  34 	 (   8 ,  840.000 ,  960.000 ,        0 ,  822.444 ,  858.950 ,    0.000 ,  858.950 ,  861.950 ,    0.000 ,    0.000 ,   18.950 ,    5.041 ,        3 , 	)
 155 	 (   7 ,  865.000 ,  925.000 ,        0 ,  860.683 ,  879.632 ,    0.000 ,  879.632 ,  880.632 ,   51.126 ,    0.000 ,   14.632 ,    4.455 ,        4 , 	)
 160 	 (   3 ,  822.000 , 1062.000 ,        0 ,  893.733 ,  908.365 ,    0.000 ,  908.365 ,  912.365 ,   68.654 ,    0.000 ,   14.632 ,    4.294 ,        5 , 	)
  78 	 (   4 ,  759.000 ,  929.095 ,        0 ,  900.534 ,  915.166 ,    0.000 ,  915.166 ,  916.166 ,    0.000 ,    0.000 ,   14.632 ,    0.000 ,        6 , 	)
 132 	 (   1 ,  875.749 , 1051.000 ,        0 ,  904.207 ,  918.839 ,    0.000 ,  918.839 ,  921.839 ,   56.889 ,    0.000 ,   14.632 ,    0.261 ,        7 , 	)
  77 	 (   5 ,  720.000 ,  960.000 ,        0 ,  927.605 ,  942.237 ,    0.000 ,  942.237 ,  946.237 ,    0.000 ,    0.000 ,   14.632 ,    1.676 ,        8 , 	)
  26 	 (   7 ,  720.000 ,  960.000 ,        0 ,  941.528 ,  956.160 ,    0.000 ,  956.160 ,  958.160 ,    0.000 ,    0.000 ,   14.632 ,   -3.875 ,        9 , 	)
 176 	 (   6 ,  840.000 ,  960.000 ,        0 ,  945.368 ,  960.000 ,    0.000 ,  960.000 ,  961.000 ,   43.834 ,   -0.000 ,   14.632 ,    0.800 ,       10 , 	)
  87 	 (   8 ,  960.000 , 1200.000 ,        0 ,  950.402 ,  965.035 ,    9.789 ,  974.823 ,  976.823 ,    0.000 ,    0.000 ,   14.823 ,    4.069 ,       11 , 	)
 124 	 (   6 ,  815.000 , 1055.000 ,        0 , 1009.992 , 1024.816 ,    0.000 , 1024.816 , 1026.816 ,   66.656 ,    0.000 ,   14.823 ,    5.212 ,       12 , 	)
   3 	 (   8 ,  960.000 , 1080.000 ,        0 , 1017.487 , 1032.311 ,    0.000 , 1032.311 , 1034.311 ,    0.000 ,    0.000 ,   14.823 ,   -2.961 ,       13 , 	)
 175 	 (   4 ,  807.000 , 1047.000 ,        0 , 1032.177 , 1047.000 ,    0.000 , 1047.000 , 1051.000 ,  100.763 ,    0.000 ,   14.823 ,   12.765 ,       14 , 	)
 185 	 (   2 , 1070.000 , 1310.000 ,        0 , 1042.946 , 1057.769 ,   12.231 , 1070.000 , 1072.000 ,   93.177 ,    1.993 ,    0.000 ,    0.668 ,       15 , 	)
 101 	 (   0 , 1011.000 , 1131.000 ,        0 , 1099.317 , 1099.317 ,    0.000 , 1099.317 , 1101.317 ,   65.007 ,    1.993 ,    0.000 ,    9.282 ,       16 , 	)
  91 	 (   4 ,  972.000 , 1193.196 ,        0 , 1111.632 , 1111.632 ,    0.000 , 1111.632 , 1115.632 ,    0.000 ,   42.153 ,    0.000 ,   -6.548 ,       17 , 	)
 189 	 (   0 , 1042.000 , 1222.000 ,        0 , 1140.435 , 1140.435 ,    0.000 , 1140.435 , 1144.435 ,   24.804 ,   41.196 ,    0.000 ,   11.200 ,       18 , 	)
  10 	 (   4 ,  972.000 , 1193.432 ,        0 , 1151.278 , 1151.278 ,    0.000 , 1151.278 , 1155.278 ,    0.000 ,   42.153 ,   -0.000 ,   -3.443 ,       19 , 	)
 108 	 (   0 , 1042.000 , 1222.000 ,        0 , 1179.847 , 1179.847 ,    0.000 , 1179.847 , 1183.847 ,   24.568 ,   41.432 ,   -0.000 ,   27.281 ,       20 , 	)
 197 	 (   0 ,    0.000 , 1440.000 ,        0 , 1201.797 , 1201.797 ,    0.000 , 1201.797 , 1201.797 ,    0.000 ,  238.203 ,   -0.000 ,    0.000 ,       21 , 	)
