8
	VALUE ALL : ( Cost : 3185.606 , TRT : 3276.799 , TWT : 599.607 , TD : 4216.450 )
	VIOLATIONS TOTAL : ( VC :       0 , VTW :   0.000 , VTD :   0.000 , VTRT :   0.000 )
 	COUT_ALL : (   0.002 )  T2B:    1800

	18 sommets 
	values : ( Cost : 426.961 , TRT : 372.330 , TWT :  15.307 , TD : 578.676 )
	violations : ( VC :       0 , VTW :   0.000 , VTD :   0.000 , VTRT :   0.000 )
	cout global : (   0.000	 )
S(i)	 (   C ,     TW0 ,       TW1 ,       VTW ,       Min ,       A ,       W ,       B ,       D ,       L ,       F ,       E ,       Det ,       [Imp ,       Imp]	)
   0 	 (   0 ,    0.000 , 1440.000 ,        0 ,    0.000 ,  261.253 ,    0.000 ,  261.253 ,  261.253 ,    0.000 ,    0.000 ,  261.253 ,    0.000 ,        0 , 	)
  36 	 (   2 ,  240.000 ,  480.000 ,        0 ,   20.087 ,  281.340 ,    0.000 ,  281.340 ,  283.340 ,    0.000 ,    0.000 ,   41.340 ,    3.081 ,        1 , 	)
  25 	 (   3 ,  240.000 ,  480.000 ,        0 ,  305.452 ,  346.792 ,    0.000 ,  346.792 ,  347.792 ,    0.000 ,    0.000 ,   41.340 ,   14.438 ,        2 , 	)
  98 	 (   1 ,  341.000 ,  581.000 ,        0 ,  317.208 ,  358.547 ,    0.000 ,  358.547 ,  360.547 ,   75.208 ,    0.000 ,   17.547 ,   -0.157 ,        3 , 	)
  37 	 (   3 ,  240.000 ,  420.000 ,        0 ,  388.565 ,  406.113 ,    0.000 ,  406.113 ,  408.113 ,    0.000 ,    0.000 ,   17.547 ,   -0.001 ,        4 , 	)
  61 	 (   6 ,  289.000 ,  439.892 ,        0 ,  394.347 ,  411.895 ,    0.000 ,  411.895 ,  414.895 ,    0.000 ,    0.000 ,   17.547 ,    5.341 ,        5 , 	)
  21 	 (   7 ,  240.000 ,  480.000 ,        0 ,  406.263 ,  423.811 ,    0.000 ,  423.811 ,  424.811 ,    0.000 ,    0.000 ,   17.547 ,    0.000 ,        6 , 	)
  87 	 (   6 ,  368.000 ,  548.000 ,        0 ,  407.263 ,  424.811 ,    0.000 ,  424.811 ,  425.811 ,   77.019 ,    0.000 ,   17.547 ,    0.000 ,        7 , 	)
  83 	 (   5 ,  258.000 ,  498.000 ,        0 ,  417.213 ,  434.760 ,    0.000 ,  434.760 ,  435.760 ,    9.950 ,    0.000 ,   17.547 ,    9.714 ,        8 , 	)
  52 	 (   6 ,  240.000 ,  480.000 ,        0 ,  434.463 ,  452.011 ,    0.000 ,  452.011 ,  453.011 ,    0.000 ,    0.000 ,   17.547 ,    5.217 ,        9 , 	)
 123 	 (   3 ,  353.000 ,  473.000 ,        0 ,  449.695 ,  467.243 ,    0.000 ,  467.243 ,  470.243 ,   52.348 ,    0.000 ,   17.547 ,    0.458 ,       10 , 	)
   4 	 (   7 ,  300.000 ,  480.000 ,        0 ,  462.453 ,  480.000 ,    0.000 ,  480.000 ,  484.000 ,    0.000 ,    0.000 ,   17.547 ,   13.725 ,       11 , 	)
  99 	 (   5 ,  344.000 ,  524.000 ,        0 ,  503.023 ,  520.570 ,    0.000 ,  520.570 ,  522.570 ,  112.457 ,    3.430 ,   17.547 ,   21.265 ,       12 , 	)
 114 	 (   4 ,  323.000 ,  563.000 ,        0 ,  525.584 ,  543.132 ,    0.000 ,  543.132 ,  544.132 ,   90.121 ,   19.868 ,   17.547 ,    0.000 ,       13 , 	)
  42 	 (   8 ,  540.000 ,  720.000 ,        0 ,  526.584 ,  544.132 ,   15.307 ,  559.438 ,  563.438 ,    0.000 ,   44.988 ,   19.438 ,    0.000 ,       14 , 	)
 104 	 (   4 ,  584.000 ,  764.000 ,        0 ,  564.562 ,  584.000 ,    0.000 ,  584.000 ,  588.000 ,   20.562 ,   34.438 ,    0.000 ,   22.968 ,       15 , 	)
  66 	 (   0 ,  430.000 ,  670.000 ,        0 ,  625.012 ,  625.012 ,    0.000 ,  625.012 ,  629.012 ,  141.012 ,   44.988 ,    0.000 ,    3.432 ,       16 , 	)
 125 	 (   0 ,    0.000 , 1440.000 ,        0 ,  633.583 ,  633.583 ,    0.000 ,  633.583 ,  633.583 ,    0.000 ,  806.417 ,    0.000 ,    0.000 ,       17 , 	)

	18 sommets 
	values : ( Cost : 345.444 , TRT : 434.880 , TWT : 137.148 , TD : 514.684 )
	violations : ( VC :       0 , VTW :   0.000 , VTD :   0.000 , VTRT :   0.000 )
	cout global : (   0.000	 )
S(i)	 (   C ,     TW0 ,       TW1 ,       VTW ,       Min ,       A ,       W ,       B ,       D ,       L ,       F ,       E ,       Det ,       [Imp ,       Imp]	)
   0 	 (   0 ,    0.000 , 1440.000 ,        0 ,    0.000 ,  454.845 ,    0.000 ,  454.845 ,  454.845 ,    0.000 ,    0.000 ,  454.845 ,    0.000 ,        0 , 	)
  13 	 (   3 ,  420.000 ,  480.000 ,        0 ,    7.883 ,  462.729 ,    0.000 ,  462.729 ,  465.729 ,    0.000 ,    0.000 ,   42.729 ,    0.076 ,        1 , 	)
   6 	 (   4 ,  420.000 ,  480.000 ,        0 ,  437.271 ,  480.000 ,    0.000 ,  480.000 ,  481.000 ,    0.000 ,    0.000 ,   42.729 ,    6.328 ,        2 , 	)
  62 	 (   5 ,  507.000 ,  646.626 ,        0 ,  456.327 ,  499.056 ,   36.851 ,  535.907 ,  536.907 ,    0.000 ,    0.000 ,   28.907 ,    1.846 ,        3 , 	)
  68 	 (   4 ,  451.408 ,  603.000 ,        0 ,  522.198 ,  551.105 ,    0.000 ,  551.105 ,  552.105 ,   70.105 ,    0.000 ,   28.907 ,   19.724 ,        4 , 	)
  75 	 (   1 ,  462.215 ,  588.000 ,        0 ,  541.822 ,  570.729 ,    0.000 ,  570.729 ,  573.729 ,  105.000 ,    0.000 ,   28.907 ,    9.558 ,        5 , 	)
  28 	 (   3 ,  482.000 ,  659.692 ,        0 ,  563.812 ,  592.719 ,   50.405 ,  643.123 ,  645.123 ,    0.000 ,    0.000 ,   79.311 ,   -0.014 ,        6 , 	)
 124 	 (   2 ,  635.000 ,  695.000 ,        0 ,  582.064 ,  661.375 ,    0.000 ,  661.375 ,  662.375 ,  124.468 ,    0.000 ,   26.375 ,   15.568 ,        7 , 	)
  90 	 (   0 ,  555.000 ,  675.000 ,        0 ,  648.625 ,  675.000 ,    0.000 ,  675.000 ,  677.000 ,   29.877 ,    0.000 ,   26.375 ,    0.168 ,        8 , 	)
  51 	 (   4 ,  720.000 ,  900.000 ,        0 ,  669.882 ,  696.257 ,   49.892 ,  746.150 ,  750.150 ,    0.000 ,   64.190 ,   26.150 ,   33.435 ,        9 , 	)
   2 	 (   7 ,  720.000 ,  900.000 ,        0 ,  762.169 ,  788.319 ,    0.000 ,  788.319 ,  791.319 ,    0.000 ,   45.150 ,   26.150 ,    3.989 ,       10 , 	)
 113 	 (   3 ,  809.000 ,  989.000 ,        0 ,  782.850 ,  809.000 ,    0.000 ,  809.000 ,  813.000 ,   58.850 ,   45.150 ,    0.000 ,    8.902 ,       11 , 	)
  10 	 (   7 ,  720.000 ,  960.000 ,        0 ,  823.649 ,  823.649 ,    0.000 ,  823.649 ,  827.649 ,    0.000 ,   61.405 ,    0.000 ,    0.138 ,       12 , 	)
  14 	 (   8 ,  720.000 ,  900.000 ,        0 ,  835.810 ,  835.810 ,    0.000 ,  835.810 ,  836.810 ,    0.000 ,   61.405 ,    0.000 ,    4.120 ,       13 , 	)
  76 	 (   7 ,  734.751 ,  938.000 ,        0 ,  850.561 ,  850.561 ,    0.000 ,  850.561 ,  851.561 ,   13.751 ,   23.249 ,    0.000 ,   -2.768 ,       14 , 	)
  64 	 (   4 ,  817.000 ,  997.000 ,        0 ,  856.914 ,  856.914 ,    0.000 ,  856.914 ,  859.914 ,   65.595 ,   61.405 ,    0.000 ,    1.140 ,       15 , 	)
  72 	 (   0 ,  860.000 , 1100.000 ,        0 ,  874.686 ,  874.686 ,    0.000 ,  874.686 ,  878.686 ,   47.038 ,  171.962 ,    0.000 ,    9.801 ,       16 , 	)
 125 	 (   0 ,    0.000 , 1440.000 ,        0 ,  889.726 ,  889.726 ,    0.000 ,  889.726 ,  889.726 ,    0.000 ,  550.274 ,    0.000 ,    0.000 ,       17 , 	)

	24 sommets 
	values : ( Cost : 564.147 , TRT : 478.171 , TWT :   0.000 , TD : 696.308 )
	violations : ( VC :       0 , VTW :   0.000 , VTD :   0.000 , VTRT :   0.000 )
	cout global : (   0.000	 )
S(i)	 (   C ,     TW0 ,       TW1 ,       VTW ,       Min ,       A ,       W ,       B ,       D ,       L ,       F ,       E ,       Det ,       [Imp ,       Imp]	)
   0 	 (   0 ,    0.000 , 1440.000 ,        0 ,    0.000 ,  749.304 ,    0.000 ,  749.304 ,  749.304 ,    0.000 ,   13.812 ,  749.304 ,    0.000 ,        0 , 	)
  20 	 (   1 ,  720.000 ,  960.000 ,        0 ,   21.792 ,  771.096 ,    0.000 ,  771.096 ,  772.096 ,    0.000 ,   13.812 ,   51.096 ,   31.389 ,        1 , 	)
  22 	 (   2 ,  792.000 ,  954.179 ,        0 ,  760.811 ,  811.908 ,    0.000 ,  811.908 ,  812.908 ,    0.000 ,   13.812 ,   19.908 ,    2.597 ,        2 , 	)
  46 	 (   3 ,  751.000 ,  940.857 ,        0 ,  796.371 ,  816.279 ,    0.000 ,  816.279 ,  817.279 ,    0.000 ,   13.812 ,   19.908 ,   -3.417 ,        3 , 	)
  49 	 (   4 ,  720.000 ,  960.000 ,        0 ,  818.610 ,  838.517 ,    0.000 ,  838.517 ,  839.517 ,    0.000 ,   13.812 ,   19.908 ,   -2.471 ,        4 , 	)
  82 	 (   3 ,  820.000 , 1060.000 ,        0 ,  830.220 ,  850.127 ,    0.000 ,  850.127 ,  851.127 ,   78.031 ,   13.812 ,   19.908 ,    8.967 ,        5 , 	)
  84 	 (   2 ,  860.000 ,  980.000 ,        0 ,  840.092 ,  860.000 ,    0.000 ,  860.000 ,  861.000 ,   47.092 ,   13.812 ,    0.000 ,    0.000 ,        6 , 	)
  47 	 (   6 ,  720.000 ,  960.000 ,        0 ,  861.000 ,  861.000 ,    0.000 ,  861.000 ,  865.000 ,    0.000 ,   13.812 ,    0.000 ,    0.000 ,        7 , 	)
 111 	 (   5 ,  783.000 , 1023.000 ,        0 ,  893.084 ,  893.084 ,    0.000 ,  893.084 ,  894.084 ,   53.567 ,   13.812 ,    0.000 ,    0.026 ,        8 , 	)
 109 	 (   1 ,  796.000 , 1036.000 ,        0 ,  902.241 ,  902.241 ,    0.000 ,  902.241 ,  906.241 ,   37.241 ,   13.812 ,    0.000 ,    0.000 ,        9 , 	)
  38 	 (   4 ,  720.000 ,  960.000 ,        0 ,  906.241 ,  906.241 ,    0.000 ,  906.241 ,  909.241 ,    0.000 ,   13.812 ,    0.000 ,    0.000 ,       10 , 	)
  44 	 (   7 ,  780.000 ,  960.000 ,        0 ,  916.444 ,  916.444 ,    0.000 ,  916.444 ,  919.444 ,    0.000 ,   13.812 ,    0.000 ,    0.196 ,       11 , 	)
 108 	 (   6 ,  925.000 ,  985.000 ,        0 ,  954.930 ,  954.930 ,    0.000 ,  954.930 ,  955.930 ,  137.651 ,   13.812 ,    0.000 ,    6.889 ,       12 , 	)
 106 	 (   3 ,  900.000 , 1020.000 ,        0 ,  971.047 ,  971.047 ,    0.000 ,  971.047 ,  974.047 ,   51.604 ,   13.812 ,    0.000 ,    3.833 ,       13 , 	)
 100 	 (   0 ,  909.000 , 1089.000 ,        0 ,  999.603 ,  999.603 ,    0.000 ,  999.603 , 1002.603 ,   90.362 ,   13.812 ,    0.000 ,   31.816 ,       14 , 	)
  58 	 (   4 , 1020.000 , 1200.000 ,        0 , 1034.190 , 1034.190 ,    0.000 , 1034.190 , 1038.190 ,    0.000 ,   13.812 ,    0.000 ,   17.268 ,       15 , 	)
   8 	 (   7 , 1020.000 , 1200.000 ,        0 , 1057.911 , 1057.911 ,    0.000 , 1057.911 , 1060.911 ,    0.000 ,   13.812 ,    0.000 ,    4.321 ,       16 , 	)
 120 	 (   3 , 1079.000 , 1319.000 ,        0 , 1088.419 , 1088.419 ,    0.000 , 1088.419 , 1092.419 ,   50.229 ,   13.812 ,    0.000 ,    3.320 ,       17 , 	)
  70 	 (   0 , 1080.000 , 1260.000 ,        0 , 1096.841 , 1096.841 ,    0.000 , 1096.841 , 1099.841 ,   35.930 ,   13.812 ,    0.000 ,   -3.886 ,       18 , 	)
   5 	 (   4 ,  960.000 , 1200.000 ,        0 , 1115.603 , 1115.603 ,    0.000 , 1115.603 , 1119.603 ,    0.000 ,   13.812 ,   -0.000 ,    8.765 ,       19 , 	)
  26 	 (   6 ,  960.000 , 1140.000 ,        0 , 1126.188 , 1126.188 ,    0.000 , 1126.188 , 1128.188 ,    0.000 ,   13.812 ,   -0.000 ,    2.244 ,       20 , 	)
  67 	 (   2 , 1050.000 , 1290.000 ,        0 , 1167.132 , 1167.132 ,    0.000 , 1167.132 , 1171.132 ,   47.529 ,   13.928 ,   -0.000 ,   32.914 ,       21 , 	)
  88 	 (   0 ,  992.159 , 1223.000 ,        0 , 1195.260 , 1195.260 ,    0.000 , 1195.260 , 1197.260 ,   67.072 ,   13.928 ,   -0.000 ,   -5.841 ,       22 , 	)
 125 	 (   0 ,    0.000 , 1440.000 ,        0 , 1227.474 , 1227.474 ,    0.000 , 1227.474 , 1227.474 ,    0.000 ,  212.526 ,   -0.000 ,    0.000 ,       23 , 	)

	20 sommets 
	values : ( Cost : 396.677 , TRT : 442.911 , TWT : 112.658 , TD : 591.585 )
	violations : ( VC :       0 , VTW :   0.000 , VTD :   0.000 , VTRT :   0.000 )
	cout global : (   0.000	 )
S(i)	 (   C ,     TW0 ,       TW1 ,       VTW ,       Min ,       A ,       W ,       B ,       D ,       L ,       F ,       E ,       Det ,       [Imp ,       Imp]	)
   0 	 (   0 ,    0.000 , 1440.000 ,        0 ,    0.000 ,  354.947 ,    0.000 ,  354.947 ,  354.947 ,    0.000 ,    0.000 ,  354.947 ,    0.000 ,        0 , 	)
  11 	 (   3 ,  263.000 ,  458.186 ,        0 ,   11.781 ,  366.729 ,    0.000 ,  366.729 ,  369.729 ,    0.000 ,    0.000 ,  103.729 ,    2.497 ,        1 , 	)
  73 	 (   0 ,  290.000 ,  470.000 ,        0 ,  274.814 ,  378.543 ,    0.000 ,  378.543 ,  381.543 ,    8.814 ,    0.000 ,   88.543 ,    6.942 ,        2 , 	)
   7 	 (   1 ,  300.000 ,  480.000 ,        0 ,  309.617 ,  398.159 ,    0.000 ,  398.159 ,  399.159 ,    0.000 ,    0.000 ,   88.543 ,    0.483 ,        3 , 	)
  34 	 (   2 ,  420.000 ,  480.000 ,        0 ,  341.699 ,  430.242 ,    0.000 ,  430.242 ,  431.242 ,    0.000 ,    0.000 ,   10.242 ,    1.578 ,        4 , 	)
  69 	 (   1 ,  333.748 ,  547.000 ,        0 ,  424.244 ,  434.486 ,    0.000 ,  434.486 ,  435.486 ,   35.326 ,    0.000 ,   10.242 ,    3.260 ,        5 , 	)
  27 	 (   3 ,  249.000 ,  478.553 ,        0 ,  428.565 ,  438.807 ,    0.000 ,  438.807 ,  440.807 ,    0.000 ,    0.000 ,   10.242 ,   -0.095 ,        6 , 	)
  35 	 (   7 ,  240.000 ,  480.000 ,        0 ,  438.429 ,  448.671 ,    0.000 ,  448.671 ,  452.671 ,    0.000 ,    0.000 ,   10.242 ,   -6.838 ,        7 , 	)
  89 	 (   5 ,  330.000 ,  510.000 ,        0 ,  457.174 ,  467.417 ,    0.000 ,  467.417 ,  469.417 ,   26.610 ,    0.000 ,   10.242 ,    9.389 ,        8 , 	)
  23 	 (   7 ,  360.000 ,  480.000 ,        0 ,  469.758 ,  480.000 ,    0.000 ,  480.000 ,  482.000 ,    0.000 ,    0.000 ,   10.242 ,    0.486 ,        9 , 	)
  96 	 (   6 ,  456.171 ,  575.000 ,        0 ,  491.283 ,  501.525 ,    0.000 ,  501.525 ,  502.525 ,   70.283 ,   20.344 ,   10.242 ,    0.513 ,       10 , 	)
  85 	 (   4 ,  401.980 ,  589.000 ,        0 ,  513.251 ,  523.493 ,    0.000 ,  523.493 ,  525.493 ,   41.493 ,   20.344 ,   10.242 ,    7.080 ,       11 , 	)
  30 	 (   5 ,  540.000 ,  720.000 ,        0 ,  531.086 ,  541.328 ,   20.344 ,  561.671 ,  562.671 ,    0.000 ,    0.000 ,   21.671 ,    0.000 ,       12 , 	)
  97 	 (   1 ,  325.000 ,  565.000 ,        0 ,  541.000 ,  562.671 ,    0.000 ,  562.671 ,  566.671 ,  110.000 ,    0.000 ,   21.671 ,    0.000 ,       13 , 	)
  54 	 (   2 ,  480.000 ,  720.000 ,        0 ,  558.669 ,  580.341 ,   92.314 ,  672.655 ,  673.655 ,    0.000 ,   15.605 ,  113.986 ,    2.138 ,       14 , 	)
 116 	 (   1 ,  542.000 ,  782.000 ,        0 ,  596.814 ,  710.799 ,    0.000 ,  710.799 ,  711.799 ,   37.144 ,   15.605 ,  113.986 ,   17.981 ,       15 , 	)
  31 	 (   2 ,  720.000 ,  900.000 ,        0 ,  618.495 ,  732.480 ,    0.000 ,  732.480 ,  733.480 ,    0.000 ,   15.605 ,   12.480 ,   14.289 ,       16 , 	)
  92 	 (   1 ,  680.000 ,  920.000 ,        0 ,  761.586 ,  774.066 ,    0.000 ,  774.066 ,  775.066 ,  211.395 ,   15.605 ,   12.480 ,   17.719 ,       17 , 	)
  93 	 (   0 ,  784.000 ,  964.000 ,        0 ,  771.520 ,  784.000 ,    0.000 ,  784.000 ,  785.000 ,   50.520 ,   34.480 ,    0.000 ,    0.000 ,       18 , 	)
 125 	 (   0 ,    0.000 , 1440.000 ,        0 ,  797.859 ,  797.859 ,    0.000 ,  797.859 ,  797.859 ,    0.000 ,  642.141 ,    0.000 ,    0.000 ,       19 , 	)

	18 sommets 
	values : ( Cost : 435.745 , TRT : 472.628 , TWT : 109.000 , TD : 500.805 )
	violations : ( VC :       0 , VTW :   0.000 , VTD :   0.000 , VTRT :   0.000 )
	cout global : (   0.000	 )
S(i)	 (   C ,     TW0 ,       TW1 ,       VTW ,       Min ,       A ,       W ,       B ,       D ,       L ,       F ,       E ,       Det ,       [Imp ,       Imp]	)
   0 	 (   0 ,    0.000 , 1440.000 ,        0 ,    0.000 ,  566.114 ,    0.000 ,  566.114 ,  566.114 ,    0.000 ,    0.000 ,  566.114 ,    0.000 ,        0 , 	)
  17 	 (   2 ,  505.000 ,  709.518 ,        0 ,    4.827 ,  570.941 ,    0.000 ,  570.941 ,  572.941 ,    0.000 ,    0.000 ,   65.941 ,   -0.720 ,        1 , 	)
  32 	 (   6 ,  553.000 ,  712.056 ,        0 ,  546.292 ,  612.234 ,    0.000 ,  612.234 ,  616.234 ,    0.000 ,    0.000 ,   59.234 ,    4.560 ,        2 , 	)
  94 	 (   2 ,  619.000 ,  739.000 ,        0 ,  579.944 ,  639.177 ,    0.000 ,  639.177 ,  643.177 ,   22.944 ,    0.000 ,   20.177 ,   31.889 ,        3 , 	)
  79 	 (   0 ,  642.000 ,  762.000 ,        0 ,  643.283 ,  663.460 ,    0.000 ,  663.460 ,  665.460 ,   90.519 ,    0.000 ,   20.177 ,   -0.790 ,        4 , 	)
   3 	 (   1 ,  495.000 ,  708.914 ,        0 ,  688.737 ,  708.914 ,    0.000 ,  708.914 ,  709.914 ,    0.000 ,    0.000 ,   20.177 ,    3.020 ,        5 , 	)
  65 	 (   0 ,  550.000 ,  730.000 ,        0 ,  709.823 ,  730.000 ,    0.000 ,  730.000 ,  731.000 ,   20.086 ,    0.000 ,   20.177 ,    0.000 ,        6 , 	)
  55 	 (   4 ,  840.000 ,  960.000 ,        0 ,  710.823 ,  731.000 ,  109.000 ,  840.000 ,  844.000 ,    0.000 ,   35.835 ,    0.000 ,    0.000 ,        7 , 	)
  56 	 (   7 ,  720.000 ,  960.000 ,        0 ,  857.522 ,  857.522 ,    0.000 ,  857.522 ,  860.522 ,    0.000 ,   35.835 ,    0.000 ,    2.177 ,        8 , 	)
  15 	 (   8 ,  720.000 ,  960.000 ,        0 ,  874.263 ,  874.263 ,    0.000 ,  874.263 ,  875.263 ,    0.000 ,   35.835 ,    0.000 ,    8.902 ,        9 , 	)
 117 	 (   4 ,  880.000 , 1054.000 ,        0 ,  892.502 ,  892.502 ,    0.000 ,  892.502 ,  896.502 ,   48.502 ,   35.835 ,    0.000 ,    0.076 ,       10 , 	)
  45 	 (   5 ,  720.000 ,  960.000 ,        0 ,  905.223 ,  905.223 ,    0.000 ,  905.223 ,  906.223 ,    0.000 ,   35.835 ,    0.000 ,    7.365 ,       11 , 	)
  18 	 (   7 ,  840.000 ,  960.000 ,        0 ,  924.165 ,  924.165 ,    0.000 ,  924.165 ,  926.165 ,    0.000 ,   35.835 ,    0.000 ,   -0.001 ,       12 , 	)
 118 	 (   4 ,  826.000 , 1066.000 ,        0 ,  936.920 ,  936.920 ,    0.000 ,  936.920 ,  939.920 ,   76.399 ,   41.508 ,    0.000 ,   12.756 ,       13 , 	)
  77 	 (   3 ,  817.000 , 1057.000 ,        0 ,  955.589 ,  955.589 ,    0.000 ,  955.589 ,  956.589 ,   80.326 ,   41.508 ,    0.000 ,    0.015 ,       14 , 	)
 107 	 (   2 ,  850.000 , 1030.000 ,        0 ,  988.492 ,  988.492 ,    0.000 ,  988.492 ,  989.492 ,   82.269 ,   41.508 ,    0.000 ,   10.478 ,       15 , 	)
  80 	 (   0 ,  933.000 , 1053.000 ,        0 , 1005.926 , 1005.926 ,    0.000 , 1005.926 , 1007.926 ,   79.761 ,   43.239 ,    0.000 ,   -1.095 ,       16 , 	)
 125 	 (   0 ,    0.000 , 1440.000 ,        0 , 1038.742 , 1038.742 ,    0.000 , 1038.742 , 1038.742 ,    0.000 ,  401.258 ,    0.000 ,    0.000 ,       17 , 	)

	10 sommets 
	values : ( Cost : 268.712 , TRT : 224.039 , TWT :   0.000 , TD : 222.858 )
	violations : ( VC :       0 , VTW :   0.000 , VTD :   0.000 , VTRT :   0.000 )
	cout global : (   0.000	 )
S(i)	 (   C ,     TW0 ,       TW1 ,       VTW ,       Min ,       A ,       W ,       B ,       D ,       L ,       F ,       E ,       Det ,       [Imp ,       Imp]	)
   0 	 (   0 ,    0.000 , 1440.000 ,        0 ,    0.000 ,  266.514 ,    0.000 ,  266.514 ,  266.514 ,    0.000 ,   73.075 ,  266.514 ,    0.000 ,        0 , 	)
  29 	 (   3 ,  240.000 ,  420.000 ,        0 ,   18.375 ,  284.889 ,    0.000 ,  284.889 ,  287.889 ,    0.000 ,   73.075 ,   44.889 ,    7.890 ,        1 , 	)
  60 	 (   6 ,  240.000 ,  480.000 ,        0 ,  255.775 ,  300.665 ,    0.000 ,  300.665 ,  303.665 ,    0.000 ,   52.389 ,   44.889 ,   15.485 ,        2 , 	)
  91 	 (   3 ,  327.000 ,  507.000 ,        0 ,  303.611 ,  348.501 ,    0.000 ,  348.501 ,  351.501 ,   60.611 ,   52.389 ,   21.501 ,   15.656 ,        3 , 	)
 122 	 (   0 ,  373.000 ,  553.000 ,        0 ,  351.499 ,  373.000 ,    0.000 ,  373.000 ,  376.000 ,   69.335 ,   65.665 ,    0.000 ,    2.102 ,        4 , 	)
  24 	 (   1 ,  240.000 ,  480.000 ,        0 ,  401.851 ,  401.851 ,    0.000 ,  401.851 ,  402.851 ,    0.000 ,   73.075 ,    0.000 ,    0.000 ,        5 , 	)
  12 	 (   5 ,  240.000 ,  480.000 ,        0 ,  406.925 ,  406.925 ,    0.000 ,  406.925 ,  410.925 ,    0.000 ,   11.733 ,    0.000 ,    7.723 ,        6 , 	)
  86 	 (   4 ,  268.000 ,  508.000 ,        0 ,  428.118 ,  428.118 ,    0.000 ,  428.118 ,  429.118 ,   25.267 ,   11.733 ,    0.000 ,   14.513 ,        7 , 	)
  74 	 (   0 ,  377.000 ,  557.000 ,        0 ,  478.569 ,  478.569 ,    0.000 ,  478.569 ,  482.569 ,   67.644 ,   71.356 ,    0.000 ,   -2.749 ,        8 , 	)
 125 	 (   0 ,    0.000 , 1440.000 ,        0 ,  490.553 ,  490.553 ,    0.000 ,  490.553 ,  490.553 ,    0.000 ,  949.447 ,    0.000 ,    0.000 ,        9 , 	)

	14 sommets 
	values : ( Cost : 378.939 , TRT : 390.041 , TWT :  71.124 , TD : 370.760 )
	violations : ( VC :       0 , VTW :   0.000 , VTD :   0.000 , VTRT :   0.000 )
	cout global : (   0.000	 )
S(i)	 (   C ,     TW0 ,       TW1 ,       VTW ,       Min ,       A ,       W ,       B ,       D ,       L ,       F ,       E ,       Det ,       [Imp ,       Imp]	)
   0 	 (   0 ,    0.000 , 1440.000 ,        0 ,    0.000 ,  704.776 ,    0.000 ,  704.776 ,  704.776 ,    0.000 ,    0.000 ,  704.776 ,    0.000 ,        0 , 	)
  19 	 (   1 ,  480.000 ,  720.000 ,        0 ,   15.224 ,  720.000 ,    0.000 ,  720.000 ,  721.000 ,    0.000 ,    0.000 ,  240.000 ,    5.436 ,        1 , 	)
   9 	 (   4 ,  720.000 ,  960.000 ,        0 ,  484.587 ,  724.587 ,   16.889 ,  741.476 ,  744.476 ,    0.000 ,    0.000 ,   21.476 ,    0.768 ,        2 , 	)
  81 	 (   3 ,  613.000 ,  793.000 ,        0 ,  771.524 ,  793.000 ,    0.000 ,  793.000 ,  794.000 ,   72.000 ,    0.000 ,   21.476 ,    3.798 ,        3 , 	)
  71 	 (   0 ,  819.000 , 1059.000 ,        0 ,  776.598 ,  798.074 ,   20.926 ,  819.000 ,  822.000 ,   74.524 ,   55.476 ,    0.000 ,   -2.579 ,        4 , 	)
  41 	 (   3 ,  720.000 ,  960.000 ,        0 ,  864.576 ,  864.576 ,   33.309 ,  897.885 ,  900.885 ,    0.000 ,   32.756 ,   33.309 ,   11.061 ,        5 , 	)
  48 	 (   7 ,  720.000 ,  960.000 ,        0 ,  893.935 ,  927.244 ,    0.000 ,  927.244 ,  931.244 ,    0.000 ,   32.756 ,   33.309 ,    3.026 ,        6 , 	)
 103 	 (   4 ,  781.000 , 1021.000 ,        0 ,  904.260 ,  937.569 ,    0.000 ,  937.569 ,  940.569 ,   36.684 ,   42.316 ,   33.309 ,    0.400 ,        7 , 	)
  40 	 (   8 ,  960.000 , 1200.000 ,        0 ,  939.504 ,  972.813 ,    0.000 ,  972.813 ,  976.813 ,    0.000 ,   82.232 ,   12.813 ,    7.747 ,        8 , 	)
 110 	 (   4 ,  835.000 , 1075.000 ,        0 ,  979.956 ,  992.768 ,    0.000 ,  992.768 ,  996.768 ,   61.525 ,   32.740 ,   12.813 ,   -0.001 ,        9 , 	)
  59 	 (   6 ,  960.000 , 1200.000 ,        0 ,  989.420 , 1002.233 ,    0.000 , 1002.233 , 1004.233 ,    0.000 ,   32.740 ,   12.813 ,   10.826 ,       10 , 	)
 102 	 (   2 , 1039.000 , 1279.000 ,        0 , 1032.260 , 1045.073 ,    0.000 , 1045.073 , 1049.073 ,   68.260 ,   32.740 ,    6.073 ,    3.289 ,       11 , 	)
 121 	 (   0 , 1062.000 , 1302.000 ,        0 , 1055.927 , 1062.000 ,    0.000 , 1062.000 , 1064.000 ,   57.767 ,   77.233 ,    0.000 ,    9.904 ,       12 , 	)
 125 	 (   0 ,    0.000 , 1440.000 ,        0 , 1094.817 , 1094.817 ,    0.000 , 1094.817 , 1094.817 ,    0.000 ,  345.183 ,    0.000 ,    0.000 ,       13 , 	)

	18 sommets 
	values : ( Cost : 368.981 , TRT : 461.799 , TWT : 154.370 , TD : 740.774 )
	violations : ( VC :       0 , VTW :   0.000 , VTD :   0.000 , VTRT :   0.000 )
	cout global : (   0.000	 )
S(i)	 (   C ,     TW0 ,       TW1 ,       VTW ,       Min ,       A ,       W ,       B ,       D ,       L ,       F ,       E ,       Det ,       [Imp ,       Imp]	)
   0 	 (   0 ,    0.000 , 1440.000 ,        0 ,    0.000 ,  450.130 ,    0.000 ,  450.130 ,  450.130 ,    0.000 ,    0.000 ,  450.130 ,    0.000 ,        0 , 	)
   1 	 (   1 ,  420.000 ,  480.000 ,        0 ,   19.383 ,  469.513 ,    0.000 ,  469.513 ,  470.513 ,    0.000 ,    0.000 ,   49.513 ,   12.589 ,        1 , 	)
  43 	 (   2 ,  300.000 ,  480.000 ,        0 ,  430.487 ,  480.000 ,    0.000 ,  480.000 ,  481.000 ,    0.000 ,    0.000 ,   49.513 ,    0.000 ,        2 , 	)
  53 	 (   4 ,  480.000 ,  720.000 ,        0 ,  437.079 ,  486.592 ,   24.032 ,  510.623 ,  512.623 ,    0.000 ,    0.000 ,   30.623 ,    5.065 ,        3 , 	)
  63 	 (   3 ,  450.749 ,  561.000 ,        0 ,  519.889 ,  550.513 ,    0.000 ,  550.513 ,  551.513 ,   80.000 ,   -0.000 ,   30.623 ,   10.529 ,        4 , 	)
  39 	 (   6 ,  600.000 ,  720.000 ,        0 ,  527.065 ,  557.688 ,   61.286 ,  618.974 ,  621.974 ,    0.000 ,    0.000 ,   18.974 ,    9.233 ,        5 , 	)
 105 	 (   5 ,  393.000 ,  633.000 ,        0 ,  614.026 ,  633.000 ,    0.000 ,  633.000 ,  634.000 ,  152.000 ,    0.000 ,   18.974 ,  -10.353 ,        6 , 	)
 115 	 (   3 ,  629.000 ,  869.000 ,        0 ,  642.117 ,  661.091 ,    0.000 ,  661.091 ,  663.091 ,  148.468 ,   27.544 ,   18.974 ,    2.551 ,        7 , 	)
 101 	 (   0 ,  660.984 ,  878.000 ,        0 ,  656.982 ,  675.956 ,    0.000 ,  675.956 ,  678.956 ,   53.982 ,   27.544 ,   14.971 ,   -0.262 ,        8 , 	)
  33 	 (   4 ,  480.000 ,  720.000 ,        0 ,  677.485 ,  692.456 ,   27.544 ,  720.000 ,  724.000 ,    0.000 ,    0.000 ,   42.515 ,    0.000 ,        9 , 	)
  16 	 (   6 ,  720.000 ,  960.000 ,        0 ,  681.485 ,  724.000 ,   41.509 ,  765.509 ,  767.509 ,    0.000 ,   19.269 ,   45.509 ,    0.000 ,       10 , 	)
  57 	 (   7 ,  720.000 ,  960.000 ,        0 ,  722.000 ,  767.509 ,    0.000 ,  767.509 ,  768.509 ,    0.000 ,   19.269 ,   45.509 ,    0.000 ,       11 , 	)
  50 	 (   8 ,  780.000 ,  960.000 ,        0 ,  759.082 ,  804.591 ,    0.000 ,  804.591 ,  805.591 ,    0.000 ,   19.269 ,   24.591 ,   11.061 ,       12 , 	)
 119 	 (   7 ,  817.000 , 1057.000 ,        0 ,  792.409 ,  817.000 ,    0.000 ,  817.000 ,  818.000 ,   48.491 ,   19.269 ,    0.000 ,    4.791 ,       13 , 	)
  95 	 (   3 ,  614.000 ,  854.000 ,        0 ,  834.731 ,  834.731 ,    0.000 ,  834.731 ,  838.731 ,  110.731 ,   19.269 ,    0.000 ,    6.166 ,       14 , 	)
 112 	 (   2 ,  809.423 , 1037.000 ,        0 ,  845.178 ,  845.178 ,    0.000 ,  845.178 ,  846.178 ,   39.587 ,   27.485 ,    0.000 ,    1.131 ,       15 , 	)
  78 	 (   0 ,  852.000 , 1032.000 ,        0 ,  875.024 ,  875.024 ,    0.000 ,  875.024 ,  877.024 ,  107.515 ,   27.485 ,    0.000 ,   -7.032 ,       16 , 	)
 125 	 (   0 ,    0.000 , 1440.000 ,        0 ,  911.929 ,  911.929 ,    0.000 ,  911.929 ,  911.929 ,    0.000 ,  528.071 ,    0.000 ,    0.000 ,       17 , 	)
