9
	VALUE ALL : ( Cost : 3218.855 , TRT : 3332.601 , TWT : 626.409 , TD : 4598.947 )
	VIOLATIONS TOTAL : ( VC :       0 , VTW :   0.000 , VTD :   0.000 , VTRT :   0.000 )
 	COUT_ALL : (   0.002 )  T2B:   12601

	12 sommets 
	values : ( Cost : 232.036 , TRT : 440.027 , TWT : 239.564 , TD : 265.011 )
	violations : ( VC :       0 , VTW :   0.000 , VTD :   0.000 , VTRT :   0.000 )
	cout global : (   0.000	 )
S(i)	 (   C ,     TW0 ,       TW1 ,       VTW ,       Min ,       A ,       W ,       B ,       D ,       L ,       F ,       E ,       Det ,       [Imp ,       Imp]	)
   0 	 (   0 ,    0.000 , 1440.000 ,        0 ,    0.000 ,  349.719 ,    0.000 ,  349.719 ,  349.719 ,    0.000 ,    0.000 ,  349.719 ,    0.000 ,        0 , 	)
   1 	 (   2 ,  265.000 ,  470.835 ,        0 ,    3.711 ,  353.429 ,    0.000 ,  353.429 ,  355.429 ,    0.000 ,    0.000 ,   88.429 ,    0.466 ,        1 , 	)
  55 	 (   5 ,  240.000 ,  480.000 ,        0 ,  306.471 ,  394.901 ,    0.000 ,  394.901 ,  397.901 ,    0.000 ,    0.000 ,   88.429 ,   -2.156 ,        2 , 	)
  64 	 (   3 ,  404.000 ,  524.000 ,        0 ,  319.010 ,  407.439 ,    0.000 ,  407.439 ,  409.439 ,   52.010 ,    0.000 ,    3.439 ,    4.986 ,        3 , 	)
  52 	 (   4 ,  240.000 ,  420.000 ,        0 ,  416.561 ,  420.000 ,    0.000 ,  420.000 ,  421.000 ,    0.000 ,    0.000 ,    3.439 ,   10.168 ,        4 , 	)
   3 	 (   8 ,  240.000 ,  480.000 ,        0 ,  430.080 ,  433.520 ,   15.283 ,  448.803 ,  452.803 ,    0.000 ,    0.000 ,   18.723 ,    5.208 ,        5 , 	)
 115 	 (   7 ,  255.509 ,  460.000 ,        0 ,  441.277 ,  460.000 ,    0.000 ,  460.000 ,  461.000 ,   39.000 ,    0.000 ,   18.723 ,    2.298 ,        6 , 	)
  66 	 (   3 ,  292.000 ,  532.000 ,        0 ,  462.063 ,  480.786 ,    0.000 ,  480.786 ,  484.786 ,   27.983 ,    7.223 ,   18.723 ,   17.949 ,        7 , 	)
 118 	 (   0 ,  324.000 ,  564.000 ,        0 ,  480.955 ,  499.677 ,    0.000 ,  499.677 ,  502.677 ,  101.777 ,    7.223 ,   18.723 ,    5.349 ,        8 , 	)
  22 	 (   3 ,  720.000 ,  900.000 ,        0 ,  489.756 ,  508.478 ,  224.280 ,  732.759 ,  735.759 ,    0.000 ,  167.241 ,   12.759 ,    1.255 ,        9 , 	)
  85 	 (   0 ,  780.000 , 1020.000 ,        0 ,  767.241 ,  780.000 ,    0.000 ,  780.000 ,  783.000 ,   44.241 ,   73.759 ,    0.000 ,    7.663 ,       10 , 	)
 127 	 (   0 ,    0.000 , 1440.000 ,        0 ,  789.746 ,  789.746 ,    0.000 ,  789.746 ,  789.746 ,    0.000 ,  650.254 ,    0.000 ,    0.000 ,       11 , 	)

	12 sommets 
	values : ( Cost : 297.311 , TRT : 245.542 , TWT :   0.000 , TD : 267.223 )
	violations : ( VC :       0 , VTW :   0.000 , VTD :   0.000 , VTRT :   0.000 )
	cout global : (   0.000	 )
S(i)	 (   C ,     TW0 ,       TW1 ,       VTW ,       Min ,       A ,       W ,       B ,       D ,       L ,       F ,       E ,       Det ,       [Imp ,       Imp]	)
   0 	 (   0 ,    0.000 , 1440.000 ,        0 ,    0.000 ,  233.002 ,    0.000 ,  233.002 ,  233.002 ,    0.000 ,   72.934 ,  233.002 ,    0.000 ,        0 , 	)
  24 	 (   1 ,  240.000 ,  420.000 ,        0 ,   46.820 ,  279.823 ,    0.000 ,  279.823 ,  280.823 ,    0.000 ,   72.934 ,   39.823 ,   20.953 ,        1 , 	)
  14 	 (   4 ,  240.000 ,  480.000 ,        0 ,  264.334 ,  304.156 ,    0.000 ,  304.156 ,  307.156 ,    0.000 ,    4.085 ,   39.823 ,   13.094 ,        2 , 	)
  50 	 (   7 ,  300.000 ,  480.000 ,        0 ,  280.588 ,  320.411 ,    0.000 ,  320.411 ,  323.411 ,    0.000 ,    4.085 ,   20.411 ,    0.705 ,        3 , 	)
  87 	 (   6 ,  261.731 ,  477.000 ,        0 ,  312.327 ,  332.738 ,    0.000 ,  332.738 ,  333.738 ,   51.915 ,    4.085 ,   20.411 ,   -0.007 ,        4 , 	)
  77 	 (   3 ,  348.000 ,  588.000 ,        0 ,  327.589 ,  348.000 ,    0.000 ,  348.000 ,  351.000 ,   40.844 ,   29.521 ,    0.000 ,   -1.012 ,        5 , 	)
  10 	 (   5 ,  264.000 ,  457.271 ,        0 ,  360.857 ,  360.857 ,    0.000 ,  360.857 ,  362.857 ,    0.000 ,   29.521 ,    0.000 ,    9.462 ,        6 , 	)
  73 	 (   3 ,  287.000 ,  467.000 ,        0 ,  370.586 ,  370.586 ,    0.000 ,  370.586 ,  372.586 ,    7.729 ,   13.271 ,    0.000 ,    0.492 ,        7 , 	)
  23 	 (   5 ,  300.000 ,  480.000 ,        0 ,  407.066 ,  407.066 ,    0.000 ,  407.066 ,  409.066 ,    0.000 ,   29.521 ,    0.000 ,   33.160 ,        8 , 	)
 113 	 (   2 ,  379.000 ,  619.000 ,        0 ,  436.889 ,  436.889 ,    0.000 ,  436.889 ,  439.889 ,  113.479 ,   29.521 ,    0.000 ,    1.018 ,        9 , 	)
  86 	 (   0 ,  402.000 ,  642.000 ,        0 ,  462.323 ,  462.323 ,    0.000 ,  462.323 ,  464.323 ,   53.257 ,  143.743 ,    0.000 ,   12.134 ,       10 , 	)
 127 	 (   0 ,    0.000 , 1440.000 ,        0 ,  478.544 ,  478.544 ,    0.000 ,  478.544 ,  478.544 ,    0.000 ,  961.456 ,    0.000 ,    0.000 ,       11 , 	)

	14 sommets 
	values : ( Cost : 299.905 , TRT : 253.492 , TWT :   0.000 , TD : 292.710 )
	violations : ( VC :       0 , VTW :   0.000 , VTD :   0.000 , VTRT :   0.000 )
	cout global : (   0.000	 )
S(i)	 (   C ,     TW0 ,       TW1 ,       VTW ,       Min ,       A ,       W ,       B ,       D ,       L ,       F ,       E ,       Det ,       [Imp ,       Imp]	)
   0 	 (   0 ,    0.000 , 1440.000 ,        0 ,    0.000 ,  818.535 ,    0.000 ,  818.535 ,  818.535 ,    0.000 ,    8.889 ,  818.535 ,    0.000 ,        0 , 	)
  63 	 (   1 ,  735.000 ,  953.383 ,        0 ,    3.711 ,  822.245 ,    0.000 ,  822.245 ,  823.245 ,    0.000 ,    8.889 ,   87.245 ,    5.868 ,        1 , 	)
  19 	 (   4 ,  781.000 ,  960.000 ,        0 ,  762.940 ,  850.185 ,    0.000 ,  850.185 ,  853.185 ,    0.000 ,    8.889 ,   69.185 ,   10.886 ,        2 , 	)
 126 	 (   3 ,  867.000 ,  987.000 ,        0 ,  800.562 ,  869.747 ,    0.000 ,  869.747 ,  870.747 ,   46.502 ,    8.889 ,    2.747 ,   10.870 ,        3 , 	)
  43 	 (   5 ,  720.000 ,  900.000 ,        0 ,  879.844 ,  882.591 ,    0.000 ,  882.591 ,  884.591 ,    0.000 ,    8.889 ,    2.747 ,    2.705 ,        4 , 	)
  40 	 (   8 ,  720.000 ,  900.000 ,        0 ,  888.363 ,  891.111 ,    0.000 ,  891.111 ,  894.111 ,    0.000 ,    8.889 ,    2.747 ,   -1.381 ,        5 , 	)
  82 	 (   5 ,  895.000 , 1015.000 ,        0 ,  920.155 ,  922.902 ,    0.000 ,  922.902 ,  925.902 ,   69.717 ,   41.283 ,    2.747 ,   -7.863 ,        6 , 	)
 103 	 (   2 ,  821.000 , 1001.000 ,        0 ,  935.925 ,  938.672 ,    0.000 ,  938.672 ,  941.672 ,   44.562 ,   52.047 ,    2.747 ,   17.361 ,        7 , 	)
 106 	 (   0 ,  788.000 , 1028.000 ,        0 ,  958.796 ,  961.544 ,    0.000 ,  961.544 ,  963.544 ,   76.953 ,   52.047 ,    2.747 ,    7.643 ,        8 , 	)
  27 	 (   3 ,  960.000 , 1140.000 ,        0 ,  977.137 ,  979.884 ,    0.000 ,  979.884 ,  982.884 ,    0.000 ,  160.116 ,    2.747 ,    2.968 ,        9 , 	)
  90 	 (   0 , 1013.000 , 1253.000 ,        0 , 1010.253 , 1013.000 ,    0.000 , 1013.000 , 1016.000 ,   30.116 ,   90.884 ,    0.000 ,    0.783 ,       10 , 	)
  18 	 (   2 ,  972.000 , 1194.140 ,        0 , 1027.165 , 1027.165 ,    0.000 , 1027.165 , 1029.165 ,    0.000 ,  166.974 ,    0.000 ,   21.514 ,       11 , 	)
  81 	 (   0 , 1041.000 , 1221.000 ,        0 , 1054.026 , 1054.026 ,    0.000 , 1054.026 , 1056.026 ,   24.860 ,   42.140 ,    0.000 ,    0.647 ,       12 , 	)
 127 	 (   0 ,    0.000 , 1440.000 ,        0 , 1072.027 , 1072.027 ,    0.000 , 1072.027 , 1072.027 ,    0.000 ,  367.973 ,    0.000 ,    0.000 ,       13 , 	)

	22 sommets 
	values : ( Cost : 416.730 , TRT : 470.080 , TWT : 116.749 , TD : 710.300 )
	violations : ( VC :       0 , VTW :   0.000 , VTD :   0.000 , VTRT :   0.000 )
	cout global : (   0.000	 )
S(i)	 (   C ,     TW0 ,       TW1 ,       VTW ,       Min ,       A ,       W ,       B ,       D ,       L ,       F ,       E ,       Det ,       [Imp ,       Imp]	)
   0 	 (   0 ,    0.000 , 1440.000 ,        0 ,    0.000 ,  411.479 ,    0.000 ,  411.479 ,  411.479 ,    0.000 ,    0.000 ,  411.479 ,    0.000 ,        0 , 	)
  39 	 (   4 ,  240.000 ,  480.000 ,        0 ,   35.415 ,  446.894 ,    0.000 ,  446.894 ,  450.894 ,    0.000 ,    0.000 ,  206.894 ,   12.553 ,        1 , 	)
  42 	 (   6 ,  312.000 ,  473.428 ,        0 ,  265.302 ,  472.196 ,    0.000 ,  472.196 ,  474.196 ,    0.000 ,    0.000 ,  160.196 ,   10.870 ,        2 , 	)
  53 	 (   7 ,  480.000 ,  720.000 ,        0 ,  323.460 ,  483.656 ,    0.000 ,  483.656 ,  484.656 ,    0.000 ,    0.000 ,    3.656 ,    0.232 ,        3 , 	)
 105 	 (   5 ,  380.000 ,  500.000 ,        0 ,  496.344 ,  500.000 ,    0.000 ,  500.000 ,  502.000 ,   25.804 ,    0.000 ,    3.656 ,    1.818 ,        4 , 	)
  59 	 (   6 ,  480.000 ,  720.000 ,        0 ,  506.959 ,  510.615 ,   62.279 ,  572.894 ,  573.894 ,    0.000 ,    0.000 ,   65.935 ,    0.000 ,        5 , 	)
 102 	 (   2 ,  335.000 ,  575.000 ,        0 ,  507.959 ,  573.894 ,    0.000 ,  573.894 ,  577.894 ,  123.000 ,    0.000 ,   65.935 ,    0.000 ,        6 , 	)
  13 	 (   6 ,  499.000 ,  703.421 ,        0 ,  541.021 ,  606.956 ,   34.004 ,  640.960 ,  644.960 ,    0.000 ,    0.000 ,   99.939 ,    1.602 ,        7 , 	)
 122 	 (   5 ,  547.000 ,  787.000 ,        0 ,  550.680 ,  650.620 ,    0.000 ,  650.620 ,  651.620 ,   76.726 ,    0.000 ,   99.939 ,    4.474 ,        8 , 	)
  76 	 (   1 ,  542.000 ,  722.000 ,        0 ,  565.074 ,  665.013 ,    0.000 ,  665.013 ,  669.013 ,   20.053 ,    0.000 ,   99.939 ,   18.408 ,        9 , 	)
 116 	 (   0 ,  607.000 ,  847.000 ,        0 ,  588.717 ,  688.656 ,    0.000 ,  688.656 ,  689.656 ,  204.000 ,    0.000 ,   81.656 ,    0.816 ,       10 , 	)
   9 	 (   1 ,  480.000 ,  720.000 ,        0 ,  612.450 ,  694.106 ,   20.466 ,  714.572 ,  715.572 ,    0.000 ,    5.428 ,  102.123 ,    4.426 ,       11 , 	)
  45 	 (   2 ,  720.000 ,  900.000 ,        0 ,  631.981 ,  734.104 ,    0.000 ,  734.104 ,  735.104 ,    0.000 ,   74.570 ,   14.104 ,    1.552 ,       12 , 	)
   6 	 (   3 ,  720.000 ,  960.000 ,        0 ,  732.407 ,  746.511 ,    0.000 ,  746.511 ,  747.511 ,    0.000 ,    0.832 ,   14.104 ,    0.706 ,       13 , 	)
  28 	 (   4 ,  720.000 ,  960.000 ,        0 ,  736.738 ,  750.842 ,    0.000 ,  750.842 ,  751.842 ,    0.000 ,    0.832 ,   14.104 ,   -0.873 ,       14 , 	)
  69 	 (   3 ,  757.000 ,  997.000 ,        0 ,  751.941 ,  766.045 ,    0.000 ,  766.045 ,  767.045 ,   18.535 ,    0.832 ,    9.045 ,    2.363 ,       15 , 	)
  60 	 (   7 ,  780.000 ,  960.000 ,        0 ,  773.385 ,  782.430 ,    0.000 ,  782.430 ,  786.430 ,    0.000 ,    0.832 ,    2.430 ,    0.000 ,       16 , 	)
  91 	 (   6 ,  775.000 , 1015.000 ,        0 ,  784.000 ,  786.430 ,    0.000 ,  786.430 ,  787.430 ,   34.588 ,    0.832 ,    2.430 ,    0.000 ,       17 , 	)
  72 	 (   5 ,  622.000 ,  862.000 ,        0 ,  785.000 ,  787.430 ,    0.000 ,  787.430 ,  788.430 ,   71.858 ,    0.832 ,    2.430 ,    0.000 ,       18 , 	)
 108 	 (   4 ,  787.000 ,  967.000 ,        0 ,  821.841 ,  824.271 ,    0.000 ,  824.271 ,  825.271 ,   89.168 ,    0.832 ,    2.430 ,    3.470 ,       19 , 	)
 123 	 (   0 ,  833.000 , 1071.000 ,        0 ,  830.570 ,  833.000 ,    0.000 ,  833.000 ,  837.000 ,   46.570 ,   60.430 ,    0.000 ,    1.186 ,       20 , 	)
 127 	 (   0 ,    0.000 , 1440.000 ,        0 ,  881.559 ,  881.559 ,    0.000 ,  881.559 ,  881.559 ,    0.000 ,  558.441 ,    0.000 ,    0.000 ,       21 , 	)

	12 sommets 
	values : ( Cost : 186.235 , TRT : 162.026 , TWT :   0.000 , TD : 277.217 )
	violations : ( VC :       0 , VTW :   0.000 , VTD :   0.000 , VTRT :   0.000 )
	cout global : (   0.000	 )
S(i)	 (   C ,     TW0 ,       TW1 ,       VTW ,       Min ,       A ,       W ,       B ,       D ,       L ,       F ,       E ,       Det ,       [Imp ,       Imp]	)
   0 	 (   0 ,    0.000 , 1440.000 ,        0 ,    0.000 ,  296.338 ,    0.000 ,  296.338 ,  296.338 ,    0.000 ,   31.941 ,  296.338 ,    0.000 ,        0 , 	)
  30 	 (   1 ,  300.000 ,  480.000 ,        0 ,   19.354 ,  315.692 ,    0.000 ,  315.692 ,  316.692 ,    0.000 ,   31.941 ,   15.692 ,   -4.737 ,        1 , 	)
   2 	 (   2 ,  240.000 ,  480.000 ,        0 ,  316.476 ,  332.168 ,    0.000 ,  332.168 ,  333.168 ,    0.000 ,    8.415 ,   15.692 ,   -7.405 ,        2 , 	)
  11 	 (   4 ,  240.000 ,  420.000 ,        0 ,  335.230 ,  350.923 ,    0.000 ,  350.923 ,  352.923 ,    0.000 ,    8.415 ,   15.692 ,    2.402 ,        3 , 	)
  25 	 (   8 ,  300.000 ,  480.000 ,        0 ,  344.686 ,  360.378 ,    0.000 ,  360.378 ,  364.378 ,    0.000 ,    8.415 ,   15.692 ,    4.101 ,        4 , 	)
  93 	 (   7 ,  349.000 ,  529.000 ,        0 ,  358.585 ,  374.277 ,    0.000 ,  374.277 ,  375.277 ,   57.585 ,    8.415 ,   15.692 ,    6.019 ,        5 , 	)
  74 	 (   5 ,  269.080 ,  495.000 ,        0 ,  374.123 ,  389.815 ,    0.000 ,  389.815 ,  391.815 ,   36.892 ,   31.941 ,   15.692 ,    7.949 ,        6 , 	)
  44 	 (   8 ,  293.000 ,  428.714 ,        0 ,  381.080 ,  396.772 ,    0.000 ,  396.772 ,  399.772 ,    0.000 ,   31.941 ,   15.692 ,    4.327 ,        7 , 	)
 107 	 (   5 ,  321.000 ,  441.000 ,        0 ,  393.366 ,  409.059 ,    0.000 ,  409.059 ,  412.059 ,    9.286 ,   15.714 ,   15.692 ,    1.556 ,        8 , 	)
  65 	 (   4 ,  342.000 ,  582.000 ,        0 ,  419.308 ,  435.000 ,    0.000 ,  435.000 ,  436.000 ,  101.832 ,   34.168 ,   15.692 ,    0.000 ,        9 , 	)
  88 	 (   0 ,  436.000 ,  556.000 ,        0 ,  420.308 ,  436.000 ,    0.000 ,  436.000 ,  440.000 ,   71.622 ,   65.378 ,    0.000 ,    0.000 ,       10 , 	)
 127 	 (   0 ,    0.000 , 1440.000 ,        0 ,  458.365 ,  458.365 ,    0.000 ,  458.365 ,  458.365 ,    0.000 ,  981.635 ,    0.000 ,    0.000 ,       11 , 	)

	22 sommets 
	values : ( Cost : 507.262 , TRT : 454.639 , TWT :  31.239 , TD : 908.194 )
	violations : ( VC :       0 , VTW :   0.000 , VTD :   0.000 , VTRT :   0.000 )
	cout global : (   0.000	 )
S(i)	 (   C ,     TW0 ,       TW1 ,       VTW ,       Min ,       A ,       W ,       B ,       D ,       L ,       F ,       E ,       Det ,       [Imp ,       Imp]	)
   0 	 (   0 ,    0.000 , 1440.000 ,        0 ,    0.000 ,  246.627 ,    0.000 ,  246.627 ,  246.627 ,    0.000 ,    0.000 ,  246.627 ,    0.000 ,        0 , 	)
  35 	 (   3 ,  240.000 ,  480.000 ,        0 ,   19.949 ,  266.576 ,    0.000 ,  266.576 ,  269.576 ,    0.000 ,    0.000 ,   26.576 ,   -6.055 ,        1 , 	)
  56 	 (   4 ,  240.000 ,  480.000 ,        0 ,  253.127 ,  279.703 ,    0.000 ,  279.703 ,  280.703 ,    0.000 ,    0.000 ,   26.576 ,   -2.400 ,        2 , 	)
  48 	 (   8 ,  240.000 ,  300.000 ,        0 ,  273.424 ,  300.000 ,    0.000 ,  300.000 ,  304.000 ,    0.000 ,   -0.000 ,   26.576 ,   17.381 ,        3 , 	)
  98 	 (   5 ,  379.000 ,  559.000 ,        0 ,  325.108 ,  351.684 ,   27.316 ,  379.000 ,  382.000 ,  109.424 ,    2.680 ,    0.000 ,  -13.295 ,        4 , 	)
 111 	 (   1 ,  329.295 ,  531.000 ,        0 ,  406.317 ,  406.317 ,    0.000 ,  406.317 ,  410.317 ,  102.317 ,    2.680 ,    0.000 ,    3.378 ,        5 , 	)
  15 	 (   2 ,  240.000 ,  420.000 ,        0 ,  417.320 ,  417.320 ,    2.680 ,  420.000 ,  421.000 ,    0.000 ,    0.000 ,    2.680 ,   10.628 ,        6 , 	)
  38 	 (   6 ,  300.000 ,  480.000 ,        0 ,  438.135 ,  440.816 ,    1.243 ,  442.059 ,  446.059 ,    0.000 ,   37.941 ,    3.923 ,   10.205 ,        7 , 	)
 101 	 (   2 ,  337.000 ,  517.000 ,        0 ,  458.783 ,  462.706 ,    0.000 ,  462.706 ,  466.706 ,   16.647 ,   28.353 ,    3.923 ,   23.475 ,        8 , 	)
 119 	 (   1 ,  405.000 ,  645.000 ,        0 ,  478.305 ,  482.228 ,    0.000 ,  482.228 ,  483.228 ,  201.525 ,   41.982 ,    3.923 ,    5.211 ,        9 , 	)
  20 	 (   2 ,  480.000 ,  720.000 ,        0 ,  526.727 ,  530.650 ,    0.000 ,  530.650 ,  531.650 ,    0.000 ,   41.982 ,    3.923 ,    2.620 ,       10 , 	)
  33 	 (   3 ,  480.000 ,  720.000 ,        0 ,  534.550 ,  538.474 ,    0.000 ,  538.474 ,  539.474 ,    0.000 ,    6.027 ,    3.923 ,   -0.247 ,       11 , 	)
  78 	 (   2 ,  412.000 ,  592.000 ,        0 ,  546.095 ,  550.018 ,    0.000 ,  550.018 ,  551.018 ,  129.018 ,    6.027 ,    3.923 ,   10.866 ,       12 , 	)
  32 	 (   3 ,  480.000 ,  660.000 ,        0 ,  558.824 ,  562.747 ,    0.000 ,  562.747 ,  563.747 ,    0.000 ,    6.027 ,    3.923 ,    3.174 ,       13 , 	)
  95 	 (   2 ,  492.347 ,  692.000 ,        0 ,  571.171 ,  575.095 ,    0.000 ,  575.095 ,  576.095 ,   11.347 ,    6.027 ,    3.923 ,    1.326 ,       14 , 	)
  29 	 (   6 ,  480.000 ,  660.000 ,        0 ,  579.413 ,  583.336 ,    0.000 ,  583.336 ,  587.336 ,    0.000 ,    6.027 ,    3.923 ,    6.389 ,       15 , 	)
  26 	 (   7 ,  480.000 ,  720.000 ,        0 ,  589.305 ,  593.228 ,    0.000 ,  593.228 ,  594.228 ,    0.000 ,    6.027 ,    3.923 ,    3.329 ,       16 , 	)
  83 	 (   6 ,  559.000 ,  799.000 ,        0 ,  616.700 ,  620.623 ,    0.000 ,  620.623 ,  621.623 ,   88.973 ,    6.027 ,    3.923 ,   -3.739 ,       17 , 	)
  92 	 (   2 ,  528.000 ,  764.000 ,        0 ,  626.929 ,  630.852 ,    0.000 ,  630.852 ,  634.852 ,   43.516 ,   17.345 ,    3.923 ,    0.247 ,       18 , 	)
  96 	 (   1 ,  613.000 ,  793.000 ,        0 ,  655.205 ,  659.129 ,    0.000 ,  659.129 ,  660.129 ,  119.655 ,   17.345 ,    3.923 ,   29.997 ,       19 , 	)
  89 	 (   0 ,  680.000 ,  800.000 ,        0 ,  676.077 ,  680.000 ,    0.000 ,  680.000 ,  681.000 ,   85.772 ,  120.000 ,    0.000 ,    9.091 ,       20 , 	)
 127 	 (   0 ,    0.000 , 1440.000 ,        0 ,  701.266 ,  701.266 ,    0.000 ,  701.266 ,  701.266 ,    0.000 ,  738.734 ,    0.000 ,    0.000 ,       21 , 	)

	14 sommets 
	values : ( Cost : 368.094 , TRT : 472.996 , TWT : 158.234 , TD : 622.369 )
	violations : ( VC :       0 , VTW :   0.000 , VTD :   0.000 , VTRT :   0.000 )
	cout global : (   0.000	 )
S(i)	 (   C ,     TW0 ,       TW1 ,       VTW ,       Min ,       A ,       W ,       B ,       D ,       L ,       F ,       E ,       Det ,       [Imp ,       Imp]	)
   0 	 (   0 ,    0.000 , 1440.000 ,        0 ,    0.000 ,  589.674 ,    0.000 ,  589.674 ,  589.674 ,    0.000 ,    0.000 ,  589.674 ,    0.000 ,        0 , 	)
  54 	 (   1 ,  480.000 ,  720.000 ,        0 ,   55.257 ,  644.931 ,    0.000 ,  644.931 ,  645.931 ,    0.000 ,    0.000 ,  164.931 ,   18.031 ,        1 , 	)
  41 	 (   4 ,  480.000 ,  660.000 ,        0 ,  495.069 ,  660.000 ,    0.000 ,  660.000 ,  663.000 ,    0.000 ,    0.000 ,  164.931 ,    0.827 ,        2 , 	)
  17 	 (   8 ,  540.000 ,  720.000 ,        0 ,  502.477 ,  667.408 ,   16.005 ,  683.414 ,  687.414 ,    0.000 ,    0.000 ,  143.414 ,    0.000 ,        3 , 	)
 104 	 (   5 ,  494.995 ,  695.000 ,        0 ,  551.586 ,  695.000 ,    0.000 ,  695.000 ,  698.000 ,   32.000 ,   -0.000 ,  143.414 ,   -8.918 ,        4 , 	)
  12 	 (   8 ,  720.000 ,  960.000 ,        0 ,  564.417 ,  707.830 ,   40.349 ,  748.179 ,  751.179 ,    0.000 ,    0.000 ,   28.179 ,   18.056 ,        5 , 	)
  80 	 (   4 ,  634.000 ,  814.000 ,        0 ,  781.235 ,  809.414 ,    0.000 ,  809.414 ,  813.414 ,  122.000 ,    0.000 ,   28.179 ,  -26.168 ,        6 , 	)
 117 	 (   3 ,  661.000 ,  841.000 ,        0 ,  799.278 ,  827.457 ,    0.000 ,  827.457 ,  828.457 ,  181.526 ,   13.543 ,   28.179 ,    0.000 ,        7 , 	)
  51 	 (   7 ,  720.000 ,  960.000 ,        0 ,  800.278 ,  828.457 ,  101.880 ,  930.337 ,  934.337 ,    0.000 ,   29.663 ,  130.059 ,    0.000 ,        8 , 	)
  75 	 (   4 ,  947.000 , 1127.000 ,        0 ,  816.941 ,  947.000 ,    0.000 ,  947.000 ,  950.000 ,  195.821 ,   30.985 ,    0.000 ,   10.579 ,        9 , 	)
 114 	 (   0 ,  845.000 , 1025.000 ,        0 ,  994.015 ,  994.015 ,    0.000 ,  994.015 ,  998.015 ,   59.678 ,   30.985 ,    0.000 ,    1.390 ,       10 , 	)
  47 	 (   4 ,  960.000 , 1200.000 ,        0 , 1013.932 , 1013.932 ,    0.000 , 1013.932 , 1017.932 ,    0.000 ,  186.068 ,    0.000 ,   21.662 ,       11 , 	)
 110 	 (   0 , 1026.000 , 1266.000 ,        0 , 1049.275 , 1049.275 ,    0.000 , 1049.275 , 1053.275 ,   31.344 ,   52.656 ,   -0.000 ,    9.293 ,       12 , 	)
 127 	 (   0 ,    0.000 , 1440.000 ,        0 , 1062.670 , 1062.670 ,    0.000 , 1062.670 , 1062.670 ,    0.000 ,  377.330 ,   -0.000 ,    0.000 ,       13 , 	)

	16 sommets 
	values : ( Cost : 399.687 , TRT : 356.442 , TWT :  31.926 , TD : 627.517 )
	violations : ( VC :       0 , VTW :   0.000 , VTD :   0.000 , VTRT :   0.000 )
	cout global : (   0.000	 )
S(i)	 (   C ,     TW0 ,       TW1 ,       VTW ,       Min ,       A ,       W ,       B ,       D ,       L ,       F ,       E ,       Det ,       [Imp ,       Imp]	)
   0 	 (   0 ,    0.000 , 1440.000 ,        0 ,    0.000 ,  793.212 ,    0.000 ,  793.212 ,  793.212 ,    0.000 ,    0.000 ,  793.212 ,    0.000 ,        0 , 	)
  57 	 (   1 ,  720.000 ,  840.000 ,        0 ,   46.788 ,  840.000 ,    0.000 ,  840.000 ,  841.000 ,    0.000 ,    0.000 ,  120.000 ,    0.000 ,        1 , 	)
  36 	 (   4 ,  720.000 ,  960.000 ,        0 ,  721.000 ,  841.000 ,   31.926 ,  872.926 ,  875.926 ,    0.000 ,   47.595 ,  151.926 ,    0.000 ,        2 , 	)
  49 	 (   8 ,  900.000 ,  960.000 ,        0 ,  748.074 ,  900.000 ,    0.000 ,  900.000 ,  904.000 ,    0.000 ,   47.595 ,    0.000 ,   37.512 ,        3 , 	)
  99 	 (   5 ,  878.000 , 1058.000 ,        0 ,  964.762 ,  964.762 ,    0.000 ,  964.762 ,  967.762 ,   88.836 ,   47.595 ,    0.000 ,   -0.796 ,        4 , 	)
  31 	 (   6 ,  960.000 , 1140.000 ,        0 ,  981.906 ,  981.906 ,    0.000 ,  981.906 ,  982.906 ,    0.000 ,   47.595 ,    0.000 ,    6.374 ,        5 , 	)
 120 	 (   5 ,  814.000 , 1047.000 ,        0 ,  999.405 ,  999.405 ,    0.000 ,  999.405 , 1000.405 ,  158.405 ,   34.474 ,    0.000 ,    7.353 ,        6 , 	)
  16 	 (   6 ,  967.000 , 1195.873 ,        0 , 1007.386 , 1007.386 ,    0.000 , 1007.386 , 1008.386 ,    0.000 ,   34.474 ,    0.000 ,    0.023 ,        7 , 	)
  94 	 (   5 , 1011.000 , 1191.000 ,        0 , 1016.432 , 1016.432 ,    0.000 , 1016.432 , 1017.432 ,   33.526 ,   30.581 ,    0.000 ,    8.483 ,        8 , 	)
   8 	 (   6 ,  960.000 , 1200.000 ,        0 , 1027.288 , 1027.288 ,    0.000 , 1027.288 , 1028.288 ,    0.000 ,   30.581 ,    0.000 ,   -0.927 ,        9 , 	)
  79 	 (   5 , 1033.000 , 1213.000 ,        0 , 1042.805 , 1042.805 ,    0.000 , 1042.805 , 1043.805 ,   34.419 ,   30.581 ,    0.000 ,    9.611 ,       10 , 	)
  46 	 (   6 ,  960.000 , 1200.000 ,        0 , 1052.341 , 1052.341 ,    0.000 , 1052.341 , 1053.341 ,    0.000 ,   44.998 ,    0.000 ,   -1.214 ,       11 , 	)
 112 	 (   2 ,  988.859 , 1190.000 ,        0 , 1065.881 , 1065.881 ,    0.000 , 1065.881 , 1069.881 ,  161.881 ,    5.552 ,    0.000 ,   17.737 ,       12 , 	)
 109 	 (   1 , 1005.000 , 1245.000 ,        0 , 1101.789 , 1101.789 ,    0.000 , 1101.789 , 1102.789 ,   48.448 ,    5.552 ,    0.000 ,   -2.942 ,       13 , 	)
  71 	 (   0 , 1070.000 , 1310.000 ,        0 , 1130.289 , 1130.289 ,    0.000 , 1130.289 , 1131.289 ,  102.002 ,   44.998 ,    0.000 ,   -5.236 ,       14 , 	)
 127 	 (   0 ,    0.000 , 1440.000 ,        0 , 1149.654 , 1149.654 ,    0.000 , 1149.654 , 1149.654 ,    0.000 ,  290.346 ,    0.000 ,    0.000 ,       15 , 	)

	20 sommets 
	values : ( Cost : 511.595 , TRT : 477.356 , TWT :  48.698 , TD : 628.406 )
	violations : ( VC :       0 , VTW :   0.000 , VTD :   0.000 , VTRT :   0.000 )
	cout global : (   0.000	 )
S(i)	 (   C ,     TW0 ,       TW1 ,       VTW ,       Min ,       A ,       W ,       B ,       D ,       L ,       F ,       E ,       Det ,       [Imp ,       Imp]	)
   0 	 (   0 ,    0.000 , 1440.000 ,        0 ,    0.000 ,  448.751 ,    0.000 ,  448.751 ,  448.751 ,    0.000 ,    0.000 ,  448.751 ,    0.000 ,        0 , 	)
   4 	 (   4 ,  251.000 ,  474.811 ,        0 ,   19.949 ,  468.700 ,    0.000 ,  468.700 ,  472.700 ,    0.000 ,    0.000 ,  217.700 ,    0.000 ,        1 , 	)
   5 	 (   7 ,  300.000 ,  480.000 ,        0 ,  255.000 ,  472.700 ,    0.000 ,  472.700 ,  475.700 ,    0.000 ,    0.000 ,  172.700 ,    0.000 ,        2 , 	)
  37 	 (   8 ,  240.000 ,  480.000 ,        0 ,  306.375 ,  479.075 ,    0.000 ,  479.075 ,  480.075 ,    0.000 ,    0.000 ,  172.700 ,    2.111 ,        3 , 	)
  67 	 (   4 ,  325.000 ,  505.000 ,        0 ,  332.300 ,  505.000 ,    0.000 ,  505.000 ,  509.000 ,   32.300 ,    0.000 ,  172.700 ,   -0.931 ,        4 , 	)
  34 	 (   5 ,  480.000 ,  720.000 ,        0 ,  371.338 ,  544.038 ,   38.471 ,  582.508 ,  583.508 ,    0.000 ,    0.000 ,  102.508 ,   10.637 ,        5 , 	)
 100 	 (   4 ,  386.000 ,  626.000 ,        0 ,  505.074 ,  607.583 ,    0.000 ,  607.583 ,  608.583 ,  127.508 ,    0.000 ,  102.508 ,    5.943 ,        6 , 	)
  97 	 (   3 ,  569.000 ,  809.000 ,        0 ,  532.332 ,  634.841 ,    0.000 ,  634.841 ,  635.841 ,   51.332 ,    0.000 ,   65.841 ,   -2.338 ,        7 , 	)
  68 	 (   0 ,  462.000 ,  642.000 ,        0 ,  576.159 ,  642.000 ,    0.000 ,  642.000 ,  645.000 ,  166.300 ,    0.000 ,   65.841 ,    3.356 ,        8 , 	)
  21 	 (   1 ,  480.000 ,  720.000 ,        0 ,  605.206 ,  671.047 ,   10.227 ,  681.274 ,  682.274 ,    0.000 ,   38.726 ,   76.068 ,   32.939 ,        9 , 	)
  61 	 (   5 ,  720.000 ,  960.000 ,        0 ,  670.677 ,  746.744 ,    0.000 ,  746.744 ,  750.744 ,    0.000 ,   51.938 ,   26.744 ,    6.116 ,       10 , 	)
 124 	 (   1 ,  778.000 , 1018.000 ,        0 ,  751.256 ,  778.000 ,    0.000 ,  778.000 ,  782.000 ,   27.256 ,   45.744 ,    0.000 ,    5.379 ,       11 , 	)
  58 	 (   2 ,  720.000 ,  960.000 ,        0 ,  785.689 ,  785.689 ,    0.000 ,  785.689 ,  786.689 ,    0.000 ,   51.938 ,    0.000 ,   -0.001 ,       12 , 	)
  84 	 (   1 ,  624.000 ,  864.000 ,        0 ,  812.062 ,  812.062 ,    0.000 ,  812.062 ,  813.062 ,  129.788 ,   29.595 ,    0.000 ,   15.118 ,       13 , 	)
 121 	 (   0 ,  775.000 , 1015.000 ,        0 ,  830.095 ,  830.095 ,    0.000 ,  830.095 ,  831.095 ,   43.405 ,   29.595 ,    0.000 ,    8.861 ,       14 , 	)
   7 	 (   4 ,  761.000 ,  926.020 ,        0 ,  846.839 ,  846.839 ,    0.000 ,  846.839 ,  850.839 ,    0.000 ,   61.353 ,    0.000 ,   -2.693 ,       15 , 	)
  70 	 (   0 ,  837.000 ,  957.000 ,        0 ,  877.820 ,  877.820 ,    0.000 ,  877.820 ,  881.820 ,   26.980 ,   45.020 ,    0.000 ,   12.823 ,       16 , 	)
  62 	 (   3 ,  733.000 ,  952.463 ,        0 ,  891.111 ,  891.111 ,    0.000 ,  891.111 ,  894.111 ,    0.000 ,   61.353 ,    0.000 ,  -10.962 ,       17 , 	)
 125 	 (   0 ,  799.000 ,  979.000 ,        0 ,  917.647 ,  917.647 ,    0.000 ,  917.647 ,  920.647 ,   23.537 ,   39.463 ,    0.000 ,    2.600 ,       18 , 	)
 127 	 (   0 ,    0.000 , 1440.000 ,        0 ,  926.107 ,  926.107 ,    0.000 ,  926.107 ,  926.107 ,    0.000 ,  513.893 ,    0.000 ,    0.000 ,       19 , 	)
