11
	VALUE ALL : ( Cost : 3827.626 , TRT : 3439.902 , TWT : 179.987 , TD : 5547.143 )
	VIOLATIONS TOTAL : ( VC :       0 , VTW :   0.000 , VTD :   0.000 , VTRT :   0.000 )
 	COUT_ALL : (   0.003 )  T2B:    5400

	14 sommets 
	values : ( Cost : 378.167 , TRT : 346.020 , TWT :  29.683 , TD : 476.434 )
	violations : ( VC :       0 , VTW :   0.000 , VTD :   0.000 , VTRT :   0.000 )
	cout global : (   0.000	 )
S(i)	 (   C ,     TW0 ,       TW1 ,       VTW ,       Min ,       A ,       W ,       B ,       D ,       L ,       F ,       E ,       Det ,       [Imp ,       Imp]	)
   0 	 (   0 ,    0.000 , 1440.000 ,        0 ,    0.000 ,  258.958 ,    0.000 ,  258.958 ,  258.958 ,    0.000 ,    0.000 ,  258.958 ,    0.000 ,        0 , 	)
  60 	 (   4 ,  240.000 ,  360.000 ,        0 ,   29.745 ,  288.703 ,    0.000 ,  288.703 ,  292.703 ,    0.000 ,    0.000 ,   48.703 ,   11.308 ,        1 , 	)
  23 	 (   6 ,  300.000 ,  480.000 ,        0 ,  266.632 ,  315.335 ,    0.000 ,  315.335 ,  317.335 ,    0.000 ,    0.000 ,   15.335 ,   23.606 ,        2 , 	)
 143 	 (   2 ,  267.489 ,  427.000 ,        0 ,  326.463 ,  341.798 ,    0.000 ,  341.798 ,  345.798 ,   49.095 ,    0.000 ,   15.335 ,    0.783 ,        3 , 	)
  20 	 (   4 ,  300.000 ,  480.000 ,        0 ,  336.216 ,  351.551 ,    0.000 ,  351.551 ,  353.551 ,    0.000 ,    0.000 ,   15.335 ,   10.187 ,        4 , 	)
  61 	 (   7 ,  240.000 ,  480.000 ,        0 ,  356.008 ,  371.344 ,    0.000 ,  371.344 ,  374.344 ,    0.000 ,    0.000 ,   15.335 ,    6.942 ,        5 , 	)
 144 	 (   4 ,  322.000 ,  562.000 ,        0 ,  399.021 ,  414.356 ,    0.000 ,  414.356 ,  417.356 ,   40.013 ,    0.000 ,   15.335 ,   29.865 ,        6 , 	)
 106 	 (   2 ,  420.000 ,  660.000 ,        0 ,  438.726 ,  454.062 ,    0.000 ,  454.062 ,  456.062 ,  136.726 ,    0.000 ,   15.335 ,   19.941 ,        7 , 	)
  51 	 (   5 ,  300.000 ,  480.000 ,        0 ,  464.665 ,  480.000 ,    0.000 ,  480.000 ,  483.000 ,    0.000 ,    0.000 ,   15.335 ,    0.000 ,        8 , 	)
 103 	 (   3 ,  424.000 ,  604.000 ,        0 ,  467.665 ,  483.000 ,    0.000 ,  483.000 ,  485.000 ,  129.449 ,   34.551 ,   15.335 ,    0.000 ,        9 , 	)
  73 	 (   5 ,  480.000 ,  720.000 ,        0 ,  500.984 ,  516.320 ,   29.683 ,  546.003 ,  548.003 ,    0.000 ,   41.847 ,   45.019 ,    2.235 ,       10 , 	)
 134 	 (   2 ,  370.000 ,  610.000 ,        0 ,  523.135 ,  568.153 ,    0.000 ,  568.153 ,  571.153 ,   85.153 ,   41.847 ,   45.019 ,    2.015 ,       11 , 	)
 156 	 (   0 ,  584.000 ,  824.000 ,        0 ,  538.981 ,  584.000 ,    0.000 ,  584.000 ,  586.000 ,   35.997 ,  129.003 ,    0.000 ,   14.856 ,       12 , 	)
 167 	 (   0 ,    0.000 , 1440.000 ,        0 ,  604.977 ,  604.977 ,    0.000 ,  604.977 ,  604.977 ,    0.000 ,  835.023 ,    0.000 ,    0.000 ,       13 , 	)

	16 sommets 
	values : ( Cost : 293.774 , TRT : 240.883 , TWT :   0.000 , TD : 499.026 )
	violations : ( VC :       0 , VTW :   0.000 , VTD :   0.000 , VTRT :   0.000 )
	cout global : (   0.000	 )
S(i)	 (   C ,     TW0 ,       TW1 ,       VTW ,       Min ,       A ,       W ,       B ,       D ,       L ,       F ,       E ,       Det ,       [Imp ,       Imp]	)
   0 	 (   0 ,    0.000 , 1440.000 ,        0 ,    0.000 ,  775.238 ,    0.000 ,  775.238 ,  775.238 ,    0.000 ,   14.968 ,  775.238 ,    0.000 ,        0 , 	)
  15 	 (   1 ,  720.000 ,  900.000 ,        0 ,   11.267 ,  786.505 ,    0.000 ,  786.505 ,  787.505 ,    0.000 ,   14.968 ,   66.505 ,   19.025 ,        1 , 	)
  14 	 (   3 ,  720.000 ,  960.000 ,        0 ,  736.734 ,  803.239 ,    0.000 ,  803.239 ,  805.239 ,    0.000 ,   14.968 ,   66.505 ,    1.169 ,        2 , 	)
  98 	 (   2 ,  744.320 ,  964.000 ,        0 ,  747.489 ,  813.994 ,    0.000 ,  813.994 ,  814.994 ,   26.489 ,   14.968 ,   66.505 ,    0.000 ,        3 , 	)
  78 	 (   3 ,  780.000 ,  960.000 ,        0 ,  748.489 ,  814.994 ,    0.000 ,  814.994 ,  815.994 ,    0.000 ,   14.968 ,   34.994 ,    0.000 ,        4 , 	)
  34 	 (   5 ,  731.000 ,  954.814 ,        0 ,  791.215 ,  826.209 ,    0.000 ,  826.209 ,  828.209 ,    0.000 ,   14.968 ,   34.994 ,   -2.772 ,        5 , 	)
  25 	 (   6 ,  725.000 ,  960.000 ,        0 ,  801.164 ,  836.158 ,    0.000 ,  836.158 ,  837.158 ,    0.000 ,   14.968 ,   34.994 ,    0.909 ,        6 , 	)
  24 	 (   7 ,  803.000 ,  953.218 ,        0 ,  818.725 ,  853.719 ,    0.000 ,  853.719 ,  854.719 ,    0.000 ,   14.968 ,   34.994 ,    8.327 ,        7 , 	)
 117 	 (   5 ,  803.000 ,  983.000 ,        0 ,  830.638 ,  865.632 ,    0.000 ,  865.632 ,  867.632 ,   37.423 ,   14.968 ,   34.994 ,   11.335 ,        8 , 	)
 161 	 (   4 ,  811.476 , 1043.000 ,        0 ,  840.520 ,  875.514 ,    0.000 ,  875.514 ,  876.514 ,   59.520 ,   14.968 ,   34.994 ,    0.920 ,        9 , 	)
  72 	 (   6 ,  720.000 ,  960.000 ,        0 ,  866.020 ,  901.014 ,    0.000 ,  901.014 ,  903.014 ,    0.000 ,   14.968 ,   34.994 ,    0.000 ,       10 , 	)
 108 	 (   5 ,  821.000 , 1001.000 ,        0 ,  868.020 ,  903.014 ,    0.000 ,  903.014 ,  904.014 ,   65.856 ,   14.968 ,   34.994 ,    0.000 ,       11 , 	)
  97 	 (   3 ,  839.000 , 1079.000 ,        0 ,  894.685 ,  929.679 ,    0.000 ,  929.679 ,  931.679 ,  124.440 ,   14.968 ,   34.994 ,   17.757 ,       12 , 	)
 107 	 (   2 ,  948.000 , 1008.000 ,        0 ,  913.006 ,  948.000 ,    0.000 ,  948.000 ,  949.000 ,   93.281 ,   14.968 ,    0.000 ,   14.874 ,       13 , 	)
 155 	 (   0 ,  830.000 , 1010.000 ,        0 ,  995.032 ,  995.032 ,    0.000 ,  995.032 ,  997.032 ,   92.018 ,   14.968 ,    0.000 ,   10.917 ,       14 , 	)
 167 	 (   0 ,    0.000 , 1440.000 ,        0 , 1016.121 , 1016.121 ,    0.000 , 1016.121 , 1016.121 ,    0.000 ,  423.879 ,    0.000 ,    0.000 ,       15 , 	)

	20 sommets 
	values : ( Cost : 295.756 , TRT : 252.373 , TWT :   0.000 , TD : 645.644 )
	violations : ( VC :       0 , VTW :   0.000 , VTD :   0.000 , VTRT :   0.000 )
	cout global : (   0.000	 )
S(i)	 (   C ,     TW0 ,       TW1 ,       VTW ,       Min ,       A ,       W ,       B ,       D ,       L ,       F ,       E ,       Det ,       [Imp ,       Imp]	)
   0 	 (   0 ,    0.000 , 1440.000 ,        0 ,    0.000 ,  281.812 ,    0.000 ,  281.812 ,  281.812 ,    0.000 ,    5.286 ,  281.812 ,    0.000 ,        0 , 	)
  30 	 (   4 ,  240.000 ,  480.000 ,        0 ,    7.976 ,  289.788 ,    0.000 ,  289.788 ,  293.788 ,    0.000 ,    5.286 ,   49.788 ,    2.490 ,        1 , 	)
   1 	 (   6 ,  240.000 ,  480.000 ,        0 ,  256.380 ,  306.168 ,    0.000 ,  306.168 ,  308.168 ,    0.000 ,    5.286 ,   49.788 ,    0.882 ,        2 , 	)
 113 	 (   2 ,  294.000 ,  534.000 ,        0 ,  272.383 ,  322.171 ,    0.000 ,  322.171 ,  326.171 ,   28.383 ,    5.286 ,   28.171 ,    0.259 ,        3 , 	)
  40 	 (   3 ,  240.000 ,  360.000 ,        0 ,  312.893 ,  341.064 ,    0.000 ,  341.064 ,  342.064 ,    0.000 ,    5.286 ,   28.171 ,    1.674 ,        4 , 	)
  84 	 (   1 ,  356.000 ,  596.000 ,        0 ,  327.829 ,  356.000 ,    0.000 ,  356.000 ,  358.000 ,   47.832 ,    5.286 ,    0.000 ,    9.195 ,        5 , 	)
   8 	 (   2 ,  303.000 ,  428.547 ,        0 ,  363.484 ,  363.484 ,    0.000 ,  363.484 ,  364.484 ,    0.000 ,    5.286 ,    0.000 ,    0.883 ,        6 , 	)
   4 	 (   4 ,  300.000 ,  480.000 ,        0 ,  375.555 ,  375.555 ,    0.000 ,  375.555 ,  377.555 ,    0.000 ,    5.286 ,    0.000 ,    7.448 ,        7 , 	)
  16 	 (   5 ,  263.000 ,  473.680 ,        0 ,  386.230 ,  386.230 ,    0.000 ,  386.230 ,  387.230 ,    0.000 ,    5.286 ,    0.000 ,    5.031 ,        8 , 	)
  36 	 (   7 ,  300.000 ,  420.000 ,        0 ,  393.879 ,  393.879 ,    0.000 ,  393.879 ,  395.879 ,    0.000 ,    5.286 ,    0.000 ,    3.242 ,        9 , 	)
 123 	 (   6 ,  273.556 ,  448.000 ,        0 ,  418.199 ,  418.199 ,    0.000 ,  418.199 ,  419.199 ,   76.135 ,    5.286 ,    0.000 ,    3.611 ,       10 , 	)
  91 	 (   5 ,  409.000 ,  469.000 ,        0 ,  437.447 ,  437.447 ,    0.000 ,  437.447 ,  438.447 ,   72.962 ,    5.286 ,    0.000 ,    1.615 ,       11 , 	)
  67 	 (   6 ,  240.000 ,  480.000 ,        0 ,  441.485 ,  441.485 ,    0.000 ,  441.485 ,  442.485 ,    0.000 ,    5.286 ,    0.000 ,    1.305 ,       12 , 	)
 119 	 (   4 ,  392.000 ,  512.000 ,        0 ,  453.751 ,  453.751 ,    0.000 ,  453.751 ,  455.751 ,   57.872 ,    5.286 ,    0.000 ,    5.206 ,       13 , 	)
  33 	 (   5 ,  300.000 ,  480.000 ,        0 ,  467.738 ,  467.738 ,    0.000 ,  467.738 ,  468.738 ,    0.000 ,    5.286 ,    0.000 ,   16.102 ,       14 , 	)
  87 	 (   3 ,  416.000 ,  596.000 ,        0 ,  497.704 ,  497.704 ,    0.000 ,  497.704 ,  499.704 ,  120.149 ,    5.286 ,    0.000 ,    1.737 ,       15 , 	)
 116 	 (   2 ,  330.338 ,  560.000 ,        0 ,  501.813 ,  501.813 ,    0.000 ,  501.813 ,  502.813 ,   33.075 ,    5.286 ,    0.000 ,    1.033 ,       16 , 	)
 150 	 (   1 ,  307.000 ,  547.000 ,        0 ,  515.236 ,  515.236 ,    0.000 ,  515.236 ,  516.236 ,   72.751 ,    5.286 ,    0.000 ,    5.606 ,       17 , 	)
  99 	 (   0 ,  409.000 ,  529.000 ,        0 ,  523.714 ,  523.714 ,    0.000 ,  523.714 ,  524.714 ,  136.484 ,    5.286 ,    0.000 ,   -1.488 ,       18 , 	)
 167 	 (   0 ,    0.000 , 1440.000 ,        0 ,  534.185 ,  534.185 ,    0.000 ,  534.185 ,  534.185 ,    0.000 ,  905.815 ,    0.000 ,    0.000 ,       19 , 	)

	22 sommets 
	values : ( Cost : 317.961 , TRT : 277.654 , TWT :   4.586 , TD : 571.545 )
	violations : ( VC :       0 , VTW :   0.000 , VTD :   0.000 , VTRT :   0.000 )
	cout global : (   0.000	 )
S(i)	 (   C ,     TW0 ,       TW1 ,       VTW ,       Min ,       A ,       W ,       B ,       D ,       L ,       F ,       E ,       Det ,       [Imp ,       Imp]	)
   0 	 (   0 ,    0.000 , 1440.000 ,        0 ,    0.000 ,  293.371 ,    0.000 ,  293.371 ,  293.371 ,    0.000 ,    0.000 ,  293.371 ,    0.000 ,        0 , 	)
  10 	 (   1 ,  240.000 ,  480.000 ,        0 ,    2.763 ,  296.135 ,    0.000 ,  296.135 ,  297.135 ,    0.000 ,    0.000 ,   56.135 ,    2.650 ,        1 , 	)
  77 	 (   2 ,  240.000 ,  480.000 ,        0 ,  248.949 ,  305.083 ,    0.000 ,  305.083 ,  306.083 ,    0.000 ,    0.000 ,   56.135 ,   -4.873 ,        2 , 	)
  63 	 (   3 ,  240.000 ,  420.000 ,        0 ,  256.870 ,  313.004 ,    0.000 ,  313.004 ,  314.004 ,    0.000 ,    0.000 ,   56.135 ,    9.269 ,        3 , 	)
  18 	 (   5 ,  300.000 ,  420.000 ,        0 ,  265.348 ,  321.483 ,    0.000 ,  321.483 ,  323.483 ,    0.000 ,    0.000 ,   21.483 ,    6.074 ,        4 , 	)
  93 	 (   4 ,  292.000 ,  532.000 ,        0 ,  316.058 ,  337.541 ,    0.000 ,  337.541 ,  338.541 ,   40.406 ,    0.000 ,   21.483 ,    5.583 ,        5 , 	)
 160 	 (   3 ,  288.000 ,  528.000 ,        0 ,  330.971 ,  352.453 ,    0.000 ,  352.453 ,  353.453 ,   46.370 ,    0.000 ,   21.483 ,    0.825 ,        6 , 	)
  80 	 (   4 ,  360.000 ,  480.000 ,        0 ,  341.032 ,  362.514 ,    0.000 ,  362.514 ,  363.514 ,    0.000 ,    0.000 ,    2.514 ,    3.874 ,        7 , 	)
 101 	 (   2 ,  319.816 ,  470.000 ,        0 ,  366.229 ,  368.743 ,    0.000 ,  368.743 ,  370.743 ,   45.260 ,    0.000 ,    2.514 ,    0.000 ,        8 , 	)
 146 	 (   1 ,  289.000 ,  469.000 ,        0 ,  368.229 ,  370.743 ,    0.000 ,  370.743 ,  371.743 ,   56.738 ,    0.000 ,    2.514 ,    0.000 ,        9 , 	)
  37 	 (   5 ,  264.000 ,  470.435 ,        0 ,  383.345 ,  385.859 ,    0.000 ,  385.859 ,  389.859 ,    0.000 ,    0.000 ,    2.514 ,   11.064 ,       10 , 	)
  46 	 (   7 ,  300.000 ,  480.000 ,        0 ,  400.808 ,  403.323 ,    0.000 ,  403.323 ,  405.323 ,    0.000 ,    0.000 ,    2.514 ,   -4.493 ,       11 , 	)
  64 	 (   8 ,  360.000 ,  480.000 ,        0 ,  411.428 ,  413.942 ,    0.000 ,  413.942 ,  414.942 ,    0.000 ,    0.000 ,    2.514 ,    0.229 ,       12 , 	)
 163 	 (   7 ,  388.848 ,  556.000 ,        0 ,  416.763 ,  419.277 ,    0.000 ,  419.277 ,  420.277 ,   55.763 ,    0.000 ,    2.514 ,    6.980 ,       13 , 	)
  47 	 (   8 ,  278.000 ,  450.424 ,        0 ,  426.674 ,  429.189 ,    0.000 ,  429.189 ,  430.189 ,    0.000 ,    0.000 ,    2.514 ,   -0.677 ,       14 , 	)
 129 	 (   6 ,  323.417 ,  539.000 ,        0 ,  442.394 ,  444.908 ,    0.000 ,  444.908 ,  446.908 ,   39.586 ,    0.000 ,    2.514 ,    7.650 ,       15 , 	)
 147 	 (   5 ,  385.850 ,  548.000 ,        0 ,  456.409 ,  458.923 ,    0.000 ,  458.923 ,  459.923 ,   43.981 ,    0.000 ,    2.514 ,   13.040 ,       16 , 	)
 130 	 (   4 ,  363.000 ,  483.000 ,        0 ,  480.486 ,  483.000 ,    0.000 ,  483.000 ,  484.000 ,   52.811 ,   -0.000 ,    2.514 ,   -0.277 ,       17 , 	)
   6 	 (   7 ,  480.000 ,  720.000 ,        0 ,  490.199 ,  492.714 ,    3.798 ,  496.511 ,  499.511 ,    0.000 ,    0.000 ,    6.312 ,   17.202 ,       18 , 	)
 120 	 (   3 ,  406.000 ,  526.000 ,        0 ,  519.688 ,  526.000 ,    0.000 ,  526.000 ,  530.000 ,  136.141 ,    0.000 ,    6.312 ,   13.904 ,       19 , 	)
  89 	 (   0 ,  554.000 ,  794.000 ,        0 ,  546.900 ,  553.212 ,    0.788 ,  554.000 ,  557.000 ,   54.489 ,   41.511 ,    0.000 ,    4.201 ,       20 , 	)
 167 	 (   0 ,    0.000 , 1440.000 ,        0 ,  571.026 ,  571.026 ,    0.000 ,  571.026 ,  571.026 ,    0.000 ,  868.974 ,    0.000 ,    0.000 ,       21 , 	)

	22 sommets 
	values : ( Cost : 388.821 , TRT : 410.065 , TWT :  71.719 , TD : 607.141 )
	violations : ( VC :       0 , VTW :   0.000 , VTD :   0.000 , VTRT :   0.000 )
	cout global : (   0.000	 )
S(i)	 (   C ,     TW0 ,       TW1 ,       VTW ,       Min ,       A ,       W ,       B ,       D ,       L ,       F ,       E ,       Det ,       [Imp ,       Imp]	)
   0 	 (   0 ,    0.000 , 1440.000 ,        0 ,    0.000 ,  714.301 ,    0.000 ,  714.301 ,  714.301 ,    0.000 ,    0.000 ,  714.301 ,    0.000 ,        0 , 	)
   7 	 (   3 ,  720.000 ,  900.000 ,        0 ,   14.522 ,  728.823 ,    0.000 ,  728.823 ,  731.823 ,    0.000 ,    0.000 ,    8.823 ,   14.847 ,        1 , 	)
  90 	 (   0 ,  749.697 ,  975.000 ,        0 ,  749.697 ,  758.520 ,    0.000 ,  758.520 ,  761.520 ,   26.697 ,    0.000 ,    8.823 ,   15.447 ,        2 , 	)
  29 	 (   4 ,  720.000 ,  960.000 ,        0 ,  760.398 ,  769.220 ,    0.000 ,  769.220 ,  773.220 ,    0.000 ,    0.000 ,    8.823 ,   -0.891 ,        3 , 	)
  69 	 (   5 ,  730.000 ,  956.312 ,        0 ,  774.744 ,  783.567 ,    0.000 ,  783.567 ,  784.567 ,    0.000 ,    0.000 ,    8.823 ,    1.863 ,        4 , 	)
  52 	 (   6 ,  727.000 ,  960.000 ,        0 ,  784.888 ,  793.711 ,    0.000 ,  793.711 ,  794.711 ,    0.000 ,    0.000 ,    8.823 ,   15.498 ,        5 , 	)
 152 	 (   5 ,  805.000 ,  985.000 ,        0 ,  819.930 ,  828.753 ,    0.000 ,  828.753 ,  829.753 ,   44.186 ,    0.000 ,    8.823 ,    2.743 ,        6 , 	)
   5 	 (   7 ,  720.000 ,  840.000 ,        0 ,  828.363 ,  837.186 ,    0.000 ,  837.186 ,  839.186 ,    0.000 ,    0.000 ,    8.823 ,    0.441 ,        7 , 	)
 112 	 (   3 ,  854.000 , 1034.000 ,        0 ,  849.631 ,  858.453 ,    0.000 ,  858.453 ,  862.453 ,   85.233 ,    0.000 ,    4.453 ,    0.377 ,        8 , 	)
  38 	 (   5 ,  720.000 ,  900.000 ,        0 ,  861.961 ,  866.414 ,    0.000 ,  866.414 ,  868.414 ,    0.000 ,    0.000 ,    4.453 ,    0.656 ,        9 , 	)
 135 	 (   4 ,  815.000 ,  995.000 ,        0 ,  876.118 ,  880.571 ,    0.000 ,  880.571 ,  881.571 ,   85.861 ,    0.000 ,    4.453 ,    0.000 ,       10 , 	)
  88 	 (   2 ,  748.516 ,  913.000 ,        0 ,  877.118 ,  881.571 ,    0.000 ,  881.571 ,  883.571 ,   42.386 ,    0.000 ,    4.453 ,    0.000 ,       11 , 	)
  17 	 (   3 ,  723.000 ,  960.000 ,        0 ,  903.015 ,  907.468 ,    0.000 ,  907.468 ,  908.468 ,    0.000 ,    0.000 ,    4.453 ,    1.687 ,       12 , 	)
 121 	 (   1 ,  808.000 ,  988.000 ,        0 ,  938.314 ,  942.767 ,    0.000 ,  942.767 ,  944.767 ,   74.353 ,    0.000 ,    4.453 ,   15.477 ,       13 , 	)
  31 	 (   3 ,  720.000 ,  960.000 ,        0 ,  955.547 ,  960.000 ,    0.000 ,  960.000 ,  962.000 ,    0.000 ,    0.000 ,    4.453 ,   -0.216 ,       14 , 	)
 100 	 (   2 ,  826.000 , 1006.000 ,        0 ,  962.947 ,  967.400 ,    0.000 ,  967.400 ,  968.400 ,   58.932 ,   29.719 ,    4.453 ,    0.000 ,       15 , 	)
  12 	 (   6 ,  960.000 , 1200.000 ,        0 ,  963.947 ,  968.400 ,   29.719 ,  998.119 , 1002.119 ,    0.000 ,    0.000 ,   34.172 ,    0.000 ,       16 , 	)
 114 	 (   4 ,  799.000 , 1039.000 ,        0 , 1004.828 , 1039.000 ,    0.000 , 1039.000 , 1041.000 ,   77.000 ,    0.000 ,   34.172 ,    0.000 ,       17 , 	)
  49 	 (   7 , 1020.000 , 1200.000 ,        0 , 1006.828 , 1041.000 ,   42.000 , 1083.000 , 1086.000 ,    0.000 ,  113.119 ,   63.000 ,    0.000 ,       18 , 	)
  95 	 (   3 , 1086.000 , 1326.000 ,        0 , 1023.000 , 1086.000 ,    0.000 , 1086.000 , 1090.000 ,   83.881 ,   37.387 ,    0.000 ,    0.000 ,       19 , 	)
 132 	 (   0 , 1047.613 , 1269.000 ,        0 , 1114.613 , 1114.613 ,    0.000 , 1114.613 , 1117.613 ,   28.613 ,   37.387 ,    0.000 ,    1.621 ,       20 , 	)
 167 	 (   0 ,    0.000 , 1440.000 ,        0 , 1124.366 , 1124.366 ,    0.000 , 1124.366 , 1124.366 ,    0.000 ,  315.634 ,    0.000 ,    0.000 ,       21 , 	)

	20 sommets 
	values : ( Cost : 504.343 , TRT : 411.205 , TWT :   0.000 , TD : 712.423 )
	violations : ( VC :       0 , VTW :   0.000 , VTD :   0.000 , VTRT :   0.000 )
	cout global : (   0.000	 )
S(i)	 (   C ,     TW0 ,       TW1 ,       VTW ,       Min ,       A ,       W ,       B ,       D ,       L ,       F ,       E ,       Det ,       [Imp ,       Imp]	)
   0 	 (   0 ,    0.000 , 1440.000 ,        0 ,    0.000 ,  568.206 ,    0.000 ,  568.206 ,  568.206 ,    0.000 ,    0.437 ,  568.206 ,    0.000 ,        0 , 	)
  79 	 (   1 ,  480.000 ,  720.000 ,        0 ,   16.465 ,  584.671 ,    0.000 ,  584.671 ,  585.671 ,    0.000 ,    0.437 ,  104.671 ,   10.061 ,        1 , 	)
  83 	 (   4 ,  481.000 ,  720.000 ,        0 ,  499.444 ,  604.115 ,    0.000 ,  604.115 ,  607.115 ,    0.000 ,    0.437 ,  104.671 ,   10.630 ,        2 , 	)
 162 	 (   3 ,  582.000 ,  822.000 ,        0 ,  555.610 ,  660.281 ,    0.000 ,  660.281 ,  661.281 ,   74.610 ,    0.437 ,   78.281 ,   23.659 ,        3 , 	)
  59 	 (   4 ,  480.000 ,  720.000 ,        0 ,  596.211 ,  674.492 ,    0.000 ,  674.492 ,  675.492 ,    0.000 ,    0.437 ,   78.281 ,    5.634 ,        4 , 	)
 166 	 (   1 ,  594.000 ,  774.000 ,        0 ,  604.839 ,  683.120 ,    0.000 ,  683.120 ,  686.120 ,   76.005 ,    0.437 ,   78.281 ,    3.308 ,        5 , 	)
  28 	 (   3 ,  480.000 ,  720.000 ,        0 ,  627.723 ,  706.005 ,    0.000 ,  706.005 ,  708.005 ,    0.000 ,    0.437 ,   78.281 ,   16.552 ,        6 , 	)
  58 	 (   5 ,  720.000 ,  840.000 ,        0 ,  641.719 ,  720.000 ,    0.000 ,  720.000 ,  722.000 ,    0.000 ,    0.437 ,    0.000 ,    7.440 ,        7 , 	)
 111 	 (   3 ,  584.000 ,  764.000 ,        0 ,  744.659 ,  744.659 ,    0.000 ,  744.659 ,  746.659 ,   36.654 ,    0.437 ,    0.000 ,    7.932 ,        8 , 	)
  66 	 (   6 ,  720.000 ,  900.000 ,        0 ,  753.660 ,  753.660 ,    0.000 ,  753.660 ,  756.660 ,    0.000 ,    0.437 ,    0.000 ,    5.791 ,        9 , 	)
 141 	 (   4 ,  779.000 ,  959.000 ,        0 ,  799.700 ,  799.700 ,    0.000 ,  799.700 ,  801.700 ,   77.700 ,    0.437 ,    0.000 ,    0.202 ,       10 , 	)
  56 	 (   5 ,  720.000 ,  900.000 ,        0 ,  813.274 ,  813.274 ,    0.000 ,  813.274 ,  814.274 ,    0.000 ,    0.437 ,    0.000 ,   11.463 ,       11 , 	)
 139 	 (   4 ,  743.819 ,  947.000 ,        0 ,  837.092 ,  837.092 ,    0.000 ,  837.092 ,  838.092 ,   22.819 ,    0.437 ,    0.000 ,   13.835 ,       12 , 	)
 142 	 (   3 ,  636.000 ,  876.000 ,        0 ,  866.874 ,  866.874 ,    0.000 ,  866.874 ,  867.874 ,  191.383 ,    0.437 ,    0.000 ,   20.277 ,       13 , 	)
 149 	 (   0 ,  865.000 , 1105.000 ,        0 ,  891.813 ,  891.813 ,    0.000 ,  891.813 ,  894.813 ,  135.153 ,    0.437 ,    0.000 ,    9.501 ,       14 , 	)
   3 	 (   1 ,  720.000 ,  900.000 ,        0 ,  899.563 ,  899.563 ,    0.000 ,  899.563 ,  900.563 ,    0.000 ,    0.437 ,    0.000 ,    0.000 ,       15 , 	)
  76 	 (   3 ,  780.000 ,  960.000 ,        0 ,  915.205 ,  915.205 ,    0.000 ,  915.205 ,  917.205 ,    0.000 ,   44.795 ,    0.000 ,    8.124 ,       16 , 	)
 159 	 (   1 ,  808.859 , 1034.000 ,        0 ,  944.063 ,  944.063 ,    0.000 ,  944.063 ,  946.063 ,   26.859 ,   45.141 ,    0.000 ,    7.480 ,       17 , 	)
  86 	 (   0 ,  793.000 , 1033.000 ,        0 ,  971.804 ,  971.804 ,    0.000 ,  971.804 ,  972.804 ,   71.241 ,   61.196 ,    0.000 ,    2.603 ,       18 , 	)
 167 	 (   0 ,    0.000 , 1440.000 ,        0 ,  979.411 ,  979.411 ,    0.000 ,  979.411 ,  979.411 ,    0.000 ,  460.589 ,    0.000 ,    0.000 ,       19 , 	)

	18 sommets 
	values : ( Cost : 410.283 , TRT : 389.217 , TWT :  28.733 , TD : 570.040 )
	violations : ( VC :       0 , VTW :   0.000 , VTD :   0.000 , VTRT :   0.000 )
	cout global : (   0.000	 )
S(i)	 (   C ,     TW0 ,       TW1 ,       VTW ,       Min ,       A ,       W ,       B ,       D ,       L ,       F ,       E ,       Det ,       [Imp ,       Imp]	)
   0 	 (   0 ,    0.000 , 1440.000 ,        0 ,    0.000 ,  451.496 ,    0.000 ,  451.496 ,  451.496 ,    0.000 ,    0.000 ,  451.496 ,    0.000 ,        0 , 	)
  48 	 (   3 ,  240.000 ,  480.000 ,        0 ,   14.271 ,  465.768 ,    0.000 ,  465.768 ,  468.768 ,    0.000 ,    0.000 ,  225.768 ,    0.000 ,        1 , 	)
  45 	 (   4 ,  240.000 ,  480.000 ,        0 ,  246.925 ,  472.692 ,    0.000 ,  472.692 ,  473.692 ,    0.000 ,    0.000 ,  225.768 ,    0.674 ,        2 , 	)
  82 	 (   7 ,  300.000 ,  480.000 ,        0 ,  254.232 ,  480.000 ,    0.000 ,  480.000 ,  483.000 ,    0.000 ,   -0.000 ,  180.000 ,    9.630 ,        3 , 	)
 128 	 (   6 ,  316.000 ,  556.000 ,        0 ,  344.398 ,  524.398 ,    0.000 ,  524.398 ,  525.398 ,   50.705 ,    1.765 ,  180.000 ,   15.159 ,        4 , 	)
 165 	 (   3 ,  376.000 ,  556.000 ,        0 ,  356.235 ,  536.235 ,    0.000 ,  536.235 ,  539.235 ,   53.235 ,    1.765 ,  160.235 ,    0.886 ,        5 , 	)
  35 	 (   7 ,  480.000 ,  720.000 ,        0 ,  407.631 ,  567.865 ,    1.765 ,  569.631 ,  573.631 ,    0.000 ,    0.000 ,   89.631 ,   14.765 ,        6 , 	)
 131 	 (   4 ,  348.000 ,  588.000 ,        0 ,  498.369 ,  588.000 ,    0.000 ,  588.000 ,  591.000 ,  119.232 ,    0.000 ,   89.631 ,   10.124 ,        7 , 	)
  70 	 (   7 ,  480.000 ,  720.000 ,        0 ,  530.194 ,  619.825 ,   26.968 ,  646.792 ,  649.792 ,    0.000 ,    5.349 ,  116.598 ,   10.189 ,        8 , 	)
 153 	 (   4 ,  529.000 ,  769.000 ,        0 ,  556.811 ,  673.409 ,    0.000 ,  673.409 ,  676.409 ,   23.617 ,    5.349 ,  116.598 ,    8.086 ,        9 , 	)
  68 	 (   8 ,  480.000 ,  720.000 ,        0 ,  577.179 ,  693.777 ,    0.000 ,  693.777 ,  697.777 ,    0.000 ,    5.349 ,  116.598 ,   19.271 ,       10 , 	)
 118 	 (   4 ,  632.000 ,  812.000 ,        0 ,  610.683 ,  727.282 ,    0.000 ,  727.282 ,  731.282 ,  153.651 ,    5.349 ,   95.282 ,    4.076 ,       11 , 	)
   9 	 (   8 ,  720.000 ,  900.000 ,        0 ,  664.072 ,  759.354 ,    0.000 ,  759.354 ,  763.354 ,    0.000 ,   58.468 ,   39.354 ,   12.775 ,       12 , 	)
 151 	 (   4 ,  592.000 ,  832.000 ,        0 ,  734.178 ,  773.532 ,    0.000 ,  773.532 ,  777.532 ,   75.755 ,   58.468 ,   39.354 ,    0.111 ,       13 , 	)
  55 	 (   8 ,  732.000 ,  953.890 ,        0 ,  743.552 ,  782.906 ,    0.000 ,  782.906 ,  786.906 ,    0.000 ,   70.354 ,   39.354 ,    0.031 ,       14 , 	)
  92 	 (   4 ,  814.000 ,  994.000 ,        0 ,  774.646 ,  814.000 ,    0.000 ,  814.000 ,  818.000 ,   50.646 ,   23.801 ,    0.000 ,   14.089 ,       15 , 	)
 138 	 (   0 ,  803.000 ,  983.000 ,        0 ,  830.105 ,  830.105 ,    0.000 ,  830.105 ,  834.105 ,   43.199 ,   23.801 ,    0.000 ,    8.789 ,       16 , 	)
 167 	 (   0 ,    0.000 , 1440.000 ,        0 ,  840.713 ,  840.713 ,    0.000 ,  840.713 ,  840.713 ,    0.000 ,  599.287 ,    0.000 ,    0.000 ,       17 , 	)

	18 sommets 
	values : ( Cost : 436.254 , TRT : 429.277 , TWT :  45.266 , TD : 560.253 )
	violations : ( VC :       0 , VTW :   0.000 , VTD :   0.000 , VTRT :   0.000 )
	cout global : (   0.000	 )
S(i)	 (   C ,     TW0 ,       TW1 ,       VTW ,       Min ,       A ,       W ,       B ,       D ,       L ,       F ,       E ,       Det ,       [Imp ,       Imp]	)
   0 	 (   0 ,    0.000 , 1440.000 ,        0 ,    0.000 ,  685.786 ,    0.000 ,  685.786 ,  685.786 ,    0.000 ,    0.000 ,  685.786 ,    0.000 ,        0 , 	)
  27 	 (   4 ,  600.000 ,  720.000 ,        0 ,    9.923 ,  695.710 ,    0.000 ,  695.710 ,  699.710 ,    0.000 ,    0.000 ,   95.710 ,   15.950 ,        1 , 	)
  71 	 (   8 ,  540.000 ,  720.000 ,        0 ,  624.290 ,  720.000 ,    0.000 ,  720.000 ,  724.000 ,    0.000 ,    0.000 ,   95.710 ,    7.841 ,        2 , 	)
 110 	 (   4 ,  629.983 ,  794.000 ,        0 ,  641.824 ,  737.534 ,    0.000 ,  737.534 ,  741.534 ,   37.824 ,   32.176 ,   95.710 ,    1.614 ,        3 , 	)
  13 	 (   7 ,  780.000 ,  960.000 ,        0 ,  664.072 ,  759.782 ,   41.865 ,  801.647 ,  804.647 ,    0.000 ,    0.000 ,   21.647 ,    0.000 ,        4 , 	)
  19 	 (   8 ,  756.000 ,  932.926 ,        0 ,  792.500 ,  814.147 ,    0.000 ,  814.147 ,  815.147 ,    0.000 ,    0.000 ,   21.647 ,    9.428 ,        5 , 	)
 154 	 (   4 ,  661.000 ,  841.000 ,        0 ,  819.353 ,  841.000 ,    0.000 ,  841.000 ,  845.000 ,  117.000 ,    0.000 ,   21.647 ,    0.000 ,        6 , 	)
  96 	 (   1 ,  834.000 , 1014.000 ,        0 ,  823.353 ,  845.000 ,    0.000 ,  845.000 ,  848.000 ,   40.353 ,    5.702 ,   11.000 ,    0.000 ,        7 , 	)
  65 	 (   5 ,  780.000 ,  900.000 ,        0 ,  873.183 ,  884.183 ,    3.401 ,  887.583 ,  891.583 ,    0.000 ,    2.302 ,   14.401 ,    0.266 ,        8 , 	)
 102 	 (   4 ,  848.000 ,  968.000 ,        0 ,  889.445 ,  903.846 ,    0.000 ,  903.846 ,  904.846 ,   88.698 ,    2.302 ,   14.401 ,   10.735 ,        9 , 	)
  53 	 (   8 ,  780.000 ,  960.000 ,        0 ,  913.560 ,  927.961 ,    0.000 ,  927.961 ,  931.961 ,    0.000 ,    8.744 ,   14.401 ,   21.846 ,       10 , 	)
 148 	 (   4 ,  829.221 ,  995.000 ,        0 ,  959.439 ,  973.840 ,    0.000 ,  973.840 ,  977.840 ,   82.256 ,    8.744 ,   14.401 ,   33.766 ,       11 , 	)
  22 	 (   8 ,  960.000 , 1200.000 ,        0 ,  985.338 ,  999.739 ,    0.000 ,  999.739 , 1003.739 ,    0.000 ,   13.745 ,   14.401 ,   37.766 ,       12 , 	)
 136 	 (   4 ,  877.000 , 1057.000 ,        0 , 1028.815 , 1043.216 ,    0.000 , 1043.216 , 1047.216 ,  111.255 ,   13.745 ,   14.401 ,    0.521 ,       13 , 	)
 105 	 (   0 , 1054.000 , 1294.000 ,        0 , 1039.599 , 1054.000 ,    0.000 , 1054.000 , 1058.000 ,   50.261 ,   71.739 ,    0.000 ,   13.047 ,       14 , 	)
  43 	 (   4 , 1020.000 , 1200.000 ,        0 , 1067.850 , 1067.850 ,    0.000 , 1067.850 , 1071.850 ,    0.000 ,  132.150 ,    0.000 ,    3.154 ,       15 , 	)
 126 	 (   0 , 1058.000 , 1291.000 ,        0 , 1104.456 , 1104.456 ,    0.000 , 1104.456 , 1108.456 ,   32.606 ,   54.394 ,   -0.000 ,    0.208 ,       16 , 	)
 167 	 (   0 ,    0.000 , 1440.000 ,        0 , 1115.063 , 1115.063 ,    0.000 , 1115.063 , 1115.063 ,    0.000 ,  324.937 ,   -0.000 ,    0.000 ,       17 , 	)

	8 sommets 
	values : ( Cost : 207.137 , TRT : 169.742 , TWT :   0.000 , TD : 190.007 )
	violations : ( VC :       0 , VTW :   0.000 , VTD :   0.000 , VTRT :   0.000 )
	cout global : (   0.000	 )
S(i)	 (   C ,     TW0 ,       TW1 ,       VTW ,       Min ,       A ,       W ,       B ,       D ,       L ,       F ,       E ,       Det ,       [Imp ,       Imp]	)
   0 	 (   0 ,    0.000 , 1440.000 ,        0 ,    0.000 , 1134.447 ,    0.000 , 1134.447 , 1134.447 ,    0.000 ,    9.669 , 1134.447 ,    0.000 ,        0 , 	)
  54 	 (   3 , 1140.000 , 1200.000 ,        0 ,    7.976 , 1142.423 ,    0.000 , 1142.423 , 1145.423 ,    0.000 ,    9.669 ,    2.423 ,    4.235 ,        1 , 	)
  39 	 (   5 ,  966.000 , 1200.000 ,        0 , 1147.804 , 1150.227 ,    0.000 , 1150.227 , 1152.227 ,    0.000 ,    9.669 ,    2.423 ,    5.121 ,        2 , 	)
  57 	 (   7 ,  969.000 , 1199.811 ,        0 , 1183.552 , 1185.975 ,    0.000 , 1185.975 , 1187.975 ,    0.000 ,    9.669 ,    2.423 ,   13.320 ,        3 , 	)
 122 	 (   5 , 1061.000 , 1241.000 ,        0 , 1199.878 , 1202.302 ,    0.000 , 1202.302 , 1204.302 ,   50.074 ,    9.669 ,    2.423 ,    2.167 ,        4 , 	)
 140 	 (   3 , 1052.000 , 1232.000 ,        0 , 1219.908 , 1222.331 ,    0.000 , 1222.331 , 1224.331 ,   34.356 ,    9.669 ,    2.423 ,    2.742 ,        5 , 	)
 137 	 (   0 , 1251.000 , 1311.000 ,        0 , 1248.577 , 1251.000 ,    0.000 , 1251.000 , 1254.000 ,  105.577 ,   40.423 ,    0.000 ,   50.596 ,        6 , 	)
 167 	 (   0 ,    0.000 , 1440.000 ,        0 , 1304.189 , 1304.189 ,    0.000 , 1304.189 , 1304.189 ,    0.000 ,  135.811 ,    0.000 ,    0.000 ,        7 , 	)

	16 sommets 
	values : ( Cost : 331.244 , TRT : 291.056 , TWT :   0.000 , TD : 389.138 )
	violations : ( VC :       0 , VTW :   0.000 , VTD :   0.000 , VTRT :   0.000 )
	cout global : (   0.000	 )
S(i)	 (   C ,     TW0 ,       TW1 ,       VTW ,       Min ,       A ,       W ,       B ,       D ,       L ,       F ,       E ,       Det ,       [Imp ,       Imp]	)
   0 	 (   0 ,    0.000 , 1440.000 ,        0 ,    0.000 ,  781.674 ,    0.000 ,  781.674 ,  781.674 ,    0.000 ,    3.412 ,  781.674 ,    0.000 ,        0 , 	)
  75 	 (   4 ,  720.000 ,  960.000 ,        0 ,   10.605 ,  792.278 ,    0.000 ,  792.278 ,  796.278 ,    0.000 ,    3.412 ,   72.278 ,    2.870 ,        1 , 	)
  21 	 (   7 ,  776.000 ,  919.230 ,        0 ,  745.848 ,  818.126 ,    0.000 ,  818.126 ,  821.126 ,    0.000 ,    3.412 ,   42.126 ,   33.466 ,        2 , 	)
  11 	 (   8 ,  780.000 ,  960.000 ,        0 ,  812.241 ,  854.368 ,    0.000 ,  854.368 ,  855.368 ,    0.000 ,    3.412 ,   42.126 ,    6.153 ,        3 , 	)
 158 	 (   4 ,  849.000 , 1029.000 ,        0 ,  841.195 ,  883.321 ,    0.000 ,  883.321 ,  887.321 ,   87.043 ,    3.412 ,   34.321 ,    0.000 ,        4 , 	)
  32 	 (   7 ,  840.000 ,  960.000 ,        0 ,  853.000 ,  887.321 ,    0.000 ,  887.321 ,  890.321 ,    0.000 ,    3.412 ,   34.321 ,    0.000 ,        5 , 	)
  94 	 (   6 ,  810.067 , 1039.000 ,        0 ,  868.978 ,  903.299 ,    0.000 ,  903.299 ,  904.299 ,   47.932 ,    0.216 ,   34.321 ,   13.868 ,        6 , 	)
 104 	 (   3 ,  912.000 ,  972.000 ,        0 ,  877.679 ,  912.000 ,    0.000 ,  912.000 ,  915.000 ,   90.874 ,    0.216 ,    0.000 ,    1.469 ,        7 , 	)
   2 	 (   5 ,  720.000 ,  960.000 ,        0 ,  921.317 ,  921.317 ,    0.000 ,  921.317 ,  923.317 ,    0.000 ,    0.216 ,    0.000 ,    2.495 ,        8 , 	)
 115 	 (   2 ,  853.316 , 1005.000 ,        0 ,  932.105 ,  932.105 ,    0.000 ,  932.105 ,  935.105 ,   41.784 ,    0.216 ,    0.000 ,    3.845 ,        9 , 	)
  41 	 (   6 ,  720.000 ,  960.000 ,        0 ,  956.588 ,  956.588 ,    0.000 ,  956.588 ,  960.588 ,    0.000 ,    3.412 ,    0.000 ,   15.401 ,       10 , 	)
  85 	 (   4 ,  847.000 , 1027.000 ,        0 ,  995.074 ,  995.074 ,    0.000 ,  995.074 ,  997.074 ,   71.757 ,   22.926 ,    0.000 ,    0.000 ,       11 , 	)
 124 	 (   0 ,  780.000 , 1020.000 ,        0 ,  997.074 ,  997.074 ,    0.000 ,  997.074 , 1001.074 ,   36.486 ,   22.926 ,    0.000 ,    0.000 ,       12 , 	)
  26 	 (   4 ,  971.000 , 1130.738 ,        0 , 1017.893 , 1017.893 ,    0.000 , 1017.893 , 1021.893 ,    0.000 ,  112.844 ,    0.000 ,    3.482 ,       13 , 	)
 109 	 (   0 , 1028.000 , 1148.000 ,        0 , 1035.156 , 1035.156 ,    0.000 , 1035.156 , 1039.156 ,   13.262 ,   39.738 ,   -0.000 ,   14.489 ,       14 , 	)
 167 	 (   0 ,    0.000 , 1440.000 ,        0 , 1072.729 , 1072.729 ,    0.000 , 1072.729 , 1072.729 ,    0.000 ,  367.271 ,   -0.000 ,    0.000 ,       15 , 	)

	14 sommets 
	values : ( Cost : 263.886 , TRT : 222.411 , TWT :   0.000 , TD : 325.493 )
	violations : ( VC :       0 , VTW :   0.000 , VTD :   0.000 , VTRT :   0.000 )
	cout global : (   0.000	 )
S(i)	 (   C ,     TW0 ,       TW1 ,       VTW ,       Min ,       A ,       W ,       B ,       D ,       L ,       F ,       E ,       Det ,       [Imp ,       Imp]	)
   0 	 (   0 ,    0.000 , 1440.000 ,        0 ,    0.000 ,  263.077 ,    0.000 ,  263.077 ,  263.077 ,    0.000 ,    9.278 ,  263.077 ,    0.000 ,        0 , 	)
  62 	 (   1 ,  240.000 ,  300.000 ,        0 ,   27.644 ,  290.722 ,    0.000 ,  290.722 ,  291.722 ,    0.000 ,    9.278 ,   50.722 ,    2.349 ,        1 , 	)
  42 	 (   2 ,  300.000 ,  480.000 ,        0 ,  249.278 ,  300.000 ,    0.000 ,  300.000 ,  301.000 ,    0.000 ,   41.977 ,    0.000 ,    0.266 ,        2 , 	)
  81 	 (   4 ,  240.000 ,  420.000 ,        0 ,  343.125 ,  343.125 ,    0.000 ,  343.125 ,  345.125 ,    0.000 ,    2.666 ,    0.000 ,    4.635 ,        3 , 	)
 145 	 (   3 ,  297.023 ,  451.000 ,        0 ,  353.062 ,  353.062 ,    0.000 ,  353.062 ,  354.062 ,   61.340 ,    2.666 ,    0.000 ,    5.753 ,        4 , 	)
 164 	 (   1 ,  266.000 ,  446.000 ,        0 ,  364.028 ,  364.028 ,    0.000 ,  364.028 ,  366.028 ,   18.903 ,    2.666 ,    0.000 ,    7.738 ,        5 , 	)
  74 	 (   3 ,  240.000 ,  420.000 ,        0 ,  378.023 ,  378.023 ,    0.000 ,  378.023 ,  380.023 ,    0.000 ,    2.666 ,    0.000 ,   16.552 ,        6 , 	)
  44 	 (   7 ,  252.000 ,  474.104 ,        0 ,  406.308 ,  406.308 ,    0.000 ,  406.308 ,  410.308 ,    0.000 ,    2.666 ,    0.000 ,    4.393 ,        7 , 	)
 125 	 (   6 ,  357.000 ,  597.000 ,        0 ,  414.334 ,  414.334 ,    0.000 ,  414.334 ,  415.334 ,  113.334 ,    2.666 ,    0.000 ,    0.420 ,        8 , 	)
  50 	 (   8 ,  300.000 ,  480.000 ,        0 ,  421.158 ,  421.158 ,    0.000 ,  421.158 ,  423.158 ,    0.000 ,   28.129 ,    0.000 ,    1.866 ,        9 , 	)
 157 	 (   6 ,  280.000 ,  514.000 ,        0 ,  427.259 ,  427.259 ,    0.000 ,  427.259 ,  429.259 ,   47.236 ,   28.129 ,    0.000 ,    6.026 ,       10 , 	)
 127 	 (   2 ,  323.000 ,  503.000 ,        0 ,  449.179 ,  449.179 ,    0.000 ,  449.179 ,  453.179 ,   38.871 ,   28.129 ,    0.000 ,    1.150 ,       11 , 	)
 133 	 (   0 ,  346.000 ,  582.000 ,        0 ,  468.966 ,  468.966 ,    0.000 ,  468.966 ,  470.966 ,   45.808 ,   54.192 ,    0.000 ,    5.526 ,       12 , 	)
 167 	 (   0 ,    0.000 , 1440.000 ,        0 ,  485.488 ,  485.488 ,    0.000 ,  485.488 ,  485.488 ,    0.000 ,  954.512 ,    0.000 ,    0.000 ,       13 , 	)
