10
	VALUE ALL : ( Cost : 3066.260 , TRT : 2966.152 , TWT : 368.693 , TD : 4699.123 )
	VIOLATIONS TOTAL : ( VC :       0 , VTW :   0.000 , VTD :   0.000 , VTRT :   0.000 )
 	COUT_ALL : (   0.002 )  T2B:   20401

	14 sommets 
	values : ( Cost : 251.412 , TRT : 219.032 , TWT :   0.000 , TD : 388.012 )
	violations : ( VC :       0 , VTW :   0.000 , VTD :   0.000 , VTRT :   0.000 )
	cout global : (   0.000	 )
S(i)	 (   C ,     TW0 ,       TW1 ,       VTW ,       Min ,       A ,       W ,       B ,       D ,       L ,       F ,       E ,       Det ,       [Imp ,       Imp]	)
   0 	 (   0 ,    0.000 , 1440.000 ,        0 ,    0.000 ,  254.598 ,    0.000 ,  254.598 ,  254.598 ,    0.000 ,   36.346 ,  254.598 ,    0.000 ,        0 , 	)
  67 	 (   1 ,  251.000 ,  416.719 ,        0 ,   46.595 ,  301.194 ,    0.000 ,  301.194 ,  302.194 ,    0.000 ,   36.346 ,   50.194 ,    3.038 ,        1 , 	)
  29 	 (   2 ,  300.000 ,  480.000 ,        0 ,  259.633 ,  309.827 ,    0.000 ,  309.827 ,  310.827 ,    0.000 ,   15.527 ,    9.827 ,    0.753 ,        2 , 	)
  26 	 (   5 ,  240.000 ,  420.000 ,        0 ,  312.151 ,  321.978 ,    0.000 ,  321.978 ,  324.978 ,    0.000 ,   15.527 ,    9.827 ,    0.000 ,        3 , 	)
  41 	 (   8 ,  240.000 ,  480.000 ,        0 ,  315.151 ,  324.978 ,    0.000 ,  324.978 ,  327.978 ,    0.000 ,   15.527 ,    9.827 ,    0.000 ,        4 , 	)
 135 	 (   7 ,  325.000 ,  445.000 ,        0 ,  349.840 ,  359.667 ,    0.000 ,  359.667 ,  360.667 ,   57.473 ,   15.527 ,    9.827 ,    0.480 ,        5 , 	)
  94 	 (   4 ,  328.000 ,  508.000 ,        0 ,  362.618 ,  372.445 ,    0.000 ,  372.445 ,  375.445 ,   47.467 ,   36.346 ,    9.827 ,    6.402 ,        6 , 	)
   1 	 (   8 ,  240.000 ,  420.000 ,        0 ,  373.827 ,  383.654 ,    0.000 ,  383.654 ,  387.654 ,    0.000 ,   36.346 ,    9.827 ,    0.337 ,        7 , 	)
  69 	 (   4 ,  268.586 ,  490.000 ,        0 ,  402.414 ,  412.241 ,    0.000 ,  412.241 ,  416.241 ,   24.586 ,   38.598 ,    9.827 ,    9.051 ,        8 , 	)
  97 	 (   3 ,  428.000 ,  668.000 ,        0 ,  418.173 ,  428.000 ,    0.000 ,  428.000 ,  429.000 ,  117.173 ,   38.598 ,    0.000 ,    2.727 ,        9 , 	)
  49 	 (   6 ,  373.000 ,  473.604 ,        0 ,  431.520 ,  431.520 ,    0.000 ,  431.520 ,  434.520 ,    0.000 ,   38.598 ,    0.000 ,    2.314 ,       10 , 	)
 109 	 (   3 ,  387.000 ,  567.000 ,        0 ,  443.380 ,  443.380 ,    0.000 ,  443.380 ,  446.380 ,  115.402 ,   38.598 ,    0.000 ,   -1.486 ,       11 , 	)
 117 	 (   0 ,  441.000 ,  501.000 ,        0 ,  460.431 ,  460.431 ,    0.000 ,  460.431 ,  463.431 ,   25.911 ,   39.089 ,    0.000 ,   11.066 ,       12 , 	)
 137 	 (   0 ,    0.000 , 1440.000 ,        0 ,  473.630 ,  473.630 ,    0.000 ,  473.630 ,  473.630 ,    0.000 ,  966.370 ,    0.000 ,    0.000 ,       13 , 	)

	16 sommets 
	values : ( Cost : 296.119 , TRT : 296.444 , TWT :  45.798 , TD : 552.223 )
	violations : ( VC :       0 , VTW :   0.000 , VTD :   0.000 , VTRT :   0.000 )
	cout global : (   0.000	 )
S(i)	 (   C ,     TW0 ,       TW1 ,       VTW ,       Min ,       A ,       W ,       B ,       D ,       L ,       F ,       E ,       Det ,       [Imp ,       Imp]	)
   0 	 (   0 ,    0.000 , 1440.000 ,        0 ,    0.000 ,  311.855 ,    0.000 ,  311.855 ,  311.855 ,    0.000 ,    0.000 ,  311.855 ,    0.000 ,        0 , 	)
  48 	 (   1 ,  240.000 ,  480.000 ,        0 ,   60.678 ,  372.533 ,    0.000 ,  372.533 ,  373.533 ,    0.000 ,    0.000 ,  132.533 ,   17.095 ,        1 , 	)
  66 	 (   3 ,  240.000 ,  480.000 ,        0 ,  256.662 ,  389.195 ,    0.000 ,  389.195 ,  391.195 ,    0.000 ,    0.000 ,  132.533 ,    0.635 ,        2 , 	)
  65 	 (   6 ,  240.000 ,  480.000 ,        0 ,  263.988 ,  396.521 ,    0.000 ,  396.521 ,  399.521 ,    0.000 ,    0.000 ,  132.533 ,    7.414 ,        3 , 	)
  14 	 (   7 ,  240.000 ,  480.000 ,        0 ,  273.132 ,  405.665 ,    0.000 ,  405.665 ,  406.665 ,    0.000 ,    0.000 ,  132.533 ,    1.105 ,        4 , 	)
 134 	 (   5 ,  297.000 ,  537.000 ,        0 ,  297.486 ,  430.019 ,    0.000 ,  430.019 ,  432.019 ,   38.823 ,    0.000 ,  132.533 ,    9.350 ,        5 , 	)
 133 	 (   2 ,  305.000 ,  545.000 ,        0 ,  311.929 ,  444.462 ,    0.000 ,  444.462 ,  447.462 ,   44.941 ,    0.000 ,  132.533 ,   -2.287 ,        6 , 	)
  16 	 (   6 ,  300.000 ,  480.000 ,        0 ,  336.250 ,  468.783 ,    0.000 ,  468.783 ,  472.783 ,    0.000 ,    0.000 ,  132.533 ,    0.000 ,        7 , 	)
  82 	 (   5 ,  286.000 ,  526.000 ,        0 ,  340.250 ,  472.783 ,    0.000 ,  472.783 ,  473.783 ,   66.118 ,    0.000 ,  132.533 ,    0.000 ,        8 , 	)
  61 	 (   7 ,  240.000 ,  480.000 ,        0 ,  347.467 ,  480.000 ,    0.000 ,  480.000 ,  482.000 ,    0.000 ,   -0.000 ,  132.533 ,    0.353 ,        9 , 	)
  37 	 (   8 ,  480.000 ,  720.000 ,        0 ,  370.567 ,  503.100 ,   25.091 ,  528.191 ,  529.191 ,    0.000 ,    0.000 ,   48.191 ,    0.720 ,       10 , 	)
 129 	 (   6 ,  297.000 ,  537.000 ,        0 ,  488.809 ,  537.000 ,    0.000 ,  537.000 ,  539.000 ,   55.000 ,    0.000 ,   48.191 ,    3.332 ,       11 , 	)
 116 	 (   5 ,  387.000 ,  567.000 ,        0 ,  498.862 ,  547.053 ,    0.000 ,  547.053 ,  548.053 ,  173.520 ,    1.480 ,   48.191 ,    2.684 ,       12 , 	)
 105 	 (   4 ,  585.000 ,  765.000 ,        0 ,  516.102 ,  564.293 ,   20.707 ,  585.000 ,  586.000 ,   55.809 ,   27.989 ,    0.000 ,    6.403 ,       13 , 	)
  84 	 (   0 ,  382.000 ,  622.000 ,        0 ,  590.793 ,  590.793 ,    0.000 ,  590.793 ,  594.793 ,  118.011 ,   27.989 ,    0.000 ,    0.550 ,       14 , 	)
 137 	 (   0 ,    0.000 , 1440.000 ,        0 ,  608.298 ,  608.298 ,    0.000 ,  608.298 ,  608.298 ,    0.000 ,  831.701 ,    0.000 ,    0.000 ,       15 , 	)

	14 sommets 
	values : ( Cost : 337.233 , TRT : 283.559 , TWT :   0.000 , TD : 337.789 )
	violations : ( VC :       0 , VTW :   0.000 , VTD :   0.000 , VTRT :   0.000 )
	cout global : (   0.000	 )
S(i)	 (   C ,     TW0 ,       TW1 ,       VTW ,       Min ,       A ,       W ,       B ,       D ,       L ,       F ,       E ,       Det ,       [Imp ,       Imp]	)
   0 	 (   0 ,    0.000 , 1440.000 ,        0 ,    0.000 ,  239.722 ,    0.000 ,  239.722 ,  239.722 ,    0.000 ,    2.720 ,  239.722 ,    0.000 ,        0 , 	)
  57 	 (   4 ,  240.000 ,  480.000 ,        0 ,   51.601 ,  291.323 ,    0.000 ,  291.323 ,  295.323 ,    0.000 ,    2.720 ,   51.323 ,   10.324 ,        1 , 	)
   9 	 (   5 ,  240.000 ,  480.000 ,        0 ,  256.464 ,  307.786 ,    0.000 ,  307.786 ,  308.786 ,    0.000 ,    2.720 ,   51.323 ,   -0.744 ,        2 , 	)
  15 	 (   6 ,  276.000 ,  393.711 ,        0 ,  259.923 ,  311.245 ,    0.000 ,  311.245 ,  312.245 ,    0.000 ,    2.720 ,   35.245 ,   -0.714 ,        3 , 	)
  62 	 (   7 ,  240.000 ,  480.000 ,        0 ,  299.075 ,  334.320 ,    0.000 ,  334.320 ,  335.320 ,    0.000 ,    2.720 ,   35.245 ,    4.104 ,        4 , 	)
 125 	 (   3 ,  335.000 ,  575.000 ,        0 ,  307.335 ,  342.580 ,    0.000 ,  342.580 ,  346.580 ,   47.258 ,    2.720 ,    7.580 ,   -6.735 ,        5 , 	)
 130 	 (   2 ,  283.000 ,  523.000 ,        0 ,  346.152 ,  353.732 ,    0.000 ,  353.732 ,  354.732 ,   18.412 ,    2.720 ,    7.580 ,    8.286 ,        6 , 	)
  83 	 (   1 ,  369.000 ,  429.000 ,        0 ,  361.420 ,  369.000 ,    0.000 ,  369.000 ,  370.000 ,   56.755 ,    2.720 ,    0.000 ,   12.753 ,        7 , 	)
  77 	 (   0 ,  302.000 ,  542.000 ,        0 ,  377.750 ,  377.750 ,    0.000 ,  377.750 ,  378.750 ,   68.964 ,    2.720 ,    0.000 ,    2.223 ,        8 , 	)
   2 	 (   4 ,  240.000 ,  480.000 ,        0 ,  411.881 ,  411.881 ,    0.000 ,  411.881 ,  415.881 ,    0.000 ,    2.720 ,    0.000 ,    4.545 ,        9 , 	)
  27 	 (   8 ,  296.000 ,  438.517 ,        0 ,  435.797 ,  435.797 ,    0.000 ,  435.797 ,  439.797 ,    0.000 ,    2.720 ,    0.000 ,   30.751 ,       10 , 	)
  95 	 (   4 ,  432.000 ,  492.000 ,        0 ,  489.280 ,  489.280 ,    0.000 ,  489.280 ,  493.280 ,   49.483 ,    2.720 ,    0.000 ,    8.188 ,       11 , 	)
  70 	 (   0 ,  343.000 ,  583.000 ,        0 ,  512.799 ,  512.799 ,    0.000 ,  512.799 ,  516.799 ,   96.918 ,   36.082 ,    0.000 ,    7.746 ,       12 , 	)
 137 	 (   0 ,    0.000 , 1440.000 ,        0 ,  523.280 ,  523.280 ,    0.000 ,  523.280 ,  523.280 ,    0.000 ,  916.720 ,    0.000 ,    0.000 ,       13 , 	)

	16 sommets 
	values : ( Cost : 321.735 , TRT : 338.877 , TWT :  66.971 , TD : 696.731 )
	violations : ( VC :       0 , VTW :   0.000 , VTD :   0.000 , VTRT :   0.000 )
	cout global : (   0.000	 )
S(i)	 (   C ,     TW0 ,       TW1 ,       VTW ,       Min ,       A ,       W ,       B ,       D ,       L ,       F ,       E ,       Det ,       [Imp ,       Imp]	)
   0 	 (   0 ,    0.000 , 1440.000 ,        0 ,    0.000 ,  295.277 ,    0.000 ,  295.277 ,  295.277 ,    0.000 ,    0.000 ,  295.277 ,    0.000 ,        0 , 	)
  58 	 (   1 ,  240.000 ,  420.000 ,        0 ,   47.393 ,  342.670 ,    0.000 ,  342.670 ,  343.670 ,    0.000 ,    0.000 ,  102.670 ,    0.000 ,        1 , 	)
  34 	 (   3 ,  240.000 ,  420.000 ,        0 ,  241.000 ,  343.670 ,    0.000 ,  343.670 ,  345.670 ,    0.000 ,    0.000 ,  102.670 ,    0.000 ,        2 , 	)
   4 	 (   5 ,  240.000 ,  480.000 ,        0 ,  274.486 ,  377.156 ,    0.000 ,  377.156 ,  379.156 ,    0.000 ,    0.000 ,  102.670 ,    0.000 ,        3 , 	)
  22 	 (   7 ,  300.000 ,  480.000 ,        0 ,  276.486 ,  379.156 ,    0.000 ,  379.156 ,  381.156 ,    0.000 ,    0.000 ,   79.156 ,    0.000 ,        4 , 	)
 126 	 (   6 ,  286.000 ,  523.000 ,        0 ,  325.909 ,  405.065 ,    0.000 ,  405.065 ,  406.065 ,   61.395 ,    0.000 ,   79.156 ,   23.285 ,        5 , 	)
  53 	 (   8 ,  300.000 ,  420.000 ,        0 ,  340.844 ,  420.000 ,    0.000 ,  420.000 ,  422.000 ,    0.000 ,    0.000 ,   79.156 ,   14.182 ,        6 , 	)
  90 	 (   6 ,  430.000 ,  610.000 ,        0 ,  379.080 ,  458.237 ,    0.000 ,  458.237 ,  460.237 ,   77.080 ,   67.971 ,   28.237 ,    3.095 ,        7 , 	)
 121 	 (   4 ,  345.934 ,  539.000 ,        0 ,  442.792 ,  471.029 ,    0.000 ,  471.029 ,  473.029 ,   49.029 ,   67.971 ,   28.237 ,    0.000 ,        8 , 	)
  54 	 (   7 ,  540.000 ,  720.000 ,        0 ,  444.792 ,  473.029 ,   66.971 ,  540.000 ,  543.000 ,    0.000 ,    9.050 ,    0.000 ,    0.000 ,        9 , 	)
 102 	 (   5 ,  458.000 ,  578.000 ,        0 ,  562.107 ,  562.107 ,    0.000 ,  562.107 ,  564.107 ,  216.437 ,    3.953 ,    0.000 ,    0.000 ,       10 , 	)
  72 	 (   3 ,  416.000 ,  596.000 ,        0 ,  564.107 ,  564.107 ,    0.000 ,  564.107 ,  566.107 ,  184.950 ,    3.953 ,    0.000 ,    0.000 ,       11 , 	)
  10 	 (   6 ,  480.000 ,  720.000 ,        0 ,  576.509 ,  576.509 ,    0.000 ,  576.509 ,  579.509 ,    0.000 ,    3.953 ,    0.000 ,   16.874 ,       12 , 	)
  78 	 (   3 ,  537.000 ,  777.000 ,        0 ,  612.302 ,  612.302 ,    0.000 ,  612.302 ,  615.302 ,   32.792 ,    3.953 ,    0.000 ,   -6.812 ,       13 , 	)
 122 	 (   0 ,  572.355 ,  802.000 ,        0 ,  618.047 ,  618.047 ,    0.000 ,  618.047 ,  621.047 ,   75.047 ,    3.953 ,    0.000 ,   -0.386 ,       14 , 	)
 137 	 (   0 ,    0.000 , 1440.000 ,        0 ,  634.154 ,  634.154 ,    0.000 ,  634.154 ,  634.154 ,    0.000 ,  805.846 ,    0.000 ,    0.000 ,       15 , 	)

	24 sommets 
	values : ( Cost : 464.695 , TRT : 396.735 , TWT :   7.340 , TD : 670.161 )
	violations : ( VC :       0 , VTW :   0.000 , VTD :   0.000 , VTRT :   0.000 )
	cout global : (   0.000	 )
S(i)	 (   C ,     TW0 ,       TW1 ,       VTW ,       Min ,       A ,       W ,       B ,       D ,       L ,       F ,       E ,       Det ,       [Imp ,       Imp]	)
   0 	 (   0 ,    0.000 , 1440.000 ,        0 ,    0.000 ,  638.373 ,    0.000 ,  638.373 ,  638.373 ,    0.000 ,    0.000 ,  638.373 ,    0.000 ,        0 , 	)
  36 	 (   2 ,  480.000 ,  660.000 ,        0 ,    9.274 ,  647.647 ,    0.000 ,  647.647 ,  649.647 ,    0.000 ,    0.000 ,  167.647 ,   17.662 ,        1 , 	)
  20 	 (   3 ,  540.000 ,  720.000 ,        0 ,  496.869 ,  664.516 ,    0.000 ,  664.516 ,  665.516 ,    0.000 ,    0.000 ,  124.516 ,   -0.810 ,        2 , 	)
  88 	 (   2 ,  602.000 ,  842.000 ,        0 ,  586.926 ,  711.441 ,    0.000 ,  711.441 ,  712.441 ,   45.926 ,    0.000 ,  109.441 ,    5.820 ,        3 , 	)
   7 	 (   3 ,  480.000 ,  720.000 ,        0 ,  610.559 ,  720.000 ,    0.000 ,  720.000 ,  721.000 ,    0.000 ,    0.000 ,  109.441 ,    0.727 ,        4 , 	)
  31 	 (   6 ,  720.000 ,  900.000 ,        0 ,  621.736 ,  731.177 ,    7.340 ,  738.517 ,  741.517 ,    0.000 ,    9.945 ,   18.517 ,    4.462 ,        5 , 	)
  75 	 (   5 ,  532.000 ,  772.000 ,        0 ,  743.538 ,  762.055 ,    0.000 ,  762.055 ,  763.055 ,   41.055 ,    9.945 ,   18.517 ,    5.379 ,        6 , 	)
 104 	 (   3 ,  640.000 ,  820.000 ,        0 ,  769.371 ,  787.889 ,    0.000 ,  787.889 ,  789.889 ,  138.242 ,   17.277 ,   18.517 ,   34.286 ,        7 , 	)
  11 	 (   4 ,  720.000 ,  900.000 ,        0 ,  801.601 ,  820.118 ,    0.000 ,  820.118 ,  821.118 ,    0.000 ,   17.277 ,   18.517 ,   13.040 ,        8 , 	)
  99 	 (   1 ,  815.000 ,  995.000 ,        0 ,  815.030 ,  833.547 ,    0.000 ,  833.547 ,  836.547 ,   92.030 ,   17.277 ,   18.517 ,    5.386 ,        9 , 	)
  79 	 (   0 ,  748.594 ,  975.000 ,        0 ,  838.580 ,  857.098 ,    0.000 ,  857.098 ,  858.098 ,   35.980 ,   17.277 ,   18.517 ,    0.905 ,       10 , 	)
   8 	 (   1 ,  780.000 ,  960.000 ,        0 ,  848.447 ,  866.965 ,    0.000 ,  866.965 ,  867.965 ,    0.000 ,   17.277 ,   18.517 ,    0.000 ,       11 , 	)
  32 	 (   3 ,  720.000 ,  960.000 ,        0 ,  849.447 ,  867.965 ,    0.000 ,  867.965 ,  869.965 ,    0.000 ,   17.277 ,   18.517 ,    0.000 ,       12 , 	)
  76 	 (   2 ,  822.000 , 1002.000 ,        0 ,  872.471 ,  890.989 ,    0.000 ,  890.989 ,  891.989 ,   23.024 ,   17.277 ,   18.517 ,   -0.209 ,       13 , 	)
  63 	 (   6 ,  720.000 ,  960.000 ,        0 ,  887.583 ,  906.100 ,    0.000 ,  906.100 ,  910.100 ,    0.000 ,   17.277 ,   18.517 ,   -0.544 ,       14 , 	)
  50 	 (   7 ,  720.000 ,  960.000 ,        0 ,  895.747 ,  914.265 ,    0.000 ,  914.265 ,  915.265 ,    0.000 ,   17.277 ,   18.517 ,   -3.162 ,       15 , 	)
 100 	 (   5 ,  813.000 , 1053.000 ,        0 ,  898.800 ,  917.317 ,    0.000 ,  917.317 ,  919.317 ,   47.353 ,   16.012 ,   18.517 ,    0.645 ,       16 , 	)
   6 	 (   6 ,  840.000 ,  960.000 ,        0 ,  907.132 ,  925.649 ,    0.000 ,  925.649 ,  926.649 ,    0.000 ,   16.012 ,   18.517 ,   12.017 ,       17 , 	)
  74 	 (   5 ,  870.040 , 1019.000 ,        0 ,  937.171 ,  955.689 ,    0.000 ,  955.689 ,  956.689 ,   29.040 ,   16.012 ,   18.517 ,    1.735 ,       18 , 	)
  28 	 (   8 ,  960.000 , 1140.000 ,        0 ,  956.581 ,  975.098 ,    0.000 ,  975.098 ,  978.098 ,    0.000 ,   16.012 ,   15.098 ,   17.293 ,       19 , 	)
 118 	 (   7 ,  793.000 , 1033.000 ,        0 ,  982.154 ,  997.253 ,    0.000 ,  997.253 ,  998.253 ,   81.988 ,   16.012 ,   15.098 ,   -1.136 ,       20 , 	)
 131 	 (   3 ,  842.000 , 1022.000 ,        0 ,  989.624 , 1004.723 ,    0.000 , 1004.723 , 1008.723 ,   94.623 ,   17.277 ,   15.098 ,    3.098 ,       21 , 	)
  96 	 (   0 , 1019.000 , 1199.000 ,        0 , 1003.902 , 1019.000 ,    0.000 , 1019.000 , 1022.000 ,   40.902 ,   28.098 ,    0.000 ,   11.165 ,       22 , 	)
 137 	 (   0 ,    0.000 , 1440.000 ,        0 , 1035.108 , 1035.108 ,    0.000 , 1035.108 , 1035.108 ,    0.000 ,  404.892 ,    0.000 ,    0.000 ,       23 , 	)

	14 sommets 
	values : ( Cost : 229.613 , TRT : 202.641 , TWT :   0.000 , TD : 304.122 )
	violations : ( VC :       0 , VTW :   0.000 , VTD :   0.000 , VTRT :   0.000 )
	cout global : (   0.000	 )
S(i)	 (   C ,     TW0 ,       TW1 ,       VTW ,       Min ,       A ,       W ,       B ,       D ,       L ,       F ,       E ,       Det ,       [Imp ,       Imp]	)
   0 	 (   0 ,    0.000 , 1440.000 ,        0 ,    0.000 ,  265.832 ,    0.000 ,  265.832 ,  265.832 ,    0.000 ,    8.692 ,  265.832 ,    0.000 ,        0 , 	)
  43 	 (   3 ,  250.000 ,  477.020 ,        0 ,    3.192 ,  269.024 ,    0.000 ,  269.024 ,  272.024 ,    0.000 ,    8.692 ,   19.024 ,    2.047 ,        1 , 	)
  56 	 (   7 ,  240.000 ,  480.000 ,        0 ,  269.603 ,  288.627 ,    0.000 ,  288.627 ,  292.627 ,    0.000 ,    8.692 ,   19.024 ,   19.123 ,        2 , 	)
 124 	 (   3 ,  275.000 ,  515.000 ,        0 ,  289.470 ,  308.494 ,    0.000 ,  308.494 ,  312.494 ,   15.867 ,    8.692 ,   19.024 ,    8.440 ,        3 , 	)
 111 	 (   0 ,  328.000 ,  508.000 ,        0 ,  308.976 ,  328.000 ,    0.000 ,  328.000 ,  331.000 ,   55.976 ,    8.692 ,    0.000 ,  -13.302 ,        4 , 	)
  59 	 (   1 ,  241.000 ,  480.000 ,        0 ,  354.538 ,  354.538 ,    0.000 ,  354.538 ,  355.538 ,    0.000 ,    8.692 ,    0.000 ,  -15.431 ,        5 , 	)
   5 	 (   5 ,  266.000 ,  408.097 ,        0 ,  362.487 ,  362.487 ,    0.000 ,  362.487 ,  366.487 ,    0.000 ,    8.692 ,    0.000 ,    1.605 ,        6 , 	)
  52 	 (   7 ,  284.000 ,  382.412 ,        0 ,  372.475 ,  372.475 ,    0.000 ,  372.475 ,  374.475 ,    0.000 ,    8.692 ,    0.000 ,    0.242 ,        7 , 	)
  64 	 (   8 ,  300.000 ,  480.000 ,        0 ,  377.507 ,  377.507 ,    0.000 ,  377.507 ,  378.507 ,    0.000 ,    8.692 ,    0.000 ,    0.244 ,        8 , 	)
 120 	 (   6 ,  347.000 ,  407.000 ,        0 ,  398.308 ,  398.308 ,    0.000 ,  398.308 ,  400.308 ,   23.832 ,    8.692 ,    0.000 ,    3.408 ,        9 , 	)
 127 	 (   5 ,  352.000 ,  532.000 ,        0 ,  417.872 ,  417.872 ,    0.000 ,  417.872 ,  418.872 ,   62.334 ,   27.167 ,    0.000 ,    3.418 ,       10 , 	)
  73 	 (   1 ,  401.000 ,  461.000 ,        0 ,  433.833 ,  433.833 ,    0.000 ,  433.833 ,  437.833 ,   67.346 ,   27.167 ,    0.000 ,    8.109 ,       11 , 	)
 132 	 (   0 ,  403.000 ,  583.000 ,        0 ,  457.274 ,  457.274 ,    0.000 ,  457.274 ,  458.274 ,   78.767 ,   58.233 ,    0.000 ,   -2.112 ,       12 , 	)
 137 	 (   0 ,    0.000 , 1440.000 ,        0 ,  468.473 ,  468.473 ,    0.000 ,  468.473 ,  468.473 ,    0.000 ,  971.527 ,    0.000 ,    0.000 ,       13 , 	)

	20 sommets 
	values : ( Cost : 334.117 , TRT : 477.111 , TWT : 195.895 , TD : 765.953 )
	violations : ( VC :       0 , VTW :   0.000 , VTD :   0.000 , VTRT :   0.000 )
	cout global : (   0.000	 )
S(i)	 (   C ,     TW0 ,       TW1 ,       VTW ,       Min ,       A ,       W ,       B ,       D ,       L ,       F ,       E ,       Det ,       [Imp ,       Imp]	)
   0 	 (   0 ,    0.000 , 1440.000 ,        0 ,    0.000 ,  369.081 ,    0.000 ,  369.081 ,  369.081 ,    0.000 ,    0.000 ,  369.081 ,    0.000 ,        0 , 	)
  17 	 (   1 ,  265.000 ,  402.376 ,        0 ,   13.183 ,  382.265 ,    0.000 ,  382.265 ,  383.265 ,    0.000 ,    0.000 ,  117.265 ,    2.144 ,        1 , 	)
  12 	 (   3 ,  240.000 ,  480.000 ,        0 ,  272.705 ,  389.969 ,    0.000 ,  389.969 ,  391.969 ,    0.000 ,    0.000 ,  117.265 ,    7.083 ,        2 , 	)
  38 	 (   4 ,  300.000 ,  420.000 ,        0 ,  286.811 ,  404.076 ,    0.000 ,  404.076 ,  405.076 ,    0.000 ,    0.000 ,  104.076 ,    4.191 ,        3 , 	)
  23 	 (   5 ,  300.000 ,  480.000 ,        0 ,  309.932 ,  414.008 ,    0.000 ,  414.008 ,  415.008 ,    0.000 ,    0.000 ,  104.076 ,    3.583 ,        4 , 	)
  85 	 (   4 ,  369.000 ,  429.000 ,        0 ,  324.924 ,  429.000 ,    0.000 ,  429.000 ,  430.000 ,   45.735 ,    0.000 ,   60.000 ,    0.000 ,        5 , 	)
  51 	 (   5 ,  240.000 ,  480.000 ,        0 ,  370.000 ,  430.000 ,   11.901 ,  441.901 ,  442.901 ,    0.000 ,    0.000 ,   71.901 ,    0.000 ,        6 , 	)
  80 	 (   3 ,  308.000 ,  548.000 ,        0 ,  378.892 ,  450.793 ,    0.000 ,  450.793 ,  452.793 ,   58.824 ,    0.000 ,   71.901 ,   12.912 ,        7 , 	)
 106 	 (   2 ,  316.789 ,  505.000 ,        0 ,  402.496 ,  474.398 ,    0.000 ,  474.398 ,  475.398 ,   69.322 ,    0.000 ,   71.901 ,   -0.355 ,        8 , 	)
  44 	 (   6 ,  240.000 ,  480.000 ,        0 ,  408.099 ,  480.000 ,    0.000 ,  480.000 ,  484.000 ,    0.000 ,    0.000 ,   71.901 ,   -2.588 ,        9 , 	)
 119 	 (   5 ,  308.000 ,  548.000 ,        0 ,  428.214 ,  500.116 ,    0.000 ,  500.116 ,  501.116 ,   57.214 ,   33.786 ,   71.901 ,   -1.731 ,       10 , 	)
  91 	 (   4 ,  440.000 ,  620.000 ,        0 ,  468.429 ,  540.331 ,    0.000 ,  540.331 ,  541.331 ,  125.323 ,   61.677 ,   71.901 ,   11.581 ,       11 , 	)
  30 	 (   7 ,  526.000 ,  677.423 ,        0 ,  487.982 ,  559.883 ,   97.772 ,  657.656 ,  660.656 ,    0.000 ,    0.000 ,  131.656 ,    0.236 ,       12 , 	)
  40 	 (   8 ,  480.000 ,  720.000 ,        0 ,  536.833 ,  668.489 ,    0.000 ,  668.489 ,  669.489 ,    0.000 ,    0.000 ,  131.656 ,    6.447 ,       13 , 	)
 112 	 (   4 ,  466.000 ,  706.000 ,        0 ,  543.108 ,  674.764 ,    0.000 ,  674.764 ,  678.764 ,  190.764 ,    0.000 ,  131.656 ,   -0.416 ,       14 , 	)
  98 	 (   1 ,  579.000 ,  699.000 ,        0 ,  567.344 ,  699.000 ,    0.000 ,  699.000 ,  702.000 ,   38.344 ,    0.000 ,  120.000 ,    5.573 ,       15 , 	)
  13 	 (   2 ,  758.000 ,  930.020 ,        0 ,  603.899 ,  723.899 ,   57.675 ,  781.574 ,  782.574 ,    0.000 ,    0.000 ,   23.574 ,    5.160 ,       16 , 	)
 108 	 (   1 ,  571.000 ,  811.000 ,        0 ,  766.914 ,  790.489 ,    0.000 ,  790.489 ,  791.489 ,  121.000 ,    0.000 ,   23.574 ,   -1.101 ,       17 , 	)
  81 	 (   0 ,  842.000 ,  962.000 ,        0 ,  789.879 ,  813.453 ,   28.547 ,  842.000 ,  843.000 ,   59.426 ,   23.574 ,    0.000 ,    4.320 ,       18 , 	)
 137 	 (   0 ,    0.000 , 1440.000 ,        0 ,  846.192 ,  846.192 ,    0.000 ,  846.192 ,  846.192 ,    0.000 ,  593.808 ,    0.000 ,    0.000 ,       19 , 	)

	14 sommets 
	values : ( Cost : 258.635 , TRT : 274.886 , TWT :  52.424 , TD : 373.011 )
	violations : ( VC :       0 , VTW :   0.000 , VTD :   0.000 , VTRT :   0.000 )
	cout global : (   0.000	 )
S(i)	 (   C ,     TW0 ,       TW1 ,       VTW ,       Min ,       A ,       W ,       B ,       D ,       L ,       F ,       E ,       Det ,       [Imp ,       Imp]	)
   0 	 (   0 ,    0.000 , 1440.000 ,        0 ,    0.000 ,  703.761 ,    0.000 ,  703.761 ,  703.761 ,    0.000 ,    0.000 ,  703.761 ,    0.000 ,        0 , 	)
  25 	 (   4 ,  480.000 ,  720.000 ,        0 ,   16.239 ,  720.000 ,    0.000 ,  720.000 ,  724.000 ,    0.000 ,    0.000 ,  240.000 ,   26.506 ,        1 , 	)
  60 	 (   6 ,  720.000 ,  900.000 ,        0 ,  510.053 ,  750.053 ,   52.424 ,  802.477 ,  804.477 ,    0.000 ,    3.199 ,   82.477 ,    5.776 ,        2 , 	)
  93 	 (   2 ,  586.000 ,  826.000 ,        0 ,  740.324 ,  822.801 ,    0.000 ,  822.801 ,  826.801 ,   98.801 ,    3.199 ,   82.477 ,    7.856 ,        3 , 	)
   3 	 (   4 ,  720.000 ,  960.000 ,        0 ,  756.626 ,  839.103 ,    0.000 ,  839.103 ,  841.103 ,    0.000 ,   47.333 ,   82.477 ,    0.217 ,        4 , 	)
  42 	 (   6 ,  780.000 ,  960.000 ,        0 ,  762.263 ,  844.740 ,    0.000 ,  844.740 ,  846.740 ,    0.000 ,    7.967 ,   64.740 ,    1.014 ,        5 , 	)
 128 	 (   4 ,  853.000 ,  973.000 ,        0 ,  788.260 ,  853.000 ,    0.000 ,  853.000 ,  855.000 ,   48.523 ,    7.967 ,    0.000 ,    0.000 ,        6 , 	)
  33 	 (   7 ,  780.000 ,  960.000 ,        0 ,  855.000 ,  855.000 ,    0.000 ,  855.000 ,  858.000 ,    0.000 ,    7.967 ,    0.000 ,    0.000 ,        7 , 	)
  18 	 (   8 ,  775.000 ,  918.897 ,        0 ,  862.632 ,  862.632 ,    0.000 ,  862.632 ,  863.632 ,    0.000 ,    7.967 ,    0.000 ,   -6.220 ,        8 , 	)
 110 	 (   6 ,  837.000 , 1077.000 ,        0 ,  883.949 ,  883.949 ,    0.000 ,  883.949 ,  885.949 ,   37.209 ,    7.967 ,    0.000 ,   -2.392 ,        9 , 	)
  71 	 (   4 ,  767.000 , 1007.000 ,        0 ,  894.136 ,  894.136 ,    0.000 ,  894.136 ,  896.136 ,   53.033 ,    7.967 ,    0.000 ,    5.734 ,       10 , 	)
  86 	 (   3 ,  910.000 ,  970.000 ,        0 ,  922.667 ,  922.667 ,    0.000 ,  922.667 ,  923.667 ,   59.035 ,   47.333 ,    0.000 ,   -3.392 ,       11 , 	)
 101 	 (   0 ,  869.000 , 1109.000 ,        0 ,  934.410 ,  934.410 ,    0.000 ,  934.410 ,  937.410 ,   76.410 ,   79.590 ,    0.000 ,   19.568 ,       12 , 	)
 137 	 (   0 ,    0.000 , 1440.000 ,        0 ,  978.647 ,  978.647 ,    0.000 ,  978.647 ,  978.647 ,    0.000 ,  461.353 ,    0.000 ,    0.000 ,       13 , 	)

	10 sommets 
	values : ( Cost : 227.571 , TRT : 193.371 , TWT :   0.265 , TD : 209.635 )
	violations : ( VC :       0 , VTW :   0.000 , VTD :   0.000 , VTRT :   0.000 )
	cout global : (   0.000	 )
S(i)	 (   C ,     TW0 ,       TW1 ,       VTW ,       Min ,       A ,       W ,       B ,       D ,       L ,       F ,       E ,       Det ,       [Imp ,       Imp]	)
   0 	 (   0 ,    0.000 , 1440.000 ,        0 ,    0.000 ,  612.114 ,    0.000 ,  612.114 ,  612.114 ,    0.000 ,    0.000 ,  612.114 ,    0.000 ,        0 , 	)
  21 	 (   2 ,  480.000 ,  720.000 ,        0 ,   10.199 ,  622.314 ,    0.000 ,  622.314 ,  624.314 ,    0.000 ,    0.000 ,  142.314 ,   18.917 ,        1 , 	)
  46 	 (   4 ,  480.000 ,  660.000 ,        0 ,  499.991 ,  642.305 ,    0.000 ,  642.305 ,  644.305 ,    0.000 ,    0.000 ,  142.314 ,    0.726 ,        2 , 	)
  89 	 (   2 ,  549.000 ,  789.000 ,        0 ,  518.593 ,  660.907 ,    0.000 ,  660.907 ,  662.907 ,   36.593 ,    0.000 ,  111.907 ,    7.333 ,        3 , 	)
 114 	 (   0 ,  545.000 ,  785.000 ,        0 ,  588.605 ,  700.512 ,    0.000 ,  700.512 ,  702.512 ,   56.208 ,    0.000 ,  111.907 ,   22.289 ,        4 , 	)
  24 	 (   3 ,  540.000 ,  720.000 ,        0 ,  608.093 ,  720.000 ,    0.000 ,  720.000 ,  723.000 ,    0.000 ,   -0.000 ,  111.907 ,    0.310 ,        5 , 	)
  19 	 (   7 ,  720.000 ,  960.000 ,        0 ,  621.917 ,  733.824 ,    0.265 ,  734.089 ,  738.089 ,    0.000 ,  114.077 ,   14.089 ,    1.608 ,        6 , 	)
  92 	 (   4 ,  715.000 ,  895.000 ,        0 ,  766.835 ,  780.923 ,    0.000 ,  780.923 ,  783.923 ,   57.923 ,   40.089 ,   14.089 ,   18.815 ,        7 , 	)
  87 	 (   0 ,  797.000 , 1037.000 ,        0 ,  782.911 ,  797.000 ,    0.000 ,  797.000 ,  801.000 ,   58.911 ,   40.089 ,    0.000 ,   -0.410 ,        8 , 	)
 137 	 (   0 ,    0.000 , 1440.000 ,        0 ,  805.485 ,  805.485 ,    0.000 ,  805.485 ,  805.485 ,    0.000 ,  634.515 ,    0.000 ,    0.000 ,        9 , 	)

	14 sommets 
	values : ( Cost : 345.130 , TRT : 283.496 , TWT :   0.000 , TD : 401.486 )
	violations : ( VC :       0 , VTW :   0.000 , VTD :   0.000 , VTRT :   0.000 )
	cout global : (   0.000	 )
S(i)	 (   C ,     TW0 ,       TW1 ,       VTW ,       Min ,       A ,       W ,       B ,       D ,       L ,       F ,       E ,       Det ,       [Imp ,       Imp]	)
   0 	 (   0 ,    0.000 , 1440.000 ,        0 ,    0.000 ,  919.659 ,    0.000 ,  919.659 ,  919.659 ,    0.000 ,   10.013 ,  919.659 ,    0.000 ,        0 , 	)
  39 	 (   1 ,  720.000 ,  960.000 ,        0 ,   11.353 ,  931.011 ,    0.000 ,  931.011 ,  932.011 ,    0.000 ,   10.013 ,  211.011 ,    0.000 ,        1 , 	)
  35 	 (   2 ,  809.000 ,  943.538 ,        0 ,  721.000 ,  932.011 ,    0.000 ,  932.011 ,  933.011 ,    0.000 ,    1.024 ,  123.011 ,    0.000 ,        2 , 	)
 103 	 (   1 ,  929.000 ,  989.000 ,        0 ,  854.462 ,  977.473 ,    0.000 ,  977.473 ,  978.473 ,   44.462 ,    1.024 ,   48.473 ,   44.139 ,        3 , 	)
 107 	 (   0 ,  776.000 , 1016.000 ,        0 ,  957.514 , 1005.987 ,    0.000 , 1005.987 , 1006.987 ,   73.976 ,    1.024 ,   48.473 ,    0.000 ,        4 , 	)
  68 	 (   2 ,  960.000 , 1140.000 ,        0 ,  958.514 , 1006.987 ,    0.000 , 1006.987 , 1008.987 ,    0.000 ,   29.000 ,   46.987 ,    0.000 ,        5 , 	)
  55 	 (   4 ,  960.000 , 1200.000 ,        0 , 1024.856 , 1071.843 ,    0.000 , 1071.843 , 1073.843 ,    0.000 ,   29.000 ,   46.987 ,    4.766 ,        6 , 	)
 136 	 (   2 , 1109.000 , 1349.000 ,        0 , 1062.013 , 1109.000 ,    0.000 , 1109.000 , 1111.000 ,  100.013 ,   29.000 ,    0.000 ,    0.000 ,        7 , 	)
  47 	 (   4 , 1020.000 , 1140.000 ,        0 , 1111.000 , 1111.000 ,    0.000 , 1111.000 , 1113.000 ,    0.000 ,   29.000 ,    0.000 ,    0.000 ,        8 , 	)
  45 	 (   8 ,  960.000 , 1200.000 ,        0 , 1143.305 , 1143.305 ,    0.000 , 1143.305 , 1147.305 ,    0.000 ,   39.051 ,   -0.000 ,   -2.634 ,        9 , 	)
 123 	 (   6 , 1082.000 , 1262.000 ,        0 , 1156.792 , 1156.792 ,    0.000 , 1156.792 , 1158.792 ,   82.949 ,   39.051 ,   -0.000 ,    2.456 ,       10 , 	)
 115 	 (   4 , 1060.183 , 1244.000 ,        0 , 1171.114 , 1171.114 ,    0.000 , 1171.114 , 1173.114 ,   58.114 ,   43.886 ,   -0.000 ,   -4.903 ,       11 , 	)
 113 	 (   0 , 1087.000 , 1267.000 ,        0 , 1189.279 , 1189.279 ,    0.000 , 1189.279 , 1193.279 ,   41.974 ,   77.721 ,   -0.000 ,    2.906 ,       12 , 	)
 137 	 (   0 ,    0.000 , 1440.000 ,        0 , 1203.155 , 1203.155 ,    0.000 , 1203.155 , 1203.155 ,    0.000 ,  236.845 ,   -0.000 ,    0.000 ,       13 , 	)
