10
	VALUE ALL : ( Cost : 3693.553 , TRT : 3573.286 , TWT : 436.178 , TD : 4670.405 )
	VIOLATIONS TOTAL : ( VC :       0 , VTW :   0.000 , VTD :   0.000 , VTRT :   0.000 )
 	COUT_ALL : (   0.003 )  T2B:   15001

	16 sommets 
	values : ( Cost : 465.812 , TRT : 392.235 , TWT :   0.000 , TD : 467.747 )
	violations : ( VC :       0 , VTW :   0.000 , VTD :   0.000 , VTRT :   0.000 )
	cout global : (   0.000	 )
S(i)	 (   C ,     TW0 ,       TW1 ,       VTW ,       Min ,       A ,       W ,       B ,       D ,       L ,       F ,       E ,       Det ,       [Imp ,       Imp]	)
   0 	 (   0 ,    0.000 , 1440.000 ,        0 ,    0.000 ,  876.912 ,    0.000 ,  876.912 ,  876.912 ,    0.000 ,   20.707 ,  876.912 ,    0.000 ,        0 , 	)
  42 	 (   4 ,  720.000 ,  960.000 ,        0 ,   15.971 ,  892.883 ,    0.000 ,  892.883 ,  896.883 ,    0.000 ,   20.707 ,  172.883 ,   12.202 ,        1 , 	)
  28 	 (   7 ,  780.000 ,  960.000 ,        0 ,  745.408 ,  918.291 ,    0.000 ,  918.291 ,  921.291 ,    0.000 ,   20.707 ,  138.291 ,    1.292 ,        2 , 	)
 113 	 (   3 ,  816.000 , 1056.000 ,        0 ,  809.157 ,  947.448 ,    0.000 ,  947.448 ,  951.448 ,   50.565 ,   20.707 ,  131.448 ,    4.507 ,        3 , 	)
  64 	 (   7 ,  960.000 , 1140.000 ,        0 ,  835.227 ,  966.675 ,    0.000 ,  966.675 ,  970.675 ,    0.000 ,   20.707 ,    6.675 ,   20.689 ,        4 , 	)
  99 	 (   4 ,  824.000 , 1064.000 ,        0 ,  980.926 ,  987.601 ,    0.000 ,  987.601 ,  990.601 ,   66.311 ,   20.707 ,    6.675 ,    3.394 ,        5 , 	)
  16 	 (   8 ,  960.000 , 1200.000 ,        0 , 1008.444 , 1015.119 ,    0.000 , 1015.119 , 1019.119 ,    0.000 ,   20.707 ,    6.675 ,    7.936 ,        6 , 	)
  87 	 (   4 , 1032.000 , 1272.000 ,        0 , 1046.783 , 1053.459 ,    0.000 , 1053.459 , 1057.459 ,   34.340 ,   20.707 ,    6.675 ,   -0.151 ,        7 , 	)
  65 	 (   6 ,  996.000 , 1114.148 ,        0 , 1072.724 , 1079.399 ,    0.000 , 1079.399 , 1081.399 ,    0.000 ,   20.707 ,    6.675 ,    9.459 ,        8 , 	)
  12 	 (   8 ,  968.000 , 1200.000 ,        0 , 1080.018 , 1086.693 ,    0.000 , 1086.693 , 1088.693 ,    0.000 ,   20.707 ,    6.675 ,    1.136 ,        9 , 	)
  83 	 (   6 , 1054.000 , 1234.000 ,        0 , 1113.514 , 1120.189 ,    0.000 , 1120.189 , 1122.189 ,   31.495 ,   20.707 ,    6.675 ,    8.895 ,       10 , 	)
 136 	 (   4 , 1091.000 , 1151.000 ,        0 , 1123.618 , 1130.293 ,    0.000 , 1130.293 , 1132.293 ,   48.894 ,   20.707 ,    6.675 ,    7.290 ,       11 , 	)
  13 	 (   6 ,  960.000 , 1200.000 ,        0 , 1166.052 , 1172.727 ,    0.000 , 1172.727 , 1174.727 ,    0.000 ,   27.273 ,    6.675 ,   15.825 ,       12 , 	)
 135 	 (   2 , 1183.000 , 1303.000 ,        0 , 1176.325 , 1183.000 ,    0.000 , 1183.000 , 1187.000 ,  212.325 ,   41.675 ,    0.000 ,    0.698 ,       13 , 	)
  84 	 (   0 , 1012.000 , 1252.000 ,        0 , 1198.544 , 1198.544 ,    0.000 , 1198.544 , 1200.544 ,   23.817 ,   53.183 ,   -0.000 ,   10.621 ,       14 , 	)
 143 	 (   0 ,    0.000 , 1440.000 ,        0 , 1269.147 , 1269.147 ,    0.000 , 1269.147 , 1269.147 ,    0.000 ,  170.853 ,   -0.000 ,    0.000 ,       15 , 	)

	14 sommets 
	values : ( Cost : 314.595 , TRT : 268.538 , TWT :   0.000 , TD : 254.523 )
	violations : ( VC :       0 , VTW :   0.000 , VTD :   0.000 , VTRT :   0.000 )
	cout global : (   0.000	 )
S(i)	 (   C ,     TW0 ,       TW1 ,       VTW ,       Min ,       A ,       W ,       B ,       D ,       L ,       F ,       E ,       Det ,       [Imp ,       Imp]	)
   0 	 (   0 ,    0.000 , 1440.000 ,        0 ,    0.000 ,  714.330 ,    0.000 ,  714.330 ,  714.330 ,    0.000 ,    6.211 ,  714.330 ,    0.000 ,        0 , 	)
  59 	 (   4 ,  720.000 ,  900.000 ,        0 ,   31.185 ,  745.515 ,    0.000 ,  745.515 ,  749.515 ,    0.000 ,    6.211 ,   25.515 ,   -3.554 ,        1 , 	)
   3 	 (   7 ,  720.000 ,  780.000 ,        0 ,  740.588 ,  766.103 ,    0.000 ,  766.103 ,  769.103 ,    0.000 ,    6.211 ,   25.515 ,   -0.262 ,        2 , 	)
  74 	 (   4 ,  737.897 ,  823.000 ,        0 ,  758.485 ,  784.000 ,    0.000 ,  784.000 ,  787.000 ,   14.897 ,    6.211 ,   25.515 ,    0.000 ,        3 , 	)
 130 	 (   0 ,  787.000 ,  967.000 ,        0 ,  761.485 ,  787.000 ,    0.000 ,  787.000 ,  791.000 ,   37.485 ,    6.211 ,    0.000 ,    0.000 ,        4 , 	)
  61 	 (   2 ,  720.000 ,  960.000 ,        0 ,  845.298 ,  845.298 ,    0.000 ,  845.298 ,  847.298 ,    0.000 ,    6.211 ,    0.000 ,    1.417 ,        5 , 	)
  36 	 (   5 ,  780.000 ,  960.000 ,        0 ,  854.993 ,  854.993 ,    0.000 ,  854.993 ,  857.993 ,    0.000 ,    6.211 ,    0.000 ,    0.526 ,        6 , 	)
   9 	 (   8 ,  720.000 ,  960.000 ,        0 ,  860.094 ,  860.094 ,    0.000 ,  860.094 ,  863.094 ,    0.000 ,    6.211 ,    0.000 ,    2.060 ,        7 , 	)
 107 	 (   5 ,  796.983 , 1001.000 ,        0 ,  877.036 ,  877.036 ,    0.000 ,  877.036 ,  880.036 ,   19.043 ,    6.211 ,    0.000 ,    9.331 ,        8 , 	)
  60 	 (   6 ,  720.000 ,  900.000 ,        0 ,  893.789 ,  893.789 ,    0.000 ,  893.789 ,  894.789 ,    0.000 ,    6.211 ,    0.000 ,   -0.745 ,        9 , 	)
 132 	 (   4 ,  776.000 , 1016.000 ,        0 ,  901.386 ,  901.386 ,    0.000 ,  901.386 ,  903.386 ,   54.088 ,   19.912 ,    0.000 ,    0.522 ,       10 , 	)
  80 	 (   1 ,  810.000 , 1050.000 ,        0 ,  928.954 ,  928.954 ,    0.000 ,  928.954 ,  931.954 ,   65.860 ,   45.850 ,    0.000 ,   16.708 ,       11 , 	)
 131 	 (   0 ,  772.000 , 1010.000 ,        0 ,  957.940 ,  957.940 ,    0.000 ,  957.940 ,  958.940 ,   63.150 ,   45.850 ,    0.000 ,   -0.546 ,       12 , 	)
 143 	 (   0 ,    0.000 , 1440.000 ,        0 ,  982.868 ,  982.868 ,    0.000 ,  982.868 ,  982.868 ,    0.000 ,  457.132 ,    0.000 ,    0.000 ,       13 , 	)

	24 sommets 
	values : ( Cost : 525.998 , TRT : 475.915 , TWT :  34.428 , TD : 1009.779 )
	violations : ( VC :       0 , VTW :   0.000 , VTD :   0.000 , VTRT :   0.000 )
	cout global : (   0.000	 )
S(i)	 (   C ,     TW0 ,       TW1 ,       VTW ,       Min ,       A ,       W ,       B ,       D ,       L ,       F ,       E ,       Det ,       [Imp ,       Imp]	)
   0 	 (   0 ,    0.000 , 1440.000 ,        0 ,    0.000 ,  271.459 ,    0.000 ,  271.459 ,  271.459 ,    0.000 ,    0.000 ,  271.459 ,    0.000 ,        0 , 	)
  37 	 (   1 ,  302.000 ,  430.304 ,        0 ,   65.945 ,  337.404 ,    0.000 ,  337.404 ,  338.404 ,    0.000 ,    0.000 ,   35.404 ,    0.824 ,        1 , 	)
  56 	 (   5 ,  300.000 ,  480.000 ,        0 ,  306.356 ,  341.759 ,    0.000 ,  341.759 ,  345.759 ,    0.000 ,    0.000 ,   35.404 ,    2.459 ,        2 , 	)
  19 	 (   8 ,  240.000 ,  480.000 ,        0 ,  318.981 ,  354.385 ,    0.000 ,  354.385 ,  357.385 ,    0.000 ,    0.000 ,   35.404 ,    1.841 ,        3 , 	)
 127 	 (   4 ,  319.235 ,  525.000 ,        0 ,  330.432 ,  365.835 ,    0.000 ,  365.835 ,  369.835 ,   20.076 ,    0.000 ,   35.404 ,    6.130 ,        4 , 	)
  38 	 (   6 ,  240.000 ,  420.000 ,        0 ,  339.399 ,  374.803 ,    0.000 ,  374.803 ,  376.803 ,    0.000 ,    0.000 ,   35.404 ,   -0.731 ,        5 , 	)
  90 	 (   3 ,  299.000 ,  539.000 ,        0 ,  376.822 ,  412.226 ,    0.000 ,  412.226 ,  415.226 ,   54.841 ,    0.000 ,   35.404 ,    2.507 ,        6 , 	)
   4 	 (   4 ,  240.000 ,  420.000 ,        0 ,  383.596 ,  419.000 ,    0.000 ,  419.000 ,  420.000 ,    0.000 ,    0.000 ,   35.404 ,    0.000 ,        7 , 	)
  10 	 (   6 ,  240.000 ,  420.000 ,        0 ,  384.596 ,  420.000 ,    0.000 ,  420.000 ,  422.000 ,    0.000 ,    0.000 ,   35.404 ,    0.000 ,        8 , 	)
 108 	 (   5 ,  412.000 ,  472.000 ,        0 ,  394.505 ,  429.908 ,    0.000 ,  429.908 ,  430.908 ,   91.505 ,   17.495 ,   17.908 ,    0.596 ,        9 , 	)
  66 	 (   7 ,  300.000 ,  480.000 ,        0 ,  430.505 ,  448.413 ,   31.587 ,  480.000 ,  482.000 ,    0.000 ,    0.000 ,   49.495 ,    5.841 ,       10 , 	)
  81 	 (   5 ,  306.000 ,  546.000 ,        0 ,  449.223 ,  498.719 ,    0.000 ,  498.719 ,  500.719 ,   76.719 ,    2.174 ,   49.495 ,    2.578 ,       11 , 	)
 109 	 (   3 ,  356.000 ,  536.000 ,        0 ,  464.510 ,  514.005 ,    0.000 ,  514.005 ,  516.005 ,  137.202 ,    2.174 ,   49.495 ,    4.992 ,       12 , 	)
  67 	 (   5 ,  480.000 ,  660.000 ,        0 ,  511.994 ,  561.489 ,    2.174 ,  563.663 ,  565.663 ,    0.000 ,    0.000 ,   51.669 ,    3.207 ,       13 , 	)
 137 	 (   3 ,  412.000 ,  652.000 ,        0 ,  520.781 ,  572.450 ,    0.000 ,  572.450 ,  574.450 ,   90.450 ,    0.000 ,   51.669 ,    1.085 ,       14 , 	)
  70 	 (   4 ,  480.000 ,  720.000 ,        0 ,  526.601 ,  578.270 ,    0.000 ,  578.270 ,  579.270 ,    0.000 ,    0.000 ,   51.669 ,    1.650 ,       15 , 	)
  75 	 (   3 ,  346.000 ,  586.000 ,        0 ,  534.331 ,  586.000 ,    0.000 ,  586.000 ,  587.000 ,  166.000 ,    0.000 ,   51.669 ,    1.993 ,       16 , 	)
  23 	 (   6 ,  527.000 ,  683.241 ,        0 ,  536.996 ,  588.665 ,    0.667 ,  589.332 ,  592.332 ,    0.000 ,   10.265 ,   52.336 ,    1.338 ,       17 , 	)
  68 	 (   8 ,  600.000 ,  660.000 ,        0 ,  547.664 ,  600.000 ,    0.000 ,  600.000 ,  602.000 ,    0.000 ,   10.265 ,    0.000 ,    6.862 ,       18 , 	)
  94 	 (   5 ,  602.000 ,  722.000 ,        0 ,  636.953 ,  636.953 ,    0.000 ,  636.953 ,  639.953 ,   44.621 ,   10.265 ,    0.000 ,    1.344 ,       19 , 	)
 138 	 (   3 ,  538.000 ,  767.000 ,        0 ,  660.398 ,  660.398 ,    0.000 ,  660.398 ,  662.398 ,   94.735 ,   10.265 ,    0.000 ,   20.596 ,       20 , 	)
 139 	 (   1 ,  659.202 ,  815.000 ,        0 ,  694.831 ,  694.831 ,    0.000 ,  694.831 ,  696.831 ,   92.831 ,   60.169 ,    0.000 ,    2.130 ,       21 , 	)
 141 	 (   0 ,  661.000 ,  841.000 ,        0 ,  720.069 ,  720.069 ,    0.000 ,  720.069 ,  721.069 ,  140.799 ,  101.201 ,    0.000 ,    8.645 ,       22 , 	)
 143 	 (   0 ,    0.000 , 1440.000 ,        0 ,  747.374 ,  747.374 ,    0.000 ,  747.374 ,  747.374 ,    0.000 ,  692.626 ,    0.000 ,    0.000 ,       23 , 	)

	14 sommets 
	values : ( Cost : 316.931 , TRT : 328.839 , TWT :  64.545 , TD : 426.733 )
	violations : ( VC :       0 , VTW :   0.000 , VTD :   0.000 , VTRT :   0.000 )
	cout global : (   0.000	 )
S(i)	 (   C ,     TW0 ,       TW1 ,       VTW ,       Min ,       A ,       W ,       B ,       D ,       L ,       F ,       E ,       Det ,       [Imp ,       Imp]	)
   0 	 (   0 ,    0.000 , 1440.000 ,        0 ,    0.000 ,  692.721 ,    0.000 ,  692.721 ,  692.721 ,    0.000 ,    0.000 ,  692.721 ,    0.000 ,        0 , 	)
  34 	 (   1 ,  555.000 ,  709.476 ,        0 ,    9.423 ,  702.144 ,    0.000 ,  702.144 ,  703.144 ,    0.000 ,    0.000 ,  147.144 ,   14.748 ,        1 , 	)
  45 	 (   5 ,  720.000 ,  960.000 ,        0 ,  577.786 ,  724.930 ,    0.000 ,  724.930 ,  728.930 ,    0.000 ,    0.000 ,    4.930 ,    3.332 ,        2 , 	)
 105 	 (   4 ,  611.000 ,  731.000 ,        0 ,  726.070 ,  731.000 ,    0.000 ,  731.000 ,  732.000 ,   27.856 ,    0.000 ,    4.930 ,    0.600 ,        3 , 	)
  50 	 (   7 ,  720.000 ,  840.000 ,        0 ,  787.607 ,  792.537 ,   47.463 ,  840.000 ,  843.000 ,    0.000 ,    0.000 ,   52.393 ,    2.486 ,        4 , 	)
 116 	 (   3 ,  855.000 , 1095.000 ,        0 ,  797.326 ,  849.720 ,    5.280 ,  855.000 ,  859.000 ,  126.070 ,   30.989 ,    0.000 ,    0.000 ,        5 , 	)
  51 	 (   5 ,  840.000 ,  960.000 ,        0 ,  859.000 ,  859.000 ,   11.801 ,  870.802 ,  872.802 ,    0.000 ,   19.187 ,   11.801 ,    0.000 ,        6 , 	)
  52 	 (   7 ,  720.000 ,  900.000 ,        0 ,  869.011 ,  880.813 ,    0.000 ,  880.813 ,  882.813 ,    0.000 ,   19.187 ,   11.801 ,    0.194 ,        7 , 	)
  11 	 (   8 ,  720.000 ,  960.000 ,        0 ,  881.293 ,  893.095 ,    0.000 ,  893.095 ,  894.095 ,    0.000 ,   51.638 ,   11.801 ,   -0.007 ,        8 , 	)
 123 	 (   6 ,  764.000 , 1000.000 ,        0 ,  908.477 ,  920.278 ,    0.000 ,  920.278 ,  922.278 ,   37.465 ,   50.219 ,   11.801 ,    6.200 ,        9 , 	)
 122 	 (   4 ,  928.000 , 1108.000 ,        0 ,  916.199 ,  928.000 ,    0.000 ,  928.000 ,  930.000 ,   55.199 ,   50.219 ,    0.000 ,    3.732 ,       10 , 	)
 121 	 (   1 ,  783.576 , 1005.000 ,        0 ,  953.362 ,  953.362 ,    0.000 ,  953.362 ,  956.362 ,  110.362 ,   50.219 ,    0.000 ,   10.417 ,       11 , 	)
  82 	 (   0 ,  840.000 , 1020.000 ,        0 ,  963.876 ,  963.876 ,    0.000 ,  963.876 ,  964.876 ,   69.781 ,   50.219 ,    0.000 ,    0.596 ,       12 , 	)
 143 	 (   0 ,    0.000 , 1440.000 ,        0 , 1021.560 , 1021.560 ,    0.000 , 1021.560 , 1021.560 ,    0.000 ,  418.440 ,    0.000 ,    0.000 ,       13 , 	)

	12 sommets 
	values : ( Cost : 228.419 , TRT : 238.063 , TWT :  44.320 , TD : 312.393 )
	violations : ( VC :       0 , VTW :   0.000 , VTD :   0.000 , VTRT :   0.000 )
	cout global : (   0.000	 )
S(i)	 (   C ,     TW0 ,       TW1 ,       VTW ,       Min ,       A ,       W ,       B ,       D ,       L ,       F ,       E ,       Det ,       [Imp ,       Imp]	)
   0 	 (   0 ,    0.000 , 1440.000 ,        0 ,    0.000 ,  341.221 ,    0.000 ,  341.221 ,  341.221 ,    0.000 ,    0.000 ,  341.221 ,    0.000 ,        0 , 	)
  21 	 (   2 ,  240.000 ,  480.000 ,        0 ,   32.811 ,  374.032 ,    0.000 ,  374.032 ,  376.032 ,    0.000 ,    0.000 ,  134.032 ,   -4.469 ,        1 , 	)
  27 	 (   3 ,  298.000 ,  427.711 ,        0 ,  249.811 ,  383.843 ,    0.000 ,  383.843 ,  384.843 ,    0.000 ,    0.000 ,   85.843 ,    3.138 ,        2 , 	)
  98 	 (   2 ,  392.000 ,  452.000 ,        0 ,  322.289 ,  408.132 ,    0.000 ,  408.132 ,  409.132 ,   23.289 ,    0.000 ,   16.132 ,   -1.795 ,        3 , 	)
  48 	 (   4 ,  300.000 ,  420.000 ,        0 ,  403.868 ,  420.000 ,    0.000 ,  420.000 ,  422.000 ,    0.000 ,    0.000 ,   16.132 ,   -2.381 ,        4 , 	)
  92 	 (   2 ,  324.000 ,  564.000 ,        0 ,  413.650 ,  429.781 ,    0.000 ,  429.781 ,  431.781 ,   53.750 ,    8.665 ,   16.132 ,   -0.252 ,        5 , 	)
  24 	 (   6 ,  240.000 ,  480.000 ,        0 ,  419.671 ,  435.802 ,    8.665 ,  444.468 ,  448.468 ,    0.000 ,    0.000 ,   24.797 ,    7.737 ,        6 , 	)
  18 	 (   8 ,  269.000 ,  463.577 ,        0 ,  432.829 ,  457.626 ,    0.000 ,  457.626 ,  459.626 ,    0.000 ,    0.000 ,   24.797 ,    2.036 ,        7 , 	)
 119 	 (   6 ,  367.000 ,  547.000 ,        0 ,  467.652 ,  492.449 ,    0.000 ,  492.449 ,  494.449 ,   70.449 ,    0.000 ,   24.797 ,    3.951 ,        8 , 	)
  89 	 (   4 ,  390.000 ,  510.000 ,        0 ,  485.203 ,  510.000 ,    0.000 ,  510.000 ,  512.000 ,   50.374 ,    0.000 ,   24.797 ,   -8.535 ,        9 , 	)
  95 	 (   0 ,  563.000 ,  623.000 ,        0 ,  502.549 ,  527.346 ,   35.654 ,  563.000 ,  567.000 ,  114.532 ,   60.000 ,    0.000 ,   -0.414 ,       10 , 	)
 143 	 (   0 ,    0.000 , 1440.000 ,        0 ,  579.284 ,  579.284 ,    0.000 ,  579.284 ,  579.284 ,    0.000 ,  860.716 ,    0.000 ,    0.000 ,       11 , 	)

	18 sommets 
	values : ( Cost : 458.060 , TRT : 392.406 , TWT :   0.000 , TD : 512.747 )
	violations : ( VC :       0 , VTW :   0.000 , VTD :   0.000 , VTRT :   0.000 )
	cout global : (   0.000	 )
S(i)	 (   C ,     TW0 ,       TW1 ,       VTW ,       Min ,       A ,       W ,       B ,       D ,       L ,       F ,       E ,       Det ,       [Imp ,       Imp]	)
   0 	 (   0 ,    0.000 , 1440.000 ,        0 ,    0.000 ,  549.838 ,    0.000 ,  549.838 ,  549.838 ,    0.000 ,   16.721 ,  549.838 ,    0.000 ,        0 , 	)
  35 	 (   2 ,  480.000 ,  720.000 ,        0 ,   22.306 ,  572.144 ,    0.000 ,  572.144 ,  574.144 ,    0.000 ,   16.721 ,   92.144 ,   21.629 ,        1 , 	)
  15 	 (   5 ,  540.000 ,  720.000 ,        0 ,  505.251 ,  597.395 ,    0.000 ,  597.395 ,  600.395 ,    0.000 ,   16.721 ,   57.395 ,    9.033 ,        2 , 	)
 106 	 (   3 ,  580.000 ,  820.000 ,        0 ,  578.247 ,  635.642 ,    0.000 ,  635.642 ,  637.642 ,   61.498 ,   16.721 ,   55.642 ,    8.471 ,        3 , 	)
  17 	 (   6 ,  577.000 ,  692.611 ,        0 ,  602.018 ,  657.660 ,    0.000 ,  657.660 ,  660.660 ,    0.000 ,   16.721 ,   55.642 ,   14.714 ,        4 , 	)
  88 	 (   3 ,  669.000 ,  729.000 ,        0 ,  638.407 ,  694.049 ,    0.000 ,  694.049 ,  697.049 ,   33.389 ,   16.721 ,   25.049 ,   40.947 ,        5 , 	)
  86 	 (   0 ,  733.000 ,  913.000 ,        0 ,  707.951 ,  733.000 ,    0.000 ,  733.000 ,  736.000 ,  132.605 ,   16.721 ,    0.000 ,    8.942 ,        6 , 	)
  69 	 (   4 ,  720.000 ,  780.000 ,        0 ,  744.256 ,  744.256 ,    0.000 ,  744.256 ,  748.256 ,    0.000 ,   16.721 ,    0.000 ,    2.720 ,        7 , 	)
  20 	 (   8 ,  720.000 ,  900.000 ,        0 ,  753.153 ,  753.153 ,    0.000 ,  753.153 ,  757.153 ,    0.000 ,   16.721 ,    0.000 ,    0.365 ,        8 , 	)
 140 	 (   4 ,  772.579 ,  914.000 ,        0 ,  801.199 ,  801.199 ,    0.000 ,  801.199 ,  805.199 ,   52.944 ,   16.721 ,    0.000 ,    4.461 ,        9 , 	)
  91 	 (   0 ,  778.000 , 1018.000 ,        0 ,  808.252 ,  808.252 ,    0.000 ,  808.252 ,  812.252 ,   51.098 ,   16.721 ,    0.000 ,    0.000 ,       10 , 	)
  55 	 (   4 ,  720.000 ,  900.000 ,        0 ,  812.252 ,  812.252 ,    0.000 ,  812.252 ,  816.252 ,    0.000 ,   16.721 ,    0.000 ,    0.000 ,       11 , 	)
   2 	 (   7 ,  720.000 ,  960.000 ,        0 ,  833.756 ,  833.756 ,    0.000 ,  833.756 ,  836.756 ,    0.000 ,   16.721 ,    0.000 ,   20.871 ,       12 , 	)
  73 	 (   4 ,  809.000 , 1049.000 ,        0 ,  880.279 ,  880.279 ,    0.000 ,  880.279 ,  883.279 ,   43.523 ,   16.721 ,    0.000 ,    0.000 ,       13 , 	)
  14 	 (   5 ,  720.000 ,  900.000 ,        0 ,  883.279 ,  883.279 ,    0.000 ,  883.279 ,  884.279 ,    0.000 ,   16.721 ,    0.000 ,    0.000 ,       14 , 	)
 126 	 (   1 ,  820.000 , 1000.000 ,        0 ,  914.828 ,  914.828 ,    0.000 ,  914.828 ,  918.828 ,   98.576 ,   30.424 ,    0.000 ,    1.070 ,       15 , 	)
  85 	 (   0 ,  788.000 ,  968.000 ,        0 ,  923.392 ,  923.392 ,    0.000 ,  923.392 ,  924.392 ,   39.114 ,   44.608 ,    0.000 ,    1.046 ,       16 , 	)
 143 	 (   0 ,    0.000 , 1440.000 ,        0 ,  942.244 ,  942.244 ,    0.000 ,  942.244 ,  942.244 ,    0.000 ,  497.756 ,    0.000 ,    0.000 ,       17 , 	)

	16 sommets 
	values : ( Cost : 316.363 , TRT : 267.867 , TWT :   0.000 , TD : 418.162 )
	violations : ( VC :       0 , VTW :   0.000 , VTD :   0.000 , VTRT :   0.000 )
	cout global : (   0.000	 )
S(i)	 (   C ,     TW0 ,       TW1 ,       VTW ,       Min ,       A ,       W ,       B ,       D ,       L ,       F ,       E ,       Det ,       [Imp ,       Imp]	)
   0 	 (   0 ,    0.000 , 1440.000 ,        0 ,    0.000 ,  238.628 ,    0.000 ,  238.628 ,  238.628 ,    0.000 ,   31.030 ,  238.628 ,    0.000 ,        0 , 	)
  26 	 (   2 ,  240.000 ,  480.000 ,        0 ,   15.303 ,  253.931 ,    0.000 ,  253.931 ,  255.931 ,    0.000 ,   31.030 ,   13.931 ,   13.353 ,        1 , 	)
  29 	 (   3 ,  300.000 ,  480.000 ,        0 ,  298.430 ,  312.361 ,    0.000 ,  312.361 ,  313.361 ,    0.000 ,   31.030 ,   12.361 ,   14.639 ,        2 , 	)
  71 	 (   6 ,  240.000 ,  480.000 ,        0 ,  320.950 ,  333.311 ,    0.000 ,  333.311 ,  336.311 ,    0.000 ,   31.030 ,   12.361 ,    1.268 ,        3 , 	)
 100 	 (   5 ,  365.000 ,  605.000 ,        0 ,  352.639 ,  365.000 ,    0.000 ,  365.000 ,  366.000 ,   51.639 ,   31.030 ,    0.000 ,   -0.032 ,        4 , 	)
 142 	 (   2 ,  318.000 ,  558.000 ,        0 ,  375.621 ,  375.621 ,    0.000 ,  375.621 ,  378.621 ,   39.310 ,   31.030 ,    0.000 ,    1.871 ,        5 , 	)
   1 	 (   4 ,  240.000 ,  420.000 ,        0 ,  388.970 ,  388.970 ,    0.000 ,  388.970 ,  390.970 ,    0.000 ,   31.030 ,    0.000 ,   14.181 ,        6 , 	)
  25 	 (   8 ,  240.000 ,  480.000 ,        0 ,  398.957 ,  398.957 ,    0.000 ,  398.957 ,  402.957 ,    0.000 ,   40.328 ,    0.000 ,    0.943 ,        7 , 	)
  97 	 (   6 ,  391.000 ,  631.000 ,        0 ,  405.805 ,  405.805 ,    0.000 ,  405.805 ,  407.805 ,  149.874 ,   40.328 ,    0.000 ,    0.000 ,        8 , 	)
   6 	 (   7 ,  261.000 ,  459.794 ,        0 ,  407.805 ,  407.805 ,    0.000 ,  407.805 ,  408.805 ,    0.000 ,   40.328 ,    0.000 ,    0.000 ,        9 , 	)
  77 	 (   6 ,  292.000 ,  472.000 ,        0 ,  420.011 ,  420.011 ,    0.000 ,  420.011 ,  421.011 ,   11.206 ,   18.794 ,    0.000 ,    2.074 ,       10 , 	)
  43 	 (   8 ,  240.000 ,  480.000 ,        0 ,  424.367 ,  424.367 ,    0.000 ,  424.367 ,  426.367 ,    0.000 ,   40.328 ,    0.000 ,    1.054 ,       11 , 	)
  72 	 (   6 ,  281.000 ,  516.000 ,        0 ,  444.642 ,  444.642 ,    0.000 ,  444.642 ,  446.642 ,   53.672 ,   40.328 ,    0.000 ,   -4.011 ,       12 , 	)
 114 	 (   4 ,  332.000 ,  572.000 ,        0 ,  469.892 ,  469.892 ,    0.000 ,  469.892 ,  471.892 ,   43.526 ,   69.065 ,    0.000 ,    0.000 ,       13 , 	)
  96 	 (   0 ,  376.000 ,  556.000 ,        0 ,  471.892 ,  471.892 ,    0.000 ,  471.892 ,  475.892 ,   68.935 ,   69.065 ,    0.000 ,    0.000 ,       14 , 	)
 143 	 (   0 ,    0.000 , 1440.000 ,        0 ,  506.495 ,  506.495 ,    0.000 ,  506.495 ,  506.495 ,    0.000 ,  933.505 ,    0.000 ,    0.000 ,       15 , 	)

	18 sommets 
	values : ( Cost : 333.555 , TRT : 448.321 , TWT : 153.528 , TD : 381.768 )
	violations : ( VC :       0 , VTW :   0.000 , VTD :   0.000 , VTRT :   0.000 )
	cout global : (   0.000	 )
S(i)	 (   C ,     TW0 ,       TW1 ,       VTW ,       Min ,       A ,       W ,       B ,       D ,       L ,       F ,       E ,       Det ,       [Imp ,       Imp]	)
   0 	 (   0 ,    0.000 , 1440.000 ,        0 ,    0.000 ,  710.577 ,    0.000 ,  710.577 ,  710.577 ,    0.000 ,    0.000 ,  710.577 ,    0.000 ,        0 , 	)
  62 	 (   3 ,  600.000 ,  720.000 ,        0 ,    9.423 ,  720.000 ,    0.000 ,  720.000 ,  723.000 ,    0.000 ,    0.000 ,  120.000 ,    3.816 ,        1 , 	)
   8 	 (   7 ,  720.000 ,  960.000 ,        0 ,  609.419 ,  729.419 ,   49.450 ,  778.869 ,  782.869 ,    0.000 ,    0.000 ,   58.869 ,    9.022 ,        2 , 	)
  31 	 (   8 ,  720.000 ,  960.000 ,        0 ,  738.334 ,  797.203 ,    0.000 ,  797.203 ,  798.203 ,    0.000 ,    0.000 ,   58.869 ,   -0.325 ,        3 , 	)
  79 	 (   4 ,  771.000 , 1011.000 ,        0 ,  748.614 ,  807.483 ,    0.000 ,  807.483 ,  811.483 ,   24.614 ,    0.000 ,   36.483 ,    4.625 ,        4 , 	)
  40 	 (   8 ,  720.000 ,  960.000 ,        0 ,  777.341 ,  813.825 ,    0.000 ,  813.825 ,  817.825 ,    0.000 ,    0.000 ,   36.483 ,    2.486 ,        5 , 	)
 133 	 (   5 ,  622.708 ,  828.000 ,        0 ,  791.517 ,  828.000 ,    0.000 ,  828.000 ,  831.000 ,  105.000 ,    0.000 ,   36.483 ,   -4.629 ,        6 , 	)
 102 	 (   4 ,  775.000 , 1015.000 ,        0 ,  802.566 ,  839.050 ,    0.000 ,  839.050 ,  840.050 ,   40.847 ,    2.093 ,   36.483 ,    0.746 ,        7 , 	)
 111 	 (   0 ,  773.000 , 1013.000 ,        0 ,  809.439 ,  845.923 ,    0.000 ,  845.923 ,  849.923 ,   28.098 ,    2.093 ,   36.483 ,   -2.804 ,        8 , 	)
  47 	 (   2 ,  723.000 ,  900.000 ,        0 ,  858.524 ,  895.008 ,    2.093 ,  897.101 ,  899.101 ,    0.000 ,    0.000 ,   38.577 ,    0.365 ,        9 , 	)
  41 	 (   4 ,  780.000 ,  960.000 ,        0 ,  863.523 ,  902.100 ,    0.000 ,  902.100 ,  904.100 ,    0.000 ,    0.000 ,   38.577 ,    5.626 ,       10 , 	)
  44 	 (   7 ,  744.000 ,  951.382 ,        0 ,  874.065 ,  912.642 ,    0.000 ,  912.642 ,  915.642 ,    0.000 ,    0.000 ,   38.577 ,    0.808 ,       11 , 	)
 118 	 (   5 ,  830.000 ,  950.000 ,        0 ,  911.423 ,  950.000 ,    0.000 ,  950.000 ,  952.000 ,   50.899 ,    0.000 ,   38.577 ,    0.000 ,       12 , 	)
 112 	 (   3 ,  835.000 , 1074.000 ,        0 ,  913.423 ,  952.000 ,    0.000 ,  952.000 ,  954.000 ,   47.900 ,   38.173 ,   38.577 ,    0.000 ,       13 , 	)
 115 	 (   0 ,  887.000 , 1007.000 ,        0 ,  930.250 ,  968.827 ,    0.000 ,  968.827 ,  971.827 ,   53.185 ,   38.173 ,   38.577 ,    1.863 ,       14 , 	)
  46 	 (   3 , 1028.000 , 1140.775 ,        0 ,  940.214 ,  978.791 ,  101.984 , 1080.775 , 1083.775 ,    0.000 ,   60.000 ,   52.775 ,    2.750 ,       15 , 	)
 117 	 (   0 , 1115.000 , 1175.000 ,        0 , 1062.225 , 1115.000 ,    0.000 , 1115.000 , 1118.000 ,   31.225 ,   52.775 ,    0.000 ,   55.389 ,       16 , 	)
 143 	 (   0 ,    0.000 , 1440.000 ,        0 , 1158.898 , 1158.898 ,    0.000 , 1158.898 , 1158.898 ,    0.000 ,  281.102 ,    0.000 ,    0.000 ,       17 , 	)

	16 sommets 
	values : ( Cost : 349.949 , TRT : 386.892 , TWT :  73.773 , TD : 370.405 )
	violations : ( VC :       0 , VTW :   0.000 , VTD :   0.000 , VTRT :   0.000 )
	cout global : (   0.000	 )
S(i)	 (   C ,     TW0 ,       TW1 ,       VTW ,       Min ,       A ,       W ,       B ,       D ,       L ,       F ,       E ,       Det ,       [Imp ,       Imp]	)
   0 	 (   0 ,    0.000 , 1440.000 ,        0 ,    0.000 ,  245.943 ,    0.000 ,  245.943 ,  245.943 ,    0.000 ,    0.000 ,  245.943 ,    0.000 ,        0 , 	)
  58 	 (   1 ,  240.000 ,  480.000 ,        0 ,    9.010 ,  254.953 ,    0.000 ,  254.953 ,  255.953 ,    0.000 ,    0.000 ,   14.953 ,    6.612 ,        1 , 	)
  57 	 (   5 ,  240.000 ,  480.000 ,        0 ,  288.284 ,  303.237 ,    0.000 ,  303.237 ,  307.237 ,    0.000 ,    0.000 ,   14.953 ,   58.291 ,        2 , 	)
 129 	 (   4 ,  364.000 ,  544.000 ,        0 ,  349.955 ,  364.908 ,    0.000 ,  364.908 ,  365.908 ,  108.955 ,    0.000 ,    0.908 ,    3.978 ,        3 , 	)
   5 	 (   8 ,  240.000 ,  480.000 ,        0 ,  379.168 ,  380.075 ,    0.000 ,  380.075 ,  384.075 ,    0.000 ,    0.000 ,    0.908 ,    0.000 ,        4 , 	)
 128 	 (   4 ,  379.000 ,  619.000 ,        0 ,  383.168 ,  384.075 ,    0.000 ,  384.075 ,  388.075 ,   76.838 ,    0.000 ,    0.908 ,    0.000 ,        5 , 	)
  76 	 (   0 ,  271.000 ,  511.000 ,        0 ,  400.990 ,  401.898 ,    0.000 ,  401.898 ,  405.898 ,   17.823 ,    0.000 ,    0.908 ,    0.984 ,        6 , 	)
  39 	 (   4 ,  300.000 ,  433.238 ,        0 ,  419.486 ,  420.394 ,    0.000 ,  420.394 ,  424.394 ,    0.000 ,    0.000 ,    0.908 ,    0.000 ,        7 , 	)
  53 	 (   8 ,  240.000 ,  480.000 ,        0 ,  423.486 ,  424.394 ,    0.000 ,  424.394 ,  428.394 ,    0.000 ,    0.000 ,    0.908 ,    0.000 ,        8 , 	)
 110 	 (   4 ,  421.000 ,  481.000 ,        0 ,  471.248 ,  472.156 ,    0.000 ,  472.156 ,  476.156 ,   47.762 ,    0.000 ,    0.908 ,    0.145 ,        9 , 	)
   7 	 (   8 ,  300.000 ,  480.000 ,        0 ,  479.092 ,  480.000 ,    0.000 ,  480.000 ,  484.000 ,    0.000 ,    0.000 ,    0.908 ,    1.041 ,       10 , 	)
 124 	 (   4 ,  369.000 ,  609.000 ,        0 ,  500.690 ,  501.598 ,    0.000 ,  501.598 ,  505.598 ,   73.204 ,   63.002 ,    0.908 ,    2.073 ,       11 , 	)
  78 	 (   0 ,  337.000 ,  577.000 ,        0 ,  513.090 ,  513.998 ,    0.000 ,  513.998 ,  517.998 ,   29.998 ,   63.002 ,    0.908 ,   -3.150 ,       12 , 	)
  49 	 (   4 ,  600.000 ,  660.000 ,        0 ,  525.320 ,  526.227 ,   73.773 ,  600.000 ,  604.000 ,    0.000 ,   60.000 ,    0.000 ,    5.287 ,       13 , 	)
 120 	 (   0 ,  619.826 ,  707.000 ,        0 ,  619.826 ,  619.826 ,    0.000 ,  619.826 ,  623.826 ,   15.826 ,   27.174 ,    0.000 ,   10.183 ,       14 , 	)
 143 	 (   0 ,    0.000 , 1440.000 ,        0 ,  632.835 ,  632.835 ,    0.000 ,  632.835 ,  632.835 ,    0.000 ,  807.165 ,    0.000 ,    0.000 ,       15 , 	)

	14 sommets 
	values : ( Cost : 383.871 , TRT : 374.210 , TWT :  65.585 , TD : 516.148 )
	violations : ( VC :       0 , VTW :   0.000 , VTD :   0.000 , VTRT :   0.000 )
	cout global : (   0.000	 )
S(i)	 (   C ,     TW0 ,       TW1 ,       VTW ,       Min ,       A ,       W ,       B ,       D ,       L ,       F ,       E ,       Det ,       [Imp ,       Imp]	)
   0 	 (   0 ,    0.000 , 1440.000 ,        0 ,    0.000 ,  358.674 ,    0.000 ,  358.674 ,  358.674 ,    0.000 ,    0.000 ,  358.674 ,    0.000 ,        0 , 	)
  22 	 (   1 ,  300.000 ,  480.000 ,        0 ,    6.709 ,  365.383 ,    0.000 ,  365.383 ,  366.383 ,    0.000 ,    0.000 ,   65.383 ,   12.521 ,        1 , 	)
  93 	 (   0 ,  326.305 ,  549.000 ,        0 ,  326.305 ,  391.688 ,    0.000 ,  391.688 ,  392.688 ,   25.305 ,    0.000 ,   65.383 ,    9.365 ,        2 , 	)
  32 	 (   2 ,  300.000 ,  480.000 ,        0 ,  365.423 ,  430.805 ,    0.000 ,  430.805 ,  432.805 ,    0.000 ,    0.000 ,   65.383 ,   63.744 ,        3 , 	)
  63 	 (   3 ,  420.000 ,  480.000 ,        0 ,  401.915 ,  467.298 ,    0.000 ,  467.298 ,  468.298 ,    0.000 ,    0.000 ,   47.298 ,   -9.393 ,        4 , 	)
  33 	 (   4 ,  360.000 ,  480.000 ,        0 ,  432.702 ,  480.000 ,    0.000 ,  480.000 ,  481.000 ,    0.000 ,    0.000 ,   47.298 ,    0.408 ,        5 , 	)
  54 	 (   6 ,  480.000 ,  720.000 ,        0 ,  437.017 ,  484.315 ,   18.073 ,  502.388 ,  504.388 ,    0.000 ,    0.000 ,   22.388 ,    4.236 ,        6 , 	)
 103 	 (   4 ,  373.000 ,  613.000 ,        0 ,  523.140 ,  545.528 ,    0.000 ,  545.528 ,  547.528 ,  112.723 ,    0.000 ,   22.388 ,   -3.692 ,        7 , 	)
 104 	 (   3 ,  412.733 ,  619.000 ,        0 ,  535.163 ,  557.551 ,    0.000 ,  557.551 ,  558.551 ,   76.551 ,    0.000 ,   22.388 ,    0.732 ,        8 , 	)
  30 	 (   6 ,  480.000 ,  720.000 ,        0 ,  542.610 ,  564.998 ,    0.000 ,  564.998 ,  567.998 ,    0.000 ,    0.000 ,   22.388 ,   10.759 ,        9 , 	)
 134 	 (   5 ,  461.368 ,  589.000 ,        0 ,  553.910 ,  576.298 ,    0.000 ,  576.298 ,  577.298 ,  108.000 ,    0.000 ,   22.388 ,    4.737 ,       10 , 	)
 101 	 (   2 ,  574.000 ,  754.000 ,        0 ,  574.567 ,  596.955 ,    0.000 ,  596.955 ,  599.955 ,   28.957 ,   64.043 ,   22.388 ,    9.225 ,       11 , 	)
 125 	 (   0 ,  669.000 ,  849.000 ,        0 ,  599.100 ,  621.488 ,   47.512 ,  669.000 ,  671.000 ,  164.612 ,   46.388 ,    0.000 ,   12.331 ,       12 , 	)
 143 	 (   0 ,    0.000 , 1440.000 ,        0 ,  732.883 ,  732.883 ,    0.000 ,  732.883 ,  732.883 ,    0.000 ,  707.117 ,    0.000 ,    0.000 ,       13 , 	)
