9
	VALUE ALL : ( Cost : 3567.320 , TRT : 3319.042 , TWT : 394.846 , TD : 3881.790 )
	VIOLATIONS TOTAL : ( VC :       0 , VTW :   0.000 , VTD :   0.000 , VTRT :   0.000 )
 	COUT_ALL : (   0.003 )  T2B:   12001

	14 sommets 
	values : ( Cost : 474.515 , TRT : 446.866 , TWT :  60.088 , TD : 362.889 )
	violations : ( VC :       0 , VTW :   0.000 , VTD :   0.000 , VTRT :   0.000 )
	cout global : (   0.000	 )
S(i)	 (   C ,     TW0 ,       TW1 ,       VTW ,       Min ,       A ,       W ,       B ,       D ,       L ,       F ,       E ,       Det ,       [Imp ,       Imp]	)
   0 	 (   0 ,    0.000 , 1440.000 ,        0 ,    0.000 ,  682.061 ,    0.000 ,  682.061 ,  682.061 ,    0.000 ,    0.000 ,  682.061 ,    0.000 ,        0 , 	)
  35 	 (   1 ,  720.000 ,  960.000 ,        0 ,   95.693 ,  777.754 ,    0.000 ,  777.754 ,  778.754 ,    0.000 ,    0.000 ,   57.754 ,   50.150 ,        1 , 	)
  20 	 (   3 ,  780.000 ,  900.000 ,        0 ,  755.027 ,  812.781 ,    0.000 ,  812.781 ,  814.781 ,    0.000 ,    0.000 ,   32.781 ,   18.726 ,        2 , 	)
  91 	 (   2 ,  838.000 , 1018.000 ,        0 ,  810.404 ,  843.185 ,    0.000 ,  843.185 ,  844.185 ,   64.431 ,    0.000 ,    5.185 ,    5.267 ,        3 , 	)
  56 	 (   5 ,  780.000 ,  960.000 ,        0 ,  846.702 ,  851.886 ,    0.000 ,  851.886 ,  854.886 ,    0.000 ,    0.000 ,    5.185 ,    2.721 ,        4 , 	)
  76 	 (   3 ,  817.615 ,  974.000 ,        0 ,  857.200 ,  862.385 ,    0.000 ,  862.385 ,  864.385 ,   47.604 ,    0.000 ,    5.185 ,   12.275 ,        5 , 	)
  23 	 (   6 ,  780.000 ,  900.000 ,        0 ,  894.815 ,  900.000 ,    0.000 ,  900.000 ,  903.000 ,    0.000 ,    0.000 ,    5.185 ,    0.000 ,        6 , 	)
 112 	 (   3 ,  844.000 , 1024.000 ,        0 ,  897.815 ,  903.000 ,    0.000 ,  903.000 ,  906.000 ,   48.114 ,   34.886 ,    5.185 ,    0.000 ,        7 , 	)
  46 	 (   5 ,  960.000 , 1200.000 ,        0 ,  910.845 ,  916.030 ,   60.088 ,  976.118 ,  978.118 ,    0.000 ,   10.657 ,   16.118 ,    2.204 ,        8 , 	)
  79 	 (   2 ,  850.000 , 1030.000 ,        0 , 1003.225 , 1019.343 ,    0.000 , 1019.343 , 1022.343 ,  116.343 ,   10.657 ,   16.118 ,   13.975 ,        9 , 	)
 102 	 (   0 , 1046.000 , 1286.000 ,        0 , 1029.882 , 1046.000 ,    0.000 , 1046.000 , 1048.000 ,   67.882 ,   34.118 ,    0.000 ,   33.062 ,       10 , 	)
  27 	 (   4 ,  960.000 , 1200.000 ,        0 , 1087.556 , 1087.556 ,    0.000 , 1087.556 , 1091.556 ,    0.000 ,  112.444 ,   -0.000 ,    3.142 ,       11 , 	)
  83 	 (   0 , 1000.000 , 1240.000 ,        0 , 1110.072 , 1110.072 ,    0.000 , 1110.072 , 1114.072 ,   18.517 ,   31.483 ,   -0.000 ,   23.549 ,       12 , 	)
 113 	 (   0 ,    0.000 , 1440.000 ,        0 , 1128.927 , 1128.927 ,    0.000 , 1128.927 , 1128.927 ,    0.000 ,  311.073 ,   -0.000 ,    0.000 ,       13 , 	)

	16 sommets 
	values : ( Cost : 486.423 , TRT : 399.732 , TWT :   0.000 , TD : 354.475 )
	violations : ( VC :       0 , VTW :   0.000 , VTD :   0.000 , VTRT :   0.000 )
	cout global : (   0.000	 )
S(i)	 (   C ,     TW0 ,       TW1 ,       VTW ,       Min ,       A ,       W ,       B ,       D ,       L ,       F ,       E ,       Det ,       [Imp ,       Imp]	)
   0 	 (   0 ,    0.000 , 1440.000 ,        0 ,    0.000 ,  784.988 ,    0.000 ,  784.988 ,  784.988 ,    0.000 ,   10.895 ,  784.988 ,    0.000 ,        0 , 	)
   2 	 (   4 ,  762.000 ,  923.855 ,        0 ,   37.762 ,  822.750 ,    0.000 ,  822.750 ,  826.750 ,    0.000 ,   10.895 ,   60.750 ,   11.158 ,        1 , 	)
  58 	 (   0 ,  833.000 ,  953.000 ,        0 ,  791.145 ,  851.895 ,    0.000 ,  851.895 ,  855.895 ,   25.145 ,   10.895 ,   18.895 ,    5.601 ,        2 , 	)
  16 	 (   2 ,  720.000 ,  960.000 ,        0 ,  848.553 ,  867.447 ,    0.000 ,  867.447 ,  869.447 ,    0.000 ,   10.895 ,   18.895 ,    8.113 ,        3 , 	)
  72 	 (   0 ,  791.000 , 1031.000 ,        0 ,  885.462 ,  904.357 ,    0.000 ,  904.357 ,  906.357 ,   34.910 ,   10.895 ,   18.895 ,   19.873 ,        4 , 	)
  54 	 (   1 ,  720.000 ,  960.000 ,        0 ,  903.104 ,  921.998 ,    0.000 ,  921.998 ,  922.998 ,    0.000 ,   10.895 ,   18.895 ,    5.484 ,        5 , 	)
  14 	 (   5 ,  720.000 ,  960.000 ,        0 ,  929.494 ,  948.389 ,    0.000 ,  948.389 ,  952.389 ,    0.000 ,   10.895 ,   18.895 ,   15.223 ,        6 , 	)
  24 	 (   8 ,  960.000 , 1200.000 ,        0 ,  941.105 ,  960.000 ,    0.000 ,  960.000 ,  963.000 ,    0.000 ,   10.895 ,    0.000 ,    0.362 ,        7 , 	)
 110 	 (   7 ,  802.000 , 1042.000 ,        0 ,  986.504 ,  986.504 ,    0.000 ,  986.504 ,  987.504 ,   63.505 ,   10.895 ,    0.000 ,    6.438 ,        8 , 	)
  70 	 (   3 ,  840.000 , 1020.000 ,        0 , 1009.105 , 1009.105 ,    0.000 , 1009.105 , 1013.105 ,   56.717 ,   10.895 ,    0.000 ,   18.651 ,        9 , 	)
  80 	 (   0 , 1017.000 , 1257.000 ,        0 , 1022.452 , 1022.452 ,    0.000 , 1022.452 , 1025.452 ,   59.452 ,   14.548 ,    0.000 ,    4.547 ,       10 , 	)
   5 	 (   2 ,  960.000 , 1200.000 ,        0 , 1039.511 , 1039.511 ,    0.000 , 1039.511 , 1041.511 ,    0.000 ,  130.829 ,   -0.000 ,    9.619 ,       11 , 	)
  48 	 (   3 , 1020.000 , 1200.000 ,        0 , 1069.171 , 1069.171 ,    0.000 , 1069.171 , 1070.171 ,    0.000 ,  120.973 ,   -0.000 ,    5.017 ,       12 , 	)
 104 	 (   2 , 1051.720 , 1283.000 ,        0 , 1100.891 , 1100.891 ,    0.000 , 1100.891 , 1101.891 ,   30.720 ,   51.280 ,   -0.000 ,    0.271 ,       13 , 	)
  61 	 (   0 , 1112.000 , 1352.000 ,        0 , 1125.538 , 1125.538 ,    0.000 , 1125.538 , 1127.538 ,   84.027 ,  120.973 ,   -0.000 ,   47.023 ,       14 , 	)
 113 	 (   0 ,    0.000 , 1440.000 ,        0 , 1184.720 , 1184.720 ,    0.000 , 1184.720 , 1184.720 ,    0.000 ,  255.280 ,   -0.000 ,    0.000 ,       15 , 	)

	20 sommets 
	values : ( Cost : 544.481 , TRT : 447.384 , TWT :   0.000 , TD : 703.532 )
	violations : ( VC :       0 , VTW :   0.000 , VTD :   0.000 , VTRT :   0.000 )
	cout global : (   0.000	 )
S(i)	 (   C ,     TW0 ,       TW1 ,       VTW ,       Min ,       A ,       W ,       B ,       D ,       L ,       F ,       E ,       Det ,       [Imp ,       Imp]	)
   0 	 (   0 ,    0.000 , 1440.000 ,        0 ,    0.000 ,  213.878 ,    0.000 ,  213.878 ,  213.878 ,    0.000 ,   24.641 ,  213.878 ,    0.000 ,        0 , 	)
  55 	 (   3 ,  240.000 ,  420.000 ,        0 ,   60.604 ,  274.482 ,    0.000 ,  274.482 ,  277.482 ,    0.000 ,   24.641 ,   34.482 ,   58.167 ,        1 , 	)
  28 	 (   4 ,  300.000 ,  480.000 ,        0 ,  285.533 ,  320.015 ,    0.000 ,  320.015 ,  321.015 ,    0.000 ,   24.641 ,   20.015 ,    0.000 ,        2 , 	)
  26 	 (   6 ,  250.000 ,  478.135 ,        0 ,  301.000 ,  321.015 ,    0.000 ,  321.015 ,  323.015 ,    0.000 ,   24.641 ,   20.015 ,    0.000 ,        3 , 	)
  49 	 (   7 ,  300.000 ,  480.000 ,        0 ,  315.132 ,  335.147 ,    0.000 ,  335.147 ,  336.147 ,    0.000 ,   24.641 ,   20.015 ,    6.711 ,        4 , 	)
  82 	 (   5 ,  329.000 ,  509.000 ,        0 ,  339.575 ,  359.590 ,    0.000 ,  359.590 ,  361.590 ,   36.575 ,   14.686 ,   20.015 ,    3.559 ,        5 , 	)
 111 	 (   2 ,  310.000 ,  550.000 ,        0 ,  350.689 ,  370.704 ,    0.000 ,  370.704 ,  373.704 ,   93.222 ,   14.686 ,   20.015 ,    0.000 ,        6 , 	)
  43 	 (   3 ,  300.000 ,  480.000 ,        0 ,  353.689 ,  373.704 ,    0.000 ,  373.704 ,  374.704 ,    0.000 ,   14.686 ,   20.015 ,    0.000 ,        7 , 	)
  51 	 (   6 ,  244.000 ,  480.000 ,        0 ,  376.127 ,  396.142 ,    0.000 ,  396.142 ,  399.142 ,    0.000 ,   14.686 ,   20.015 ,   11.183 ,        8 , 	)
 105 	 (   5 ,  379.000 ,  559.000 ,        0 ,  407.446 ,  427.461 ,    0.000 ,  427.461 ,  428.461 ,   91.314 ,   14.686 ,   20.015 ,   17.968 ,        9 , 	)
   7 	 (   7 ,  300.000 ,  480.000 ,        0 ,  435.344 ,  455.359 ,    0.000 ,  455.359 ,  457.359 ,    0.000 ,   24.641 ,   20.015 ,    0.000 ,       10 , 	)
 107 	 (   4 ,  347.000 ,  527.000 ,        0 ,  437.344 ,  457.359 ,    0.000 ,  457.359 ,  460.359 ,   58.217 ,   13.970 ,   20.015 ,    0.000 ,       11 , 	)
  63 	 (   2 ,  312.030 ,  509.000 ,        0 ,  450.374 ,  470.389 ,    0.000 ,  470.389 ,  472.389 ,   13.030 ,   13.970 ,   20.015 ,    1.517 ,       12 , 	)
  10 	 (   5 ,  480.000 ,  660.000 ,        0 ,  459.985 ,  480.000 ,    0.000 ,  480.000 ,  483.000 ,    0.000 ,   26.769 ,    0.000 ,    0.000 ,       13 , 	)
  84 	 (   4 ,  447.000 ,  687.000 ,        0 ,  500.779 ,  500.779 ,    0.000 ,  500.779 ,  501.779 ,  179.764 ,   26.769 ,    0.000 ,    0.000 ,       14 , 	)
  66 	 (   1 ,  511.107 ,  738.000 ,        0 ,  512.107 ,  512.107 ,    0.000 ,  512.107 ,  515.107 ,   29.107 ,   26.769 ,    0.000 ,    3.274 ,       15 , 	)
  99 	 (   0 ,  448.000 ,  628.000 ,        0 ,  545.935 ,  545.935 ,    0.000 ,  545.935 ,  546.935 ,  171.231 ,   26.769 ,    0.000 ,   44.536 ,       16 , 	)
  31 	 (   3 ,  480.000 ,  720.000 ,        0 ,  576.273 ,  576.273 ,    0.000 ,  576.273 ,  579.273 ,    0.000 ,  143.727 ,    0.000 ,    7.468 ,       17 , 	)
  87 	 (   0 ,  544.000 ,  784.000 ,        0 ,  610.345 ,  610.345 ,    0.000 ,  610.345 ,  613.345 ,   31.072 ,   51.928 ,    0.000 ,   10.460 ,       18 , 	)
 113 	 (   0 ,    0.000 , 1440.000 ,        0 ,  661.262 ,  661.262 ,    0.000 ,  661.262 ,  661.262 ,    0.000 ,  778.738 ,    0.000 ,    0.000 ,       19 , 	)

	10 sommets 
	values : ( Cost : 339.191 , TRT : 279.031 , TWT :   0.000 , TD : 315.402 )
	violations : ( VC :       0 , VTW :   0.000 , VTD :   0.000 , VTRT :   0.000 )
	cout global : (   0.000	 )
S(i)	 (   C ,     TW0 ,       TW1 ,       VTW ,       Min ,       A ,       W ,       B ,       D ,       L ,       F ,       E ,       Det ,       [Imp ,       Imp]	)
   0 	 (   0 ,    0.000 , 1440.000 ,        0 ,    0.000 ,  185.452 ,    0.000 ,  185.452 ,  185.452 ,    0.000 ,   89.592 ,  185.452 ,    0.000 ,        0 , 	)
  38 	 (   1 ,  240.000 ,  420.000 ,        0 ,   82.965 ,  268.417 ,    0.000 ,  268.417 ,  269.417 ,    0.000 ,   89.592 ,   28.417 ,    3.553 ,        1 , 	)
  42 	 (   5 ,  240.000 ,  480.000 ,        0 ,  248.567 ,  276.984 ,    0.000 ,  276.984 ,  280.984 ,    0.000 ,    9.413 ,   28.417 ,   11.581 ,        2 , 	)
  52 	 (   8 ,  240.000 ,  480.000 ,        0 ,  285.374 ,  313.792 ,    0.000 ,  313.792 ,  316.792 ,    0.000 ,    9.413 ,   28.417 ,   -0.028 ,        3 , 	)
  98 	 (   4 ,  325.000 ,  565.000 ,        0 ,  296.583 ,  325.000 ,    0.000 ,  325.000 ,  329.000 ,   44.016 ,    9.413 ,    0.000 ,   16.417 ,        4 , 	)
 108 	 (   1 ,  303.000 ,  543.000 ,        0 ,  367.653 ,  367.653 ,    0.000 ,  367.653 ,  370.653 ,   50.862 ,    9.413 ,    0.000 ,    4.965 ,        5 , 	)
  11 	 (   5 ,  240.000 ,  480.000 ,        0 ,  390.408 ,  390.408 ,    0.000 ,  390.408 ,  394.408 ,    0.000 ,    9.413 ,    0.000 ,    5.327 ,        6 , 	)
  94 	 (   4 ,  372.000 ,  552.000 ,        0 ,  436.005 ,  436.005 ,    0.000 ,  436.005 ,  437.005 ,  166.587 ,    9.413 ,    0.000 ,    7.570 ,        7 , 	)
  67 	 (   0 ,  334.000 ,  574.000 ,        0 ,  448.345 ,  448.345 ,    0.000 ,  448.345 ,  452.345 ,   53.937 ,   67.063 ,    0.000 ,    0.000 ,        8 , 	)
 113 	 (   0 ,    0.000 , 1440.000 ,        0 ,  464.483 ,  464.483 ,    0.000 ,  464.483 ,  464.483 ,    0.000 ,  975.517 ,    0.000 ,    0.000 ,        9 , 	)

	14 sommets 
	values : ( Cost : 322.099 , TRT : 260.180 , TWT :   0.000 , TD : 394.384 )
	violations : ( VC :       0 , VTW :   0.000 , VTD :   0.000 , VTRT :   0.000 )
	cout global : (   0.000	 )
S(i)	 (   C ,     TW0 ,       TW1 ,       VTW ,       Min ,       A ,       W ,       B ,       D ,       L ,       F ,       E ,       Det ,       [Imp ,       Imp]	)
   0 	 (   0 ,    0.000 , 1440.000 ,        0 ,    0.000 ,  279.086 ,    0.000 ,  279.086 ,  279.086 ,    0.000 ,   24.226 ,  279.086 ,    0.000 ,        0 , 	)
  29 	 (   3 ,  240.000 ,  480.000 ,        0 ,    9.823 ,  288.908 ,    0.000 ,  288.908 ,  291.908 ,    0.000 ,   24.226 ,   48.908 ,    1.071 ,        1 , 	)
  19 	 (   4 ,  300.000 ,  480.000 ,        0 ,  251.092 ,  300.000 ,    0.000 ,  300.000 ,  301.000 ,    0.000 ,    8.807 ,    0.000 ,    0.000 ,        2 , 	)
  75 	 (   3 ,  330.552 ,  560.000 ,        0 ,  330.552 ,  330.552 ,    0.000 ,  330.552 ,  331.552 ,   29.552 ,    8.807 ,    0.000 ,   -3.242 ,        3 , 	)
  45 	 (   4 ,  306.000 ,  480.000 ,        0 ,  371.059 ,  371.059 ,    0.000 ,  371.059 ,  372.059 ,    0.000 ,    8.807 ,    0.000 ,   15.383 ,        4 , 	)
  50 	 (   5 ,  240.000 ,  480.000 ,        0 ,  380.331 ,  380.331 ,    0.000 ,  380.331 ,  381.331 ,    0.000 ,    8.807 ,    0.000 ,    1.208 ,        5 , 	)
  33 	 (   7 ,  240.000 ,  480.000 ,        0 ,  390.502 ,  390.502 ,    0.000 ,  390.502 ,  392.502 ,    0.000 ,    8.807 ,    0.000 ,    2.415 ,        6 , 	)
 101 	 (   6 ,  399.000 ,  519.000 ,        0 ,  412.924 ,  412.924 ,    0.000 ,  412.924 ,  413.924 ,   40.865 ,    8.807 ,    0.000 ,    6.228 ,        7 , 	)
  85 	 (   3 ,  346.000 ,  586.000 ,        0 ,  422.102 ,  422.102 ,    0.000 ,  422.102 ,  425.102 ,  130.193 ,    8.807 ,    0.000 ,   -3.977 ,        8 , 	)
 106 	 (   2 ,  292.000 ,  532.000 ,        0 ,  438.895 ,  438.895 ,    0.000 ,  438.895 ,  439.895 ,   57.565 ,   12.435 ,    0.000 ,   -0.154 ,        9 , 	)
  32 	 (   3 ,  300.000 ,  480.000 ,        0 ,  455.774 ,  455.774 ,    0.000 ,  455.774 ,  456.774 ,    0.000 ,   24.226 ,    0.000 ,   11.460 ,       10 , 	)
  88 	 (   2 ,  357.000 ,  537.000 ,        0 ,  485.052 ,  485.052 ,    0.000 ,  485.052 ,  486.052 ,   28.278 ,   47.722 ,    0.000 ,    1.831 ,       11 , 	)
  89 	 (   0 ,  495.000 ,  615.000 ,        0 ,  500.434 ,  500.434 ,    0.000 ,  500.434 ,  502.434 ,  107.932 ,  114.566 ,    0.000 ,   16.155 ,       12 , 	)
 113 	 (   0 ,    0.000 , 1440.000 ,        0 ,  539.265 ,  539.265 ,    0.000 ,  539.265 ,  539.265 ,    0.000 ,  900.735 ,    0.000 ,    0.000 ,       13 , 	)

	14 sommets 
	values : ( Cost : 264.369 , TRT : 218.774 , TWT :   0.000 , TD : 420.365 )
	violations : ( VC :       0 , VTW :   0.000 , VTD :   0.000 , VTRT :   0.000 )
	cout global : (   0.000	 )
S(i)	 (   C ,     TW0 ,       TW1 ,       VTW ,       Min ,       A ,       W ,       B ,       D ,       L ,       F ,       E ,       Det ,       [Imp ,       Imp]	)
   0 	 (   0 ,    0.000 , 1440.000 ,        0 ,    0.000 ,  734.144 ,    0.000 ,  734.144 ,  734.144 ,    0.000 ,   19.685 ,  734.144 ,    0.000 ,        0 , 	)
   4 	 (   1 ,  720.000 ,  900.000 ,        0 ,   13.294 ,  747.438 ,    0.000 ,  747.438 ,  748.438 ,    0.000 ,   19.685 ,   27.438 ,   18.869 ,        1 , 	)
  37 	 (   2 ,  721.000 ,  960.000 ,        0 ,  748.153 ,  775.592 ,    0.000 ,  775.592 ,  776.592 ,    0.000 ,   19.685 ,   27.438 ,    3.886 ,        2 , 	)
  15 	 (   3 ,  720.000 ,  960.000 ,        0 ,  764.771 ,  792.210 ,    0.000 ,  792.210 ,  793.210 ,    0.000 ,   19.685 ,   27.438 ,   13.195 ,        3 , 	)
  60 	 (   2 ,  815.000 ,  995.000 ,        0 ,  787.562 ,  815.000 ,    0.000 ,  815.000 ,  816.000 ,   66.562 ,   19.685 ,    0.000 ,   25.281 ,        4 , 	)
  36 	 (   3 ,  721.000 ,  960.000 ,        0 ,  835.876 ,  835.876 ,    0.000 ,  835.876 ,  836.876 ,    0.000 ,   19.685 ,    0.000 ,    3.917 ,        5 , 	)
  93 	 (   2 ,  834.000 , 1014.000 ,        0 ,  850.511 ,  850.511 ,    0.000 ,  850.511 ,  851.511 ,   73.919 ,    8.095 ,    0.000 ,    5.015 ,        6 , 	)
   3 	 (   6 ,  780.000 ,  960.000 ,        0 ,  861.753 ,  861.753 ,    0.000 ,  861.753 ,  865.753 ,    0.000 ,    8.095 ,    0.000 ,    0.953 ,        7 , 	)
  71 	 (   5 ,  827.000 , 1007.000 ,        0 ,  873.933 ,  873.933 ,    0.000 ,  873.933 ,  874.933 ,   80.723 ,    8.095 ,    0.000 ,    0.165 ,        8 , 	)
   8 	 (   7 ,  720.000 ,  900.000 ,        0 ,  880.315 ,  880.315 ,    0.000 ,  880.315 ,  882.315 ,    0.000 ,    8.095 ,    0.000 ,    5.956 ,        9 , 	)
  59 	 (   3 ,  861.000 , 1041.000 ,        0 ,  913.608 ,  913.608 ,    0.000 ,  913.608 ,  917.608 ,   47.856 ,    8.095 ,    0.000 ,    0.325 ,       10 , 	)
  64 	 (   1 ,  779.000 , 1019.000 ,        0 ,  930.717 ,  930.717 ,    0.000 ,  930.717 ,  932.717 ,   48.402 ,    8.095 ,    0.000 ,    6.352 ,       11 , 	)
  92 	 (   0 ,  833.000 , 1013.000 ,        0 ,  939.780 ,  939.780 ,    0.000 ,  939.780 ,  940.780 ,  102.905 ,    8.095 ,    0.000 ,    0.000 ,       12 , 	)
 113 	 (   0 ,    0.000 , 1440.000 ,        0 ,  952.918 ,  952.918 ,    0.000 ,  952.918 ,  952.918 ,    0.000 ,  487.082 ,    0.000 ,    0.000 ,       13 , 	)

	16 sommets 
	values : ( Cost : 494.110 , TRT : 401.511 , TWT :   0.000 , TD : 542.696 )
	violations : ( VC :       0 , VTW :   0.000 , VTD :   0.000 , VTRT :   0.000 )
	cout global : (   0.000	 )
S(i)	 (   C ,     TW0 ,       TW1 ,       VTW ,       Min ,       A ,       W ,       B ,       D ,       L ,       F ,       E ,       Det ,       [Imp ,       Imp]	)
   0 	 (   0 ,    0.000 , 1440.000 ,        0 ,    0.000 ,  704.129 ,    0.000 ,  704.129 ,  704.129 ,    0.000 ,    9.585 ,  704.129 ,    0.000 ,        0 , 	)
  21 	 (   2 ,  720.000 ,  960.000 ,        0 ,   44.683 ,  748.812 ,    0.000 ,  748.812 ,  750.812 ,    0.000 ,    9.585 ,   28.812 ,    5.656 ,        1 , 	)
  17 	 (   4 ,  720.000 ,  780.000 ,        0 ,  741.603 ,  770.415 ,    0.000 ,  770.415 ,  772.415 ,    0.000 ,    9.585 ,   28.812 ,    1.511 ,        2 , 	)
  77 	 (   2 ,  779.000 , 1019.000 ,        0 ,  754.210 ,  783.022 ,    0.000 ,  783.022 ,  785.022 ,   32.210 ,   14.711 ,    4.022 ,   11.139 ,        3 , 	)
  34 	 (   6 ,  720.000 ,  840.000 ,        0 ,  800.268 ,  804.289 ,    0.000 ,  804.289 ,  808.289 ,    0.000 ,   14.711 ,    4.022 ,    9.902 ,        4 , 	)
  73 	 (   4 ,  747.014 ,  849.000 ,        0 ,  820.683 ,  824.705 ,    0.000 ,  824.705 ,  826.705 ,   52.289 ,   14.711 ,    4.022 ,    2.283 ,        5 , 	)
  39 	 (   6 ,  720.000 ,  960.000 ,        0 ,  829.684 ,  833.706 ,    0.000 ,  833.706 ,  835.706 ,    0.000 ,   40.088 ,    4.022 ,    9.847 ,        6 , 	)
   6 	 (   7 ,  720.000 ,  960.000 ,        0 ,  855.596 ,  859.618 ,    0.000 ,  859.618 ,  860.618 ,    0.000 ,   40.088 ,    4.022 ,    5.322 ,        7 , 	)
  95 	 (   5 ,  848.000 , 1028.000 ,        0 ,  886.173 ,  890.195 ,    0.000 ,  890.195 ,  892.195 ,   54.489 ,   40.088 ,    4.022 ,   11.108 ,        8 , 	)
   9 	 (   8 ,  900.000 ,  960.000 ,        0 ,  895.978 ,  900.000 ,    0.000 ,  900.000 ,  903.000 ,    0.000 ,   40.088 ,    0.000 ,    0.000 ,        9 , 	)
  62 	 (   7 ,  806.000 , 1046.000 ,        0 ,  918.912 ,  918.912 ,    0.000 ,  918.912 ,  919.912 ,   58.294 ,   40.088 ,    0.000 ,    0.000 ,       10 , 	)
  12 	 (   8 ,  780.000 ,  960.000 ,        0 ,  919.912 ,  919.912 ,    0.000 ,  919.912 ,  920.912 ,    0.000 ,   40.088 ,    0.000 ,    0.000 ,       11 , 	)
  68 	 (   7 ,  802.966 , 1005.000 ,        0 ,  942.878 ,  942.878 ,    0.000 ,  942.878 ,  943.878 ,   21.966 ,   22.034 ,    0.000 ,   21.744 ,       12 , 	)
  90 	 (   3 ,  853.000 , 1033.000 ,        0 ,  977.799 ,  977.799 ,    0.000 ,  977.799 ,  981.799 ,  169.510 ,   44.062 ,    0.000 ,   48.380 ,       13 , 	)
  65 	 (   0 ,  966.000 , 1146.000 ,        0 , 1056.938 , 1056.938 ,    0.000 , 1056.938 , 1059.938 ,  153.938 ,   44.062 ,    0.000 ,   69.704 ,       14 , 	)
 113 	 (   0 ,    0.000 , 1440.000 ,        0 , 1105.640 , 1105.640 ,    0.000 , 1105.640 , 1105.640 ,    0.000 ,  334.360 ,   -0.000 ,    0.000 ,       15 , 	)

	14 sommets 
	values : ( Cost : 390.748 , TRT : 388.089 , TWT :  70.294 , TD : 404.577 )
	violations : ( VC :       0 , VTW :   0.000 , VTD :   0.000 , VTRT :   0.000 )
	cout global : (   0.000	 )
S(i)	 (   C ,     TW0 ,       TW1 ,       VTW ,       Min ,       A ,       W ,       B ,       D ,       L ,       F ,       E ,       Det ,       [Imp ,       Imp]	)
   0 	 (   0 ,    0.000 , 1440.000 ,        0 ,    0.000 ,  655.862 ,    0.000 ,  655.862 ,  655.862 ,    0.000 ,    0.000 ,  655.862 ,    0.000 ,        0 , 	)
  18 	 (   2 ,  480.000 ,  720.000 ,        0 ,   33.805 ,  689.667 ,    0.000 ,  689.667 ,  691.667 ,    0.000 ,    0.000 ,  209.667 ,    5.414 ,        1 , 	)
  13 	 (   4 ,  480.000 ,  720.000 ,        0 ,  510.333 ,  720.000 ,    0.000 ,  720.000 ,  722.000 ,    0.000 ,    0.000 ,  209.667 ,   14.309 ,        2 , 	)
  74 	 (   2 ,  531.000 ,  771.000 ,        0 ,  523.458 ,  733.125 ,    0.000 ,  733.125 ,  735.125 ,   41.458 ,    6.397 ,  202.125 ,    7.941 ,        3 , 	)
  69 	 (   0 ,  606.000 ,  786.000 ,        0 ,  577.478 ,  779.603 ,    0.000 ,  779.603 ,  781.603 ,   57.603 ,    6.397 ,  173.603 ,   14.573 ,        4 , 	)
  25 	 (   1 ,  783.000 ,  960.000 ,        0 ,  617.171 ,  790.774 ,   70.294 ,  861.068 ,  862.068 ,    0.000 ,   60.000 ,   78.068 ,    9.664 ,        5 , 	)
   1 	 (   2 ,  720.000 ,  960.000 ,        0 ,  800.562 ,  878.631 ,    0.000 ,  878.631 ,  879.631 ,    0.000 ,   27.724 ,   78.068 ,   18.560 ,        6 , 	)
  41 	 (   5 ,  720.000 ,  960.000 ,        0 ,  818.932 ,  897.000 ,    0.000 ,  897.000 ,  900.000 ,    0.000 ,   27.724 ,   78.068 ,    0.000 ,        7 , 	)
  30 	 (   8 ,  900.000 ,  960.000 ,        0 ,  821.932 ,  900.000 ,    0.000 ,  900.000 ,  903.000 ,    0.000 ,   27.724 ,    0.000 ,    0.000 ,        8 , 	)
  81 	 (   7 ,  888.000 , 1008.000 ,        0 ,  938.344 ,  938.344 ,    0.000 ,  938.344 ,  939.344 ,   76.276 ,   27.724 ,    0.000 ,    2.410 ,        9 , 	)
  97 	 (   4 ,  805.000 , 1045.000 ,        0 ,  947.800 ,  947.800 ,    0.000 ,  947.800 ,  950.800 ,   47.800 ,   46.764 ,    0.000 ,    8.971 ,       10 , 	)
  86 	 (   1 ,  945.364 , 1076.000 ,        0 ,  969.236 ,  969.236 ,    0.000 ,  969.236 ,  972.236 ,   66.236 ,   46.764 ,    0.000 ,    6.208 ,       11 , 	)
  57 	 (   0 ,  884.000 , 1064.000 ,        0 ,  994.835 ,  994.835 ,    0.000 ,  994.835 ,  995.835 ,  115.204 ,   69.165 ,    0.000 ,   28.893 ,       12 , 	)
 113 	 (   0 ,    0.000 , 1440.000 ,        0 , 1043.951 , 1043.951 ,    0.000 , 1043.951 , 1043.951 ,    0.000 ,  396.049 ,    0.000 ,    0.000 ,       13 , 	)

	12 sommets 
	values : ( Cost : 251.384 , TRT : 477.474 , TWT : 264.464 , TD : 383.469 )
	violations : ( VC :       0 , VTW :   0.000 , VTD :   0.000 , VTRT :   0.000 )
	cout global : (   0.000	 )
S(i)	 (   C ,     TW0 ,       TW1 ,       VTW ,       Min ,       A ,       W ,       B ,       D ,       L ,       F ,       E ,       Det ,       [Imp ,       Imp]	)
   0 	 (   0 ,    0.000 , 1440.000 ,        0 ,    0.000 ,  383.359 ,    0.000 ,  383.359 ,  383.359 ,    0.000 ,    0.000 ,  383.359 ,    0.000 ,        0 , 	)
  22 	 (   3 ,  300.000 ,  480.000 ,        0 ,   13.294 ,  396.653 ,    0.000 ,  396.653 ,  399.653 ,    0.000 ,    0.000 ,   96.653 ,   12.616 ,        1 , 	)
  53 	 (   5 ,  240.000 ,  420.000 ,        0 ,  323.347 ,  420.000 ,    0.000 ,  420.000 ,  422.000 ,    0.000 ,    0.000 ,   96.653 ,    0.000 ,        2 , 	)
  44 	 (   6 ,  300.000 ,  480.000 ,        0 ,  325.347 ,  422.000 ,   55.334 ,  477.334 ,  478.334 ,    0.000 ,    0.000 ,  151.987 ,    0.000 ,        3 , 	)
 100 	 (   5 ,  324.658 ,  544.000 ,        0 ,  350.005 ,  501.992 ,    0.000 ,  501.992 ,  502.992 ,   23.658 ,    0.000 ,  151.987 ,   -0.001 ,        4 , 	)
 109 	 (   3 ,  308.000 ,  548.000 ,        0 ,  375.698 ,  527.685 ,    0.000 ,  527.685 ,  529.685 ,  105.685 ,    0.000 ,  151.987 ,    7.561 ,        5 , 	)
  78 	 (   0 ,  446.000 ,  566.000 ,        0 ,  399.666 ,  551.653 ,    0.000 ,  551.653 ,  554.653 ,  152.000 ,    0.000 ,  105.653 ,    4.414 ,        6 , 	)
  47 	 (   3 ,  720.000 ,  960.000 ,        0 ,  457.202 ,  562.856 ,  209.130 ,  771.986 ,  774.986 ,    0.000 ,  171.147 ,   51.986 ,    0.391 ,        7 , 	)
  40 	 (   6 ,  780.000 ,  960.000 ,        0 ,  736.867 ,  788.853 ,    0.000 ,  788.853 ,  791.853 ,    0.000 ,   93.021 ,    8.853 ,   17.085 ,        8 , 	)
  96 	 (   3 ,  832.000 , 1070.000 ,        0 ,  823.147 ,  832.000 ,    0.000 ,  832.000 ,  835.000 ,   40.147 ,   66.853 ,    0.000 ,    0.000 ,        9 , 	)
 103 	 (   0 ,  825.000 , 1065.000 ,        0 ,  836.965 ,  836.965 ,    0.000 ,  836.965 ,  839.965 ,   61.979 ,   93.021 ,    0.000 ,    3.929 ,       10 , 	)
 113 	 (   0 ,    0.000 , 1440.000 ,        0 ,  860.834 ,  860.834 ,    0.000 ,  860.834 ,  860.834 ,    0.000 ,  579.166 ,    0.000 ,    0.000 ,       11 , 	)
