13
	VALUE ALL : ( Cost : 3710.248 , TRT : 3619.879 , TWT : 408.219 , TD : 5476.013 )
	VIOLATIONS TOTAL : ( VC :       0 , VTW :   0.000 , VTD :   0.000 , VTRT :   0.000 )
 	COUT_ALL : (   0.003 )  T2B:    8400

	18 sommets 
	values : ( Cost : 245.210 , TRT : 216.368 , TWT :   0.000 , TD : 431.103 )
	violations : ( VC :       0 , VTW :   0.000 , VTD :   0.000 , VTRT :   0.000 )
	cout global : (   0.000	 )
S(i)	 (   C ,     TW0 ,       TW1 ,       VTW ,       Min ,       A ,       W ,       B ,       D ,       L ,       F ,       E ,       Det ,       [Imp ,       Imp]	)
   0 	 (   0 ,    0.000 , 1440.000 ,        0 ,    0.000 ,  282.774 ,    0.000 ,  282.774 ,  282.774 ,    0.000 ,    6.314 ,  282.774 ,    0.000 ,        0 , 	)
  59 	 (   3 ,  240.000 ,  480.000 ,        0 ,    9.050 ,  291.824 ,    0.000 ,  291.824 ,  294.824 ,    0.000 ,    6.314 ,   51.824 ,    1.880 ,        1 , 	)
  67 	 (   4 ,  240.000 ,  420.000 ,        0 ,  245.627 ,  297.451 ,    0.000 ,  297.451 ,  298.451 ,    0.000 ,    6.314 ,   51.824 ,    0.000 ,        2 , 	)
  50 	 (   8 ,  300.000 ,  480.000 ,        0 ,  256.639 ,  308.463 ,    0.000 ,  308.463 ,  312.463 ,    0.000 ,    6.314 ,    8.463 ,    5.123 ,        3 , 	)
 147 	 (   5 ,  291.000 ,  531.000 ,        0 ,  321.183 ,  329.647 ,    0.000 ,  329.647 ,  332.647 ,   34.823 ,    6.314 ,    8.463 ,   -5.283 ,        4 , 	)
  66 	 (   6 ,  300.000 ,  360.000 ,        0 ,  345.223 ,  353.686 ,    0.000 ,  353.686 ,  354.686 ,    0.000 ,    6.314 ,    8.463 ,    0.000 ,        5 , 	)
 155 	 (   5 ,  283.000 ,  519.000 ,        0 ,  346.223 ,  354.686 ,    0.000 ,  354.686 ,  355.686 ,   56.235 ,   12.745 ,    8.463 ,    0.000 ,        6 , 	)
 138 	 (   1 ,  365.000 ,  605.000 ,        0 ,  356.537 ,  365.000 ,    0.000 ,  365.000 ,  369.000 ,   52.537 ,   12.745 ,    0.000 ,    0.000 ,        7 , 	)
  75 	 (   5 ,  300.000 ,  480.000 ,        0 ,  369.000 ,  369.000 ,    0.000 ,  369.000 ,  373.000 ,    0.000 ,   12.745 ,    0.000 ,    0.000 ,        8 , 	)
  33 	 (   6 ,  240.000 ,  480.000 ,        0 ,  402.789 ,  402.789 ,    0.000 ,  402.789 ,  403.789 ,    0.000 ,   12.745 ,    0.000 ,   13.667 ,        9 , 	)
 163 	 (   2 ,  346.000 ,  582.000 ,        0 ,  424.311 ,  424.311 ,    0.000 ,  424.311 ,  428.311 ,   51.311 ,   12.745 ,    0.000 ,    7.643 ,       10 , 	)
  45 	 (   3 ,  263.000 ,  460.716 ,        0 ,  434.918 ,  434.918 ,    0.000 ,  434.918 ,  435.918 ,    0.000 ,   12.745 ,    0.000 ,    1.898 ,       11 , 	)
 133 	 (   2 ,  299.000 ,  479.000 ,        0 ,  453.202 ,  453.202 ,    0.000 ,  453.202 ,  454.202 ,   17.284 ,   12.745 ,    0.000 ,    8.920 ,       12 , 	)
  69 	 (   3 ,  240.000 ,  480.000 ,        0 ,  461.525 ,  461.525 ,    0.000 ,  461.525 ,  462.525 ,    0.000 ,   12.745 ,    0.000 ,    1.806 ,       13 , 	)
 154 	 (   2 ,  347.880 ,  486.000 ,        0 ,  466.941 ,  466.941 ,    0.000 ,  466.941 ,  467.941 ,  112.255 ,   12.745 ,    0.000 ,    0.418 ,       14 , 	)
 121 	 (   1 ,  356.000 ,  536.000 ,        0 ,  483.864 ,  483.864 ,    0.000 ,  483.864 ,  484.864 ,   80.074 ,   27.416 ,    0.000 ,    4.417 ,       15 , 	)
 157 	 (   0 ,  280.000 ,  520.000 ,        0 ,  489.109 ,  489.109 ,    0.000 ,  489.109 ,  490.109 ,   26.584 ,   27.416 ,    0.000 ,    0.459 ,       16 , 	)
 177 	 (   0 ,    0.000 , 1440.000 ,        0 ,  499.143 ,  499.143 ,    0.000 ,  499.143 ,  499.143 ,    0.000 ,  940.857 ,    0.000 ,    0.000 ,       17 , 	)

	18 sommets 
	values : ( Cost : 248.233 , TRT : 220.641 , TWT :   0.000 , TD : 459.826 )
	violations : ( VC :       0 , VTW :   0.000 , VTD :   0.000 , VTRT :   0.000 )
	cout global : (   0.000	 )
S(i)	 (   C ,     TW0 ,       TW1 ,       VTW ,       Min ,       A ,       W ,       B ,       D ,       L ,       F ,       E ,       Det ,       [Imp ,       Imp]	)
   0 	 (   0 ,    0.000 , 1440.000 ,        0 ,    0.000 ,  305.003 ,    0.000 ,  305.003 ,  305.003 ,    0.000 ,   10.458 ,  305.003 ,    0.000 ,        0 , 	)
  37 	 (   2 ,  302.000 ,  428.395 ,        0 ,    6.027 ,  311.030 ,    0.000 ,  311.030 ,  313.030 ,    0.000 ,   10.458 ,    9.030 ,   11.202 ,        1 , 	)
  61 	 (   3 ,  240.000 ,  420.000 ,        0 ,  316.724 ,  325.754 ,    0.000 ,  325.754 ,  326.754 ,    0.000 ,    9.030 ,    9.030 ,   -3.868 ,        2 , 	)
  60 	 (   7 ,  240.000 ,  360.000 ,        0 ,  332.089 ,  341.119 ,    0.000 ,  341.119 ,  345.119 ,    0.000 ,    3.478 ,    9.030 ,   19.361 ,        3 , 	)
 148 	 (   3 ,  254.162 ,  392.000 ,        0 ,  346.250 ,  355.280 ,    0.000 ,  355.280 ,  359.280 ,   10.162 ,    3.478 ,    9.030 ,    0.802 ,        4 , 	)
  14 	 (   5 ,  240.000 ,  480.000 ,        0 ,  359.716 ,  368.746 ,    0.000 ,  368.746 ,  370.746 ,    0.000 ,    3.478 ,    9.030 ,    0.073 ,        5 , 	)
 149 	 (   4 ,  261.962 ,  477.000 ,        0 ,  370.246 ,  379.276 ,    0.000 ,  379.276 ,  380.276 ,   52.522 ,    3.478 ,    9.030 ,    2.093 ,        6 , 	)
  80 	 (   5 ,  240.000 ,  480.000 ,        0 ,  375.217 ,  384.247 ,    0.000 ,  384.247 ,  385.247 ,    0.000 ,    9.030 ,    9.030 ,    0.001 ,        7 , 	)
 125 	 (   3 ,  410.000 ,  470.000 ,        0 ,  400.970 ,  410.000 ,    0.000 ,  410.000 ,  412.000 ,   96.970 ,    9.030 ,    0.000 ,  -13.159 ,        8 , 	)
  62 	 (   6 ,  243.000 ,  480.000 ,        0 ,  419.443 ,  419.443 ,    0.000 ,  419.443 ,  422.443 ,    0.000 ,   10.458 ,    0.000 ,    0.000 ,        9 , 	)
 168 	 (   5 ,  331.000 ,  571.000 ,        0 ,  422.443 ,  422.443 ,    0.000 ,  422.443 ,  423.443 ,   37.195 ,    6.901 ,    0.000 ,    0.000 ,       10 , 	)
  13 	 (   6 ,  305.000 ,  480.000 ,        0 ,  438.680 ,  438.680 ,    0.000 ,  438.680 ,  439.680 ,    0.000 ,    6.901 ,    0.000 ,    6.705 ,       11 , 	)
 102 	 (   4 ,  337.000 ,  577.000 ,        0 ,  444.253 ,  444.253 ,    0.000 ,  444.253 ,  446.253 ,   73.508 ,    6.901 ,    0.000 ,    1.433 ,       12 , 	)
   5 	 (   7 ,  241.000 ,  480.000 ,        0 ,  458.475 ,  458.475 ,    0.000 ,  458.475 ,  461.475 ,    0.000 ,    6.901 ,    0.000 ,   17.133 ,       13 , 	)
 101 	 (   6 ,  400.000 ,  520.000 ,        0 ,  491.411 ,  491.411 ,    0.000 ,  491.411 ,  492.411 ,   51.732 ,    6.901 ,    0.000 ,    0.605 ,       14 , 	)
  93 	 (   3 ,  354.000 ,  534.000 ,        0 ,  504.114 ,  504.114 ,    0.000 ,  504.114 ,  507.114 ,   42.639 ,    6.901 ,    0.000 ,    2.871 ,       15 , 	)
 150 	 (   0 ,  348.000 ,  528.000 ,        0 ,  517.542 ,  517.542 ,    0.000 ,  517.542 ,  520.542 ,   95.099 ,    6.901 ,    0.000 ,    7.881 ,       16 , 	)
 177 	 (   0 ,    0.000 , 1440.000 ,        0 ,  525.644 ,  525.644 ,    0.000 ,  525.644 ,  525.644 ,    0.000 ,  914.356 ,    0.000 ,    0.000 ,       17 , 	)

	18 sommets 
	values : ( Cost : 268.799 , TRT : 240.105 , TWT :   0.000 , TD : 417.081 )
	violations : ( VC :       0 , VTW :   0.000 , VTD :   0.000 , VTRT :   0.000 )
	cout global : (   0.000	 )
S(i)	 (   C ,     TW0 ,       TW1 ,       VTW ,       Min ,       A ,       W ,       B ,       D ,       L ,       F ,       E ,       Det ,       [Imp ,       Imp]	)
   0 	 (   0 ,    0.000 , 1440.000 ,        0 ,    0.000 ,  749.968 ,    0.000 ,  749.968 ,  749.968 ,    0.000 ,    1.481 ,  749.968 ,    0.000 ,        0 , 	)
  24 	 (   3 ,  720.000 ,  900.000 ,        0 ,    3.526 ,  753.493 ,    0.000 ,  753.493 ,  756.493 ,    0.000 ,    1.481 ,   33.493 ,    2.790 ,        1 , 	)
  15 	 (   7 ,  720.000 ,  900.000 ,        0 ,  731.779 ,  765.272 ,    0.000 ,  765.272 ,  769.272 ,    0.000 ,    1.481 ,   33.493 ,   13.777 ,        2 , 	)
  46 	 (   8 ,  720.000 ,  900.000 ,        0 ,  757.900 ,  791.393 ,    0.000 ,  791.393 ,  792.393 ,    0.000 ,    1.481 ,   33.493 ,   -4.993 ,        3 , 	)
 112 	 (   5 ,  799.000 ,  979.000 ,        0 ,  765.507 ,  799.000 ,    0.000 ,  799.000 ,  802.000 ,   42.507 ,    1.481 ,    0.000 ,   -0.986 ,        4 , 	)
 103 	 (   1 ,  783.000 , 1023.000 ,        0 ,  815.759 ,  815.759 ,    0.000 ,  815.759 ,  819.759 ,   46.487 ,    1.481 ,    0.000 ,    0.333 ,        5 , 	)
  17 	 (   5 ,  756.000 ,  933.443 ,        0 ,  827.156 ,  827.156 ,    0.000 ,  827.156 ,  831.156 ,    0.000 ,    1.481 ,    0.000 ,    3.480 ,        6 , 	)
 134 	 (   4 ,  748.962 ,  976.000 ,        0 ,  847.936 ,  847.936 ,    0.000 ,  847.936 ,  848.936 ,   55.543 ,    1.481 ,    0.000 ,    0.810 ,        7 , 	)
  21 	 (   5 ,  748.000 ,  937.860 ,        0 ,  852.004 ,  852.004 ,    0.000 ,  852.004 ,  853.004 ,    0.000 ,    1.481 ,    0.000 ,   -0.269 ,        8 , 	)
 105 	 (   1 ,  852.000 ,  972.000 ,        0 ,  868.548 ,  868.548 ,    0.000 ,  868.548 ,  872.548 ,   37.392 ,    1.481 ,    0.000 ,   26.695 ,        9 , 	)
  43 	 (   2 ,  720.000 ,  900.000 ,        0 ,  898.519 ,  898.519 ,    0.000 ,  898.519 ,  899.519 ,    0.000 ,    1.481 ,    0.000 ,   -8.680 ,       10 , 	)
  55 	 (   4 ,  744.000 ,  951.589 ,        0 ,  913.774 ,  913.774 ,    0.000 ,  913.774 ,  915.774 ,    0.000 ,   16.038 ,    0.000 ,    3.790 ,       11 , 	)
 109 	 (   3 ,  842.000 ,  962.000 ,        0 ,  919.286 ,  919.286 ,    0.000 ,  919.286 ,  920.286 ,   66.283 ,   16.038 ,    0.000 ,  -12.032 ,       12 , 	)
  34 	 (   6 ,  720.000 ,  960.000 ,        0 ,  943.962 ,  943.962 ,    0.000 ,  943.962 ,  946.962 ,    0.000 ,   16.038 ,    0.000 ,   -2.786 ,       13 , 	)
 143 	 (   4 ,  886.000 , 1006.000 ,        0 ,  969.510 ,  969.510 ,    0.000 ,  969.510 ,  971.510 ,   53.736 ,   31.030 ,    0.000 ,    6.414 ,       14 , 	)
 131 	 (   3 ,  775.000 , 1014.000 ,        0 ,  979.645 ,  979.645 ,    0.000 ,  979.645 ,  980.645 ,   80.126 ,   31.030 ,    0.000 ,    1.381 ,       15 , 	)
 122 	 (   0 ,  773.000 , 1013.000 ,        0 ,  981.970 ,  981.970 ,    0.000 ,  981.970 ,  984.970 ,   35.008 ,   31.030 ,    0.000 ,    0.528 ,       16 , 	)
 177 	 (   0 ,    0.000 , 1440.000 ,        0 ,  990.072 ,  990.072 ,    0.000 ,  990.072 ,  990.072 ,    0.000 ,  449.928 ,    0.000 ,    0.000 ,       17 , 	)

	22 sommets 
	values : ( Cost : 454.438 , TRT : 473.650 , TWT :  83.968 , TD : 575.677 )
	violations : ( VC :       0 , VTW :   0.000 , VTD :   0.000 , VTRT :   0.000 )
	cout global : (   0.000	 )
S(i)	 (   C ,     TW0 ,       TW1 ,       VTW ,       Min ,       A ,       W ,       B ,       D ,       L ,       F ,       E ,       Det ,       [Imp ,       Imp]	)
   0 	 (   0 ,    0.000 , 1440.000 ,        0 ,    0.000 ,  276.398 ,    0.000 ,  276.398 ,  276.398 ,    0.000 ,    0.000 ,  276.398 ,    0.000 ,        0 , 	)
  53 	 (   3 ,  240.000 ,  480.000 ,        0 ,   21.414 ,  297.812 ,    0.000 ,  297.812 ,  300.812 ,    0.000 ,    0.000 ,   57.812 ,   16.815 ,        1 , 	)
  76 	 (   5 ,  240.000 ,  420.000 ,        0 ,  252.194 ,  310.006 ,    0.000 ,  310.006 ,  312.006 ,    0.000 ,    0.000 ,   57.812 ,   -2.232 ,        2 , 	)
 164 	 (   3 ,  317.000 ,  497.000 ,        0 ,  291.998 ,  349.810 ,    0.000 ,  349.810 ,  351.810 ,   37.804 ,    0.000 ,   32.810 ,    2.280 ,        3 , 	)
  27 	 (   7 ,  240.000 ,  360.000 ,        0 ,  325.881 ,  358.691 ,    0.000 ,  358.691 ,  362.691 ,    0.000 ,    0.000 ,   32.810 ,    0.832 ,        4 , 	)
 115 	 (   3 ,  264.732 ,  420.000 ,        0 ,  350.614 ,  383.423 ,    0.000 ,  383.423 ,  387.423 ,   20.732 ,    0.000 ,   32.810 ,   20.383 ,        5 , 	)
  87 	 (   4 ,  240.000 ,  420.000 ,        0 ,  387.190 ,  420.000 ,    0.000 ,  420.000 ,  421.000 ,    0.000 ,   -0.000 ,   32.810 ,   -4.791 ,        6 , 	)
   3 	 (   6 ,  240.000 ,  480.000 ,        0 ,  394.031 ,  426.841 ,    3.636 ,  430.477 ,  432.477 ,    0.000 ,    0.000 ,   36.446 ,    9.594 ,        7 , 	)
 175 	 (   5 ,  249.770 ,  445.000 ,        0 ,  408.554 ,  445.000 ,    0.000 ,  445.000 ,  446.000 ,   24.000 ,   -0.000 ,   36.446 ,   13.923 ,        8 , 	)
 141 	 (   2 ,  426.000 ,  606.000 ,        0 ,  419.705 ,  456.150 ,    0.000 ,  456.150 ,  459.150 ,  155.338 ,   44.637 ,   30.150 ,   12.956 ,        9 , 	)
  58 	 (   5 ,  480.000 ,  600.000 ,        0 ,  447.365 ,  477.516 ,   44.637 ,  522.153 ,  525.153 ,    0.000 ,    0.000 ,   42.153 ,    4.276 ,       10 , 	)
  91 	 (   3 ,  325.000 ,  565.000 ,        0 ,  502.324 ,  544.477 ,    0.000 ,  544.477 ,  546.477 ,  112.000 ,   -0.000 ,   42.153 ,    5.062 ,       11 , 	)
 146 	 (   0 ,  583.000 ,  703.000 ,        0 ,  527.966 ,  570.119 ,   12.881 ,  583.000 ,  586.000 ,   57.847 ,   54.514 ,    0.000 ,  -14.941 ,       12 , 	)
  83 	 (   1 ,  480.000 ,  660.000 ,        0 ,  605.285 ,  605.285 ,   22.814 ,  628.098 ,  629.098 ,    0.000 ,   31.700 ,   22.814 ,   -3.487 ,       13 , 	)
  57 	 (   5 ,  480.000 ,  720.000 ,        0 ,  617.310 ,  640.123 ,    0.000 ,  640.123 ,  644.123 ,    0.000 ,   18.798 ,   22.814 ,   15.166 ,       14 , 	)
  41 	 (   6 ,  480.000 ,  720.000 ,        0 ,  637.673 ,  660.486 ,    0.000 ,  660.486 ,  661.486 ,    0.000 ,   18.798 ,   22.814 ,    2.495 ,       15 , 	)
 145 	 (   2 ,  544.000 ,  784.000 ,        0 ,  655.273 ,  678.086 ,    0.000 ,  678.086 ,  682.086 ,   33.963 ,   18.798 ,   22.814 ,    2.080 ,       16 , 	)
 129 	 (   1 ,  540.000 ,  780.000 ,        0 ,  674.742 ,  697.556 ,    0.000 ,  697.556 ,  698.556 ,   36.069 ,   18.798 ,   22.814 ,   -1.417 ,       17 , 	)
 171 	 (   0 ,  566.000 ,  746.000 ,        0 ,  691.486 ,  714.300 ,    0.000 ,  714.300 ,  715.300 ,   85.202 ,   18.798 ,   22.814 ,   -0.366 ,       18 , 	)
  16 	 (   3 ,  720.000 ,  900.000 ,        0 ,  697.186 ,  720.000 ,    0.000 ,  720.000 ,  723.000 ,    0.000 ,  180.000 ,    0.000 ,    4.611 ,       19 , 	)
 104 	 (   0 ,  735.722 ,  937.000 ,        0 ,  735.722 ,  735.722 ,    0.000 ,  735.722 ,  738.722 ,   12.722 ,   21.278 ,    0.000 ,   11.876 ,       20 , 	)
 177 	 (   0 ,    0.000 , 1440.000 ,        0 ,  750.049 ,  750.049 ,    0.000 ,  750.049 ,  750.049 ,    0.000 ,  689.951 ,    0.000 ,    0.000 ,       21 , 	)

	6 sommets 
	values : ( Cost :  84.787 , TRT :  79.750 , TWT :   0.000 , TD :  79.813 )
	violations : ( VC :       0 , VTW :   0.000 , VTD :   0.000 , VTRT :   0.000 )
	cout global : (   0.000	 )
S(i)	 (   C ,     TW0 ,       TW1 ,       VTW ,       Min ,       A ,       W ,       B ,       D ,       L ,       F ,       E ,       Det ,       [Imp ,       Imp]	)
   0 	 (   0 ,    0.000 , 1440.000 ,        0 ,    0.000 ,  346.113 ,    0.000 ,  346.113 ,  346.113 ,    0.000 ,   47.602 ,  346.113 ,    0.000 ,        0 , 	)
  86 	 (   4 ,  345.000 ,  440.319 ,        0 ,   10.742 ,  356.855 ,    0.000 ,  356.855 ,  360.855 ,    0.000 ,   47.602 ,   11.855 ,    3.171 ,        1 , 	)
  28 	 (   8 ,  300.000 ,  420.000 ,        0 ,  360.543 ,  372.398 ,    0.000 ,  372.398 ,  376.398 ,    0.000 ,   11.855 ,   11.855 ,   19.464 ,        2 , 	)
 174 	 (   4 ,  405.000 ,  465.000 ,        0 ,  393.145 ,  405.000 ,    0.000 ,  405.000 ,  409.000 ,   44.145 ,   11.855 ,    0.000 ,    4.865 ,        3 , 	)
 116 	 (   0 ,  330.802 ,  496.000 ,        0 ,  412.065 ,  412.065 ,    0.000 ,  412.065 ,  416.065 ,   35.668 ,   36.332 ,    0.000 ,    0.480 ,        4 , 	)
 177 	 (   0 ,    0.000 , 1440.000 ,        0 ,  425.862 ,  425.862 ,    0.000 ,  425.862 ,  425.862 ,    0.000 , 1014.138 ,    0.000 ,    0.000 ,        5 , 	)

	22 sommets 
	values : ( Cost : 535.135 , TRT : 446.826 , TWT :   2.469 , TD : 784.993 )
	violations : ( VC :       0 , VTW :   0.000 , VTD :   0.000 , VTRT :   0.000 )
	cout global : (   0.000	 )
S(i)	 (   C ,     TW0 ,       TW1 ,       VTW ,       Min ,       A ,       W ,       B ,       D ,       L ,       F ,       E ,       Det ,       [Imp ,       Imp]	)
   0 	 (   0 ,    0.000 , 1440.000 ,        0 ,    0.000 ,  734.869 ,    0.000 ,  734.869 ,  734.869 ,    0.000 ,    0.000 ,  734.869 ,    0.000 ,        0 , 	)
  78 	 (   4 ,  720.000 ,  960.000 ,        0 ,   47.341 ,  782.211 ,    0.000 ,  782.211 ,  786.211 ,    0.000 ,    0.000 ,   62.211 ,    1.540 ,        1 , 	)
   6 	 (   6 ,  737.000 ,  943.379 ,        0 ,  729.076 ,  791.286 ,    0.000 ,  791.286 ,  793.286 ,    0.000 ,    0.000 ,   54.286 ,    2.238 ,        2 , 	)
  94 	 (   4 ,  774.000 ,  954.000 ,        0 ,  747.621 ,  801.908 ,    0.000 ,  801.908 ,  803.908 ,    8.621 ,    0.000 ,   27.908 ,    1.450 ,        3 , 	)
  65 	 (   7 ,  744.000 ,  950.929 ,        0 ,  784.191 ,  812.098 ,    0.000 ,  812.098 ,  815.098 ,    0.000 ,    0.000 ,   27.908 ,    4.410 ,        4 , 	)
  70 	 (   8 ,  780.000 ,  960.000 ,        0 ,  801.877 ,  829.784 ,    0.000 ,  829.784 ,  830.784 ,    0.000 ,    0.000 ,   27.908 ,   13.775 ,        5 , 	)
 158 	 (   7 ,  798.005 , 1029.000 ,        0 ,  819.882 ,  847.789 ,    0.000 ,  847.789 ,  848.789 ,   17.005 ,    0.000 ,   27.908 ,    7.594 ,        6 , 	)
 153 	 (   4 ,  886.000 , 1006.000 ,        0 ,  875.311 ,  903.218 ,    0.000 ,  903.218 ,  906.218 ,   88.120 ,    0.000 ,   17.218 ,    0.000 ,        7 , 	)
  11 	 (   6 ,  720.000 ,  960.000 ,        0 ,  889.000 ,  906.218 ,    0.000 ,  906.218 ,  908.218 ,    0.000 ,    0.000 ,   17.218 ,    0.000 ,        8 , 	)
  31 	 (   7 ,  799.000 ,  949.635 ,        0 ,  920.942 ,  938.160 ,    0.000 ,  938.160 ,  939.160 ,    0.000 ,    0.000 ,   17.218 ,    1.150 ,        9 , 	)
  73 	 (   8 ,  900.000 ,  960.000 ,        0 ,  933.831 ,  951.049 ,    0.000 ,  951.049 ,  952.049 ,    0.000 ,    0.000 ,   17.218 ,    5.877 ,       10 , 	)
 166 	 (   4 ,  916.000 , 1156.000 ,        0 ,  958.645 ,  975.863 ,    0.000 ,  975.863 ,  979.863 ,  189.653 ,    0.000 ,   17.218 ,   -0.157 ,       11 , 	)
 119 	 (   3 ,  861.000 ,  981.000 ,        0 ,  963.782 ,  981.000 ,    0.000 ,  981.000 ,  982.000 ,   41.840 ,   -0.000 ,   17.218 ,   -0.560 ,       12 , 	)
   8 	 (   5 ,  970.000 , 1197.756 ,        0 ,  974.499 ,  991.717 ,    2.469 ,  994.186 ,  996.186 ,    0.000 ,   40.596 ,   19.687 ,   -1.050 ,       13 , 	)
  99 	 (   3 ,  858.000 , 1098.000 ,        0 ,  984.656 , 1004.343 ,    0.000 , 1004.343 , 1006.343 ,   96.125 ,   24.186 ,   19.687 ,   14.847 ,       14 , 	)
  25 	 (   6 ,  960.000 , 1080.000 ,        0 , 1019.717 , 1039.404 ,    0.000 , 1039.404 , 1042.404 ,    0.000 ,   24.186 ,   19.687 ,    3.723 ,       15 , 	)
  96 	 (   4 , 1048.000 , 1228.000 ,        0 , 1028.313 , 1048.000 ,    0.000 , 1048.000 , 1050.000 ,   51.814 ,   24.186 ,    0.000 ,    6.849 ,       16 , 	)
   4 	 (   6 , 1020.000 , 1200.000 ,        0 , 1061.583 , 1061.583 ,    0.000 , 1061.583 , 1063.583 ,    0.000 ,   43.616 ,    0.000 ,   -2.405 ,       17 , 	)
 113 	 (   3 , 1094.000 , 1154.000 ,        0 , 1098.460 , 1098.460 ,    0.000 , 1098.460 , 1101.460 ,   56.056 ,   43.616 ,    0.000 ,   -8.485 ,       18 , 	)
 161 	 (   2 ,  980.000 , 1160.000 ,        0 , 1116.384 , 1116.384 ,    0.000 , 1116.384 , 1117.384 ,  164.335 ,   43.616 ,    0.000 ,    7.373 ,       19 , 	)
  92 	 (   0 , 1117.000 , 1297.000 ,        0 , 1135.007 , 1135.007 ,    0.000 , 1135.007 , 1137.007 ,   71.424 ,   56.576 ,   -0.000 ,    8.111 ,       20 , 	)
 177 	 (   0 ,    0.000 , 1440.000 ,        0 , 1181.695 , 1181.695 ,    0.000 , 1181.695 , 1181.695 ,    0.000 ,  258.305 ,   -0.000 ,    0.000 ,       21 , 	)

	8 sommets 
	values : ( Cost : 167.976 , TRT : 148.298 , TWT :   0.000 , TD : 114.984 )
	violations : ( VC :       0 , VTW :   0.000 , VTD :   0.000 , VTRT :   0.000 )
	cout global : (   0.000	 )
S(i)	 (   C ,     TW0 ,       TW1 ,       VTW ,       Min ,       A ,       W ,       B ,       D ,       L ,       F ,       E ,       Det ,       [Imp ,       Imp]	)
   0 	 (   0 ,    0.000 , 1440.000 ,        0 ,    0.000 ,  836.474 ,    0.000 ,  836.474 ,  836.474 ,    0.000 ,   25.038 ,  836.474 ,    0.000 ,        0 , 	)
  35 	 (   4 ,  840.000 ,  960.000 ,        0 ,    3.526 ,  840.000 ,    0.000 ,  840.000 ,  844.000 ,    0.000 ,   25.038 ,    0.000 ,    3.868 ,        1 , 	)
   9 	 (   8 ,  780.000 ,  960.000 ,        0 ,  854.508 ,  854.508 ,    0.000 ,  854.508 ,  858.508 ,    0.000 ,   25.038 ,    0.000 ,  -16.410 ,        2 , 	)
  97 	 (   4 ,  855.000 , 1095.000 ,        0 ,  889.105 ,  889.105 ,    0.000 ,  889.105 ,  893.105 ,   30.596 ,   25.038 ,    0.000 ,    6.407 ,        3 , 	)
 123 	 (   0 ,  901.948 , 1119.000 ,        0 ,  902.069 ,  902.069 ,    0.000 ,  902.069 ,  906.069 ,   58.069 ,   25.038 ,    0.000 ,    9.745 ,        4 , 	)
  10 	 (   3 ,  720.000 ,  960.000 ,        0 ,  934.962 ,  934.962 ,    0.000 ,  934.962 ,  937.962 ,    0.000 ,   25.038 ,    0.000 ,   -8.105 ,        5 , 	)
  98 	 (   0 ,  840.000 , 1020.000 ,        0 ,  964.280 ,  964.280 ,    0.000 ,  964.280 ,  967.280 ,   26.319 ,   55.720 ,    0.000 ,   10.758 ,        6 , 	)
 177 	 (   0 ,    0.000 , 1440.000 ,        0 ,  984.772 ,  984.772 ,    0.000 ,  984.772 ,  984.772 ,    0.000 ,  455.228 ,    0.000 ,    0.000 ,        7 , 	)

	12 sommets 
	values : ( Cost : 242.072 , TRT : 210.009 , TWT :   0.000 , TD : 370.958 )
	violations : ( VC :       0 , VTW :   0.000 , VTD :   0.000 , VTRT :   0.000 )
	cout global : (   0.000	 )
S(i)	 (   C ,     TW0 ,       TW1 ,       VTW ,       Min ,       A ,       W ,       B ,       D ,       L ,       F ,       E ,       Det ,       [Imp ,       Imp]	)
   0 	 (   0 ,    0.000 , 1440.000 ,        0 ,    0.000 ,  256.108 ,    0.000 ,  256.108 ,  256.108 ,    0.000 ,   54.077 ,  256.108 ,    0.000 ,        0 , 	)
   2 	 (   4 ,  240.000 ,  480.000 ,        0 ,    2.016 ,  258.123 ,    0.000 ,  258.123 ,  262.123 ,    0.000 ,   54.077 ,   18.123 ,    0.689 ,        1 , 	)
  29 	 (   5 ,  240.000 ,  420.000 ,        0 ,  250.301 ,  268.424 ,    0.000 ,  268.424 ,  269.424 ,    0.000 ,   35.123 ,   18.123 ,    4.703 ,        2 , 	)
  90 	 (   1 ,  292.000 ,  532.000 ,        0 ,  273.877 ,  292.000 ,    0.000 ,  292.000 ,  296.000 ,   29.877 ,   23.820 ,    0.000 ,   -4.350 ,        3 , 	)
  56 	 (   2 ,  240.000 ,  420.000 ,        0 ,  316.823 ,  316.823 ,    0.000 ,  316.823 ,  317.823 ,    0.000 ,   23.820 ,    0.000 ,   -3.584 ,        4 , 	)
  63 	 (   6 ,  240.000 ,  420.000 ,        0 ,  325.592 ,  325.592 ,    0.000 ,  325.592 ,  329.592 ,    0.000 ,   23.820 ,    0.000 ,    4.522 ,        5 , 	)
 117 	 (   5 ,  337.000 ,  517.000 ,        0 ,  375.604 ,  375.604 ,    0.000 ,  375.604 ,  376.604 ,  106.180 ,   23.820 ,    0.000 ,   30.995 ,        6 , 	)
 144 	 (   4 ,  338.000 ,  578.000 ,        0 ,  402.477 ,  402.477 ,    0.000 ,  402.477 ,  403.477 ,   84.654 ,   25.668 ,    0.000 ,   14.602 ,        7 , 	)
  30 	 (   8 ,  240.000 ,  480.000 ,        0 ,  411.661 ,  411.661 ,    0.000 ,  411.661 ,  415.661 ,    0.000 ,   25.668 ,    0.000 ,    6.851 ,        8 , 	)
 151 	 (   4 ,  377.000 ,  497.000 ,        0 ,  442.923 ,  442.923 ,    0.000 ,  442.923 ,  446.923 ,  113.332 ,   25.668 ,    0.000 ,    3.605 ,        9 , 	)
 118 	 (   0 ,  301.000 ,  541.000 ,        0 ,  452.577 ,  452.577 ,    0.000 ,  452.577 ,  456.577 ,   36.916 ,   41.084 ,    0.000 ,    2.477 ,       10 , 	)
 177 	 (   0 ,    0.000 , 1440.000 ,        0 ,  466.117 ,  466.117 ,    0.000 ,  466.117 ,  466.117 ,    0.000 ,  973.883 ,    0.000 ,    0.000 ,       11 , 	)

	22 sommets 
	values : ( Cost : 334.286 , TRT : 452.060 , TWT : 154.717 , TD : 631.983 )
	violations : ( VC :       0 , VTW :   0.000 , VTD :   0.000 , VTRT :   0.000 )
	cout global : (   0.000	 )
S(i)	 (   C ,     TW0 ,       TW1 ,       VTW ,       Min ,       A ,       W ,       B ,       D ,       L ,       F ,       E ,       Det ,       [Imp ,       Imp]	)
   0 	 (   0 ,    0.000 , 1440.000 ,        0 ,    0.000 ,  666.506 ,    0.000 ,  666.506 ,  666.506 ,    0.000 ,    0.000 ,  666.506 ,    0.000 ,        0 , 	)
  81 	 (   3 ,  600.000 ,  720.000 ,        0 ,    9.662 ,  676.168 ,    0.000 ,  676.168 ,  679.168 ,    0.000 ,    0.000 ,   76.168 ,    4.762 ,        1 , 	)
  23 	 (   7 ,  480.000 ,  720.000 ,        0 ,  607.143 ,  683.311 ,    0.000 ,  683.311 ,  687.311 ,    0.000 ,    0.000 ,   76.168 ,    1.486 ,        2 , 	)
 111 	 (   3 ,  541.000 ,  781.000 ,        0 ,  639.832 ,  716.000 ,    0.000 ,  716.000 ,  720.000 ,   28.689 ,    0.000 ,   76.168 ,    0.000 ,        3 , 	)
  42 	 (   5 ,  480.000 ,  720.000 ,        0 ,  643.832 ,  720.000 ,    0.000 ,  720.000 ,  722.000 ,    0.000 ,    0.000 ,   76.168 ,    0.000 ,        4 , 	)
  74 	 (   8 ,  720.000 ,  900.000 ,        0 ,  650.486 ,  726.655 ,   52.532 ,  779.186 ,  782.186 ,    0.000 ,    0.000 ,   59.186 ,    2.257 ,        5 , 	)
 130 	 (   6 ,  575.000 ,  815.000 ,        0 ,  755.814 ,  815.000 ,    0.000 ,  815.000 ,  817.000 ,   93.000 ,    0.000 ,   59.186 ,    1.195 ,        6 , 	)
  19 	 (   7 ,  720.000 ,  960.000 ,        0 ,  767.714 ,  826.900 ,   10.401 ,  837.301 ,  838.301 ,    0.000 ,    0.000 ,   69.588 ,    5.104 ,        7 , 	)
  49 	 (   8 ,  720.000 ,  960.000 ,        0 ,  783.699 ,  853.287 ,    0.000 ,  853.287 ,  854.287 ,    0.000 ,    0.000 ,   69.588 ,    3.710 ,        8 , 	)
 107 	 (   7 ,  776.000 , 1016.000 ,        0 ,  801.533 ,  871.121 ,    0.000 ,  871.121 ,  872.121 ,   32.820 ,    0.000 ,   69.588 ,    0.973 ,        9 , 	)
 137 	 (   6 ,  772.000 , 1012.000 ,        0 ,  812.680 ,  882.268 ,    0.000 ,  882.268 ,  883.268 ,   27.981 ,    0.000 ,   69.588 ,   -0.671 ,       10 , 	)
 169 	 (   3 ,  797.000 ,  977.000 ,        0 ,  818.748 ,  888.336 ,    0.000 ,  888.336 ,  891.336 ,  209.168 ,    0.000 ,   69.588 ,    0.000 ,       11 , 	)
  51 	 (   4 ,  720.000 ,  900.000 ,        0 ,  821.748 ,  891.336 ,    0.000 ,  891.336 ,  892.336 ,    0.000 ,    0.000 ,   69.588 ,    0.000 ,       12 , 	)
  54 	 (   7 ,  720.000 ,  900.000 ,        0 ,  830.412 ,  900.000 ,    0.000 ,  900.000 ,  903.000 ,    0.000 ,    0.000 ,   69.588 ,    0.692 ,       13 , 	)
 162 	 (   4 ,  899.000 , 1019.000 ,        0 ,  836.097 ,  905.685 ,    0.000 ,  905.685 ,  908.685 ,  123.498 ,    1.254 ,    6.685 ,   -0.641 ,       14 , 	)
 139 	 (   3 ,  752.000 ,  932.000 ,        0 ,  907.480 ,  914.165 ,    0.000 ,  914.165 ,  915.165 ,   21.829 ,    1.254 ,    6.685 ,   -0.703 ,       15 , 	)
  72 	 (   5 ,  757.000 ,  930.971 ,        0 ,  923.032 ,  929.717 ,    1.254 ,  930.971 ,  932.971 ,    0.000 ,    0.000 ,    7.939 ,   -4.129 ,       16 , 	)
 142 	 (   2 ,  811.000 ,  991.000 ,        0 ,  940.197 ,  948.136 ,    0.000 ,  948.136 ,  951.136 ,   45.136 ,    0.432 ,    7.939 ,   -3.432 ,       17 , 	)
 160 	 (   0 ,  845.000 ,  965.000 ,        0 ,  956.629 ,  964.568 ,    0.000 ,  964.568 ,  966.568 ,   31.597 ,    0.432 ,    7.939 ,   11.144 ,       18 , 	)
  12 	 (   3 , 1037.000 , 1127.735 ,        0 ,  969.265 ,  977.205 ,   90.530 , 1067.735 , 1070.735 ,    0.000 ,   60.000 ,   30.735 ,    8.162 ,       19 , 	)
 100 	 (   0 , 1089.000 , 1149.000 ,        0 , 1058.265 , 1089.000 ,    0.000 , 1089.000 , 1092.000 ,   18.265 ,   30.735 ,    0.000 ,   33.192 ,       20 , 	)
 177 	 (   0 ,    0.000 , 1440.000 ,        0 , 1118.566 , 1118.566 ,    0.000 , 1118.566 , 1118.566 ,    0.000 ,  321.434 ,    0.000 ,    0.000 ,       21 , 	)

	16 sommets 
	values : ( Cost : 370.729 , TRT : 465.740 , TWT : 158.996 , TD : 618.365 )
	violations : ( VC :       0 , VTW :   0.000 , VTD :   0.000 , VTRT :   0.000 )
	cout global : (   0.000	 )
S(i)	 (   C ,     TW0 ,       TW1 ,       VTW ,       Min ,       A ,       W ,       B ,       D ,       L ,       F ,       E ,       Det ,       [Imp ,       Imp]	)
   0 	 (   0 ,    0.000 , 1440.000 ,        0 ,    0.000 ,  431.585 ,    0.000 ,  431.585 ,  431.585 ,    0.000 ,    0.000 ,  431.585 ,    0.000 ,        0 , 	)
   7 	 (   2 ,  240.000 ,  480.000 ,        0 ,   13.363 ,  444.948 ,    0.000 ,  444.948 ,  446.948 ,    0.000 ,    0.000 ,  204.948 ,   17.558 ,        1 , 	)
  22 	 (   6 ,  420.000 ,  480.000 ,        0 ,  263.503 ,  468.451 ,    0.000 ,  468.451 ,  472.451 ,    0.000 ,    0.000 ,   48.451 ,    4.877 ,        2 , 	)
  82 	 (   8 ,  240.000 ,  480.000 ,        0 ,  431.549 ,  480.000 ,    0.000 ,  480.000 ,  482.000 ,    0.000 ,   -0.000 ,   48.451 ,    6.665 ,        3 , 	)
 170 	 (   6 ,  388.000 ,  568.000 ,        0 ,  477.320 ,  525.771 ,    0.000 ,  525.771 ,  527.771 ,   43.771 ,   30.077 ,   48.451 ,    0.600 ,        4 , 	)
  95 	 (   4 ,  444.000 ,  564.000 ,        0 ,  485.471 ,  533.923 ,    0.000 ,  533.923 ,  535.923 ,   86.974 ,   30.077 ,   48.451 ,    4.906 ,        5 , 	)
  64 	 (   5 ,  480.000 ,  720.000 ,        0 ,  493.124 ,  541.575 ,   73.826 ,  615.401 ,  616.401 ,    0.000 ,    0.000 ,  122.277 ,    1.111 ,        6 , 	)
 110 	 (   1 ,  463.470 ,  642.000 ,        0 ,  508.174 ,  630.451 ,    0.000 ,  630.451 ,  634.451 ,  158.000 ,    0.000 ,  122.277 ,    0.000 ,        7 , 	)
  44 	 (   3 ,  544.000 ,  665.905 ,        0 ,  518.241 ,  640.518 ,   25.386 ,  665.905 ,  667.905 ,    0.000 ,    0.000 ,  121.905 ,    7.862 ,        8 , 	)
 132 	 (   1 ,  645.000 ,  705.000 ,        0 ,  583.095 ,  705.000 ,    0.000 ,  705.000 ,  707.000 ,   37.095 ,    0.000 ,   60.000 ,   10.234 ,        9 , 	)
  79 	 (   2 ,  758.000 ,  870.647 ,        0 ,  658.850 ,  718.850 ,   59.783 ,  778.634 ,  779.634 ,    0.000 ,   37.077 ,   20.634 ,   10.749 ,       10 , 	)
 152 	 (   1 ,  761.000 ,  881.000 ,        0 ,  799.111 ,  819.744 ,    0.000 ,  819.744 ,  820.744 ,  203.343 ,   20.634 ,   20.634 ,   31.014 ,       11 , 	)
 167 	 (   0 ,  843.000 ,  903.000 ,        0 ,  822.366 ,  843.000 ,    0.000 ,  843.000 ,  844.000 ,   63.366 ,   20.634 ,    0.000 ,  -17.317 ,       12 , 	)
  48 	 (   2 ,  720.000 ,  900.000 ,        0 ,  862.923 ,  862.923 ,    0.000 ,  862.923 ,  864.923 ,    0.000 ,   37.077 ,    0.000 ,    2.922 ,       13 , 	)
 136 	 (   0 ,  773.000 ,  953.000 ,        0 ,  890.738 ,  890.738 ,    0.000 ,  890.738 ,  892.738 ,   25.814 ,   43.186 ,    0.000 ,    4.901 ,       14 , 	)
 177 	 (   0 ,    0.000 , 1440.000 ,        0 ,  897.325 ,  897.325 ,    0.000 ,  897.325 ,  897.325 ,    0.000 ,  542.675 ,    0.000 ,    0.000 ,       15 , 	)

	14 sommets 
	values : ( Cost : 194.690 , TRT : 176.383 , TWT :   0.000 , TD : 320.445 )
	violations : ( VC :       0 , VTW :   0.000 , VTD :   0.000 , VTRT :   0.000 )
	cout global : (   0.000	 )
S(i)	 (   C ,     TW0 ,       TW1 ,       VTW ,       Min ,       A ,       W ,       B ,       D ,       L ,       F ,       E ,       Det ,       [Imp ,       Imp]	)
   0 	 (   0 ,    0.000 , 1440.000 ,        0 ,    0.000 ,  277.924 ,    0.000 ,  277.924 ,  277.924 ,    0.000 ,   40.184 ,  277.924 ,    0.000 ,        0 , 	)
  47 	 (   1 ,  253.000 ,  471.805 ,        0 ,    5.102 ,  283.026 ,    0.000 ,  283.026 ,  284.026 ,    0.000 ,   40.184 ,   30.026 ,    4.339 ,        1 , 	)
  20 	 (   3 ,  240.000 ,  480.000 ,        0 ,  265.620 ,  295.646 ,    0.000 ,  295.646 ,  297.646 ,    0.000 ,   19.098 ,   30.026 ,    1.274 ,        2 , 	)
  40 	 (   7 ,  240.000 ,  480.000 ,        0 ,  284.959 ,  314.986 ,    0.000 ,  314.986 ,  318.986 ,    0.000 ,   19.098 ,   30.026 ,   13.908 ,        3 , 	)
 135 	 (   6 ,  316.000 ,  496.000 ,        0 ,  296.902 ,  326.928 ,    0.000 ,  326.928 ,  327.928 ,   42.902 ,   19.098 ,   10.928 ,    1.898 ,        4 , 	)
  88 	 (   8 ,  248.000 ,  420.000 ,        0 ,  340.379 ,  351.307 ,    0.000 ,  351.307 ,  353.307 ,    0.000 ,   40.184 ,   10.928 ,   -0.522 ,        5 , 	)
 108 	 (   6 ,  344.000 ,  584.000 ,        0 ,  361.072 ,  372.000 ,    0.000 ,  372.000 ,  374.000 ,   74.354 ,   23.491 ,   10.928 ,    0.000 ,        6 , 	)
 128 	 (   2 ,  374.000 ,  554.000 ,        0 ,  363.072 ,  374.000 ,    0.000 ,  374.000 ,  378.000 ,   55.014 ,   23.491 ,    0.000 ,    0.000 ,        7 , 	)
  71 	 (   6 ,  240.000 ,  480.000 ,        0 ,  384.491 ,  384.491 ,    0.000 ,  384.491 ,  388.491 ,    0.000 ,   23.491 ,    0.000 ,    2.320 ,        8 , 	)
  52 	 (   8 ,  313.000 ,  473.908 ,        0 ,  394.277 ,  394.277 ,    0.000 ,  394.277 ,  396.277 ,    0.000 ,   23.491 ,    0.000 ,   -4.178 ,        9 , 	)
 176 	 (   6 ,  334.000 ,  454.000 ,        0 ,  413.816 ,  413.816 ,    0.000 ,  413.816 ,  415.816 ,   60.509 ,   14.996 ,    0.000 ,    0.778 ,       10 , 	)
 159 	 (   2 ,  315.000 ,  555.000 ,        0 ,  426.153 ,  426.153 ,    0.000 ,  426.153 ,  430.153 ,   37.662 ,   14.996 ,    0.000 ,   19.377 ,       11 , 	)
 140 	 (   0 ,  380.000 ,  500.000 ,        0 ,  446.280 ,  446.280 ,    0.000 ,  446.280 ,  448.280 ,   50.004 ,   14.996 ,    0.000 ,   10.827 ,       12 , 	)
 177 	 (   0 ,    0.000 , 1440.000 ,        0 ,  454.308 ,  454.308 ,    0.000 ,  454.308 ,  454.308 ,    0.000 ,  985.692 ,    0.000 ,    0.000 ,       13 , 	)

	14 sommets 
	values : ( Cost : 378.851 , TRT : 318.919 , TWT :   8.068 , TD : 485.264 )
	violations : ( VC :       0 , VTW :   0.000 , VTD :   0.000 , VTRT :   0.000 )
	cout global : (   0.000	 )
S(i)	 (   C ,     TW0 ,       TW1 ,       VTW ,       Min ,       A ,       W ,       B ,       D ,       L ,       F ,       E ,       Det ,       [Imp ,       Imp]	)
   0 	 (   0 ,    0.000 , 1440.000 ,        0 ,    0.000 ,  952.450 ,    0.000 ,  952.450 ,  952.450 ,    0.000 ,    0.000 ,  952.450 ,    0.000 ,        0 , 	)
  77 	 (   1 ,  780.000 ,  960.000 ,        0 ,    7.550 ,  960.000 ,    0.000 ,  960.000 ,  961.000 ,    0.000 ,    0.000 ,  180.000 ,   12.949 ,        1 , 	)
 165 	 (   0 ,  798.326 , 1008.000 ,        0 ,  798.326 ,  978.326 ,    0.000 ,  978.326 ,  979.326 ,   17.326 ,   29.674 ,  180.000 ,   -1.631 ,        2 , 	)
  26 	 (   1 ,  960.000 , 1200.000 ,        0 ,  809.335 ,  989.335 ,    8.068 ,  997.403 ,  998.403 ,    0.000 ,   59.148 ,   37.403 ,   21.096 ,        3 , 	)
  84 	 (   2 , 1020.000 , 1200.000 ,        0 ,  986.629 , 1024.032 ,    0.000 , 1024.032 , 1025.032 ,    0.000 ,   26.681 ,    4.032 ,    5.035 ,        4 , 	)
  39 	 (   5 ,  960.000 , 1140.000 ,        0 , 1058.723 , 1062.756 ,    0.000 , 1062.756 , 1065.756 ,    0.000 ,   26.681 ,    4.032 ,   -3.602 ,        5 , 	)
  38 	 (   8 ,  963.000 , 1140.000 ,        0 , 1076.820 , 1080.852 ,    0.000 , 1080.852 , 1083.852 ,    0.000 ,   18.952 ,    4.032 ,    1.114 ,        6 , 	)
 172 	 (   7 , 1086.000 , 1326.000 ,        0 , 1081.968 , 1086.000 ,    0.000 , 1086.000 , 1087.000 ,   60.968 ,   18.952 ,    0.000 ,   -5.895 ,        7 , 	)
 114 	 (   6 , 1094.000 , 1274.000 ,        0 , 1110.722 , 1110.722 ,    0.000 , 1110.722 , 1111.722 ,  112.319 ,   18.952 ,    0.000 ,    1.088 ,        8 , 	)
 126 	 (   3 , 1069.000 , 1189.000 ,        0 , 1119.726 , 1119.726 ,    0.000 , 1119.726 , 1122.726 ,   35.874 ,   18.952 ,    0.000 ,   10.510 ,        9 , 	)
  68 	 (   7 ,  960.000 , 1200.000 ,        0 , 1134.388 , 1134.388 ,    0.000 , 1134.388 , 1138.388 ,    0.000 ,   18.952 ,    0.000 ,   11.616 ,       10 , 	)
 156 	 (   3 , 1127.000 , 1367.000 ,        0 , 1222.118 , 1222.118 ,    0.000 , 1222.118 , 1226.118 ,   83.730 ,   18.952 ,   -0.000 ,   30.153 ,       11 , 	)
 127 	 (   0 , 1077.000 , 1317.000 ,        0 , 1240.804 , 1240.804 ,    0.000 , 1240.804 , 1243.804 ,  175.048 ,   18.952 ,   -0.000 ,   -2.588 ,       12 , 	)
 177 	 (   0 ,    0.000 , 1440.000 ,        0 , 1271.369 , 1271.369 ,    0.000 , 1271.369 , 1271.369 ,    0.000 ,  168.631 ,   -0.000 ,    0.000 ,       13 , 	)

	12 sommets 
	values : ( Cost : 185.042 , TRT : 171.129 , TWT :   0.000 , TD : 185.520 )
	violations : ( VC :       0 , VTW :   0.000 , VTD :   0.000 , VTRT :   0.000 )
	cout global : (   0.000	 )
S(i)	 (   C ,     TW0 ,       TW1 ,       VTW ,       Min ,       A ,       W ,       B ,       D ,       L ,       F ,       E ,       Det ,       [Imp ,       Imp]	)
   0 	 (   0 ,    0.000 , 1440.000 ,        0 ,    0.000 ,  312.059 ,    0.000 ,  312.059 ,  312.059 ,    0.000 ,    2.105 ,  312.059 ,    0.000 ,        0 , 	)
  85 	 (   3 ,  240.000 ,  420.000 ,        0 ,   18.865 ,  330.924 ,    0.000 ,  330.924 ,  333.924 ,    0.000 ,    2.105 ,   90.924 ,   18.527 ,        1 , 	)
  32 	 (   6 ,  240.000 ,  420.000 ,        0 ,  254.588 ,  345.512 ,    0.000 ,  345.512 ,  348.512 ,    0.000 ,    2.105 ,   90.924 ,    3.630 ,        2 , 	)
  36 	 (   8 ,  300.000 ,  480.000 ,        0 ,  263.830 ,  354.754 ,    0.000 ,  354.754 ,  356.754 ,    0.000 ,    2.105 ,   54.754 ,    3.359 ,        3 , 	)
 124 	 (   6 ,  339.000 ,  519.000 ,        0 ,  320.805 ,  375.559 ,    0.000 ,  375.559 ,  377.559 ,   18.805 ,    2.105 ,   36.559 ,    1.157 ,        4 , 	)
 173 	 (   3 ,  383.000 ,  503.000 ,        0 ,  346.441 ,  383.000 ,    0.000 ,  383.000 ,  386.000 ,   49.076 ,    2.105 ,    0.000 ,    0.000 ,        5 , 	)
 120 	 (   0 ,  309.000 ,  489.000 ,        0 ,  386.000 ,  386.000 ,    0.000 ,  386.000 ,  389.000 ,   37.488 ,    2.105 ,    0.000 ,    0.000 ,        6 , 	)
  18 	 (   4 ,  240.000 ,  420.000 ,        0 ,  417.895 ,  417.895 ,    0.000 ,  417.895 ,  421.895 ,    0.000 ,    2.105 ,    0.000 ,    3.716 ,        7 , 	)
   1 	 (   8 ,  360.000 ,  480.000 ,        0 ,  424.662 ,  424.662 ,    0.000 ,  424.662 ,  428.662 ,    0.000 ,   55.338 ,    0.000 ,    5.085 ,        8 , 	)
 106 	 (   4 ,  299.000 ,  539.000 ,        0 ,  456.624 ,  456.624 ,    0.000 ,  456.624 ,  460.624 ,   34.729 ,   74.577 ,    0.000 ,   -3.498 ,        9 , 	)
  89 	 (   0 ,  408.921 ,  604.000 ,        0 ,  474.086 ,  474.086 ,    0.000 ,  474.086 ,  478.086 ,   45.423 ,   74.577 ,    0.000 ,    4.382 ,       10 , 	)
 177 	 (   0 ,    0.000 , 1440.000 ,        0 ,  483.188 ,  483.188 ,    0.000 ,  483.188 ,  483.188 ,    0.000 ,  956.812 ,    0.000 ,    0.000 ,       11 , 	)
