9
	VALUE ALL : ( Cost : 3476.106 , TRT : 3321.383 , TWT : 457.769 , TD : 4192.365 )
	VIOLATIONS TOTAL : ( VC :       0 , VTW :   0.000 , VTD :   0.000 , VTRT :   0.000 )
 	COUT_ALL : (   0.003 )  T2B:   52801

	14 sommets 
	values : ( Cost : 403.530 , TRT : 457.435 , TWT : 136.029 , TD : 445.062 )
	violations : ( VC :       0 , VTW :   0.000 , VTD :   0.000 , VTRT :   0.000 )
	cout global : (   0.000	 )
S(i)	 (   C ,     TW0 ,       TW1 ,       VTW ,       Min ,       A ,       W ,       B ,       D ,       L ,       F ,       E ,       Det ,       [Imp ,       Imp]	)
   0 	 (   0 ,    0.000 , 1440.000 ,        0 ,    0.000 ,  329.643 ,    0.000 ,  329.643 ,  329.643 ,    0.000 ,    0.000 ,  329.643 ,    0.000 ,        0 , 	)
  14 	 (   1 ,  240.000 ,  480.000 ,        0 ,   10.847 ,  340.489 ,    0.000 ,  340.489 ,  341.489 ,    0.000 ,    0.000 ,  100.489 ,    0.000 ,        1 , 	)
  10 	 (   2 ,  300.000 ,  480.000 ,        0 ,  255.183 ,  355.672 ,    0.000 ,  355.672 ,  356.672 ,    0.000 ,    0.000 ,   55.672 ,    0.738 ,        2 , 	)
  77 	 (   1 ,  283.000 ,  523.000 ,        0 ,  308.750 ,  364.423 ,    0.000 ,  364.423 ,  365.423 ,   22.933 ,    0.000 ,   55.672 ,    0.571 ,        3 , 	)
  59 	 (   2 ,  240.000 ,  420.000 ,        0 ,  318.362 ,  374.035 ,    0.000 ,  374.035 ,  375.035 ,    0.000 ,    0.000 ,   55.672 ,    1.093 ,        4 , 	)
  26 	 (   4 ,  240.000 ,  480.000 ,        0 ,  343.995 ,  399.668 ,    0.000 ,  399.668 ,  401.668 ,    0.000 ,    0.000 ,   55.672 ,   26.371 ,        5 , 	)
  73 	 (   3 ,  448.000 ,  688.000 ,        0 ,  421.705 ,  477.377 ,    0.000 ,  477.377 ,  478.377 ,  120.705 ,    0.000 ,   29.377 ,    0.000 ,        6 , 	)
  13 	 (   4 ,  240.000 ,  480.000 ,        0 ,  449.000 ,  478.377 ,    0.000 ,  478.377 ,  479.377 ,    0.000 ,    0.000 ,   29.377 ,    0.000 ,        7 , 	)
 122 	 (   3 ,  413.000 ,  533.000 ,        0 ,  462.523 ,  491.900 ,    0.000 ,  491.900 ,  492.900 ,  116.865 ,    0.000 ,   29.377 ,    0.000 ,        8 , 	)
  89 	 (   1 ,  456.000 ,  636.000 ,        0 ,  463.523 ,  492.900 ,    0.000 ,  492.900 ,  494.900 ,   91.232 ,    0.000 ,   29.377 ,    0.000 ,        9 , 	)
  76 	 (   0 ,  290.000 ,  530.000 ,        0 ,  500.623 ,  530.000 ,    0.000 ,  530.000 ,  531.000 ,   50.623 ,    0.000 ,   29.377 ,   24.497 ,       10 , 	)
  22 	 (   3 ,  720.000 ,  840.000 ,        0 ,  554.593 ,  583.971 ,  136.029 ,  720.000 ,  723.000 ,    0.000 ,  120.000 ,    0.000 ,   -1.648 ,       11 , 	)
  85 	 (   0 ,  765.703 ,  957.000 ,        0 ,  765.703 ,  765.703 ,    0.000 ,  765.703 ,  768.703 ,   42.703 ,   71.297 ,    0.000 ,   12.187 ,       12 , 	)
 127 	 (   0 ,    0.000 , 1440.000 ,        0 ,  787.078 ,  787.078 ,    0.000 ,  787.078 ,  787.078 ,    0.000 ,  652.922 ,    0.000 ,    0.000 ,       13 , 	)

	22 sommets 
	values : ( Cost : 417.991 , TRT : 356.705 , TWT :   0.426 , TD : 565.149 )
	violations : ( VC :       0 , VTW :   0.000 , VTD :   0.000 , VTRT :   0.000 )
	cout global : (   0.000	 )
S(i)	 (   C ,     TW0 ,       TW1 ,       VTW ,       Min ,       A ,       W ,       B ,       D ,       L ,       F ,       E ,       Det ,       [Imp ,       Imp]	)
   0 	 (   0 ,    0.000 , 1440.000 ,        0 ,    0.000 ,  660.434 ,    0.000 ,  660.434 ,  660.434 ,    0.000 ,    0.000 ,  660.434 ,    0.000 ,        0 , 	)
  51 	 (   1 ,  540.000 ,  720.000 ,        0 ,   10.450 ,  670.883 ,    0.000 ,  670.883 ,  671.883 ,    0.000 ,    0.000 ,  130.883 ,    7.009 ,        1 , 	)
  50 	 (   2 ,  546.000 ,  720.000 ,        0 ,  557.891 ,  688.774 ,    0.000 ,  688.774 ,  689.774 ,    0.000 ,    0.000 ,  130.883 ,    2.766 ,        2 , 	)
 114 	 (   1 ,  614.000 ,  794.000 ,        0 ,  581.911 ,  712.795 ,    0.000 ,  712.795 ,  713.795 ,   40.911 ,    0.000 ,   98.795 ,    2.502 ,        3 , 	)
  42 	 (   2 ,  480.000 ,  720.000 ,        0 ,  621.205 ,  720.000 ,    0.000 ,  720.000 ,  721.000 ,    0.000 ,    0.000 ,   98.795 ,    1.556 ,        4 , 	)
  43 	 (   3 ,  720.000 ,  960.000 ,        0 ,  638.938 ,  737.733 ,    0.426 ,  738.159 ,  739.159 ,    0.000 ,    5.258 ,   18.159 ,   10.491 ,        5 , 	)
 113 	 (   2 ,  639.000 ,  759.000 ,        0 ,  731.678 ,  749.838 ,    0.000 ,  749.838 ,  750.838 ,   60.063 ,    5.258 ,   18.159 ,    5.465 ,        6 , 	)
 106 	 (   1 ,  771.000 , 1011.000 ,        0 ,  752.841 ,  771.000 ,    0.000 ,  771.000 ,  772.000 ,   31.841 ,    5.258 ,    0.000 ,    0.196 ,        7 , 	)
   5 	 (   2 ,  720.000 ,  960.000 ,        0 ,  778.899 ,  778.899 ,    0.000 ,  778.899 ,  779.899 ,    0.000 ,    5.258 ,    0.000 ,    9.907 ,        8 , 	)
 105 	 (   1 ,  551.000 ,  791.000 ,        0 ,  785.742 ,  785.742 ,    0.000 ,  785.742 ,  786.742 ,   64.742 ,    5.258 ,    0.000 ,    1.779 ,        9 , 	)
  36 	 (   5 ,  720.000 ,  960.000 ,        0 ,  797.173 ,  797.173 ,    0.000 ,  797.173 ,  801.173 ,    0.000 ,   25.084 ,    0.000 ,   14.907 ,       10 , 	)
  99 	 (   1 ,  750.000 ,  990.000 ,        0 ,  817.517 ,  817.517 ,    0.000 ,  817.517 ,  821.517 ,   16.344 ,   16.656 ,    0.000 ,   -0.317 ,       11 , 	)
  37 	 (   5 ,  720.000 ,  900.000 ,        0 ,  828.919 ,  828.919 ,    0.000 ,  828.919 ,  832.919 ,    0.000 ,   25.084 ,    0.000 ,    4.632 ,       12 , 	)
  68 	 (   4 ,  822.000 , 1062.000 ,        0 ,  865.428 ,  865.428 ,    0.000 ,  865.428 ,  866.428 ,   85.529 ,   25.084 ,    0.000 ,    0.000 ,       13 , 	)
  25 	 (   7 ,  780.000 ,  900.000 ,        0 ,  866.428 ,  866.428 ,    0.000 ,  866.428 ,  869.428 ,    0.000 ,   25.084 ,    0.000 ,    0.000 ,       14 , 	)
   8 	 (   8 ,  780.000 ,  960.000 ,        0 ,  874.822 ,  874.822 ,    0.000 ,  874.822 ,  875.822 ,    0.000 ,   25.084 ,    0.000 ,    9.575 ,       15 , 	)
  71 	 (   7 ,  806.247 , 1029.000 ,        0 ,  901.069 ,  901.069 ,    0.000 ,  901.069 ,  902.069 ,   25.247 ,   25.084 ,    0.000 ,    3.313 ,       16 , 	)
  88 	 (   4 ,  818.000 ,  991.000 ,        0 ,  917.137 ,  917.137 ,    0.000 ,  917.137 ,  920.137 ,   47.709 ,   25.084 ,    0.000 ,   19.297 ,       17 , 	)
  56 	 (   8 ,  780.000 ,  960.000 ,        0 ,  934.916 ,  934.916 ,    0.000 ,  934.916 ,  938.916 ,    0.000 ,   25.084 ,    0.000 ,    3.507 ,       18 , 	)
 100 	 (   4 ,  878.000 , 1058.000 ,        0 ,  974.475 ,  974.475 ,    0.000 ,  974.475 ,  978.475 ,  141.556 ,   73.794 ,    0.000 ,   16.121 ,       19 , 	)
 119 	 (   0 ,  836.000 , 1076.000 ,        0 ,  990.122 ,  990.122 ,    0.000 ,  990.122 ,  994.122 ,   51.206 ,   73.794 ,    0.000 ,    3.888 ,       20 , 	)
 127 	 (   0 ,    0.000 , 1440.000 ,        0 , 1017.139 , 1017.139 ,    0.000 , 1017.139 , 1017.139 ,    0.000 ,  422.861 ,    0.000 ,    0.000 ,       21 , 	)

	18 sommets 
	values : ( Cost : 416.118 , TRT : 452.514 , TWT : 105.643 , TD : 572.854 )
	violations : ( VC :       0 , VTW :   0.000 , VTD :   0.000 , VTRT :   0.000 )
	cout global : (   0.000	 )
S(i)	 (   C ,     TW0 ,       TW1 ,       VTW ,       Min ,       A ,       W ,       B ,       D ,       L ,       F ,       E ,       Det ,       [Imp ,       Imp]	)
   0 	 (   0 ,    0.000 , 1440.000 ,        0 ,    0.000 ,  471.723 ,    0.000 ,  471.723 ,  471.723 ,    0.000 ,    0.000 ,  471.723 ,    0.000 ,        0 , 	)
  47 	 (   1 ,  300.000 ,  480.000 ,        0 ,    8.277 ,  480.000 ,    0.000 ,  480.000 ,  481.000 ,    0.000 ,    0.000 ,  180.000 ,    5.905 ,        1 , 	)
  45 	 (   2 ,  527.000 ,  680.771 ,        0 ,  346.194 ,  526.194 ,   39.484 ,  565.678 ,  566.678 ,    0.000 ,    0.000 ,   38.678 ,   27.618 ,        2 , 	)
 110 	 (   1 ,  352.000 ,  590.000 ,        0 ,  551.322 ,  590.000 ,    0.000 ,  590.000 ,  591.000 ,  109.000 ,    0.000 ,   38.678 ,   -1.304 ,        3 , 	)
  23 	 (   5 ,  480.000 ,  720.000 ,        0 ,  559.028 ,  597.706 ,   66.159 ,  663.865 ,  667.865 ,    0.000 ,    6.886 ,  104.837 ,    6.021 ,        4 , 	)
 108 	 (   4 ,  653.000 ,  713.000 ,        0 ,  579.955 ,  684.792 ,    0.000 ,  684.792 ,  685.792 ,  118.114 ,    6.886 ,   31.792 ,   10.716 ,        5 , 	)
   9 	 (   8 ,  480.000 ,  720.000 ,        0 ,  663.557 ,  695.349 ,    0.000 ,  695.349 ,  699.349 ,    0.000 ,   24.651 ,   31.792 ,    4.838 ,        6 , 	)
  72 	 (   4 ,  540.000 ,  780.000 ,        0 ,  695.876 ,  727.668 ,    0.000 ,  727.668 ,  731.668 ,   28.319 ,   40.382 ,   31.792 ,   43.243 ,        7 , 	)
  38 	 (   5 ,  720.000 ,  900.000 ,        0 ,  737.044 ,  768.836 ,    0.000 ,  768.836 ,  769.836 ,    0.000 ,   40.382 ,   31.792 ,    0.000 ,        8 , 	)
  33 	 (   6 ,  720.000 ,  960.000 ,        0 ,  738.044 ,  769.836 ,    0.000 ,  769.836 ,  770.836 ,    0.000 ,   40.382 ,   31.792 ,    0.000 ,        9 , 	)
  96 	 (   5 ,  748.000 ,  988.000 ,        0 ,  752.826 ,  784.618 ,    0.000 ,  784.618 ,  785.618 ,   13.782 ,   23.218 ,   31.792 ,    0.000 ,       10 , 	)
  86 	 (   1 ,  646.000 ,  826.000 ,        0 ,  753.826 ,  785.618 ,    0.000 ,  785.618 ,  789.618 ,  117.753 ,   40.382 ,   31.792 ,    0.000 ,       11 , 	)
  12 	 (   5 ,  780.000 ,  960.000 ,        0 ,  785.438 ,  817.229 ,    0.000 ,  817.229 ,  821.229 ,    0.000 ,   67.059 ,   31.792 ,    6.135 ,       12 , 	)
  62 	 (   6 ,  789.000 ,  958.439 ,        0 ,  802.071 ,  833.863 ,    0.000 ,  833.863 ,  834.863 ,    0.000 ,   67.059 ,   31.792 ,    2.452 ,       13 , 	)
 101 	 (   5 ,  789.000 , 1029.000 ,        0 ,  818.985 ,  850.777 ,    0.000 ,  850.777 ,  851.777 ,   80.941 ,   44.863 ,   31.792 ,    3.576 ,       14 , 	)
 125 	 (   4 ,  869.000 ,  989.000 ,        0 ,  837.208 ,  869.000 ,    0.000 ,  869.000 ,  870.000 ,   34.137 ,   44.863 ,    0.000 ,    1.159 ,       15 , 	)
  75 	 (   0 ,  874.000 , 1114.000 ,        0 ,  892.038 ,  892.038 ,    0.000 ,  892.038 ,  896.038 ,   70.809 ,  110.191 ,    0.000 ,   19.461 ,       16 , 	)
 127 	 (   0 ,    0.000 , 1440.000 ,        0 ,  924.237 ,  924.237 ,    0.000 ,  924.237 ,  924.237 ,    0.000 ,  515.763 ,    0.000 ,    0.000 ,       17 , 	)

	10 sommets 
	values : ( Cost : 317.989 , TRT : 255.089 , TWT :   0.000 , TD : 220.632 )
	violations : ( VC :       0 , VTW :   0.000 , VTD :   0.000 , VTRT :   0.000 )
	cout global : (   0.000	 )
S(i)	 (   C ,     TW0 ,       TW1 ,       VTW ,       Min ,       A ,       W ,       B ,       D ,       L ,       F ,       E ,       Det ,       [Imp ,       Imp]	)
   0 	 (   0 ,    0.000 , 1440.000 ,        0 ,    0.000 , 1069.550 ,    0.000 , 1069.550 , 1069.550 ,    0.000 ,   16.496 , 1069.550 ,    0.000 ,        0 , 	)
  41 	 (   1 , 1080.000 , 1140.000 ,        0 ,   10.450 , 1080.000 ,    0.000 , 1080.000 , 1081.000 ,    0.000 ,   16.496 ,    0.000 ,   -0.279 ,        1 , 	)
  54 	 (   4 ,  960.000 , 1200.000 ,        0 , 1124.421 , 1124.421 ,    0.000 , 1124.421 , 1127.421 ,    0.000 ,   16.496 ,   -0.000 ,    3.038 ,        2 , 	)
 104 	 (   3 , 1141.141 , 1301.000 ,        0 , 1147.180 , 1147.180 ,    0.000 , 1147.180 , 1148.180 ,   66.180 ,   16.496 ,   -0.000 ,    0.289 ,        3 , 	)
  30 	 (   6 , 1080.000 , 1200.000 ,        0 , 1156.838 , 1156.838 ,    0.000 , 1156.838 , 1159.838 ,    0.000 ,   16.496 ,   -0.000 ,    3.759 ,        4 , 	)
   2 	 (   7 , 1020.000 , 1200.000 ,        0 , 1183.504 , 1183.504 ,    0.000 , 1183.504 , 1184.504 ,    0.000 ,   16.496 ,   -0.000 ,   -0.662 ,        5 , 	)
  93 	 (   4 , 1125.055 , 1276.000 ,        0 , 1202.231 , 1202.231 ,    0.000 , 1202.231 , 1205.231 ,   42.393 ,   27.273 ,   -0.000 ,    0.000 ,        6 , 	)
  65 	 (   3 , 1056.000 , 1236.000 ,        0 , 1205.231 , 1205.231 ,    0.000 , 1205.231 , 1206.231 ,   20.727 ,   27.273 ,   -0.000 ,    0.000 ,        7 , 	)
 117 	 (   0 , 1111.000 , 1291.000 ,        0 , 1218.753 , 1218.753 ,    0.000 , 1218.753 , 1221.753 ,   91.332 ,   72.247 ,   -0.000 ,    1.157 ,        8 , 	)
 127 	 (   0 ,    0.000 , 1440.000 ,        0 , 1324.640 , 1324.640 ,    0.000 , 1324.640 , 1324.640 ,    0.000 ,  115.360 ,   -0.000 ,    0.000 ,        9 , 	)

	12 sommets 
	values : ( Cost : 304.720 , TRT : 255.113 , TWT :   0.000 , TD : 210.583 )
	violations : ( VC :       0 , VTW :   0.000 , VTD :   0.000 , VTRT :   0.000 )
	cout global : (   0.000	 )
S(i)	 (   C ,     TW0 ,       TW1 ,       VTW ,       Min ,       A ,       W ,       B ,       D ,       L ,       F ,       E ,       Det ,       [Imp ,       Imp]	)
   0 	 (   0 ,    0.000 , 1440.000 ,        0 ,    0.000 ,  239.662 ,    0.000 ,  239.662 ,  239.662 ,    0.000 ,    0.938 ,  239.662 ,    0.000 ,        0 , 	)
  27 	 (   1 ,  240.000 ,  480.000 ,        0 ,   33.761 ,  273.423 ,    0.000 ,  273.423 ,  274.423 ,    0.000 ,    0.938 ,   33.423 ,   15.751 ,        1 , 	)
  29 	 (   4 ,  241.000 ,  480.000 ,        0 ,  252.273 ,  285.695 ,    0.000 ,  285.695 ,  288.695 ,    0.000 ,    0.938 ,   33.423 ,    5.119 ,        2 , 	)
  32 	 (   5 ,  300.000 ,  480.000 ,        0 ,  266.732 ,  300.155 ,    0.000 ,  300.155 ,  301.155 ,    0.000 ,    0.938 ,    0.155 ,   -0.106 ,        3 , 	)
  90 	 (   4 ,  278.000 ,  518.000 ,        0 ,  303.868 ,  304.023 ,    0.000 ,  304.023 ,  305.023 ,   29.601 ,    0.938 ,    0.155 ,   -0.627 ,        4 , 	)
  95 	 (   3 ,  325.144 ,  546.000 ,        0 ,  325.517 ,  325.671 ,    0.000 ,  325.671 ,  326.671 ,   24.517 ,    0.938 ,    0.155 ,    9.305 ,        5 , 	)
  92 	 (   0 ,  355.000 ,  535.000 ,        0 ,  354.845 ,  355.000 ,    0.000 ,  355.000 ,  358.000 ,   66.305 ,    0.938 ,    0.000 ,    3.134 ,        6 , 	)
  39 	 (   4 ,  240.000 ,  420.000 ,        0 ,  385.148 ,  385.148 ,    0.000 ,  385.148 ,  389.148 ,    0.000 ,    0.938 ,    0.000 ,   42.773 ,        7 , 	)
  49 	 (   8 ,  300.000 ,  420.000 ,        0 ,  419.062 ,  419.062 ,    0.000 ,  419.062 ,  423.062 ,    0.000 ,    0.938 ,    0.000 ,   -2.617 ,        8 , 	)
 102 	 (   4 ,  296.000 ,  535.000 ,        0 ,  432.053 ,  432.053 ,    0.000 ,  432.053 ,  436.053 ,   42.905 ,   56.743 ,    0.000 ,    4.318 ,        9 , 	)
 112 	 (   0 ,  342.939 ,  528.000 ,        0 ,  470.320 ,  470.320 ,    0.000 ,  470.320 ,  474.320 ,   47.257 ,   56.743 ,    0.000 ,   10.757 ,       10 , 	)
 127 	 (   0 ,    0.000 , 1440.000 ,        0 ,  494.774 ,  494.774 ,    0.000 ,  494.774 ,  494.774 ,    0.000 ,  945.226 ,    0.000 ,    0.000 ,       11 , 	)

	18 sommets 
	values : ( Cost : 352.301 , TRT : 294.888 , TWT :   0.000 , TD : 477.821 )
	violations : ( VC :       0 , VTW :   0.000 , VTD :   0.000 , VTRT :   0.000 )
	cout global : (   0.000	 )
S(i)	 (   C ,     TW0 ,       TW1 ,       VTW ,       Min ,       A ,       W ,       B ,       D ,       L ,       F ,       E ,       Det ,       [Imp ,       Imp]	)
   0 	 (   0 ,    0.000 , 1440.000 ,        0 ,    0.000 ,  231.431 ,    0.000 ,  231.431 ,  231.431 ,    0.000 ,   30.974 ,  231.431 ,    0.000 ,        0 , 	)
  19 	 (   1 ,  240.000 ,  360.000 ,        0 ,   11.469 ,  242.900 ,    0.000 ,  242.900 ,  243.900 ,    0.000 ,   30.974 ,    2.900 ,   14.077 ,        1 , 	)
  46 	 (   4 ,  240.000 ,  420.000 ,        0 ,  263.940 ,  266.840 ,    0.000 ,  266.840 ,  269.840 ,    0.000 ,   30.974 ,    2.900 ,   -0.592 ,        2 , 	)
  48 	 (   5 ,  246.000 ,  480.000 ,        0 ,  298.520 ,  301.420 ,    0.000 ,  301.420 ,  302.420 ,    0.000 ,   30.974 ,    2.900 ,   19.961 ,        3 , 	)
 109 	 (   2 ,  306.000 ,  486.000 ,        0 ,  319.964 ,  322.864 ,    0.000 ,  322.864 ,  325.864 ,   53.024 ,   30.974 ,    2.900 ,    4.193 ,        4 , 	)
  82 	 (   1 ,  339.000 ,  459.000 ,        0 ,  336.100 ,  339.000 ,    0.000 ,  339.000 ,  340.000 ,   95.100 ,   30.974 ,    0.000 ,    7.325 ,        5 , 	)
 111 	 (   0 ,  339.000 ,  519.000 ,        0 ,  355.273 ,  355.273 ,    0.000 ,  355.273 ,  356.273 ,   52.853 ,   30.974 ,    0.000 ,    0.000 ,        6 , 	)
  60 	 (   1 ,  240.000 ,  420.000 ,        0 ,  356.273 ,  356.273 ,    0.000 ,  356.273 ,  357.273 ,    0.000 ,   30.974 ,    0.000 ,    0.000 ,        7 , 	)
  61 	 (   2 ,  240.000 ,  480.000 ,        0 ,  366.281 ,  366.281 ,    0.000 ,  366.281 ,  367.281 ,    0.000 ,   19.259 ,    0.000 ,   11.065 ,        8 , 	)
   4 	 (   4 ,  313.000 ,  472.508 ,        0 ,  387.743 ,  387.743 ,    0.000 ,  387.743 ,  389.743 ,    0.000 ,   19.259 ,    0.000 ,    4.674 ,        9 , 	)
 123 	 (   3 ,  266.830 ,  490.000 ,        0 ,  407.014 ,  407.014 ,    0.000 ,  407.014 ,  408.014 ,   49.741 ,   19.259 ,    0.000 ,    3.089 ,       10 , 	)
  67 	 (   1 ,  378.000 ,  498.000 ,        0 ,  417.324 ,  417.324 ,    0.000 ,  417.324 ,  419.324 ,   27.581 ,   30.974 ,    0.000 ,    6.706 ,       11 , 	)
  31 	 (   3 ,  300.000 ,  480.000 ,        0 ,  438.705 ,  438.705 ,    0.000 ,  438.705 ,  440.705 ,    0.000 ,   30.974 ,    0.000 ,    2.143 ,       12 , 	)
  28 	 (   7 ,  240.000 ,  480.000 ,        0 ,  449.026 ,  449.026 ,    0.000 ,  449.026 ,  453.026 ,    0.000 ,   15.250 ,    0.000 ,    7.983 ,       13 , 	)
 124 	 (   6 ,  437.000 ,  617.000 ,        0 ,  467.868 ,  467.868 ,    0.000 ,  467.868 ,  468.868 ,  100.586 ,   15.250 ,    0.000 ,    5.099 ,       14 , 	)
  94 	 (   4 ,  341.000 ,  521.000 ,        0 ,  479.455 ,  479.455 ,    0.000 ,  479.455 ,  481.455 ,   38.750 ,   15.250 ,    0.000 ,    7.671 ,       15 , 	)
  91 	 (   0 ,  341.000 ,  581.000 ,        0 ,  513.211 ,  513.211 ,    0.000 ,  513.211 ,  517.211 ,   60.186 ,   67.789 ,    0.000 ,   -1.246 ,       16 , 	)
 127 	 (   0 ,    0.000 , 1440.000 ,        0 ,  526.319 ,  526.319 ,    0.000 ,  526.319 ,  526.319 ,    0.000 ,  913.681 ,    0.000 ,    0.000 ,       17 , 	)

	18 sommets 
	values : ( Cost : 439.536 , TRT : 477.700 , TWT : 113.222 , TD : 615.075 )
	violations : ( VC :       0 , VTW :   0.000 , VTD :   0.000 , VTRT :   0.000 )
	cout global : (   0.000	 )
S(i)	 (   C ,     TW0 ,       TW1 ,       VTW ,       Min ,       A ,       W ,       B ,       D ,       L ,       F ,       E ,       Det ,       [Imp ,       Imp]	)
   0 	 (   0 ,    0.000 , 1440.000 ,        0 ,    0.000 ,  630.784 ,    0.000 ,  630.784 ,  630.784 ,    0.000 ,    0.000 ,  630.784 ,    0.000 ,        0 , 	)
  24 	 (   4 ,  480.000 ,  660.000 ,        0 ,   29.216 ,  660.000 ,    0.000 ,  660.000 ,  664.000 ,    0.000 ,   -0.000 ,  180.000 ,   26.481 ,        1 , 	)
  58 	 (   5 ,  720.000 ,  960.000 ,        0 ,  512.041 ,  692.041 ,   49.262 ,  741.304 ,  742.304 ,    0.000 ,    0.000 ,   21.304 ,    1.159 ,        2 , 	)
  87 	 (   1 ,  588.000 ,  768.000 ,        0 ,  746.696 ,  768.000 ,    0.000 ,  768.000 ,  772.000 ,  104.000 ,    0.000 ,   21.304 ,   15.659 ,        3 , 	)
 121 	 (   0 ,  771.000 , 1011.000 ,        0 ,  765.956 ,  787.260 ,    0.000 ,  787.260 ,  788.260 ,   44.956 ,   23.044 ,   16.260 ,    0.000 ,        4 , 	)
  44 	 (   1 ,  720.000 ,  960.000 ,        0 ,  772.000 ,  788.260 ,   63.959 ,  852.220 ,  853.220 ,    0.000 ,   29.341 ,   80.220 ,    0.000 ,        5 , 	)
  16 	 (   3 ,  780.000 ,  900.000 ,        0 ,  790.439 ,  870.659 ,    0.000 ,  870.659 ,  872.659 ,    0.000 ,   18.435 ,   80.220 ,    7.307 ,        6 , 	)
  17 	 (   5 ,  720.000 ,  960.000 ,        0 ,  799.985 ,  880.205 ,    0.000 ,  880.205 ,  882.205 ,    0.000 ,   18.435 ,   80.220 ,    1.326 ,        7 , 	)
 107 	 (   4 ,  772.000 , 1012.000 ,        0 ,  823.565 ,  903.785 ,    0.000 ,  903.785 ,  904.785 ,   50.565 ,   18.435 ,   80.220 ,    1.897 ,        8 , 	)
  34 	 (   5 ,  780.000 ,  960.000 ,        0 ,  841.884 ,  922.104 ,    0.000 ,  922.104 ,  923.104 ,    0.000 ,   22.570 ,   80.220 ,    0.917 ,        9 , 	)
  97 	 (   4 ,  833.000 , 1073.000 ,        0 ,  874.175 ,  954.395 ,    0.000 ,  954.395 ,  955.395 ,   31.291 ,   22.570 ,   80.220 ,   -1.984 ,       10 , 	)
  52 	 (   6 ,  960.000 , 1080.000 ,        0 ,  879.780 ,  960.000 ,    0.000 ,  960.000 ,  962.000 ,    0.000 ,   22.570 ,    0.000 ,    0.180 ,       11 , 	)
  79 	 (   4 ,  921.000 , 1101.000 ,        0 ,  978.932 ,  978.932 ,    0.000 ,  978.932 ,  980.932 ,  106.274 ,   22.570 ,    0.000 ,   19.203 ,       12 , 	)
  80 	 (   2 ,  865.000 , 1045.000 ,        0 , 1011.635 , 1011.635 ,    0.000 , 1011.635 , 1013.635 ,  129.430 ,   22.570 ,    0.000 ,    0.000 ,       13 , 	)
  21 	 (   6 ,  975.000 , 1195.971 ,        0 , 1013.635 , 1013.635 ,    0.000 , 1013.635 , 1017.635 ,    0.000 ,   40.515 ,    0.000 ,    0.000 ,       14 , 	)
 115 	 (   4 , 1011.850 , 1215.000 ,        0 , 1054.485 , 1054.485 ,    0.000 , 1054.485 , 1056.485 ,   92.485 ,   25.926 ,   -0.000 ,   13.044 ,       15 , 	)
  84 	 (   0 , 1061.000 , 1241.000 ,        0 , 1073.708 , 1073.708 ,    0.000 , 1073.708 , 1077.708 ,   56.074 ,   25.926 ,   -0.000 ,    6.358 ,       16 , 	)
 127 	 (   0 ,    0.000 , 1440.000 ,        0 , 1108.484 , 1108.484 ,    0.000 , 1108.484 , 1108.484 ,    0.000 ,  331.516 ,   -0.000 ,    0.000 ,       17 , 	)

	18 sommets 
	values : ( Cost : 480.001 , TRT : 414.447 , TWT :  23.544 , TD : 411.435 )
	violations : ( VC :       0 , VTW :   0.000 , VTD :   0.000 , VTRT :   0.000 )
	cout global : (   0.000	 )
S(i)	 (   C ,     TW0 ,       TW1 ,       VTW ,       Min ,       A ,       W ,       B ,       D ,       L ,       F ,       E ,       Det ,       [Imp ,       Imp]	)
   0 	 (   0 ,    0.000 , 1440.000 ,        0 ,    0.000 ,  796.042 ,    0.000 ,  796.042 ,  796.042 ,    0.000 ,    0.000 ,  796.042 ,    0.000 ,        0 , 	)
  18 	 (   1 ,  720.000 ,  900.000 ,        0 ,   23.017 ,  819.059 ,    0.000 ,  819.059 ,  820.059 ,    0.000 ,    0.000 ,   99.059 ,    3.852 ,        1 , 	)
  81 	 (   0 ,  753.000 ,  985.000 ,        0 ,  752.556 ,  851.615 ,    0.000 ,  851.615 ,  852.615 ,   31.556 ,    0.000 ,   98.615 ,   10.732 ,        2 , 	)
  15 	 (   4 ,  804.000 ,  937.134 ,        0 ,  765.548 ,  864.163 ,    0.000 ,  864.163 ,  868.163 ,    0.000 ,    0.000 ,   60.163 ,   -1.244 ,        3 , 	)
  78 	 (   0 ,  829.000 ,  949.000 ,        0 ,  815.866 ,  876.029 ,    0.000 ,  876.029 ,  880.029 ,    7.866 ,    0.000 ,   47.029 ,    5.280 ,        4 , 	)
  57 	 (   1 ,  750.000 ,  943.617 ,        0 ,  839.879 ,  886.908 ,    0.000 ,  886.908 ,  887.908 ,    0.000 ,    0.000 ,   47.029 ,   -1.878 ,        5 , 	)
  20 	 (   2 ,  840.000 ,  900.000 ,        0 ,  852.971 ,  900.000 ,    0.000 ,  900.000 ,  901.000 ,    0.000 ,    0.000 ,   47.029 ,    3.550 ,        6 , 	)
  53 	 (   5 ,  960.000 , 1140.000 ,        0 ,  889.811 ,  936.841 ,   23.544 ,  960.384 ,  963.384 ,    0.000 ,   13.989 ,    0.384 ,    0.000 ,        7 , 	)
 120 	 (   4 ,  929.000 ,  989.000 ,        0 ,  963.000 ,  963.384 ,    0.000 ,  963.384 ,  964.384 ,   75.476 ,   13.989 ,    0.384 ,    0.000 ,        8 , 	)
  83 	 (   3 ,  875.267 ,  993.000 ,        0 ,  978.627 ,  979.011 ,    0.000 ,  979.011 ,  980.011 ,   78.011 ,   13.989 ,    0.384 ,    6.328 ,        9 , 	)
  35 	 (   4 ,  977.000 , 1186.386 ,        0 ,  999.256 ,  999.641 ,    0.000 ,  999.641 , 1000.641 ,    0.000 ,   56.812 ,    0.384 ,    3.295 ,       10 , 	)
 116 	 (   1 , 1020.000 , 1260.000 ,        0 , 1019.616 , 1020.000 ,    0.000 , 1020.000 , 1023.000 ,   56.616 ,   18.944 ,    0.000 ,    7.442 ,       11 , 	)
  98 	 (   0 , 1025.000 , 1205.000 ,        0 , 1028.696 , 1028.696 ,    0.000 , 1028.696 , 1029.696 ,   28.056 ,   18.944 ,    0.000 ,    2.269 ,       12 , 	)
   6 	 (   3 ,  960.000 , 1200.000 ,        0 , 1041.698 , 1041.698 ,    0.000 , 1041.698 , 1044.698 ,    0.000 ,   56.812 ,    0.000 ,    9.251 ,       13 , 	)
   3 	 (   4 ,  960.000 , 1140.000 ,        0 , 1074.897 , 1074.897 ,    0.000 , 1074.897 , 1075.897 ,    0.000 ,   56.812 ,   -0.000 ,    6.692 ,       14 , 	)
  69 	 (   1 , 1050.000 , 1290.000 ,        0 , 1096.262 , 1096.262 ,    0.000 , 1096.262 , 1099.262 ,   51.564 ,   56.812 ,   -0.000 ,   26.838 ,       15 , 	)
  66 	 (   0 , 1095.000 , 1215.000 ,        0 , 1158.188 , 1158.188 ,    0.000 , 1158.188 , 1159.188 ,   82.291 ,   56.812 ,   -0.000 ,   37.422 ,       16 , 	)
 127 	 (   0 ,    0.000 , 1440.000 ,        0 , 1210.489 , 1210.489 ,    0.000 , 1210.489 , 1210.489 ,    0.000 ,  229.511 ,   -0.000 ,    0.000 ,       17 , 	)

	14 sommets 
	values : ( Cost : 343.920 , TRT : 357.492 , TWT :  78.905 , TD : 673.753 )
	violations : ( VC :       0 , VTW :   0.000 , VTD :   0.000 , VTRT :   0.000 )
	cout global : (   0.000	 )
S(i)	 (   C ,     TW0 ,       TW1 ,       VTW ,       Min ,       A ,       W ,       B ,       D ,       L ,       F ,       E ,       Det ,       [Imp ,       Imp]	)
   0 	 (   0 ,    0.000 , 1440.000 ,        0 ,    0.000 ,  309.575 ,    0.000 ,  309.575 ,  309.575 ,    0.000 ,    0.000 ,  309.575 ,    0.000 ,        0 , 	)
   7 	 (   2 ,  240.000 ,  420.000 ,        0 ,   11.614 ,  321.189 ,    0.000 ,  321.189 ,  323.189 ,    0.000 ,    0.000 ,   81.189 ,    4.767 ,        1 , 	)
  11 	 (   4 ,  240.000 ,  420.000 ,        0 ,  260.220 ,  341.409 ,    0.000 ,  341.409 ,  343.409 ,    0.000 ,    0.000 ,   81.189 ,   -0.000 ,        2 , 	)
   1 	 (   5 ,  240.000 ,  480.000 ,        0 ,  270.571 ,  351.761 ,    0.000 ,  351.761 ,  352.761 ,    0.000 ,    0.000 ,   81.189 ,   16.641 ,        3 , 	)
  70 	 (   3 ,  288.000 ,  525.000 ,        0 ,  312.294 ,  393.483 ,    0.000 ,  393.483 ,  395.483 ,   70.294 ,    0.000 ,   81.189 ,    6.098 ,        4 , 	)
  63 	 (   4 ,  240.000 ,  420.000 ,        0 ,  338.811 ,  420.000 ,    0.000 ,  420.000 ,  421.000 ,    0.000 ,    0.000 ,   81.189 ,    0.000 ,        5 , 	)
  74 	 (   2 ,  313.000 ,  553.000 ,        0 ,  339.811 ,  421.000 ,    0.000 ,  421.000 ,  423.000 ,   77.591 ,    8.688 ,   81.189 ,    0.000 ,        6 , 	)
  40 	 (   3 ,  240.000 ,  480.000 ,        0 ,  356.872 ,  438.062 ,    8.688 ,  446.750 ,  447.750 ,    0.000 ,    0.000 ,   89.877 ,   17.978 ,        7 , 	)
 126 	 (   2 ,  258.334 ,  468.000 ,        0 ,  378.123 ,  468.000 ,    0.000 ,  468.000 ,  469.000 ,   47.000 ,    0.000 ,   89.877 ,    0.000 ,        8 , 	)
  55 	 (   5 ,  480.000 ,  720.000 ,        0 ,  379.123 ,  469.000 ,   64.730 ,  533.730 ,  536.730 ,    0.000 ,    0.000 ,   53.730 ,    0.000 ,        9 , 	)
  64 	 (   4 ,  409.000 ,  589.000 ,        0 ,  508.031 ,  561.761 ,    0.000 ,  561.761 ,  562.761 ,  209.000 ,    0.000 ,   53.730 ,    2.715 ,       10 , 	)
 103 	 (   3 ,  395.000 ,  635.000 ,        0 ,  561.617 ,  615.347 ,    0.000 ,  615.347 ,  616.347 ,  167.598 ,   19.653 ,   53.730 ,   26.300 ,       11 , 	)
 118 	 (   0 ,  639.000 ,  879.000 ,        0 ,  579.783 ,  633.513 ,    5.487 ,  639.000 ,  642.000 ,  102.270 ,  133.730 ,    0.000 ,   13.017 ,       12 , 	)
 127 	 (   0 ,    0.000 , 1440.000 ,        0 ,  667.067 ,  667.067 ,    0.000 ,  667.067 ,  667.067 ,    0.000 ,  772.933 ,    0.000 ,    0.000 ,       13 , 	)
