9
	VALUE ALL : ( Cost : 3467.287 , TRT : 3764.870 , TWT : 813.887 , TD : 5015.758 )
	VIOLATIONS TOTAL : ( VC :       0 , VTW :   0.000 , VTD :   0.000 , VTRT :   0.000 )
 	COUT_ALL : (   0.003 )  T2B:   45601

	24 sommets 
	values : ( Cost : 481.333 , TRT : 474.819 , TWT :  50.914 , TD : 649.351 )
	violations : ( VC :       0 , VTW :   0.000 , VTD :   0.000 , VTRT :   0.000 )
	cout global : (   0.000	 )
S(i)	 (   C ,     TW0 ,       TW1 ,       VTW ,       Min ,       A ,       W ,       B ,       D ,       L ,       F ,       E ,       Det ,       [Imp ,       Imp]	)
   0 	 (   0 ,    0.000 , 1440.000 ,        0 ,    0.000 ,  445.316 ,    0.000 ,  445.316 ,  445.316 ,    0.000 ,    0.000 ,  445.316 ,    0.000 ,        0 , 	)
  19 	 (   4 ,  240.000 ,  480.000 ,        0 ,   34.684 ,  480.000 ,    0.000 ,  480.000 ,  484.000 ,    0.000 ,    0.000 ,  240.000 ,   -1.213 ,        1 , 	)
  34 	 (   8 ,  480.000 ,  720.000 ,        0 ,  256.550 ,  496.550 ,   50.914 ,  547.465 ,  551.465 ,    0.000 ,    4.454 ,   67.465 ,    0.032 ,        2 , 	)
 110 	 (   4 ,  565.000 ,  805.000 ,        0 ,  525.081 ,  592.546 ,    0.000 ,  592.546 ,  596.546 ,   41.081 ,    4.454 ,   27.546 ,    0.423 ,        3 , 	)
  95 	 (   0 ,  382.000 ,  622.000 ,        0 ,  585.232 ,  612.777 ,    0.000 ,  612.777 ,  616.777 ,  128.777 ,    4.454 ,   27.546 ,    8.633 ,        4 , 	)
  59 	 (   3 ,  480.000 ,  660.000 ,        0 ,  603.661 ,  631.207 ,    0.000 ,  631.207 ,  634.207 ,    0.000 ,    4.454 ,   27.546 ,   10.189 ,        5 , 	)
  70 	 (   7 ,  480.000 ,  720.000 ,        0 ,  623.542 ,  651.088 ,    0.000 ,  651.088 ,  655.088 ,    0.000 ,    4.454 ,   27.546 ,   -0.776 ,        6 , 	)
 135 	 (   4 ,  548.000 ,  788.000 ,        0 ,  657.911 ,  685.456 ,    0.000 ,  685.456 ,  688.456 ,   51.250 ,    4.454 ,   27.546 ,    0.000 ,        7 , 	)
  43 	 (   6 ,  480.000 ,  720.000 ,        0 ,  660.911 ,  688.456 ,    0.000 ,  688.456 ,  690.456 ,    0.000 ,    4.454 ,   27.546 ,    0.000 ,        8 , 	)
 146 	 (   2 ,  566.000 ,  806.000 ,        0 ,  684.000 ,  711.546 ,    0.000 ,  711.546 ,  715.546 ,   56.458 ,    4.454 ,   27.546 ,    0.000 ,        9 , 	)
  52 	 (   6 ,  540.000 ,  720.000 ,        0 ,  688.000 ,  715.546 ,    0.000 ,  715.546 ,  719.546 ,    0.000 ,    4.454 ,   27.546 ,    0.000 ,       10 , 	)
  40 	 (   7 ,  720.000 ,  900.000 ,        0 ,  708.356 ,  735.902 ,    0.000 ,  735.902 ,  736.902 ,    0.000 ,    9.946 ,   15.902 ,    4.126 ,       11 , 	)
 119 	 (   5 ,  529.000 ,  769.000 ,        0 ,  728.609 ,  744.511 ,    0.000 ,  744.511 ,  746.511 ,   54.054 ,    9.946 ,   15.902 ,    7.153 ,       12 , 	)
 116 	 (   4 ,  772.000 ,  952.000 ,        0 ,  756.098 ,  772.000 ,    0.000 ,  772.000 ,  773.000 ,   35.098 ,   11.000 ,    0.000 ,    0.000 ,       13 , 	)
 128 	 (   0 ,  604.000 ,  784.000 ,        0 ,  773.000 ,  773.000 ,    0.000 ,  773.000 ,  777.000 ,   53.454 ,   11.000 ,    0.000 ,    0.000 ,       14 , 	)
  73 	 (   3 ,  780.000 ,  900.000 ,        0 ,  791.508 ,  791.508 ,    0.000 ,  791.508 ,  794.508 ,    0.000 ,  101.396 ,    0.000 ,   19.267 ,       15 , 	)
  50 	 (   6 ,  780.000 ,  960.000 ,        0 ,  820.959 ,  820.959 ,    0.000 ,  820.959 ,  823.959 ,    0.000 ,   45.195 ,    0.000 ,    0.565 ,       16 , 	)
 149 	 (   3 ,  812.240 ,  981.000 ,        0 ,  827.313 ,  827.313 ,    0.000 ,  827.313 ,  830.313 ,   32.805 ,   16.456 ,    0.000 ,    0.000 ,       17 , 	)
  47 	 (   5 ,  756.000 ,  943.086 ,        0 ,  830.313 ,  830.313 ,    0.000 ,  830.313 ,  832.313 ,    0.000 ,   16.456 ,    0.000 ,    0.000 ,       18 , 	)
  10 	 (   6 ,  840.000 ,  960.000 ,        0 ,  849.323 ,  849.323 ,    0.000 ,  849.323 ,  850.323 ,    0.000 ,   16.456 ,    0.000 ,   14.591 ,       19 , 	)
 126 	 (   3 ,  808.753 , 1032.000 ,        0 ,  876.504 ,  876.504 ,    0.000 ,  876.504 ,  879.504 ,   52.544 ,   16.456 ,    0.000 ,  -11.081 ,       20 , 	)
 123 	 (   1 ,  892.000 , 1012.000 ,        0 ,  910.604 ,  910.604 ,    0.000 ,  910.604 ,  912.604 ,   78.291 ,   55.709 ,    0.000 ,    7.110 ,       21 , 	)
  86 	 (   0 ,  909.000 , 1133.000 ,        0 ,  915.861 ,  915.861 ,    0.000 ,  915.861 ,  916.861 ,   65.538 ,  106.462 ,    0.000 ,   -1.113 ,       22 , 	)
 153 	 (   0 ,    0.000 , 1440.000 ,        0 ,  920.135 ,  920.135 ,    0.000 ,  920.135 ,  920.135 ,    0.000 ,  519.865 ,    0.000 ,    0.000 ,       23 , 	)

	18 sommets 
	values : ( Cost : 433.104 , TRT : 457.227 , TWT :  85.585 , TD : 562.332 )
	violations : ( VC :       0 , VTW :   0.000 , VTD :   0.000 , VTRT :   0.000 )
	cout global : (   0.000	 )
S(i)	 (   C ,     TW0 ,       TW1 ,       VTW ,       Min ,       A ,       W ,       B ,       D ,       L ,       F ,       E ,       Det ,       [Imp ,       Imp]	)
   0 	 (   0 ,    0.000 , 1440.000 ,        0 ,    0.000 ,  207.726 ,    0.000 ,  207.726 ,  207.726 ,    0.000 ,    0.000 ,  207.726 ,    0.000 ,        0 , 	)
  57 	 (   3 ,  240.000 ,  360.000 ,        0 ,   78.080 ,  285.807 ,    0.000 ,  285.807 ,  288.807 ,    0.000 ,    0.000 ,   45.807 ,   23.463 ,        1 , 	)
  55 	 (   5 ,  300.000 ,  480.000 ,        0 ,  255.860 ,  301.667 ,    0.000 ,  301.667 ,  303.667 ,    0.000 ,    0.000 ,    1.667 ,   -1.073 ,        2 , 	)
  56 	 (   8 ,  301.000 ,  431.686 ,        0 ,  320.132 ,  321.798 ,    0.000 ,  321.798 ,  324.798 ,    0.000 ,    0.000 ,    1.667 ,    2.985 ,        3 , 	)
 133 	 (   5 ,  322.000 ,  442.000 ,        0 ,  337.798 ,  339.465 ,    0.000 ,  339.465 ,  342.465 ,   50.658 ,    0.000 ,    1.667 ,   20.180 ,        4 , 	)
  53 	 (   7 ,  300.000 ,  360.000 ,        0 ,  358.333 ,  360.000 ,    0.000 ,  360.000 ,  362.000 ,    0.000 ,    0.000 ,    1.667 ,   20.683 ,        5 , 	)
 131 	 (   5 ,  370.000 ,  610.000 ,        0 ,  392.058 ,  393.725 ,    0.000 ,  393.725 ,  395.725 ,   90.058 ,   19.265 ,    1.667 ,    9.984 ,        6 , 	)
 129 	 (   3 ,  330.281 ,  438.000 ,        0 ,  400.599 ,  402.265 ,    0.000 ,  402.265 ,  404.265 ,   40.265 ,   19.265 ,    1.667 ,    0.776 ,        7 , 	)
  16 	 (   7 ,  240.000 ,  480.000 ,        0 ,  408.015 ,  409.682 ,   19.265 ,  428.947 ,  432.947 ,    0.000 ,    0.000 ,   20.932 ,   -0.620 ,        8 , 	)
 132 	 (   4 ,  417.000 ,  477.000 ,        0 ,  416.867 ,  437.798 ,    0.000 ,  437.798 ,  440.798 ,  113.000 ,    0.000 ,   20.798 ,    7.750 ,        9 , 	)
  27 	 (   6 ,  480.000 ,  660.000 ,        0 ,  427.380 ,  448.179 ,   46.411 ,  494.589 ,  496.589 ,    0.000 ,    0.000 ,   14.589 ,    6.205 ,       10 , 	)
  92 	 (   2 ,  318.000 ,  558.000 ,        0 ,  518.357 ,  532.947 ,    0.000 ,  532.947 ,  536.947 ,  100.000 ,    0.000 ,   14.589 ,    0.575 ,       11 , 	)
  61 	 (   5 ,  523.000 ,  681.734 ,        0 ,  540.624 ,  555.214 ,   19.910 ,  575.123 ,  578.123 ,    0.000 ,   62.589 ,   34.499 ,    5.340 ,       12 , 	)
 137 	 (   2 ,  588.000 ,  708.000 ,        0 ,  566.890 ,  601.389 ,    0.000 ,  601.389 ,  604.389 ,   23.266 ,   38.734 ,   13.389 ,    0.000 ,       13 , 	)
  45 	 (   6 ,  497.000 ,  706.071 ,        0 ,  591.000 ,  604.389 ,    0.000 ,  604.389 ,  608.389 ,    0.000 ,   62.589 ,   13.389 ,    0.000 ,       14 , 	)
 103 	 (   4 ,  621.000 ,  801.000 ,        0 ,  607.611 ,  621.000 ,    0.000 ,  621.000 ,  623.000 ,  124.411 ,   25.326 ,    0.000 ,    1.746 ,       15 , 	)
 121 	 (   0 ,  547.000 ,  727.000 ,        0 ,  629.064 ,  629.064 ,    0.000 ,  629.064 ,  633.064 ,   20.674 ,   25.326 ,    0.000 ,    0.390 ,       16 , 	)
 153 	 (   0 ,    0.000 , 1440.000 ,        0 ,  664.953 ,  664.953 ,    0.000 ,  664.953 ,  664.953 ,    0.000 ,  775.047 ,    0.000 ,    0.000 ,       17 , 	)

	18 sommets 
	values : ( Cost : 440.436 , TRT : 407.947 , TWT :  38.792 , TD : 630.821 )
	violations : ( VC :       0 , VTW :   0.000 , VTD :   0.000 , VTRT :   0.000 )
	cout global : (   0.000	 )
S(i)	 (   C ,     TW0 ,       TW1 ,       VTW ,       Min ,       A ,       W ,       B ,       D ,       L ,       F ,       E ,       Det ,       [Imp ,       Imp]	)
   0 	 (   0 ,    0.000 , 1440.000 ,        0 ,    0.000 ,  281.335 ,    0.000 ,  281.335 ,  281.335 ,    0.000 ,    0.000 ,  281.335 ,    0.000 ,        0 , 	)
  33 	 (   3 ,  240.000 ,  480.000 ,        0 ,   50.168 ,  331.504 ,    0.000 ,  331.504 ,  334.504 ,    0.000 ,    0.000 ,   91.504 ,   49.577 ,        1 , 	)
  35 	 (   5 ,  240.000 ,  480.000 ,        0 ,  279.595 ,  371.098 ,    0.000 ,  371.098 ,  373.098 ,    0.000 ,    0.000 ,   91.504 ,    3.341 ,        2 , 	)
  63 	 (   6 ,  300.000 ,  480.000 ,        0 ,  286.414 ,  377.917 ,    0.000 ,  377.917 ,  378.917 ,    0.000 ,    0.000 ,   77.917 ,    3.897 ,        3 , 	)
 109 	 (   3 ,  366.000 ,  546.000 ,        0 ,  310.939 ,  388.856 ,    0.000 ,  388.856 ,  391.856 ,   54.353 ,    0.000 ,   22.856 ,   -0.026 ,        4 , 	)
 139 	 (   2 ,  352.000 ,  532.000 ,        0 ,  385.060 ,  407.917 ,    0.000 ,  407.917 ,  408.917 ,   28.999 ,    0.000 ,   22.856 ,    0.154 ,        5 , 	)
   4 	 (   4 ,  240.000 ,  420.000 ,        0 ,  390.094 ,  412.950 ,    0.000 ,  412.950 ,  414.950 ,    0.000 ,    0.000 ,   22.856 ,    1.215 ,        6 , 	)
  51 	 (   5 ,  240.000 ,  480.000 ,        0 ,  405.230 ,  428.086 ,    0.000 ,  428.086 ,  429.086 ,    0.000 ,    0.000 ,   22.856 ,    0.039 ,        7 , 	)
 111 	 (   3 ,  344.000 ,  584.000 ,        0 ,  414.330 ,  437.186 ,    0.000 ,  437.186 ,  439.186 ,   64.088 ,    0.000 ,   22.856 ,    0.592 ,        8 , 	)
  18 	 (   7 ,  241.000 ,  480.000 ,        0 ,  419.261 ,  442.117 ,    0.000 ,  442.117 ,  446.117 ,    0.000 ,    0.000 ,   22.856 ,    1.005 ,        9 , 	)
  80 	 (   5 ,  271.574 ,  482.000 ,        0 ,  430.108 ,  452.965 ,    0.000 ,  452.965 ,  454.965 ,   38.014 ,    0.000 ,   22.856 ,   11.193 ,       10 , 	)
  54 	 (   7 ,  240.000 ,  480.000 ,        0 ,  457.144 ,  480.000 ,    0.000 ,  480.000 ,  482.000 ,    0.000 ,    0.000 ,   22.856 ,   10.633 ,       11 , 	)
  94 	 (   3 ,  357.000 ,  537.000 ,        0 ,  492.717 ,  515.574 ,    0.000 ,  515.574 ,  519.574 ,   69.456 ,   21.426 ,   22.856 ,    4.457 ,       12 , 	)
  66 	 (   7 ,  480.000 ,  720.000 ,        0 ,  508.603 ,  531.459 ,   36.792 ,  568.251 ,  572.251 ,    0.000 ,    0.000 ,   59.648 ,   -4.750 ,       13 , 	)
 127 	 (   6 ,  432.000 ,  612.000 ,        0 ,  552.352 ,  612.000 ,    0.000 ,  612.000 ,  613.000 ,  182.914 ,    0.000 ,   59.648 ,    0.000 ,       14 , 	)
 142 	 (   2 ,  615.000 ,  855.000 ,        0 ,  553.352 ,  613.000 ,    2.000 ,  615.000 ,  619.000 ,   42.749 ,   26.752 ,    0.000 ,    0.000 ,       15 , 	)
 130 	 (   0 ,  419.000 ,  659.000 ,        0 ,  632.248 ,  632.248 ,    0.000 ,  632.248 ,  634.248 ,  150.248 ,   26.752 ,    0.000 ,   18.114 ,       16 , 	)
 153 	 (   0 ,    0.000 , 1440.000 ,        0 ,  689.282 ,  689.282 ,    0.000 ,  689.282 ,  689.282 ,    0.000 ,  750.718 ,    0.000 ,    0.000 ,       17 , 	)

	14 sommets 
	values : ( Cost : 199.480 , TRT : 173.985 , TWT :   0.000 , TD : 278.969 )
	violations : ( VC :       0 , VTW :   0.000 , VTD :   0.000 , VTRT :   0.000 )
	cout global : (   0.000	 )
S(i)	 (   C ,     TW0 ,       TW1 ,       VTW ,       Min ,       A ,       W ,       B ,       D ,       L ,       F ,       E ,       Det ,       [Imp ,       Imp]	)
   0 	 (   0 ,    0.000 , 1440.000 ,        0 ,    0.000 ,  267.980 ,    0.000 ,  267.980 ,  267.980 ,    0.000 ,   90.462 ,  267.980 ,    0.000 ,        0 , 	)
  60 	 (   2 ,  240.000 ,  480.000 ,        0 ,    7.848 ,  275.829 ,    0.000 ,  275.829 ,  277.829 ,    0.000 ,   90.462 ,   35.829 ,    1.417 ,        1 , 	)
  24 	 (   4 ,  240.000 ,  420.000 ,        0 ,  245.614 ,  281.442 ,    0.000 ,  281.442 ,  283.442 ,    0.000 ,   54.874 ,   35.829 ,    5.475 ,        2 , 	)
 100 	 (   2 ,  326.000 ,  506.000 ,        0 ,  290.171 ,  326.000 ,    0.000 ,  326.000 ,  328.000 ,   42.558 ,   54.874 ,    0.000 ,    1.060 ,        3 , 	)
  76 	 (   3 ,  252.000 ,  474.442 ,        0 ,  332.905 ,  332.905 ,    0.000 ,  332.905 ,  333.905 ,    0.000 ,   54.874 ,    0.000 ,    2.232 ,        4 , 	)
  36 	 (   7 ,  300.000 ,  480.000 ,        0 ,  344.718 ,  344.718 ,    0.000 ,  344.718 ,  348.718 ,    0.000 ,   23.569 ,    0.000 ,    2.819 ,        5 , 	)
 136 	 (   5 ,  338.000 ,  578.000 ,        0 ,  351.955 ,  351.955 ,    0.000 ,  351.955 ,  353.955 ,   74.126 ,   23.569 ,    0.000 ,    0.000 ,        6 , 	)
  30 	 (   7 ,  240.000 ,  480.000 ,        0 ,  353.955 ,  353.955 ,    0.000 ,  353.955 ,  355.955 ,    0.000 ,   23.569 ,    0.000 ,    0.000 ,        7 , 	)
 152 	 (   6 ,  321.000 ,  501.000 ,        0 ,  378.335 ,  378.335 ,    0.000 ,  378.335 ,  379.335 ,   44.431 ,   12.564 ,    0.000 ,    0.000 ,        8 , 	)
 112 	 (   2 ,  353.000 ,  533.000 ,        0 ,  379.335 ,  379.335 ,    0.000 ,  379.335 ,  383.335 ,   30.617 ,   12.564 ,    0.000 ,    0.000 ,        9 , 	)
   9 	 (   3 ,  240.000 ,  480.000 ,        0 ,  389.538 ,  389.538 ,    0.000 ,  389.538 ,  390.538 ,    0.000 ,   12.564 ,    0.000 ,    0.829 ,       10 , 	)
 106 	 (   1 ,  292.000 ,  532.000 ,        0 ,  411.391 ,  411.391 ,    0.000 ,  411.391 ,  413.391 ,   55.436 ,   12.564 ,    0.000 ,   -4.969 ,       11 , 	)
  85 	 (   0 ,  310.000 ,  550.000 ,        0 ,  422.338 ,  422.338 ,    0.000 ,  422.338 ,  423.338 ,   31.801 ,   61.199 ,    0.000 ,   -0.087 ,       12 , 	)
 153 	 (   0 ,    0.000 , 1440.000 ,        0 ,  441.965 ,  441.965 ,    0.000 ,  441.965 ,  441.965 ,    0.000 ,  998.035 ,    0.000 ,    0.000 ,       13 , 	)

	20 sommets 
	values : ( Cost : 395.909 , TRT : 434.968 , TWT :  89.292 , TD : 695.862 )
	violations : ( VC :       0 , VTW :   0.000 , VTD :   0.000 , VTRT :   0.000 )
	cout global : (   0.000	 )
S(i)	 (   C ,     TW0 ,       TW1 ,       VTW ,       Min ,       A ,       W ,       B ,       D ,       L ,       F ,       E ,       Det ,       [Imp ,       Imp]	)
   0 	 (   0 ,    0.000 , 1440.000 ,        0 ,    0.000 ,  569.851 ,    0.000 ,  569.851 ,  569.851 ,    0.000 ,    0.000 ,  569.851 ,    0.000 ,        0 , 	)
  17 	 (   3 ,  480.000 ,  720.000 ,        0 ,   16.379 ,  586.230 ,    0.000 ,  586.230 ,  589.230 ,    0.000 ,    0.000 ,  106.230 ,   14.020 ,        1 , 	)
  67 	 (   6 ,  480.000 ,  660.000 ,        0 ,  502.376 ,  608.606 ,    0.000 ,  608.606 ,  611.606 ,    0.000 ,    0.000 ,  106.230 ,    1.705 ,        2 , 	)
  93 	 (   3 ,  564.000 ,  804.000 ,        0 ,  528.950 ,  635.180 ,    0.000 ,  635.180 ,  638.180 ,   45.950 ,    0.000 ,   71.180 ,   -1.049 ,        3 , 	)
  21 	 (   7 ,  480.000 ,  660.000 ,        0 ,  588.820 ,  660.000 ,    0.000 ,  660.000 ,  664.000 ,    0.000 ,    0.000 ,   71.180 ,    0.000 ,        4 , 	)
 143 	 (   4 ,  545.000 ,  785.000 ,        0 ,  592.820 ,  664.000 ,    0.000 ,  664.000 ,  667.000 ,   52.394 ,   12.378 ,   71.180 ,    0.000 ,        5 , 	)
  97 	 (   0 ,  551.000 ,  731.000 ,        0 ,  621.217 ,  692.398 ,    0.000 ,  692.398 ,  696.398 ,   28.398 ,   12.378 ,   71.180 ,   20.071 ,        6 , 	)
  58 	 (   4 ,  540.000 ,  720.000 ,        0 ,  636.441 ,  707.622 ,   12.378 ,  720.000 ,  724.000 ,    0.000 ,    0.000 ,   83.559 ,   -0.665 ,        7 , 	)
  74 	 (   5 ,  729.000 ,  960.000 ,        0 ,  644.566 ,  728.125 ,    8.599 ,  736.724 ,  737.724 ,    0.000 ,    0.000 ,    7.724 ,    5.848 ,        8 , 	)
  75 	 (   7 ,  720.000 ,  960.000 ,        0 ,  741.463 ,  749.187 ,    0.000 ,  749.187 ,  751.187 ,    0.000 ,    0.000 ,    7.724 ,    7.683 ,        9 , 	)
 134 	 (   3 ,  594.000 ,  774.000 ,        0 ,  766.276 ,  774.000 ,    0.000 ,  774.000 ,  778.000 ,   50.000 ,    0.000 ,    7.724 ,    5.267 ,       10 , 	)
  14 	 (   4 ,  720.000 ,  840.000 ,        0 ,  784.275 ,  791.999 ,   48.001 ,  840.000 ,  841.000 ,    0.000 ,    0.000 ,   55.725 ,    6.092 ,       11 , 	)
  11 	 (   8 ,  720.000 ,  960.000 ,        0 ,  788.551 ,  844.276 ,    1.322 ,  845.598 ,  849.598 ,    0.000 ,    0.000 ,   57.047 ,   -5.229 ,       12 , 	)
 151 	 (   6 ,  855.000 , 1035.000 ,        0 ,  833.141 ,  890.187 ,    0.000 ,  890.187 ,  892.187 ,  139.000 ,    0.000 ,   35.187 ,   -3.984 ,       13 , 	)
  90 	 (   5 ,  818.000 ,  998.000 ,        0 ,  873.820 ,  909.008 ,    0.000 ,  909.008 ,  910.008 ,   68.008 ,   21.811 ,   35.187 ,    0.000 ,       14 , 	)
  20 	 (   7 ,  808.000 ,  937.734 ,        0 ,  874.820 ,  910.008 ,   18.992 ,  929.000 ,  931.000 ,    0.000 ,    2.819 ,   54.180 ,    0.000 ,       15 , 	)
 150 	 (   6 ,  931.000 , 1051.000 ,        0 ,  876.820 ,  931.000 ,    0.000 ,  931.000 ,  932.000 ,  193.276 ,    2.819 ,    0.000 ,    0.000 ,       16 , 	)
  87 	 (   2 ,  874.000 , 1114.000 ,        0 ,  939.253 ,  939.253 ,    0.000 ,  939.253 ,  943.253 ,   89.655 ,    2.819 ,    0.000 ,    0.915 ,       17 , 	)
  96 	 (   0 ,  903.000 ,  963.000 ,        0 ,  960.181 ,  960.181 ,    0.000 ,  960.181 ,  962.181 ,   29.181 ,    2.819 ,    0.000 ,   27.677 ,       18 , 	)
 153 	 (   0 ,    0.000 , 1440.000 ,        0 , 1004.820 , 1004.820 ,    0.000 , 1004.820 , 1004.820 ,    0.000 ,  435.180 ,    0.000 ,    0.000 ,       19 , 	)

	18 sommets 
	values : ( Cost : 432.480 , TRT : 413.335 , TWT :  58.162 , TD : 605.110 )
	violations : ( VC :       0 , VTW :   0.000 , VTD :   0.000 , VTRT :   0.000 )
	cout global : (   0.000	 )
S(i)	 (   C ,     TW0 ,       TW1 ,       VTW ,       Min ,       A ,       W ,       B ,       D ,       L ,       F ,       E ,       Det ,       [Imp ,       Imp]	)
   0 	 (   0 ,    0.000 , 1440.000 ,        0 ,    0.000 ,  810.483 ,    0.000 ,  810.483 ,  810.483 ,    0.000 ,    0.000 ,  810.483 ,    0.000 ,        0 , 	)
  28 	 (   3 ,  720.000 ,  900.000 ,        0 ,    6.988 ,  817.471 ,    0.000 ,  817.471 ,  820.471 ,    0.000 ,    0.000 ,   97.471 ,    4.236 ,        1 , 	)
  26 	 (   7 ,  733.000 ,  953.888 ,        0 ,  770.417 ,  867.888 ,    0.000 ,  867.888 ,  871.888 ,    0.000 ,    0.000 ,   97.471 ,   28.401 ,        2 , 	)
 102 	 (   3 ,  802.000 ,  982.000 ,        0 ,  798.529 ,  896.000 ,    0.000 ,  896.000 ,  900.000 ,   24.112 ,    0.000 ,   94.000 ,    0.000 ,        3 , 	)
   2 	 (   5 ,  720.000 ,  900.000 ,        0 ,  806.000 ,  900.000 ,    0.000 ,  900.000 ,  902.000 ,    0.000 ,    0.000 ,   94.000 ,    0.000 ,        4 , 	)
   6 	 (   6 ,  720.000 ,  960.000 ,        0 ,  812.151 ,  906.151 ,   34.832 ,  940.983 ,  941.983 ,    0.000 ,    0.000 ,  128.832 ,    2.826 ,        5 , 	)
 104 	 (   3 ,  820.000 , 1000.000 ,        0 ,  822.639 ,  951.471 ,    0.000 ,  951.471 ,  954.471 ,  131.000 ,    0.000 ,  128.832 ,   -1.132 ,        6 , 	)
  78 	 (   1 ,  814.000 ,  994.000 ,        0 ,  841.522 ,  970.354 ,    0.000 ,  970.354 ,  972.354 ,   68.354 ,   23.646 ,  128.832 ,   27.086 ,        7 , 	)
  46 	 (   3 ,  960.000 , 1200.000 ,        0 ,  858.917 ,  987.749 ,   23.330 , 1011.079 , 1013.079 ,    0.000 ,   31.168 ,   51.079 ,   -0.524 ,        8 , 	)
   5 	 (   4 ,  960.000 , 1200.000 ,        0 ,  972.441 , 1023.520 ,    0.000 , 1023.520 , 1024.520 ,    0.000 ,   31.168 ,   51.079 ,   10.171 ,        9 , 	)
  81 	 (   3 , 1052.000 , 1292.000 ,        0 , 1000.921 , 1052.000 ,    0.000 , 1052.000 , 1053.000 ,   27.480 ,   31.168 ,    0.000 ,  -28.735 ,       10 , 	)
   7 	 (   4 ,  973.000 , 1192.328 ,        0 , 1071.053 , 1071.053 ,    0.000 , 1071.053 , 1072.053 ,    0.000 ,   31.168 ,    0.000 ,   -1.772 ,       11 , 	)
  83 	 (   3 , 1037.000 , 1217.000 ,        0 , 1095.726 , 1095.726 ,    0.000 , 1095.726 , 1096.726 ,   23.672 ,   31.168 ,    0.000 ,    4.959 ,       12 , 	)
  82 	 (   2 ,  898.000 , 1138.000 ,        0 , 1106.832 , 1106.832 ,    0.000 , 1106.832 , 1107.832 ,  164.849 ,   31.168 ,   -0.000 ,    2.959 ,       13 , 	)
  68 	 (   3 ,  960.000 , 1200.000 ,        0 , 1111.486 , 1111.486 ,    0.000 , 1111.486 , 1112.486 ,    0.000 ,   47.644 ,   -0.000 ,    1.558 ,       14 , 	)
 122 	 (   1 , 1078.000 , 1318.000 ,        0 , 1121.435 , 1121.435 ,    0.000 , 1121.435 , 1123.435 ,  108.356 ,   47.644 ,   -0.000 ,    3.726 ,       15 , 	)
 144 	 (   0 , 1063.000 , 1303.000 ,        0 , 1169.772 , 1169.772 ,    0.000 , 1169.772 , 1170.772 ,   57.286 ,   80.714 ,   -0.000 ,   22.605 ,       16 , 	)
 153 	 (   0 ,    0.000 , 1440.000 ,        0 , 1223.819 , 1223.819 ,    0.000 , 1223.819 , 1223.819 ,    0.000 ,  216.181 ,   -0.000 ,    0.000 ,       17 , 	)

	18 sommets 
	values : ( Cost : 267.617 , TRT : 470.253 , TWT : 243.037 , TD : 322.226 )
	violations : ( VC :       0 , VTW :   0.000 , VTD :   0.000 , VTRT :   0.000 )
	cout global : (   0.000	 )
S(i)	 (   C ,     TW0 ,       TW1 ,       VTW ,       Min ,       A ,       W ,       B ,       D ,       L ,       F ,       E ,       Det ,       [Imp ,       Imp]	)
   0 	 (   0 ,    0.000 , 1440.000 ,        0 ,    0.000 ,  317.118 ,    0.000 ,  317.118 ,  317.118 ,    0.000 ,    0.000 ,  317.118 ,    0.000 ,        0 , 	)
  32 	 (   1 ,  240.000 ,  420.000 ,        0 ,   18.491 ,  335.609 ,    0.000 ,  335.609 ,  336.609 ,    0.000 ,    0.000 ,   95.609 ,   -1.092 ,        1 , 	)
  25 	 (   2 ,  251.000 ,  476.793 ,        0 ,  262.586 ,  358.195 ,    0.000 ,  358.195 ,  359.195 ,    0.000 ,    0.000 ,   95.609 ,    5.457 ,        2 , 	)
  31 	 (   3 ,  360.000 ,  480.000 ,        0 ,  279.108 ,  374.717 ,    0.000 ,  374.717 ,  375.717 ,    0.000 ,    0.000 ,   14.717 ,   13.507 ,        3 , 	)
 108 	 (   2 ,  305.000 ,  485.000 ,        0 ,  370.216 ,  384.933 ,    0.000 ,  384.933 ,  385.933 ,   48.324 ,    0.000 ,   14.717 ,    0.298 ,        4 , 	)
 101 	 (   1 ,  325.000 ,  505.000 ,        0 ,  390.471 ,  405.189 ,    0.000 ,  405.189 ,  406.189 ,   45.994 ,    0.000 ,   14.717 ,    6.644 ,        5 , 	)
  65 	 (   5 ,  279.000 ,  447.959 ,        0 ,  395.788 ,  410.505 ,    0.000 ,  410.505 ,  414.505 ,    0.000 ,    0.000 ,   14.717 ,    0.000 ,        6 , 	)
  69 	 (   6 ,  241.000 ,  480.000 ,        0 ,  399.788 ,  414.505 ,    0.000 ,  414.505 ,  415.505 ,    0.000 ,    0.000 ,   14.717 ,    0.000 ,        7 , 	)
 107 	 (   5 ,  386.412 ,  549.000 ,        0 ,  400.788 ,  415.505 ,    0.000 ,  415.505 ,  416.505 ,   39.788 ,    0.000 ,   14.717 ,    0.000 ,        8 , 	)
  22 	 (   7 ,  274.000 ,  456.668 ,        0 ,  416.410 ,  431.127 ,    0.000 ,  431.127 ,  433.127 ,    0.000 ,    0.000 ,   14.717 ,   -0.675 ,        9 , 	)
 145 	 (   6 ,  326.000 ,  506.000 ,        0 ,  424.140 ,  438.857 ,    0.000 ,  438.857 ,  439.857 ,   23.352 ,    0.000 ,   14.717 ,   11.460 ,       10 , 	)
  39 	 (   8 ,  240.000 ,  480.000 ,        0 ,  430.870 ,  445.587 ,    0.000 ,  445.587 ,  447.587 ,    0.000 ,    0.000 ,   14.717 ,    2.874 ,       11 , 	)
 141 	 (   4 ,  361.000 ,  481.000 ,        0 ,  451.968 ,  466.685 ,    0.000 ,  466.685 ,  470.685 ,   52.180 ,    0.000 ,   14.717 ,    0.922 ,       12 , 	)
 115 	 (   2 ,  287.000 ,  527.000 ,        0 ,  460.623 ,  475.340 ,    0.000 ,  475.340 ,  477.340 ,   27.753 ,    0.000 ,   14.717 ,   -7.563 ,       13 , 	)
  98 	 (   0 ,  376.000 ,  496.000 ,        0 ,  481.283 ,  496.000 ,    0.000 ,  496.000 ,  498.000 ,   62.873 ,    0.000 ,   14.717 ,    0.000 ,       14 , 	)
  12 	 (   1 ,  720.000 ,  900.000 ,        0 ,  483.283 ,  498.000 ,  243.037 ,  741.037 ,  742.037 ,    0.000 ,  158.963 ,   21.037 ,    0.000 ,       15 , 	)
  88 	 (   0 ,  764.000 ,  944.000 ,        0 ,  742.963 ,  764.000 ,    0.000 ,  764.000 ,  765.000 ,   21.963 ,   37.037 ,    0.000 ,   22.599 ,       16 , 	)
 153 	 (   0 ,    0.000 , 1440.000 ,        0 ,  787.371 ,  787.371 ,    0.000 ,  787.371 ,  787.371 ,    0.000 ,  652.629 ,    0.000 ,    0.000 ,       17 , 	)

	20 sommets 
	values : ( Cost : 408.965 , TRT : 461.124 , TWT : 115.632 , TD : 741.856 )
	violations : ( VC :       0 , VTW :   0.000 , VTD :   0.000 , VTRT :   0.000 )
	cout global : (   0.000	 )
S(i)	 (   C ,     TW0 ,       TW1 ,       VTW ,       Min ,       A ,       W ,       B ,       D ,       L ,       F ,       E ,       Det ,       [Imp ,       Imp]	)
   0 	 (   0 ,    0.000 , 1440.000 ,        0 ,    0.000 ,  750.809 ,    0.000 ,  750.809 ,  750.809 ,    0.000 ,    0.000 ,  750.809 ,    0.000 ,        0 , 	)
   1 	 (   2 ,  720.000 ,  960.000 ,        0 ,   18.627 ,  769.436 ,    0.000 ,  769.436 ,  771.436 ,    0.000 ,    0.000 ,   49.436 ,    0.469 ,        1 , 	)
  23 	 (   3 ,  720.000 ,  900.000 ,        0 ,  784.629 ,  834.065 ,    0.000 ,  834.065 ,  835.065 ,    0.000 ,    0.000 ,   49.436 ,    7.642 ,        2 , 	)
  41 	 (   5 ,  780.000 ,  840.000 ,        0 ,  790.564 ,  840.000 ,    0.000 ,  840.000 ,  842.000 ,    0.000 ,    0.000 ,   49.436 ,   -1.429 ,        3 , 	)
  77 	 (   3 ,  817.000 , 1057.000 ,        0 ,  798.526 ,  847.962 ,    0.000 ,  847.962 ,  849.962 ,   76.526 ,    9.695 ,   30.962 ,   -0.974 ,        4 , 	)
  99 	 (   2 ,  751.000 ,  931.000 ,        0 ,  823.608 ,  854.569 ,    0.000 ,  854.569 ,  855.569 ,   19.505 ,    9.695 ,   30.962 ,    8.195 ,        5 , 	)
  13 	 (   3 ,  720.000 ,  960.000 ,        0 ,  830.785 ,  861.747 ,    9.695 ,  871.441 ,  872.441 ,    0.000 ,    0.000 ,   40.656 ,    4.159 ,        6 , 	)
   8 	 (   6 ,  780.000 ,  960.000 ,        0 ,  834.374 ,  875.031 ,    0.000 ,  875.031 ,  878.031 ,    0.000 ,    0.000 ,   40.656 ,   -1.805 ,        7 , 	)
  29 	 (   8 ,  720.000 ,  900.000 ,        0 ,  843.968 ,  884.624 ,    0.000 ,  884.624 ,  886.624 ,    0.000 ,    0.000 ,   40.656 ,    2.671 ,        8 , 	)
 117 	 (   6 ,  804.762 ,  903.000 ,        0 ,  862.344 ,  903.000 ,    0.000 ,  903.000 ,  905.000 ,   61.000 ,    0.000 ,   40.656 ,    7.186 ,        9 , 	)
  84 	 (   3 ,  870.000 , 1050.000 ,        0 ,  897.920 ,  938.577 ,    0.000 ,  938.577 ,  941.577 ,   60.546 ,   26.077 ,   40.656 ,    0.000 ,       10 , 	)
  38 	 (   6 ,  960.000 , 1140.000 ,        0 ,  900.920 ,  941.577 ,   26.077 ,  967.654 ,  970.654 ,    0.000 ,    0.000 ,    7.654 ,    0.000 ,       11 , 	)
 105 	 (   4 ,  800.000 ,  980.000 ,        0 ,  972.346 ,  980.000 ,    0.000 ,  980.000 ,  982.000 ,   93.376 ,    0.000 ,    7.654 ,    0.000 ,       12 , 	)
  89 	 (   3 ,  853.000 , 1033.000 ,        0 ,  974.346 ,  982.000 ,    0.000 ,  982.000 ,  983.000 ,  109.559 ,   28.441 ,    7.654 ,    0.000 ,       13 , 	)
  37 	 (   7 , 1020.000 , 1140.000 ,        0 ,  988.011 ,  995.665 ,   79.859 , 1075.524 , 1079.524 ,    0.000 ,   50.654 ,   55.524 ,   18.914 ,       14 , 	)
 114 	 (   4 , 1113.000 , 1233.000 ,        0 , 1057.476 , 1113.000 ,    0.000 , 1113.000 , 1116.000 ,  142.346 ,   50.654 ,    0.000 ,   25.708 ,       15 , 	)
   3 	 (   5 ,  960.000 , 1200.000 ,        0 , 1130.055 , 1130.055 ,    0.000 , 1130.055 , 1131.055 ,    0.000 ,   69.945 ,   -0.000 ,    0.939 ,       16 , 	)
 113 	 (   1 , 1124.000 , 1304.000 ,        0 , 1181.919 , 1181.919 ,    0.000 , 1181.919 , 1185.919 ,  102.395 ,   67.395 ,   -0.000 ,   18.583 ,       17 , 	)
  79 	 (   0 , 1068.000 , 1308.000 ,        0 , 1207.659 , 1207.659 ,    0.000 , 1207.659 , 1208.659 ,   76.605 ,   67.395 ,   -0.000 ,   -2.675 ,       18 , 	)
 153 	 (   0 ,    0.000 , 1440.000 ,        0 , 1211.933 , 1211.933 ,    0.000 , 1211.933 , 1211.933 ,    0.000 ,  228.067 ,   -0.000 ,    0.000 ,       19 , 	)

	20 sommets 
	values : ( Cost : 407.963 , TRT : 471.212 , TWT : 132.473 , TD : 529.231 )
	violations : ( VC :       0 , VTW :   0.000 , VTD :   0.000 , VTRT :   0.000 )
	cout global : (   0.000	 )
S(i)	 (   C ,     TW0 ,       TW1 ,       VTW ,       Min ,       A ,       W ,       B ,       D ,       L ,       F ,       E ,       Det ,       [Imp ,       Imp]	)
   0 	 (   0 ,    0.000 , 1440.000 ,        0 ,    0.000 ,  354.026 ,    0.000 ,  354.026 ,  354.026 ,    0.000 ,    0.000 ,  354.026 ,    0.000 ,        0 , 	)
  62 	 (   4 ,  300.000 ,  480.000 ,        0 ,   44.108 ,  398.134 ,    0.000 ,  398.134 ,  402.134 ,    0.000 ,    0.000 ,   98.134 ,    2.838 ,        1 , 	)
  72 	 (   5 ,  265.000 ,  468.908 ,        0 ,  308.423 ,  406.557 ,    0.000 ,  406.557 ,  407.557 ,    0.000 ,    0.000 ,   98.134 ,    2.601 ,        2 , 	)
  15 	 (   6 ,  240.000 ,  420.000 ,        0 ,  311.401 ,  409.535 ,    0.000 ,  409.535 ,  410.535 ,    0.000 ,    0.000 ,   98.134 ,    0.617 ,        3 , 	)
  71 	 (   8 ,  240.000 ,  420.000 ,        0 ,  314.915 ,  413.049 ,    0.000 ,  413.049 ,  415.049 ,    0.000 ,    0.000 ,   98.134 ,    2.575 ,        4 , 	)
 138 	 (   4 ,  315.027 ,  543.000 ,        0 ,  322.838 ,  420.971 ,    0.000 ,  420.971 ,  424.971 ,   18.838 ,    0.000 ,   98.134 ,    0.381 ,        5 , 	)
  91 	 (   3 ,  280.000 ,  515.000 ,        0 ,  356.068 ,  454.202 ,    0.000 ,  454.202 ,  455.202 ,   43.668 ,    0.000 ,   98.134 ,   -3.029 ,        6 , 	)
  48 	 (   4 ,  240.000 ,  480.000 ,        0 ,  370.905 ,  469.039 ,    0.000 ,  469.039 ,  470.039 ,    0.000 ,    0.000 ,   98.134 ,    5.862 ,        7 , 	)
 147 	 (   2 ,  355.000 ,  535.000 ,        0 ,  389.215 ,  487.349 ,    0.000 ,  487.349 ,  489.349 ,   72.300 ,    0.000 ,   98.134 ,    0.706 ,        8 , 	)
  42 	 (   5 ,  480.000 ,  720.000 ,        0 ,  415.817 ,  513.950 ,    0.000 ,  513.950 ,  516.950 ,    0.000 ,    0.000 ,   33.950 ,    0.647 ,        9 , 	)
 148 	 (   4 ,  400.000 ,  520.000 ,        0 ,  486.050 ,  520.000 ,    0.000 ,  520.000 ,  521.000 ,  112.443 ,    0.000 ,   33.950 ,    0.493 ,       10 , 	)
  49 	 (   5 ,  480.000 ,  720.000 ,        0 ,  513.493 ,  547.444 ,    7.901 ,  555.344 ,  556.344 ,    0.000 ,    0.000 ,   41.851 ,    0.674 ,       11 , 	)
 124 	 (   4 ,  340.000 ,  580.000 ,        0 ,  528.107 ,  569.958 ,    0.000 ,  569.958 ,  570.958 ,   99.919 ,    0.000 ,   41.851 ,   15.753 ,       12 , 	)
 125 	 (   3 ,  514.000 ,  754.000 ,        0 ,  548.017 ,  589.868 ,    0.000 ,  589.868 ,  590.868 ,   33.524 ,    0.000 ,   41.851 ,   10.799 ,       13 , 	)
 118 	 (   0 ,  551.000 ,  791.000 ,        0 ,  567.099 ,  608.950 ,    0.000 ,  608.950 ,  611.950 ,   92.000 ,    0.000 ,   41.851 ,    0.000 ,       14 , 	)
  44 	 (   1 ,  720.000 ,  900.000 ,        0 ,  570.099 ,  611.950 ,  124.572 ,  736.523 ,  737.523 ,    0.000 ,  120.000 ,   16.523 ,    0.000 ,       15 , 	)
 120 	 (   0 ,  757.000 ,  991.000 ,        0 ,  754.792 ,  771.315 ,    0.000 ,  771.315 ,  772.315 ,   33.792 ,   56.208 ,   14.315 ,   13.663 ,       16 , 	)
  64 	 (   2 ,  780.000 ,  900.000 ,        0 ,  765.685 ,  780.000 ,    0.000 ,  780.000 ,  782.000 ,    0.000 ,  120.000 ,    0.000 ,    5.498 ,       17 , 	)
 140 	 (   0 ,  804.747 , 1024.000 ,        0 ,  804.747 ,  804.747 ,    0.000 ,  804.747 ,  806.747 ,   22.747 ,   99.253 ,    0.000 ,    6.441 ,       18 , 	)
 153 	 (   0 ,    0.000 , 1440.000 ,        0 ,  825.238 ,  825.238 ,    0.000 ,  825.238 ,  825.238 ,    0.000 ,  614.762 ,    0.000 ,    0.000 ,       19 , 	)
