13
	VALUE ALL : ( Cost : 4431.843 , TRT : 4636.708 , TWT : 818.495 , TD : 6359.221 )
	VIOLATIONS TOTAL : ( VC :       0 , VTW :   0.000 , VTD :   0.000 , VTRT :   0.000 )
 	COUT_ALL : (   0.003 )  T2B:   39001

	24 sommets 
	values : ( Cost : 351.281 , TRT : 349.971 , TWT :  31.850 , TD : 421.517 )
	violations : ( VC :       0 , VTW :   0.000 , VTD :   0.000 , VTRT :   0.000 )
	cout global : (   0.000	 )
S(i)	 (   C ,     TW0 ,       TW1 ,       VTW ,       Min ,       A ,       W ,       B ,       D ,       L ,       F ,       E ,       Det ,       [Imp ,       Imp]	)
   0 	 (   0 ,    0.000 , 1440.000 ,        0 ,    0.000 ,  616.171 ,    0.000 ,  616.171 ,  616.171 ,    0.000 ,    0.000 ,  616.171 ,    0.000 ,        0 , 	)
  83 	 (   2 ,  540.000 ,  720.000 ,        0 ,    8.631 ,  624.802 ,    0.000 ,  624.802 ,  626.802 ,    0.000 ,    0.000 ,   84.802 ,    2.897 ,        1 , 	)
  81 	 (   4 ,  520.000 ,  688.187 ,        0 ,  563.673 ,  648.475 ,    0.000 ,  648.475 ,  650.475 ,    0.000 ,    0.000 ,   84.802 ,    1.519 ,        2 , 	)
  54 	 (   8 ,  480.000 ,  720.000 ,        0 ,  571.347 ,  656.150 ,    0.000 ,  656.150 ,  660.150 ,    0.000 ,    0.000 ,   84.802 ,    6.517 ,        3 , 	)
 165 	 (   4 ,  509.000 ,  749.000 ,        0 ,  588.129 ,  672.932 ,    0.000 ,  672.932 ,  676.932 ,   12.782 ,    0.000 ,   84.802 ,    1.017 ,        4 , 	)
 192 	 (   2 ,  599.000 ,  719.000 ,        0 ,  605.927 ,  690.729 ,    0.000 ,  690.729 ,  692.729 ,   40.254 ,    0.000 ,   84.802 ,    6.226 ,        5 , 	)
  79 	 (   3 ,  500.000 ,  701.526 ,        0 ,  614.723 ,  699.526 ,    0.000 ,  699.526 ,  700.526 ,    0.000 ,    0.000 ,   84.802 ,    5.224 ,        6 , 	)
 194 	 (   1 ,  641.000 ,  821.000 ,        0 ,  619.556 ,  704.359 ,    0.000 ,  704.359 ,  706.359 ,   77.556 ,    0.000 ,   63.359 ,   -0.000 ,        7 , 	)
 190 	 (   0 ,  535.000 ,  715.000 ,        0 ,  651.641 ,  715.000 ,    0.000 ,  715.000 ,  716.000 ,   14.474 ,    0.000 ,   63.359 ,    0.111 ,        8 , 	)
 105 	 (   3 ,  720.000 ,  960.000 ,        0 ,  654.580 ,  717.939 ,   31.850 ,  749.789 ,  752.789 ,    0.000 ,   26.323 ,   29.789 ,    3.768 ,        9 , 	)
  80 	 (   7 ,  720.000 ,  960.000 ,        0 ,  729.415 ,  759.205 ,    0.000 ,  759.205 ,  763.205 ,    0.000 ,   26.323 ,   29.789 ,   -0.092 ,       10 , 	)
  21 	 (   8 ,  720.000 ,  960.000 ,        0 ,  736.205 ,  765.994 ,    0.000 ,  765.994 ,  766.994 ,    0.000 ,   26.323 ,   29.789 ,    2.156 ,       11 , 	)
 216 	 (   5 ,  780.000 , 1020.000 ,        0 ,  758.442 ,  788.232 ,    0.000 ,  788.232 ,  791.232 ,   35.442 ,   26.323 ,    8.232 ,    1.235 ,       12 , 	)
  97 	 (   7 ,  720.000 ,  960.000 ,        0 ,  799.485 ,  807.717 ,    0.000 ,  807.717 ,  809.717 ,    0.000 ,   26.323 ,    8.232 ,    7.926 ,       13 , 	)
 132 	 (   6 ,  800.000 , 1040.000 ,        0 ,  808.362 ,  816.594 ,    0.000 ,  816.594 ,  817.594 ,   49.600 ,   26.323 ,    8.232 ,   -0.000 ,       14 , 	)
 208 	 (   4 ,  762.000 , 1002.000 ,        0 ,  822.871 ,  831.103 ,    0.000 ,  831.103 ,  833.103 ,   21.386 ,   26.323 ,    8.232 ,   10.482 ,       15 , 	)
  60 	 (   6 ,  720.000 ,  960.000 ,        0 ,  830.844 ,  839.076 ,    0.000 ,  839.076 ,  841.076 ,    0.000 ,   26.323 ,    8.232 ,    1.341 ,       16 , 	)
 191 	 (   2 ,  847.000 , 1027.000 ,        0 ,  838.768 ,  847.000 ,    0.000 ,  847.000 ,  851.000 ,   83.795 ,   26.323 ,    0.000 ,    4.936 ,       17 , 	)
  48 	 (   4 ,  780.000 ,  960.000 ,        0 ,  863.806 ,  863.806 ,    0.000 ,  863.806 ,  865.806 ,    0.000 ,   26.323 ,    0.000 ,    0.171 ,       18 , 	)
 171 	 (   2 ,  772.000 , 1012.000 ,        0 ,  877.859 ,  877.859 ,    0.000 ,  877.859 ,  879.859 ,   36.783 ,   19.647 ,    0.000 ,   11.348 ,       19 , 	)
 159 	 (   0 ,  793.005 , 1006.000 ,        0 ,  890.159 ,  890.159 ,    0.000 ,  890.159 ,  892.159 ,   24.353 ,   19.647 ,    0.000 ,    2.288 ,       20 , 	)
   8 	 (   4 ,  759.000 ,  927.910 ,        0 ,  901.586 ,  901.586 ,    0.000 ,  901.586 ,  905.586 ,    0.000 ,   26.323 ,    0.000 ,    9.702 ,       21 , 	)
 119 	 (   0 ,  897.000 ,  957.000 ,        0 ,  930.677 ,  930.677 ,    0.000 ,  930.677 ,  934.677 ,   25.090 ,   26.323 ,    0.000 ,   22.595 ,       22 , 	)
 223 	 (   0 ,    0.000 , 1440.000 ,        0 ,  966.143 ,  966.143 ,    0.000 ,  966.143 ,  966.143 ,    0.000 ,  473.857 ,    0.000 ,    0.000 ,       23 , 	)

	18 sommets 
	values : ( Cost : 212.192 , TRT : 185.543 , TWT :   0.000 , TD : 384.201 )
	violations : ( VC :       0 , VTW :   0.000 , VTD :   0.000 , VTRT :   0.000 )
	cout global : (   0.000	 )
S(i)	 (   C ,     TW0 ,       TW1 ,       VTW ,       Min ,       A ,       W ,       B ,       D ,       L ,       F ,       E ,       Det ,       [Imp ,       Imp]	)
   0 	 (   0 ,    0.000 , 1440.000 ,        0 ,    0.000 ,  308.860 ,    0.000 ,  308.860 ,  308.860 ,    0.000 ,    9.050 ,  308.860 ,    0.000 ,        0 , 	)
  39 	 (   1 ,  261.000 ,  405.489 ,        0 ,   16.014 ,  324.874 ,    0.000 ,  324.874 ,  325.874 ,    0.000 ,    9.050 ,   63.874 ,    1.262 ,        1 , 	)
  18 	 (   3 ,  240.000 ,  420.000 ,        0 ,  281.835 ,  345.710 ,    0.000 ,  345.710 ,  347.710 ,    0.000 ,    9.050 ,   63.874 ,    0.650 ,        2 , 	)
 150 	 (   2 ,  311.000 ,  431.000 ,        0 ,  289.162 ,  353.036 ,    0.000 ,  353.036 ,  354.036 ,   27.162 ,    9.050 ,   42.036 ,    2.226 ,        3 , 	)
  42 	 (   4 ,  360.000 ,  480.000 ,        0 ,  318.394 ,  360.430 ,    0.000 ,  360.430 ,  362.430 ,    0.000 ,    9.050 ,    0.430 ,   -3.371 ,        4 , 	)
  51 	 (   5 ,  240.000 ,  420.000 ,        0 ,  388.717 ,  389.147 ,    0.000 ,  389.147 ,  390.147 ,    0.000 ,    9.050 ,    0.430 ,   -1.430 ,        5 , 	)
 153 	 (   3 ,  392.823 ,  544.000 ,        0 ,  392.392 ,  392.823 ,    0.000 ,  392.823 ,  394.823 ,   30.392 ,    9.050 ,    0.000 ,    0.281 ,        6 , 	)
  43 	 (   4 ,  306.000 ,  480.000 ,        0 ,  396.094 ,  396.094 ,    0.000 ,  396.094 ,  397.094 ,    0.000 ,    9.050 ,    0.000 ,   -0.454 ,        7 , 	)
  46 	 (   6 ,  240.000 ,  480.000 ,        0 ,  405.183 ,  405.183 ,    0.000 ,  405.183 ,  407.183 ,    0.000 ,    9.050 ,    0.000 ,   -0.001 ,        8 , 	)
 129 	 (   4 ,  299.000 ,  479.000 ,        0 ,  408.067 ,  408.067 ,    0.000 ,  408.067 ,  410.067 ,   60.357 ,    9.050 ,    0.000 ,    1.767 ,        9 , 	)
  17 	 (   7 ,  240.000 ,  420.000 ,        0 ,  410.950 ,  410.950 ,    0.000 ,  410.950 ,  413.950 ,    0.000 ,    9.050 ,    0.000 ,   -0.216 ,       10 , 	)
  95 	 (   8 ,  250.000 ,  477.032 ,        0 ,  430.886 ,  430.886 ,    0.000 ,  430.886 ,  431.886 ,    0.000 ,   26.312 ,    0.000 ,    1.247 ,       11 , 	)
 128 	 (   5 ,  270.878 ,  498.000 ,        0 ,  444.076 ,  444.076 ,    0.000 ,  444.076 ,  447.076 ,   30.126 ,   26.312 ,    0.000 ,    2.853 ,       12 , 	)
 157 	 (   3 ,  343.000 ,  523.000 ,        0 ,  454.356 ,  454.356 ,    0.000 ,  454.356 ,  456.356 ,   47.172 ,   26.312 ,    0.000 ,    2.642 ,       13 , 	)
 154 	 (   2 ,  397.000 ,  517.000 ,        0 ,  457.966 ,  457.966 ,    0.000 ,  457.966 ,  458.966 ,   60.872 ,   26.312 ,    0.000 ,    0.000 ,       14 , 	)
 162 	 (   1 ,  328.000 ,  508.000 ,        0 ,  470.465 ,  470.465 ,    0.000 ,  470.465 ,  471.465 ,   80.317 ,   26.312 ,    0.000 ,    5.065 ,       15 , 	)
 206 	 (   0 ,  326.000 ,  506.000 ,        0 ,  479.688 ,  479.688 ,    0.000 ,  479.688 ,  480.688 ,   47.802 ,   26.312 ,    0.000 ,    3.410 ,       16 , 	)
 223 	 (   0 ,    0.000 , 1440.000 ,        0 ,  494.403 ,  494.403 ,    0.000 ,  494.403 ,  494.403 ,    0.000 ,  945.597 ,    0.000 ,    0.000 ,       17 , 	)

	16 sommets 
	values : ( Cost : 283.523 , TRT : 278.225 , TWT :  37.050 , TD : 403.932 )
	violations : ( VC :       0 , VTW :   0.000 , VTD :   0.000 , VTRT :   0.000 )
	cout global : (   0.000	 )
S(i)	 (   C ,     TW0 ,       TW1 ,       VTW ,       Min ,       A ,       W ,       B ,       D ,       L ,       F ,       E ,       Det ,       [Imp ,       Imp]	)
   0 	 (   0 ,    0.000 , 1440.000 ,        0 ,    0.000 ,  408.058 ,    0.000 ,  408.058 ,  408.058 ,    0.000 ,    0.000 ,  408.058 ,    0.000 ,        0 , 	)
  19 	 (   4 ,  240.000 ,  480.000 ,        0 ,   54.965 ,  463.023 ,    0.000 ,  463.023 ,  467.023 ,    0.000 ,    0.000 ,  223.023 ,    4.534 ,        1 , 	)
  86 	 (   5 ,  240.000 ,  480.000 ,        0 ,  251.105 ,  474.129 ,    0.000 ,  474.129 ,  475.129 ,    0.000 ,    0.000 ,  223.023 ,   -0.000 ,        2 , 	)
 106 	 (   7 ,  240.000 ,  480.000 ,        0 ,  256.977 ,  480.000 ,    0.000 ,  480.000 ,  482.000 ,    0.000 ,    0.000 ,  223.023 ,    4.801 ,        3 , 	)
 217 	 (   5 ,  287.000 ,  527.000 ,        0 ,  281.650 ,  504.673 ,    0.000 ,  504.673 ,  506.673 ,   22.673 ,   17.932 ,  217.673 ,    0.000 ,        4 , 	)
  61 	 (   6 ,  483.000 ,  720.000 ,        0 ,  289.000 ,  506.673 ,   17.932 ,  524.605 ,  525.605 ,    0.000 ,    0.000 ,   41.605 ,    0.000 ,        5 , 	)
 130 	 (   2 ,  306.000 ,  546.000 ,        0 ,  496.758 ,  538.363 ,    0.000 ,  538.363 ,  542.363 ,   71.340 ,    0.000 ,   41.605 ,    2.267 ,        6 , 	)
 197 	 (   1 ,  323.000 ,  563.000 ,        0 ,  521.395 ,  563.000 ,    0.000 ,  563.000 ,  564.000 ,   87.871 ,    0.000 ,   41.605 ,    8.063 ,        7 , 	)
 108 	 (   4 ,  528.000 ,  676.155 ,        0 ,  526.679 ,  568.284 ,    4.673 ,  572.957 ,  575.957 ,    0.000 ,    0.000 ,   44.957 ,    0.332 ,        8 , 	)
 219 	 (   1 ,  576.000 ,  696.000 ,        0 ,  547.845 ,  592.802 ,    0.000 ,  592.802 ,  595.802 ,   16.845 ,    0.000 ,   16.802 ,    0.000 ,        9 , 	)
  76 	 (   2 ,  483.000 ,  720.000 ,        0 ,  579.000 ,  595.802 ,    0.000 ,  595.802 ,  596.802 ,    0.000 ,    0.000 ,   16.802 ,    0.000 ,       10 , 	)
 101 	 (   4 ,  540.000 ,  660.000 ,        0 ,  590.132 ,  606.934 ,    0.000 ,  606.934 ,  608.934 ,    0.000 ,    0.000 ,   16.802 ,   -3.095 ,       11 , 	)
 172 	 (   3 ,  588.000 ,  768.000 ,        0 ,  612.803 ,  629.605 ,    0.000 ,  629.605 ,  630.605 ,  104.000 ,    0.000 ,   16.802 ,    1.508 ,       12 , 	)
 187 	 (   2 ,  587.000 ,  767.000 ,        0 ,  616.136 ,  632.938 ,    0.000 ,  632.938 ,  633.938 ,   36.136 ,   66.864 ,   16.802 ,   -0.343 ,       13 , 	)
 212 	 (   0 ,  674.000 ,  734.000 ,        0 ,  642.753 ,  659.556 ,   14.444 ,  674.000 ,  676.000 ,   65.066 ,   60.000 ,    0.000 ,    0.192 ,       14 , 	)
 223 	 (   0 ,    0.000 , 1440.000 ,        0 ,  686.283 ,  686.283 ,    0.000 ,  686.283 ,  686.283 ,    0.000 ,  753.717 ,    0.000 ,    0.000 ,       15 , 	)

	14 sommets 
	values : ( Cost : 205.362 , TRT : 221.809 , TWT :  45.401 , TD : 471.552 )
	violations : ( VC :       0 , VTW :   0.000 , VTD :   0.000 , VTRT :   0.000 )
	cout global : (   0.000	 )
S(i)	 (   C ,     TW0 ,       TW1 ,       VTW ,       Min ,       A ,       W ,       B ,       D ,       L ,       F ,       E ,       Det ,       [Imp ,       Imp]	)
   0 	 (   0 ,    0.000 , 1440.000 ,        0 ,    0.000 ,  377.114 ,    0.000 ,  377.114 ,  377.114 ,    0.000 ,    0.000 ,  377.114 ,    0.000 ,        0 , 	)
  24 	 (   1 ,  300.000 ,  480.000 ,        0 ,   27.717 ,  404.831 ,    0.000 ,  404.831 ,  405.831 ,    0.000 ,    0.000 ,  104.831 ,   -0.970 ,        1 , 	)
  85 	 (   5 ,  300.000 ,  420.000 ,        0 ,  315.169 ,  420.000 ,    0.000 ,  420.000 ,  424.000 ,    0.000 ,    0.000 ,  104.831 ,    0.327 ,        2 , 	)
  10 	 (   6 ,  360.000 ,  480.000 ,        0 ,  323.027 ,  427.858 ,   41.074 ,  468.932 ,  469.932 ,    0.000 ,    0.000 ,  108.932 ,    0.302 ,        3 , 	)
  62 	 (   7 ,  300.000 ,  480.000 ,        0 ,  371.068 ,  480.000 ,    0.000 ,  480.000 ,  481.000 ,    0.000 ,    0.000 ,  108.932 ,   -3.095 ,        4 , 	)
 135 	 (   6 ,  397.000 ,  577.000 ,        0 ,  393.470 ,  502.402 ,    0.000 ,  502.402 ,  503.402 ,   96.571 ,    6.107 ,  105.402 ,    5.237 ,        5 , 	)
  47 	 (   7 ,  497.000 ,  711.258 ,        0 ,  402.217 ,  507.619 ,    4.327 ,  511.946 ,  512.946 ,    0.000 ,    1.780 ,   14.946 ,    0.793 ,        6 , 	)
 196 	 (   3 ,  342.000 ,  516.000 ,        0 ,  499.274 ,  514.220 ,    0.000 ,  514.220 ,  518.220 ,   90.220 ,    1.780 ,   14.946 ,   -1.753 ,        7 , 	)
  37 	 (   6 ,  480.000 ,  720.000 ,        0 ,  512.048 ,  526.994 ,    0.000 ,  526.994 ,  529.994 ,    0.000 ,   13.448 ,   14.946 ,    7.247 ,        8 , 	)
 173 	 (   5 ,  328.551 ,  555.000 ,        0 ,  526.606 ,  541.552 ,    0.000 ,  541.552 ,  542.552 ,   60.552 ,   13.448 ,   14.946 ,   10.438 ,        9 , 	)
 158 	 (   4 ,  566.000 ,  746.000 ,        0 ,  551.054 ,  566.000 ,    0.000 ,  566.000 ,  567.000 ,   53.054 ,   14.946 ,    0.000 ,   16.432 ,       10 , 	)
 148 	 (   1 ,  534.000 ,  774.000 ,        0 ,  577.853 ,  577.853 ,    0.000 ,  577.853 ,  580.853 ,   47.859 ,   22.141 ,    0.000 ,    3.986 ,       11 , 	)
 121 	 (   0 ,  469.000 ,  649.000 ,        0 ,  593.227 ,  593.227 ,    0.000 ,  593.227 ,  594.227 ,  123.295 ,   55.773 ,    0.000 ,    0.086 ,       12 , 	)
 223 	 (   0 ,    0.000 , 1440.000 ,        0 ,  598.923 ,  598.923 ,    0.000 ,  598.923 ,  598.923 ,    0.000 ,  841.077 ,    0.000 ,    0.000 ,       13 , 	)

	8 sommets 
	values : ( Cost : 256.559 , TRT : 291.083 , TWT :  82.181 , TD : 326.259 )
	violations : ( VC :       0 , VTW :   0.000 , VTD :   0.000 , VTRT :   0.000 )
	cout global : (   0.000	 )
S(i)	 (   C ,     TW0 ,       TW1 ,       VTW ,       Min ,       A ,       W ,       B ,       D ,       L ,       F ,       E ,       Det ,       [Imp ,       Imp]	)
   0 	 (   0 ,    0.000 , 1440.000 ,        0 ,    0.000 ,  946.285 ,    0.000 ,  946.285 ,  946.285 ,    0.000 ,    0.000 ,  946.285 ,    0.000 ,        0 , 	)
  66 	 (   1 ,  720.000 ,  960.000 ,        0 ,   13.715 ,  960.000 ,    0.000 ,  960.000 ,  961.000 ,    0.000 ,    0.000 ,  240.000 ,   -1.741 ,        1 , 	)
  75 	 (   4 ,  976.000 , 1200.000 ,        0 ,  733.671 ,  973.671 ,   64.535 , 1038.205 , 1041.205 ,    0.000 ,    0.000 ,   62.205 ,    1.226 ,        2 , 	)
  91 	 (   8 ,  960.000 , 1140.000 ,        0 ,  995.331 , 1057.536 ,    0.000 , 1057.536 , 1061.536 ,    0.000 ,    0.000 ,   62.205 ,   -0.562 ,        3 , 	)
 202 	 (   4 , 1046.000 , 1286.000 ,        0 , 1055.795 , 1118.000 ,    0.000 , 1118.000 , 1122.000 ,   56.464 ,    0.000 ,   62.205 ,    0.000 ,        4 , 	)
 177 	 (   3 ,  882.000 , 1122.000 ,        0 , 1059.795 , 1122.000 ,    0.000 , 1122.000 , 1123.000 ,  161.000 ,   -0.000 ,   62.205 ,    0.000 ,        5 , 	)
 186 	 (   0 , 1150.000 , 1270.000 ,        0 , 1070.148 , 1132.353 ,   17.647 , 1150.000 , 1153.000 ,  108.795 ,   62.205 ,    0.000 ,    0.221 ,        6 , 	)
 223 	 (   0 ,    0.000 , 1440.000 ,        0 , 1237.368 , 1237.368 ,    0.000 , 1237.368 , 1237.368 ,    0.000 ,  202.632 ,    0.000 ,    0.000 ,        7 , 	)

	22 sommets 
	values : ( Cost : 480.055 , TRT : 421.786 , TWT :  12.842 , TD : 546.026 )
	violations : ( VC :       0 , VTW :   0.000 , VTD :   0.000 , VTRT :   0.000 )
	cout global : (   0.000	 )
S(i)	 (   C ,     TW0 ,       TW1 ,       VTW ,       Min ,       A ,       W ,       B ,       D ,       L ,       F ,       E ,       Det ,       [Imp ,       Imp]	)
   0 	 (   0 ,    0.000 , 1440.000 ,        0 ,    0.000 ,  619.477 ,    0.000 ,  619.477 ,  619.477 ,    0.000 ,    0.000 ,  619.477 ,    0.000 ,        0 , 	)
  52 	 (   4 ,  480.000 ,  720.000 ,        0 ,    7.132 ,  626.609 ,    0.000 ,  626.609 ,  630.609 ,    0.000 ,    0.000 ,  146.609 ,    1.996 ,        1 , 	)
  20 	 (   7 ,  480.000 ,  720.000 ,        0 ,  503.477 ,  650.086 ,    0.000 ,  650.086 ,  653.086 ,    0.000 ,    0.000 ,  146.609 ,    1.864 ,        2 , 	)
 163 	 (   3 ,  562.000 ,  802.000 ,        0 ,  528.241 ,  674.850 ,    0.000 ,  674.850 ,  678.850 ,   44.241 ,    0.000 ,  112.850 ,    0.434 ,        3 , 	)
   9 	 (   4 ,  600.000 ,  720.000 ,        0 ,  575.964 ,  688.814 ,    0.000 ,  688.814 ,  689.814 ,    0.000 ,    0.000 ,   88.814 ,    0.532 ,        4 , 	)
  92 	 (   5 ,  540.000 ,  720.000 ,        0 ,  604.096 ,  692.910 ,    0.000 ,  692.910 ,  693.910 ,    0.000 ,    0.000 ,   88.814 ,    0.000 ,        5 , 	)
 131 	 (   2 ,  552.000 ,  792.000 ,        0 ,  605.096 ,  693.910 ,    0.000 ,  693.910 ,  696.910 ,   40.823 ,    0.000 ,   88.814 ,    0.000 ,        6 , 	)
  53 	 (   4 ,  480.000 ,  720.000 ,        0 ,  631.186 ,  720.000 ,    0.000 ,  720.000 ,  722.000 ,    0.000 ,    0.000 ,   88.814 ,   25.707 ,        7 , 	)
 164 	 (   2 ,  539.000 ,  779.000 ,        0 ,  662.043 ,  750.856 ,    0.000 ,  750.856 ,  752.856 ,   28.856 ,   13.882 ,   88.814 ,   -0.115 ,        8 , 	)
 203 	 (   1 ,  673.000 ,  853.000 ,        0 ,  679.178 ,  767.992 ,    0.000 ,  767.992 ,  768.992 ,   74.082 ,   13.882 ,   88.814 ,   -0.220 ,        9 , 	)
 120 	 (   0 ,  652.888 ,  860.000 ,        0 ,  690.049 ,  778.862 ,    0.000 ,  778.862 ,  779.862 ,   89.049 ,   13.882 ,   88.814 ,    3.241 ,       10 , 	)
 110 	 (   1 ,  720.000 ,  960.000 ,        0 ,  717.843 ,  806.656 ,   12.842 ,  819.498 ,  820.498 ,    0.000 ,    1.040 ,   99.498 ,    0.440 ,       11 , 	)
  41 	 (   4 ,  739.000 ,  947.956 ,        0 ,  725.163 ,  824.662 ,    0.000 ,  824.662 ,  827.662 ,    0.000 ,    1.040 ,   85.662 ,   -0.711 ,       12 , 	)
 152 	 (   1 ,  800.000 ,  980.000 ,        0 ,  771.044 ,  856.706 ,    0.000 ,  856.706 ,  859.706 ,   29.044 ,    1.040 ,   56.706 ,    0.670 ,       13 , 	)
  38 	 (   3 ,  780.000 ,  960.000 ,        0 ,  822.763 ,  879.469 ,    0.000 ,  879.469 ,  881.469 ,    0.000 ,    1.040 ,   56.706 ,   -0.048 ,       14 , 	)
 221 	 (   2 ,  883.000 , 1063.000 ,        0 ,  826.294 ,  883.000 ,    0.000 ,  883.000 ,  884.000 ,   62.502 ,    1.040 ,    0.000 ,    3.023 ,       15 , 	)
  14 	 (   5 ,  720.000 ,  900.000 ,        0 ,  898.960 ,  898.960 ,    0.000 ,  898.960 ,  901.960 ,    0.000 ,    1.040 ,    0.000 ,   19.714 ,       16 , 	)
 125 	 (   2 ,  838.000 , 1018.000 ,        0 ,  936.692 ,  936.692 ,    0.000 ,  936.692 ,  939.692 ,   34.732 ,    6.875 ,    0.000 ,    6.153 ,       17 , 	)
  12 	 (   6 ,  780.000 ,  960.000 ,        0 ,  953.125 ,  953.125 ,    0.000 ,  953.125 ,  957.125 ,    0.000 ,    6.875 ,    0.000 ,    3.189 ,       18 , 	)
 149 	 (   4 ,  860.000 , 1100.000 ,        0 ,  971.379 ,  971.379 ,    0.000 ,  971.379 ,  973.379 ,   89.910 ,   17.214 ,    0.000 ,   24.525 ,       19 , 	)
 123 	 (   0 ,  810.262 , 1034.000 ,        0 , 1009.911 , 1009.911 ,    0.000 , 1009.911 , 1013.911 ,   52.786 ,   17.214 ,    0.000 ,    2.048 ,       20 , 	)
 223 	 (   0 ,    0.000 , 1440.000 ,        0 , 1041.262 , 1041.262 ,    0.000 , 1041.262 , 1041.262 ,    0.000 ,  398.738 ,   -0.000 ,    0.000 ,       21 , 	)

	18 sommets 
	values : ( Cost : 384.345 , TRT : 362.487 , TWT :  45.506 , TD : 638.106 )
	violations : ( VC :       0 , VTW :   0.000 , VTD :   0.000 , VTRT :   0.000 )
	cout global : (   0.000	 )
S(i)	 (   C ,     TW0 ,       TW1 ,       VTW ,       Min ,       A ,       W ,       B ,       D ,       L ,       F ,       E ,       Det ,       [Imp ,       Imp]	)
   0 	 (   0 ,    0.000 , 1440.000 ,        0 ,    0.000 ,  787.562 ,    0.000 ,  787.562 ,  787.562 ,    0.000 ,    0.000 ,  787.562 ,    0.000 ,        0 , 	)
  16 	 (   1 ,  737.000 ,  946.062 ,        0 ,    4.107 ,  791.669 ,    0.000 ,  791.669 ,  792.669 ,    0.000 ,    0.000 ,   54.669 ,    2.538 ,        1 , 	)
 111 	 (   3 ,  780.000 ,  960.000 ,        0 ,  747.778 ,  802.447 ,    0.000 ,  802.447 ,  804.447 ,    0.000 ,    0.000 ,   22.447 ,    0.020 ,        2 , 	)
 127 	 (   2 ,  784.000 ,  964.000 ,        0 ,  789.180 ,  811.628 ,    0.000 ,  811.628 ,  812.628 ,   18.959 ,    0.000 ,   22.447 ,    0.059 ,        3 , 	)
  82 	 (   3 ,  760.000 ,  927.143 ,        0 ,  799.059 ,  821.506 ,    0.000 ,  821.506 ,  822.506 ,    0.000 ,    0.000 ,   22.447 ,    1.709 ,        4 , 	)
 193 	 (   2 ,  836.000 ,  956.000 ,        0 ,  827.916 ,  850.363 ,    0.000 ,  850.363 ,  851.363 ,   27.857 ,    0.000 ,   14.363 ,    0.198 ,        5 , 	)
 222 	 (   0 ,  833.000 , 1071.000 ,        0 ,  840.455 ,  854.818 ,    0.000 ,  854.818 ,  856.818 ,   50.371 ,    0.000 ,   14.363 ,   -0.001 ,        6 , 	)
  11 	 (   2 ,  720.000 ,  960.000 ,        0 ,  864.117 ,  878.480 ,    0.000 ,  878.480 ,  880.480 ,    0.000 ,    0.000 ,   14.363 ,    0.000 ,        7 , 	)
   3 	 (   4 ,  780.000 ,  900.000 ,        0 ,  866.117 ,  880.480 ,    0.000 ,  880.480 ,  882.480 ,    0.000 ,    0.000 ,   14.363 ,    0.000 ,        8 , 	)
  90 	 (   7 ,  840.000 ,  900.000 ,        0 ,  885.637 ,  900.000 ,    0.000 ,  900.000 ,  903.000 ,    0.000 ,    0.000 ,   14.363 ,   15.471 ,        9 , 	)
  63 	 (   8 ,  720.000 ,  960.000 ,        0 ,  901.197 ,  915.560 ,    4.216 ,  919.776 ,  920.776 ,    0.000 ,    0.000 ,   18.579 ,    1.068 ,       10 , 	)
 201 	 (   5 ,  883.730 , 1012.000 ,        0 ,  931.435 ,  950.014 ,    0.000 ,  950.014 ,  953.014 ,   47.014 ,    0.000 ,   18.579 ,    9.974 ,       11 , 	)
  35 	 (   7 ,  960.000 , 1200.000 ,        0 ,  962.512 ,  981.091 ,    0.000 ,  981.091 ,  983.091 ,    0.000 ,    0.000 ,   18.579 ,   38.706 ,       12 , 	)
 174 	 (   6 ,  858.000 , 1038.000 ,        0 ,  995.390 , 1013.969 ,    0.000 , 1013.969 , 1014.969 ,   93.193 ,    0.000 ,   18.579 ,   -1.305 ,       13 , 	)
 122 	 (   4 ,  837.000 , 1077.000 ,        0 , 1005.705 , 1024.283 ,    0.000 , 1024.283 , 1026.283 ,  143.804 ,    0.000 ,   18.579 ,    4.980 ,       14 , 	)
 114 	 (   2 ,  865.000 , 1045.000 ,        0 , 1015.901 , 1034.480 ,    0.000 , 1034.480 , 1036.480 ,  152.000 ,    0.000 ,   18.579 ,    1.975 ,       15 , 	)
 146 	 (   0 , 1088.000 , 1268.000 ,        0 , 1028.131 , 1046.710 ,   41.290 , 1088.000 , 1090.000 ,  104.909 ,   25.091 ,    0.000 ,   18.751 ,       16 , 	)
 223 	 (   0 ,    0.000 , 1440.000 ,        0 , 1150.050 , 1150.050 ,    0.000 , 1150.050 , 1150.050 ,    0.000 ,  289.950 ,    0.000 ,    0.000 ,       17 , 	)

	20 sommets 
	values : ( Cost : 285.915 , TRT : 293.431 , TWT :  32.457 , TD : 408.615 )
	violations : ( VC :       0 , VTW :   0.000 , VTD :   0.000 , VTRT :   0.000 )
	cout global : (   0.000	 )
S(i)	 (   C ,     TW0 ,       TW1 ,       VTW ,       Min ,       A ,       W ,       B ,       D ,       L ,       F ,       E ,       Det ,       [Imp ,       Imp]	)
   0 	 (   0 ,    0.000 , 1440.000 ,        0 ,    0.000 ,  670.747 ,    0.000 ,  670.747 ,  670.747 ,    0.000 ,    0.000 ,  670.747 ,    0.000 ,        0 , 	)
  22 	 (   1 ,  480.000 ,  720.000 ,        0 ,   28.042 ,  698.789 ,    0.000 ,  698.789 ,  699.789 ,    0.000 ,    0.000 ,  218.789 ,   11.117 ,        1 , 	)
 109 	 (   5 ,  600.000 ,  720.000 ,        0 ,  501.211 ,  720.000 ,    0.000 ,  720.000 ,  724.000 ,    0.000 ,    0.000 ,  120.000 ,    0.159 ,        2 , 	)
  28 	 (   8 ,  730.000 ,  958.401 ,        0 ,  611.668 ,  731.668 ,   32.457 ,  764.126 ,  767.126 ,    0.000 ,    2.505 ,   34.126 ,    1.009 ,        3 , 	)
 133 	 (   7 ,  535.000 ,  775.000 ,        0 ,  737.159 ,  771.284 ,    0.000 ,  771.284 ,  772.284 ,   71.495 ,    2.505 ,   34.126 ,  -13.825 ,        4 , 	)
 220 	 (   3 ,  636.368 ,  811.000 ,        0 ,  760.371 ,  794.497 ,    0.000 ,  794.497 ,  798.497 ,   70.497 ,   16.503 ,   34.126 ,    0.000 ,        5 , 	)
   6 	 (   6 ,  720.000 ,  960.000 ,        0 ,  764.371 ,  798.497 ,    0.000 ,  798.497 ,  801.497 ,    0.000 ,   23.067 ,   34.126 ,    0.000 ,        6 , 	)
 139 	 (   3 ,  810.000 ,  990.000 ,        0 ,  775.874 ,  810.000 ,    0.000 ,  810.000 ,  813.000 ,   42.874 ,   23.067 ,    0.000 ,    2.874 ,        7 , 	)
 117 	 (   0 ,  775.000 , 1015.000 ,        0 ,  833.947 ,  833.947 ,    0.000 ,  833.947 ,  836.947 ,   32.450 ,   23.067 ,    0.000 ,    0.000 ,        8 , 	)
  57 	 (   2 ,  797.000 ,  883.471 ,        0 ,  836.947 ,  836.947 ,    0.000 ,  836.947 ,  838.947 ,    0.000 ,   23.067 ,    0.000 ,    0.000 ,        9 , 	)
  96 	 (   3 ,  720.000 ,  900.000 ,        0 ,  847.476 ,  847.476 ,    0.000 ,  847.476 ,  848.476 ,    0.000 ,   23.067 ,    0.000 ,    0.000 ,       10 , 	)
 168 	 (   1 ,  834.000 ,  894.000 ,        0 ,  848.476 ,  848.476 ,    0.000 ,  848.476 ,  850.476 ,    9.529 ,   20.714 ,    0.000 ,    0.000 ,       11 , 	)
  44 	 (   5 ,  840.000 ,  900.000 ,        0 ,  863.908 ,  863.908 ,    0.000 ,  863.908 ,  867.908 ,    0.000 ,   20.714 ,    0.000 ,    6.373 ,       12 , 	)
  26 	 (   6 ,  780.000 ,  900.000 ,        0 ,  876.933 ,  876.933 ,    0.000 ,  876.933 ,  877.933 ,    0.000 ,   20.714 ,    0.000 ,   -0.571 ,       13 , 	)
 155 	 (   2 ,  872.720 ,  962.000 ,        0 ,  897.056 ,  897.056 ,    0.000 ,  897.056 ,  901.056 ,   29.149 ,   16.807 ,    0.000 ,    0.000 ,       14 , 	)
  70 	 (   6 ,  817.000 ,  930.808 ,        0 ,  901.056 ,  901.056 ,    0.000 ,  901.056 ,  905.056 ,    0.000 ,   16.807 ,    0.000 ,    0.000 ,       15 , 	)
 207 	 (   5 ,  757.000 ,  991.000 ,        0 ,  917.762 ,  917.762 ,    0.000 ,  917.762 ,  918.762 ,   69.286 ,   16.807 ,    0.000 ,   -0.110 ,       16 , 	)
 137 	 (   4 ,  804.289 ,  963.000 ,        0 ,  923.126 ,  923.126 ,    0.000 ,  923.126 ,  924.126 ,   45.193 ,   16.807 ,    0.000 ,    0.171 ,       17 , 	)
 181 	 (   0 ,  907.000 ,  967.000 ,        0 ,  943.198 ,  943.198 ,    0.000 ,  943.198 ,  947.198 ,   38.141 ,   23.802 ,    0.000 ,    4.134 ,       18 , 	)
 223 	 (   0 ,    0.000 , 1440.000 ,        0 ,  964.178 ,  964.178 ,    0.000 ,  964.178 ,  964.178 ,    0.000 ,  475.822 ,    0.000 ,    0.000 ,       19 , 	)

	16 sommets 
	values : ( Cost : 323.320 , TRT : 424.550 , TWT : 143.452 , TD : 457.129 )
	violations : ( VC :       0 , VTW :   0.000 , VTD :   0.000 , VTRT :   0.000 )
	cout global : (   0.000	 )
S(i)	 (   C ,     TW0 ,       TW1 ,       VTW ,       Min ,       A ,       W ,       B ,       D ,       L ,       F ,       E ,       Det ,       [Imp ,       Imp]	)
   0 	 (   0 ,    0.000 , 1440.000 ,        0 ,    0.000 ,  274.733 ,    0.000 ,  274.733 ,  274.733 ,    0.000 ,    0.000 ,  274.733 ,    0.000 ,        0 , 	)
   5 	 (   3 ,  240.000 ,  420.000 ,        0 ,   41.871 ,  316.605 ,    0.000 ,  316.605 ,  319.605 ,    0.000 ,    0.000 ,   76.604 ,   -6.380 ,        1 , 	)
  29 	 (   5 ,  247.000 ,  480.000 ,        0 ,  265.277 ,  341.882 ,    0.000 ,  341.882 ,  343.882 ,    0.000 ,    0.000 ,   76.604 ,   11.582 ,        2 , 	)
 116 	 (   2 ,  323.000 ,  503.000 ,        0 ,  280.880 ,  357.485 ,    0.000 ,  357.485 ,  360.485 ,   37.880 ,    0.000 ,   34.485 ,    0.534 ,        3 , 	)
  40 	 (   4 ,  275.000 ,  455.640 ,        0 ,  329.432 ,  363.917 ,    0.000 ,  363.917 ,  365.917 ,    0.000 ,    0.000 ,   34.485 ,    6.034 ,        4 , 	)
  64 	 (   7 ,  306.000 ,  423.653 ,        0 ,  336.389 ,  370.874 ,    0.000 ,  370.874 ,  373.874 ,    0.000 ,    0.000 ,   34.485 ,    3.784 ,        5 , 	)
 140 	 (   5 ,  335.000 ,  515.000 ,        0 ,  364.371 ,  398.856 ,    0.000 ,  398.856 ,  400.856 ,   54.974 ,    0.000 ,   34.485 ,   -0.453 ,        6 , 	)
 175 	 (   2 ,  401.000 ,  461.000 ,        0 ,  375.283 ,  409.768 ,    0.000 ,  409.768 ,  412.768 ,   35.894 ,    0.000 ,    8.768 ,   -0.085 ,        7 , 	)
 151 	 (   0 ,  374.000 ,  494.000 ,        0 ,  407.344 ,  416.112 ,    0.000 ,  416.112 ,  418.112 ,   50.195 ,    0.000 ,    8.768 ,    3.820 ,        8 , 	)
  99 	 (   4 ,  420.000 ,  480.000 ,        0 ,  424.498 ,  433.266 ,    0.000 ,  433.266 ,  437.266 ,    0.000 ,    0.000 ,    8.768 ,   19.474 ,        9 , 	)
 210 	 (   0 ,  459.145 ,  578.000 ,        0 ,  463.643 ,  472.411 ,    0.000 ,  472.411 ,  476.411 ,   35.145 ,    0.000 ,    8.768 ,    1.309 ,       10 , 	)
  33 	 (   4 ,  240.000 ,  480.000 ,        0 ,  471.232 ,  480.000 ,    0.000 ,  480.000 ,  484.000 ,    0.000 ,   -0.000 ,    8.768 ,    3.458 ,       11 , 	)
  69 	 (   5 ,  480.000 ,  720.000 ,        0 ,  483.361 ,  492.129 ,   48.831 ,  540.960 ,  541.960 ,    0.000 ,    0.000 ,   57.599 ,   -1.841 ,       12 , 	)
 144 	 (   1 ,  341.000 ,  581.000 ,        0 ,  523.401 ,  581.000 ,    0.000 ,  581.000 ,  585.000 ,   97.000 ,    0.000 ,   57.599 ,    3.002 ,       13 , 	)
 180 	 (   0 ,  688.000 ,  808.000 ,        0 ,  535.780 ,  593.379 ,   94.621 ,  688.000 ,  689.000 ,  146.040 ,   90.960 ,    0.000 ,    1.681 ,       14 , 	)
 223 	 (   0 ,    0.000 , 1440.000 ,        0 ,  699.283 ,  699.283 ,    0.000 ,  699.283 ,  699.283 ,    0.000 ,  740.717 ,    0.000 ,    0.000 ,       15 , 	)

	20 sommets 
	values : ( Cost : 299.525 , TRT : 461.098 , TWT : 199.891 , TD : 540.891 )
	violations : ( VC :       0 , VTW :   0.000 , VTD :   0.000 , VTRT :   0.000 )
	cout global : (   0.000	 )
S(i)	 (   C ,     TW0 ,       TW1 ,       VTW ,       Min ,       A ,       W ,       B ,       D ,       L ,       F ,       E ,       Det ,       [Imp ,       Imp]	)
   0 	 (   0 ,    0.000 , 1440.000 ,        0 ,    0.000 ,  285.159 ,    0.000 ,  285.159 ,  285.159 ,    0.000 ,    0.000 ,  285.159 ,    0.000 ,        0 , 	)
  78 	 (   2 ,  240.000 ,  480.000 ,        0 ,   26.445 ,  311.605 ,    0.000 ,  311.605 ,  313.605 ,    0.000 ,    0.000 ,   71.605 ,    3.571 ,        1 , 	)
  88 	 (   4 ,  300.000 ,  420.000 ,        0 ,  251.586 ,  323.191 ,    0.000 ,  323.191 ,  325.191 ,    0.000 ,    0.000 ,   23.191 ,    8.632 ,        2 , 	)
  32 	 (   6 ,  240.000 ,  480.000 ,        0 ,  319.220 ,  342.411 ,    0.000 ,  342.411 ,  344.411 ,    0.000 ,    0.000 ,   23.191 ,    5.385 ,        3 , 	)
  15 	 (   8 ,  300.000 ,  360.000 ,        0 ,  327.499 ,  350.690 ,    0.000 ,  350.690 ,  352.690 ,    0.000 ,    0.000 ,   23.191 ,    1.590 ,        4 , 	)
 189 	 (   6 ,  300.000 ,  540.000 ,        0 ,  341.859 ,  365.050 ,    0.000 ,  365.050 ,  367.050 ,   51.445 ,    0.000 ,   23.191 ,    6.050 ,        5 , 	)
  25 	 (   7 ,  240.000 ,  420.000 ,        0 ,  347.314 ,  370.505 ,    0.000 ,  370.505 ,  371.505 ,    0.000 ,    0.000 ,   23.191 ,    0.197 ,        6 , 	)
 126 	 (   5 ,  337.958 ,  458.000 ,        0 ,  379.199 ,  402.389 ,    0.000 ,  402.389 ,  404.389 ,   49.699 ,    0.000 ,   23.191 ,   -3.283 ,        7 , 	)
 136 	 (   4 ,  307.000 ,  547.000 ,        0 ,  395.809 ,  419.000 ,    0.000 ,  419.000 ,  420.000 ,   47.495 ,    0.000 ,   23.191 ,    0.000 ,        8 , 	)
   4 	 (   8 ,  240.000 ,  420.000 ,        0 ,  396.809 ,  420.000 ,    0.000 ,  420.000 ,  424.000 ,    0.000 ,   -0.000 ,   23.191 ,    0.000 ,        9 , 	)
 199 	 (   6 ,  383.000 ,  563.000 ,        0 ,  404.972 ,  428.163 ,    0.000 ,  428.163 ,  430.163 ,  102.972 ,   20.173 ,   23.191 ,   -0.000 ,       10 , 	)
 143 	 (   4 ,  426.000 ,  606.000 ,        0 ,  409.416 ,  432.607 ,    0.000 ,  432.607 ,  434.607 ,   88.196 ,   20.173 ,    6.607 ,   -0.416 ,       11 , 	)
  72 	 (   7 ,  240.000 ,  480.000 ,        0 ,  438.070 ,  444.677 ,   20.173 ,  464.850 ,  467.850 ,    0.000 ,    0.000 ,   26.780 ,   -5.555 ,       12 , 	)
   2 	 (   8 ,  240.000 ,  480.000 ,        0 ,  453.220 ,  480.000 ,    0.000 ,  480.000 ,  481.000 ,    0.000 ,    0.000 ,   26.780 ,    2.717 ,       13 , 	)
 115 	 (   4 ,  354.000 ,  594.000 ,        0 ,  478.461 ,  505.241 ,    0.000 ,  505.241 ,  509.241 ,   81.241 ,   19.992 ,   26.780 ,    3.436 ,       14 , 	)
 183 	 (   1 ,  321.000 ,  561.000 ,        0 ,  496.955 ,  523.735 ,    0.000 ,  523.735 ,  526.735 ,   55.885 ,   19.992 ,   26.780 ,    5.511 ,       15 , 	)
 113 	 (   0 ,  314.000 ,  554.000 ,        0 ,  507.228 ,  534.008 ,    0.000 ,  534.008 ,  535.008 ,   53.008 ,   19.992 ,   26.780 ,    2.238 ,       16 , 	)
  74 	 (   1 ,  720.000 ,  840.000 ,        0 ,  513.502 ,  540.282 ,  179.718 ,  720.000 ,  721.000 ,    0.000 ,  120.000 ,    0.000 ,    2.253 ,       17 , 	)
 185 	 (   0 ,  731.950 ,  871.000 ,        0 ,  731.950 ,  731.950 ,    0.000 ,  731.950 ,  732.950 ,   10.950 ,   19.050 ,    0.000 ,    5.729 ,       18 , 	)
 223 	 (   0 ,    0.000 , 1440.000 ,        0 ,  746.257 ,  746.257 ,    0.000 ,  746.257 ,  746.257 ,    0.000 ,  693.743 ,    0.000 ,    0.000 ,       19 , 	)

	18 sommets 
	values : ( Cost : 388.675 , TRT : 443.773 , TWT : 109.536 , TD : 406.474 )
	violations : ( VC :       0 , VTW :   0.000 , VTD :   0.000 , VTRT :   0.000 )
	cout global : (   0.000	 )
S(i)	 (   C ,     TW0 ,       TW1 ,       VTW ,       Min ,       A ,       W ,       B ,       D ,       L ,       F ,       E ,       Det ,       [Imp ,       Imp]	)
   0 	 (   0 ,    0.000 , 1440.000 ,        0 ,    0.000 ,  800.832 ,    0.000 ,  800.832 ,  800.832 ,    0.000 ,    0.000 ,  800.832 ,    0.000 ,        0 , 	)
 107 	 (   3 ,  756.000 ,  932.198 ,        0 ,   18.519 ,  819.351 ,    0.000 ,  819.351 ,  822.351 ,    0.000 ,    0.000 ,   63.351 ,   -1.646 ,        1 , 	)
  65 	 (   7 ,  720.000 ,  960.000 ,        0 ,  766.962 ,  830.313 ,    0.000 ,  830.313 ,  834.313 ,    0.000 ,    0.000 ,   63.351 ,    6.120 ,        2 , 	)
  34 	 (   8 ,  840.000 ,  960.000 ,        0 ,  779.293 ,  842.644 ,    0.000 ,  842.644 ,  843.644 ,    0.000 ,    0.000 ,    2.644 ,    1.911 ,        3 , 	)
 145 	 (   7 ,  848.889 ,  982.000 ,        0 ,  848.889 ,  851.534 ,    0.000 ,  851.534 ,  852.534 ,    7.889 ,    0.000 ,    2.644 ,    0.268 ,        4 , 	)
  55 	 (   8 ,  720.000 ,  900.000 ,        0 ,  854.017 ,  856.661 ,    0.000 ,  856.661 ,  857.661 ,    0.000 ,    0.000 ,    2.644 ,    6.288 ,        5 , 	)
 166 	 (   7 ,  747.000 ,  927.000 ,        0 ,  868.277 ,  870.922 ,    0.000 ,  870.922 ,  871.922 ,   13.261 ,    0.000 ,    2.644 ,    4.980 ,        6 , 	)
 218 	 (   4 ,  849.000 ,  969.000 ,        0 ,  886.144 ,  888.788 ,    0.000 ,  888.788 ,  891.788 ,   66.437 ,    0.000 ,    2.644 ,    8.658 ,        7 , 	)
  13 	 (   5 ,  840.000 ,  900.000 ,        0 ,  897.356 ,  900.000 ,    0.000 ,  900.000 ,  901.000 ,    0.000 ,    0.000 ,    2.644 ,    6.996 ,        8 , 	)
 176 	 (   1 ,  846.000 , 1086.000 ,        0 ,  929.015 ,  931.659 ,    0.000 ,  931.659 ,  935.659 ,   97.347 ,   75.141 ,    2.644 ,    6.644 ,        9 , 	)
 124 	 (   0 ,  892.216 , 1038.000 ,        0 ,  960.215 ,  962.859 ,    0.000 ,  962.859 ,  963.859 ,   61.859 ,   75.141 ,    2.644 ,    5.347 ,       10 , 	)
  45 	 (   3 , 1080.000 , 1140.000 ,        0 ,  967.820 ,  970.464 ,  109.536 , 1080.000 , 1083.000 ,    0.000 ,   32.023 ,    0.000 ,   -0.000 ,       11 , 	)
  59 	 (   7 ,  960.000 , 1200.000 ,        0 , 1117.113 , 1117.113 ,    0.000 , 1117.113 , 1121.113 ,    0.000 ,   32.023 ,    0.000 ,   19.511 ,       12 , 	)
 156 	 (   4 , 1132.695 , 1276.000 ,        0 , 1156.205 , 1156.205 ,    0.000 , 1156.205 , 1159.205 ,   73.205 ,   32.023 ,   -0.000 ,    0.005 ,       13 , 	)
 103 	 (   8 , 1080.000 , 1200.000 ,        0 , 1167.977 , 1167.977 ,    0.000 , 1167.977 , 1171.977 ,    0.000 ,   32.023 ,   -0.000 ,    2.981 ,       14 , 	)
 214 	 (   4 , 1093.961 , 1231.000 ,        0 , 1181.938 , 1181.938 ,    0.000 , 1181.938 , 1185.938 ,    9.961 ,   17.039 ,   -0.000 ,   12.144 ,       15 , 	)
 170 	 (   0 , 1129.000 , 1369.000 ,        0 , 1197.628 , 1197.628 ,    0.000 , 1197.628 , 1201.628 ,   76.515 ,  171.372 ,   -0.000 ,    9.047 ,       16 , 	)
 223 	 (   0 ,    0.000 , 1440.000 ,        0 , 1244.605 , 1244.605 ,    0.000 , 1244.605 , 1244.605 ,    0.000 ,  195.395 ,   -0.000 ,    0.000 ,       17 , 	)

	32 sommets 
	values : ( Cost : 498.834 , TRT : 467.176 , TWT :  34.113 , TD : 909.266 )
	violations : ( VC :       0 , VTW :   0.000 , VTD :   0.000 , VTRT :   0.000 )
	cout global : (   0.000	 )
S(i)	 (   C ,     TW0 ,       TW1 ,       VTW ,       Min ,       A ,       W ,       B ,       D ,       L ,       F ,       E ,       Det ,       [Imp ,       Imp]	)
   0 	 (   0 ,    0.000 , 1440.000 ,        0 ,    0.000 ,  524.228 ,    0.000 ,  524.228 ,  524.228 ,    0.000 ,    0.000 ,  524.228 ,    0.000 ,        0 , 	)
  77 	 (   4 ,  480.000 ,  540.000 ,        0 ,    4.107 ,  528.335 ,    0.000 ,  528.335 ,  532.335 ,    0.000 ,    0.000 ,   48.335 ,    6.559 ,        1 , 	)
  73 	 (   5 ,  480.000 ,  660.000 ,        0 ,  530.948 ,  579.283 ,    0.000 ,  579.283 ,  580.283 ,    0.000 ,    0.000 ,   48.335 ,   10.743 ,        2 , 	)
 104 	 (   7 ,  540.000 ,  720.000 ,        0 ,  543.196 ,  591.531 ,    0.000 ,  591.531 ,  593.531 ,    0.000 ,    0.000 ,   48.335 ,   -1.541 ,        3 , 	)
  31 	 (   8 ,  480.000 ,  720.000 ,        0 ,  551.992 ,  600.327 ,    0.000 ,  600.327 ,  601.327 ,    0.000 ,    0.000 ,   48.335 ,    0.047 ,        4 , 	)
 184 	 (   7 ,  542.000 ,  722.000 ,        0 ,  566.183 ,  614.518 ,    0.000 ,  614.518 ,  615.518 ,   34.235 ,    0.000 ,   48.335 ,   14.002 ,        5 , 	)
 188 	 (   3 ,  537.190 ,  686.000 ,        0 ,  579.843 ,  628.177 ,    0.000 ,  628.177 ,  632.177 ,   95.843 ,    0.000 ,   48.335 ,  -11.453 ,        6 , 	)
  23 	 (   7 ,  540.000 ,  720.000 ,        0 ,  621.662 ,  669.997 ,    0.000 ,  669.997 ,  673.997 ,    0.000 ,    0.000 ,   48.335 ,    2.791 ,        7 , 	)
 142 	 (   6 ,  609.000 ,  789.000 ,        0 ,  629.226 ,  677.560 ,    0.000 ,  677.560 ,  678.560 ,   76.233 ,    0.000 ,   48.335 ,    1.588 ,        8 , 	)
  30 	 (   8 ,  486.000 ,  720.000 ,        0 ,  643.388 ,  691.723 ,    0.000 ,  691.723 ,  693.723 ,    0.000 ,    0.000 ,   48.335 ,   18.476 ,        9 , 	)
 215 	 (   6 ,  608.000 ,  848.000 ,        0 ,  658.204 ,  706.538 ,    0.000 ,  706.538 ,  708.538 ,  113.008 ,    0.000 ,   48.335 ,    2.872 ,       10 , 	)
  84 	 (   7 ,  540.000 ,  720.000 ,        0 ,  671.665 ,  720.000 ,    0.000 ,  720.000 ,  721.000 ,    0.000 ,   -0.000 ,   48.335 ,    0.943 ,       11 , 	)
 134 	 (   3 ,  566.750 ,  785.000 ,        0 ,  680.752 ,  729.086 ,    0.000 ,  729.086 ,  733.086 ,   55.089 ,    5.911 ,   48.335 ,   -0.002 ,       12 , 	)
 141 	 (   1 ,  578.000 ,  758.000 ,        0 ,  690.553 ,  738.888 ,    0.000 ,  738.888 ,  740.888 ,   45.165 ,   11.949 ,   48.335 ,    0.041 ,       13 , 	)
 195 	 (   0 ,  557.755 ,  755.000 ,        0 ,  694.717 ,  743.051 ,    0.000 ,  743.051 ,  744.051 ,   22.051 ,   11.949 ,   48.335 ,    2.049 ,       14 , 	)
  56 	 (   4 ,  780.000 ,  840.000 ,        0 ,  697.553 ,  745.887 ,   34.113 ,  780.000 ,  784.000 ,    0.000 ,   15.379 ,    0.000 ,    3.672 ,       15 , 	)
  71 	 (   6 ,  720.000 ,  960.000 ,        0 ,  785.836 ,  785.836 ,    0.000 ,  785.836 ,  787.836 ,    0.000 ,   15.379 ,    0.000 ,   -0.035 ,       16 , 	)
  93 	 (   7 ,  720.000 ,  900.000 ,        0 ,  796.190 ,  796.190 ,    0.000 ,  796.190 ,  797.190 ,    0.000 ,   15.379 ,    0.000 ,    0.998 ,       17 , 	)
  87 	 (   8 ,  720.000 ,  900.000 ,        0 ,  802.158 ,  802.158 ,    0.000 ,  802.158 ,  803.158 ,    0.000 ,   15.379 ,    0.000 ,    4.076 ,       18 , 	)
 204 	 (   7 ,  754.000 ,  986.000 ,        0 ,  834.117 ,  834.117 ,    0.000 ,  834.117 ,  835.117 ,   36.926 ,   15.379 ,    0.000 ,    1.157 ,       19 , 	)
 198 	 (   6 ,  841.000 ,  961.000 ,        0 ,  850.696 ,  850.696 ,    0.000 ,  850.696 ,  851.696 ,   47.538 ,   15.379 ,    0.000 ,    0.486 ,       20 , 	)
 102 	 (   7 ,  720.000 ,  960.000 ,        0 ,  857.926 ,  857.926 ,    0.000 ,  857.926 ,  858.926 ,    0.000 ,   15.379 ,    0.000 ,    0.000 ,       21 , 	)
  58 	 (   8 ,  780.000 ,  900.000 ,        0 ,  858.926 ,  858.926 ,    0.000 ,  858.926 ,  859.926 ,    0.000 ,   15.379 ,    0.000 ,    0.000 ,       22 , 	)
 167 	 (   4 ,  823.396 ,  949.000 ,        0 ,  864.837 ,  864.837 ,    0.000 ,  864.837 ,  868.837 ,   80.837 ,   15.379 ,    0.000 ,   -0.067 ,       23 , 	)
 182 	 (   2 ,  800.000 , 1040.000 ,        0 ,  869.570 ,  869.570 ,    0.000 ,  869.570 ,  871.570 ,   81.734 ,   15.379 ,    0.000 ,    0.068 ,       24 , 	)
 169 	 (   1 ,  800.994 ,  955.000 ,        0 ,  886.102 ,  886.102 ,    0.000 ,  886.102 ,  887.102 ,   26.176 ,   15.379 ,    0.000 ,   28.223 ,       25 , 	)
  36 	 (   4 ,  720.000 ,  960.000 ,        0 ,  912.618 ,  912.618 ,    0.000 ,  912.618 ,  915.618 ,    0.000 ,   15.379 ,    0.000 ,    1.026 ,       26 , 	)
  94 	 (   5 ,  813.000 ,  938.695 ,        0 ,  921.315 ,  921.315 ,    0.000 ,  921.315 ,  922.315 ,    0.000 ,   15.379 ,    0.000 ,    6.354 ,       27 , 	)
 213 	 (   4 ,  811.000 , 1051.000 ,        0 ,  952.571 ,  952.571 ,    0.000 ,  952.571 ,  953.571 ,   93.646 ,   15.379 ,    0.000 ,    1.001 ,       28 , 	)
 205 	 (   3 ,  919.000 ,  979.000 ,        0 ,  963.621 ,  963.621 ,    0.000 ,  963.621 ,  964.621 ,   41.306 ,   15.379 ,    0.000 ,   -2.107 ,       29 , 	)
 147 	 (   0 ,  828.000 , 1068.000 ,        0 ,  975.096 ,  975.096 ,    0.000 ,  975.096 ,  978.096 ,   59.478 ,   81.522 ,    0.000 ,    2.847 ,       30 , 	)
 223 	 (   0 ,    0.000 , 1440.000 ,        0 ,  991.404 ,  991.404 ,    0.000 ,  991.404 ,  991.404 ,    0.000 ,  448.596 ,    0.000 ,    0.000 ,       31 , 	)

	22 sommets 
	values : ( Cost : 462.257 , TRT : 435.777 , TWT :  44.215 , TD : 445.254 )
	violations : ( VC :       0 , VTW :   0.000 , VTD :   0.000 , VTRT :   0.000 )
	cout global : (   0.000	 )
S(i)	 (   C ,     TW0 ,       TW1 ,       VTW ,       Min ,       A ,       W ,       B ,       D ,       L ,       F ,       E ,       Det ,       [Imp ,       Imp]	)
   0 	 (   0 ,    0.000 , 1440.000 ,        0 ,    0.000 ,  258.786 ,    0.000 ,  258.786 ,  258.786 ,    0.000 ,    0.000 ,  258.786 ,    0.000 ,        0 , 	)
 100 	 (   1 ,  240.000 ,  300.000 ,        0 ,   41.214 ,  300.000 ,    0.000 ,  300.000 ,  301.000 ,    0.000 ,    0.000 ,   60.000 ,    4.625 ,        1 , 	)
 211 	 (   0 ,  269.711 ,  378.000 ,        0 ,  269.711 ,  329.711 ,    0.000 ,  329.711 ,  330.711 ,   28.711 ,   31.572 ,   60.000 ,    8.820 ,        2 , 	)
   1 	 (   2 ,  240.000 ,  420.000 ,        0 ,  275.211 ,  335.211 ,   31.572 ,  366.783 ,  368.783 ,    0.000 ,    0.000 ,   91.572 ,    0.180 ,        3 , 	)
   7 	 (   4 ,  240.000 ,  480.000 ,        0 ,  280.472 ,  372.044 ,    0.000 ,  372.044 ,  374.044 ,    0.000 ,    0.000 ,   91.572 ,    2.331 ,        4 , 	)
 112 	 (   2 ,  298.000 ,  478.000 ,        0 ,  309.802 ,  401.374 ,    0.000 ,  401.374 ,  403.374 ,   32.590 ,    0.000 ,   91.572 ,   12.253 ,        5 , 	)
  98 	 (   3 ,  300.000 ,  480.000 ,        0 ,  324.726 ,  416.298 ,    0.000 ,  416.298 ,  417.298 ,    0.000 ,    0.000 ,   91.572 ,    1.621 ,        6 , 	)
  89 	 (   7 ,  240.000 ,  480.000 ,        0 ,  327.562 ,  419.134 ,    0.000 ,  419.134 ,  423.134 ,    0.000 ,    0.000 ,   91.572 ,    1.654 ,        7 , 	)
  27 	 (   8 ,  246.000 ,  480.000 ,        0 ,  343.420 ,  434.992 ,    0.000 ,  434.992 ,  435.992 ,    0.000 ,    0.000 ,   91.572 ,    2.532 ,        8 , 	)
 209 	 (   7 ,  385.000 ,  565.000 ,        0 ,  378.137 ,  469.709 ,    0.000 ,  469.709 ,  470.709 ,   52.411 ,    0.000 ,   84.709 ,    0.000 ,        9 , 	)
 138 	 (   6 ,  337.000 ,  517.000 ,        0 ,  386.000 ,  470.709 ,    0.000 ,  470.709 ,  471.709 ,   34.717 ,    0.000 ,   84.709 ,    0.000 ,       10 , 	)
 200 	 (   2 ,  328.000 ,  568.000 ,        0 ,  391.291 ,  476.000 ,    0.000 ,  476.000 ,  480.000 ,   52.866 ,    0.000 ,   84.709 ,    0.000 ,       11 , 	)
  49 	 (   6 ,  240.000 ,  480.000 ,        0 ,  395.291 ,  480.000 ,    0.000 ,  480.000 ,  484.000 ,    0.000 ,    0.000 ,   84.709 ,    0.000 ,       12 , 	)
 160 	 (   2 ,  270.000 ,  510.000 ,        0 ,  412.582 ,  497.291 ,    0.000 ,  497.291 ,  501.291 ,   13.291 ,   12.709 ,   84.709 ,   21.352 ,       13 , 	)
 118 	 (   0 ,  478.000 ,  658.000 ,        0 ,  444.664 ,  529.373 ,    0.000 ,  529.373 ,  531.373 ,  155.329 ,   72.643 ,   51.373 ,   27.572 ,       14 , 	)
  68 	 (   1 ,  563.000 ,  636.952 ,        0 ,  512.936 ,  564.309 ,   12.643 ,  576.952 ,  577.952 ,    0.000 ,   60.000 ,   13.952 ,    2.987 ,       15 , 	)
 179 	 (   0 ,  586.000 ,  646.000 ,        0 ,  572.048 ,  586.000 ,    0.000 ,  586.000 ,  587.000 ,    8.048 ,   13.952 ,    0.000 ,    7.786 ,       16 , 	)
  67 	 (   4 ,  480.000 ,  720.000 ,        0 ,  600.432 ,  600.432 ,    0.000 ,  600.432 ,  604.432 ,    0.000 ,   89.306 ,    0.000 ,   12.531 ,       17 , 	)
  50 	 (   6 ,  480.000 ,  720.000 ,        0 ,  630.694 ,  630.694 ,    0.000 ,  630.694 ,  632.694 ,    0.000 ,   53.111 ,    0.000 ,    2.386 ,       18 , 	)
 178 	 (   2 ,  552.000 ,  792.000 ,        0 ,  643.321 ,  643.321 ,    0.000 ,  643.321 ,  647.321 ,   38.889 ,   39.598 ,    0.000 ,   -0.848 ,       19 , 	)
 161 	 (   0 ,  532.000 ,  772.000 ,        0 ,  661.096 ,  661.096 ,    0.000 ,  661.096 ,  663.096 ,   28.402 ,   39.598 ,    0.000 ,   17.847 ,       20 , 	)
 223 	 (   0 ,    0.000 , 1440.000 ,        0 ,  694.562 ,  694.562 ,    0.000 ,  694.562 ,  694.562 ,    0.000 ,  745.438 ,    0.000 ,    0.000 ,       21 , 	)
