6
	VALUE ALL : ( Cost : 2368.336 , TRT : 2324.742 , TWT : 312.038 , TD : 3921.873 )
	VIOLATIONS TOTAL : ( VC :       0 , VTW :   0.000 , VTD :   0.000 , VTRT :   0.000 )
 	COUT_ALL : (   0.002 )  T2B:   50401

	16 sommets 
	values : ( Cost : 299.763 , TRT : 251.386 , TWT :   0.000 , TD : 460.162 )
	violations : ( VC :       0 , VTW :   0.000 , VTD :   0.000 , VTRT :   0.000 )
	cout global : (   0.000	 )
S(i)	 (   C ,     TW0 ,       TW1 ,       VTW ,       Min ,       A ,       W ,       B ,       D ,       L ,       F ,       E ,       Det ,       [Imp ,       Imp]	)
   0 	 (   0 ,    0.000 , 1440.000 ,        0 ,    0.000 ,  291.628 ,    0.000 ,  291.628 ,  291.628 ,    0.000 ,   10.180 ,  291.628 ,    0.000 ,        0 , 	)
  43 	 (   2 ,  240.000 ,  480.000 ,        0 ,   40.319 ,  331.947 ,    0.000 ,  331.947 ,  333.947 ,    0.000 ,   10.180 ,   91.947 ,    0.000 ,        1 , 	)
  38 	 (   4 ,  240.000 ,  480.000 ,        0 ,  242.000 ,  333.947 ,    0.000 ,  333.947 ,  335.947 ,    0.000 ,   10.180 ,   91.947 ,    0.000 ,        2 , 	)
  37 	 (   5 ,  240.000 ,  480.000 ,        0 ,  248.608 ,  340.555 ,    0.000 ,  340.555 ,  341.555 ,    0.000 ,   10.180 ,   91.947 ,    3.889 ,        3 , 	)
  25 	 (   6 ,  240.000 ,  480.000 ,        0 ,  276.477 ,  368.424 ,    0.000 ,  368.424 ,  369.424 ,    0.000 ,   10.180 ,   91.947 ,    2.480 ,        4 , 	)
  89 	 (   5 ,  390.000 ,  630.000 ,        0 ,  298.053 ,  390.000 ,    0.000 ,  390.000 ,  391.000 ,   48.445 ,   10.180 ,    0.000 ,    6.208 ,        5 , 	)
  95 	 (   3 ,  338.000 ,  578.000 ,        0 ,  397.665 ,  397.665 ,    0.000 ,  397.665 ,  399.665 ,   63.719 ,   10.180 ,    0.000 ,    0.785 ,        6 , 	)
  90 	 (   1 ,  359.000 ,  539.000 ,        0 ,  405.670 ,  405.670 ,    0.000 ,  405.670 ,  407.670 ,   69.723 ,   10.180 ,    0.000 ,    7.830 ,        7 , 	)
  45 	 (   2 ,  420.000 ,  480.000 ,        0 ,  447.865 ,  447.865 ,    0.000 ,  447.865 ,  448.865 ,    0.000 ,   10.180 ,    0.000 ,    0.000 ,        8 , 	)
  19 	 (   4 ,  240.000 ,  480.000 ,        0 ,  448.865 ,  448.865 ,    0.000 ,  448.865 ,  450.865 ,    0.000 ,    5.422 ,    0.000 ,    0.000 ,        9 , 	)
  35 	 (   8 ,  240.000 ,  480.000 ,        0 ,  469.820 ,  469.820 ,    0.000 ,  469.820 ,  473.820 ,    0.000 ,    5.422 ,    0.000 ,    0.000 ,       10 , 	)
  71 	 (   6 ,  279.000 ,  519.000 ,        0 ,  473.820 ,  473.820 ,    0.000 ,  473.820 ,  475.820 ,   22.955 ,    5.422 ,    0.000 ,    0.000 ,       11 , 	)
  77 	 (   5 ,  391.000 ,  571.000 ,        0 ,  501.193 ,  501.193 ,    0.000 ,  501.193 ,  502.193 ,  131.769 ,    5.422 ,    0.000 ,    1.246 ,       12 , 	)
  97 	 (   4 ,  445.947 ,  548.000 ,        0 ,  510.443 ,  510.443 ,    0.000 ,  510.443 ,  511.443 ,   61.578 ,    5.422 ,    0.000 ,    2.930 ,       13 , 	)
  87 	 (   0 ,  319.000 ,  559.000 ,        0 ,  535.792 ,  535.792 ,    0.000 ,  535.792 ,  539.792 ,   61.973 ,   23.208 ,    0.000 ,    1.682 ,       14 , 	)
 105 	 (   0 ,    0.000 , 1440.000 ,        0 ,  543.014 ,  543.014 ,    0.000 ,  543.014 ,  543.014 ,    0.000 ,  896.986 ,    0.000 ,    0.000 ,       15 , 	)

	18 sommets 
	values : ( Cost : 422.229 , TRT : 474.116 , TWT : 112.650 , TD : 658.614 )
	violations : ( VC :       0 , VTW :   0.000 , VTD :   0.000 , VTRT :   0.000 )
	cout global : (   0.000	 )
S(i)	 (   C ,     TW0 ,       TW1 ,       VTW ,       Min ,       A ,       W ,       B ,       D ,       L ,       F ,       E ,       Det ,       [Imp ,       Imp]	)
   0 	 (   0 ,    0.000 , 1440.000 ,        0 ,    0.000 ,  652.008 ,    0.000 ,  652.008 ,  652.008 ,    0.000 ,    0.000 ,  652.008 ,    0.000 ,        0 , 	)
  40 	 (   4 ,  480.000 ,  660.000 ,        0 ,    7.992 ,  660.000 ,    0.000 ,  660.000 ,  664.000 ,    0.000 ,    0.000 ,  180.000 ,    5.605 ,        1 , 	)
  92 	 (   0 ,  512.000 ,  692.000 ,        0 ,  498.478 ,  678.478 ,    0.000 ,  678.478 ,  682.478 ,   14.478 ,    8.666 ,  166.478 ,    1.511 ,        2 , 	)
  24 	 (   3 ,  720.000 ,  900.000 ,        0 ,  549.568 ,  716.047 ,    8.666 ,  724.713 ,  727.713 ,    0.000 ,    0.000 ,    4.713 ,   43.236 ,        3 , 	)
  12 	 (   5 ,  720.000 ,  900.000 ,        0 ,  752.030 ,  756.743 ,    0.000 ,  756.743 ,  758.743 ,    0.000 ,    0.000 ,    4.713 ,   -4.273 ,        4 , 	)
  44 	 (   8 ,  720.000 ,  960.000 ,        0 ,  769.095 ,  773.808 ,    0.000 ,  773.808 ,  776.808 ,    0.000 ,    0.000 ,    4.713 ,    5.452 ,        5 , 	)
  64 	 (   6 ,  770.000 ,  950.000 ,        0 ,  786.693 ,  791.406 ,    0.000 ,  791.406 ,  793.406 ,   32.663 ,    0.000 ,    4.713 ,    1.808 ,        6 , 	)
  96 	 (   3 ,  798.000 , 1038.000 ,        0 ,  813.535 ,  818.248 ,    0.000 ,  818.248 ,  821.248 ,   41.440 ,    0.000 ,    4.713 ,   24.761 ,        7 , 	)
  76 	 (   0 ,  815.000 , 1055.000 ,        0 ,  835.797 ,  840.510 ,    0.000 ,  840.510 ,  843.510 ,  112.797 ,    0.000 ,    4.713 ,   13.211 ,        8 , 	)
  46 	 (   2 ,  720.000 ,  960.000 ,        0 ,  864.863 ,  869.576 ,    0.000 ,  869.576 ,  871.576 ,    0.000 ,    0.000 ,    4.713 ,    3.589 ,        9 , 	)
  23 	 (   5 ,  720.000 ,  960.000 ,        0 ,  876.438 ,  881.151 ,    0.000 ,  881.151 ,  884.151 ,    0.000 ,    0.000 ,    4.713 ,   -0.002 ,       10 , 	)
   5 	 (   8 ,  780.000 ,  900.000 ,        0 ,  895.287 ,  900.000 ,    0.000 ,  900.000 ,  903.000 ,    0.000 ,   -0.000 ,    4.713 ,    3.218 ,       11 , 	)
  75 	 (   5 ,  873.000 , 1053.000 ,        0 ,  946.250 ,  950.962 ,    0.000 ,  950.962 ,  953.962 ,   66.811 ,   67.280 ,    4.713 ,    5.140 ,       12 , 	)
  51 	 (   7 ,  960.000 , 1200.000 ,        0 ,  958.129 ,  962.841 ,   67.280 , 1030.121 , 1032.121 ,    0.000 ,    0.000 ,   70.121 ,    0.000 ,       13 , 	)
  57 	 (   4 ,  855.000 , 1035.000 ,        0 ,  962.000 , 1032.121 ,    0.000 , 1032.121 , 1035.121 ,  129.121 ,    0.000 ,   70.121 ,    0.000 ,       14 , 	)
  98 	 (   2 ,  985.000 , 1045.000 ,        0 ,  974.879 , 1045.000 ,    0.000 , 1045.000 , 1047.000 ,  173.424 ,   -0.000 ,   60.000 ,   -1.488 ,       15 , 	)
 103 	 (   0 , 1120.000 , 1360.000 ,        0 , 1023.295 , 1083.295 ,   36.705 , 1120.000 , 1122.000 ,   87.879 ,  166.121 ,    0.000 ,    0.100 ,       16 , 	)
 105 	 (   0 ,    0.000 , 1440.000 ,        0 , 1126.123 , 1126.123 ,    0.000 , 1126.123 , 1126.123 ,    0.000 ,  313.877 ,   -0.000 ,    0.000 ,       17 , 	)

	22 sommets 
	values : ( Cost : 463.554 , TRT : 474.406 , TWT :  79.869 , TD : 703.356 )
	violations : ( VC :       0 , VTW :   0.000 , VTD :   0.000 , VTRT :   0.000 )
	cout global : (   0.000	 )
S(i)	 (   C ,     TW0 ,       TW1 ,       VTW ,       Min ,       A ,       W ,       B ,       D ,       L ,       F ,       E ,       Det ,       [Imp ,       Imp]	)
   0 	 (   0 ,    0.000 , 1440.000 ,        0 ,    0.000 ,  673.180 ,    0.000 ,  673.180 ,  673.180 ,    0.000 ,    0.000 ,  673.180 ,    0.000 ,        0 , 	)
  48 	 (   2 ,  540.000 ,  720.000 ,        0 ,   23.511 ,  696.691 ,    0.000 ,  696.691 ,  698.691 ,    0.000 ,    0.000 ,  156.691 ,   13.674 ,        1 , 	)
 100 	 (   0 ,  551.913 ,  749.000 ,        0 ,  551.913 ,  708.604 ,    0.000 ,  708.604 ,  710.604 ,    9.913 ,    0.000 ,  156.691 ,    4.387 ,        2 , 	)
  15 	 (   4 ,  660.000 ,  720.000 ,        0 ,  563.309 ,  720.000 ,    0.000 ,  720.000 ,  724.000 ,    0.000 ,    0.000 ,   60.000 ,   18.727 ,        3 , 	)
  11 	 (   5 ,  720.000 ,  960.000 ,        0 ,  696.737 ,  756.737 ,    9.098 ,  765.835 ,  766.835 ,    0.000 ,    0.000 ,   45.835 ,   15.338 ,        4 , 	)
  17 	 (   7 ,  780.000 ,  960.000 ,        0 ,  736.289 ,  782.124 ,    0.000 ,  782.124 ,  784.124 ,    0.000 ,    0.000 ,    2.124 ,   -0.419 ,        5 , 	)
  63 	 (   6 ,  772.000 , 1012.000 ,        0 ,  792.000 ,  794.124 ,    0.000 ,  794.124 ,  795.124 ,   27.289 ,    0.000 ,    2.124 ,    8.043 ,        6 , 	)
   4 	 (   7 ,  780.000 ,  840.000 ,        0 ,  817.905 ,  820.029 ,    0.000 ,  820.029 ,  821.029 ,    0.000 ,    0.000 ,    2.124 ,    1.544 ,        7 , 	)
   3 	 (   8 ,  720.000 ,  960.000 ,        0 ,  823.132 ,  825.256 ,    0.000 ,  825.256 ,  826.256 ,    0.000 ,    0.000 ,    2.124 ,    0.659 ,        8 , 	)
  67 	 (   4 ,  728.526 ,  896.000 ,        0 ,  830.589 ,  832.713 ,    0.000 ,  832.713 ,  836.713 ,  108.713 ,    0.000 ,    2.124 ,    0.925 ,        9 , 	)
  56 	 (   3 ,  798.947 ,  889.000 ,        0 ,  843.476 ,  845.600 ,    0.000 ,  845.600 ,  846.600 ,   24.571 ,    0.000 ,    2.124 ,    7.882 ,       10 , 	)
  52 	 (   6 ,  780.000 ,  960.000 ,        0 ,  857.853 ,  859.977 ,    0.000 ,  859.977 ,  862.977 ,    0.000 ,    0.000 ,    2.124 ,   13.538 ,       11 , 	)
  69 	 (   4 ,  842.000 , 1082.000 ,        0 ,  875.068 ,  877.192 ,    0.000 ,  877.192 ,  879.192 ,   93.068 ,    0.000 ,    2.124 ,   -0.257 ,       12 , 	)
  31 	 (   6 ,  720.000 ,  900.000 ,        0 ,  897.876 ,  900.000 ,    0.000 ,  900.000 ,  902.000 ,    0.000 ,    0.000 ,    2.124 ,    3.059 ,       13 , 	)
  55 	 (   5 ,  801.000 , 1041.000 ,        0 ,  924.748 ,  926.872 ,    0.000 ,  926.872 ,  927.872 ,  100.617 ,    7.383 ,    2.124 ,   -2.657 ,       14 , 	)
  83 	 (   3 ,  773.000 , 1011.000 ,        0 ,  938.832 ,  940.956 ,    0.000 ,  940.956 ,  942.956 ,   38.956 ,   11.593 ,    2.124 ,    5.585 ,       15 , 	)
   9 	 (   7 ,  780.000 ,  960.000 ,        0 ,  946.283 ,  948.407 ,   11.593 ,  960.000 ,  964.000 ,    0.000 ,    0.000 ,   13.717 ,    6.559 ,       16 , 	)
 104 	 (   4 ,  889.000 , 1129.000 ,        0 ,  972.730 ,  986.447 ,    0.000 ,  986.447 ,  989.447 ,  123.470 ,   15.232 ,   13.717 ,    7.188 ,       17 , 	)
  10 	 (   7 ,  989.000 , 1184.098 ,        0 ,  981.291 ,  995.008 ,   15.232 , 1010.240 , 1013.240 ,    0.000 ,    0.000 ,   21.240 ,   -0.068 ,       18 , 	)
  61 	 (   3 ,  862.000 , 1042.000 ,        0 , 1020.760 , 1042.000 ,    0.000 , 1042.000 , 1046.000 ,   78.000 ,   -0.000 ,   21.240 ,    5.913 ,       19 , 	)
  62 	 (   0 , 1112.000 , 1232.000 ,        0 , 1046.814 , 1068.054 ,   43.946 , 1112.000 , 1115.000 ,   98.760 ,   21.240 ,    0.000 ,   24.359 ,       20 , 	)
 105 	 (   0 ,    0.000 , 1440.000 ,        0 , 1147.586 , 1147.586 ,    0.000 , 1147.586 , 1147.586 ,    0.000 ,  292.414 ,    0.000 ,    0.000 ,       21 , 	)

	16 sommets 
	values : ( Cost : 368.402 , TRT : 322.994 , TWT :   0.000 , TD : 388.933 )
	violations : ( VC :       0 , VTW :   0.000 , VTD :   0.000 , VTRT :   0.000 )
	cout global : (   0.000	 )
S(i)	 (   C ,     TW0 ,       TW1 ,       VTW ,       Min ,       A ,       W ,       B ,       D ,       L ,       F ,       E ,       Det ,       [Imp ,       Imp]	)
   0 	 (   0 ,    0.000 , 1440.000 ,        0 ,    0.000 ,  185.961 ,    0.000 ,  185.961 ,  185.961 ,    0.000 ,   16.973 ,  185.961 ,    0.000 ,        0 , 	)
   6 	 (   3 ,  240.000 ,  300.000 ,        0 ,   54.039 ,  240.000 ,    0.000 ,  240.000 ,  243.000 ,    0.000 ,   16.973 ,    0.000 ,    4.312 ,        1 , 	)
  32 	 (   7 ,  240.000 ,  360.000 ,        0 ,  256.377 ,  256.377 ,    0.000 ,  256.377 ,  260.377 ,    0.000 ,   16.973 ,    0.000 ,    7.184 ,        2 , 	)
  84 	 (   3 ,  272.003 ,  439.000 ,        0 ,  288.380 ,  288.380 ,    0.000 ,  288.380 ,  292.380 ,   28.003 ,   16.973 ,    0.000 ,    0.867 ,        3 , 	)
  58 	 (   0 ,  284.000 ,  399.000 ,        0 ,  299.958 ,  299.958 ,    0.000 ,  299.958 ,  302.958 ,   56.958 ,   16.973 ,    0.000 ,    8.292 ,        4 , 	)
  26 	 (   4 ,  262.000 ,  460.350 ,        0 ,  328.377 ,  328.377 ,    0.000 ,  328.377 ,  332.377 ,    0.000 ,   16.973 ,    0.000 ,   10.693 ,        5 , 	)
  47 	 (   5 ,  240.000 ,  360.000 ,        0 ,  343.027 ,  343.027 ,    0.000 ,  343.027 ,  344.027 ,    0.000 ,   16.973 ,    0.000 ,    0.000 ,        6 , 	)
  78 	 (   1 ,  295.000 ,  475.000 ,        0 ,  344.027 ,  344.027 ,    0.000 ,  344.027 ,  348.027 ,   11.650 ,   17.350 ,    0.000 ,    0.000 ,        7 , 	)
  33 	 (   4 ,  240.000 ,  420.000 ,        0 ,  394.153 ,  394.153 ,    0.000 ,  394.153 ,  397.153 ,    0.000 ,   17.760 ,    0.000 ,    1.852 ,        8 , 	)
  28 	 (   8 ,  240.000 ,  480.000 ,        0 ,  404.128 ,  404.128 ,    0.000 ,  404.128 ,  408.128 ,    0.000 ,   17.760 ,    0.000 ,   -1.635 ,        9 , 	)
  80 	 (   4 ,  329.000 ,  569.000 ,        0 ,  450.992 ,  450.992 ,    0.000 ,  450.992 ,  454.992 ,   42.864 ,   17.760 ,    0.000 ,    8.061 ,       10 , 	)
  49 	 (   8 ,  360.000 ,  480.000 ,        0 ,  462.240 ,  462.240 ,    0.000 ,  462.240 ,  466.240 ,    0.000 ,   17.760 ,    0.000 ,    7.379 ,       11 , 	)
  85 	 (   5 ,  337.000 ,  517.000 ,        0 ,  473.574 ,  473.574 ,    0.000 ,  473.574 ,  476.574 ,   76.420 ,   23.283 ,    0.000 ,   -1.246 ,       12 , 	)
 101 	 (   1 ,  378.962 ,  524.000 ,        0 ,  482.956 ,  482.956 ,    0.000 ,  482.956 ,  486.956 ,   16.717 ,   23.283 ,    0.000 ,   -4.221 ,       13 , 	)
  99 	 (   0 ,  303.000 ,  543.000 ,        0 ,  500.349 ,  500.349 ,    0.000 ,  500.349 ,  501.349 ,  156.322 ,   27.678 ,    0.000 ,   16.875 ,       14 , 	)
 105 	 (   0 ,    0.000 , 1440.000 ,        0 ,  508.955 ,  508.955 ,    0.000 ,  508.955 ,  508.955 ,    0.000 ,  931.045 ,    0.000 ,    0.000 ,       15 , 	)

	28 sommets 
	values : ( Cost : 494.977 , TRT : 458.327 , TWT :  46.164 , TD : 1002.109 )
	violations : ( VC :       0 , VTW :   0.000 , VTD :   0.000 , VTRT :   0.000 )
	cout global : (   0.000	 )
S(i)	 (   C ,     TW0 ,       TW1 ,       VTW ,       Min ,       A ,       W ,       B ,       D ,       L ,       F ,       E ,       Det ,       [Imp ,       Imp]	)
   0 	 (   0 ,    0.000 , 1440.000 ,        0 ,    0.000 ,  395.579 ,    0.000 ,  395.579 ,  395.579 ,    0.000 ,    0.000 ,  395.579 ,    0.000 ,        0 , 	)
   2 	 (   1 ,  300.000 ,  480.000 ,        0 ,   18.078 ,  413.657 ,    0.000 ,  413.657 ,  414.657 ,    0.000 ,    0.000 ,  113.657 ,    6.555 ,        1 , 	)
  13 	 (   2 ,  240.000 ,  420.000 ,        0 ,  306.343 ,  420.000 ,    0.000 ,  420.000 ,  421.000 ,    0.000 ,    0.000 ,  113.657 ,    4.030 ,        2 , 	)
  22 	 (   4 ,  240.000 ,  480.000 ,        0 ,  317.712 ,  431.369 ,   46.164 ,  477.533 ,  479.533 ,    0.000 ,    0.985 ,  159.821 ,    2.553 ,        3 , 	)
  30 	 (   5 ,  480.000 ,  720.000 ,        0 ,  326.374 ,  486.195 ,    0.000 ,  486.195 ,  487.195 ,    0.000 ,    0.985 ,    6.195 ,   13.792 ,        4 , 	)
  54 	 (   4 ,  403.000 ,  583.000 ,        0 ,  539.849 ,  546.044 ,    0.000 ,  546.044 ,  547.044 ,  131.387 ,    0.985 ,    6.195 ,   49.514 ,        5 , 	)
  65 	 (   3 ,  350.000 ,  590.000 ,        0 ,  582.820 ,  589.015 ,    0.000 ,  589.015 ,  590.015 ,  168.015 ,    0.985 ,    6.195 ,    7.074 ,        6 , 	)
  74 	 (   1 ,  365.000 ,  605.000 ,        0 ,  594.289 ,  600.484 ,    0.000 ,  600.484 ,  602.484 ,  120.951 ,    1.711 ,    6.195 ,    0.000 ,        7 , 	)
  82 	 (   0 ,  577.000 ,  817.000 ,        0 ,  596.289 ,  602.484 ,    0.000 ,  602.484 ,  603.484 ,  115.289 ,    1.711 ,    6.195 ,    0.000 ,        8 , 	)
  20 	 (   2 ,  600.000 ,  720.000 ,        0 ,  606.950 ,  613.145 ,    0.000 ,  613.145 ,  615.145 ,    0.000 ,    6.448 ,    6.195 ,    6.026 ,        9 , 	)
  21 	 (   3 ,  540.000 ,  720.000 ,        0 ,  650.680 ,  656.875 ,    0.000 ,  656.875 ,  657.875 ,    0.000 ,    6.448 ,    6.195 ,   25.380 ,       10 , 	)
  73 	 (   2 ,  560.072 ,  772.000 ,        0 ,  670.752 ,  676.947 ,    0.000 ,  676.947 ,  677.947 ,   19.072 ,    6.448 ,    6.195 ,    3.890 ,       11 , 	)
  16 	 (   3 ,  660.000 ,  720.000 ,        0 ,  681.989 ,  688.185 ,    0.000 ,  688.185 ,  689.185 ,    0.000 ,    6.448 ,    6.195 ,    0.000 ,       12 , 	)
  72 	 (   1 ,  638.000 ,  812.000 ,        0 ,  682.989 ,  689.185 ,    0.000 ,  689.185 ,  691.185 ,   74.040 ,    6.448 ,    6.195 ,    0.000 ,       13 , 	)
  42 	 (   2 ,  480.000 ,  720.000 ,        0 ,  693.335 ,  699.530 ,    0.000 ,  699.530 ,  700.530 ,    0.000 ,    6.448 ,    6.195 ,    2.044 ,       14 , 	)
  14 	 (   3 ,  540.000 ,  720.000 ,        0 ,  707.356 ,  713.552 ,    0.000 ,  713.552 ,  714.552 ,    0.000 ,    6.448 ,    6.195 ,    5.841 ,       15 , 	)
  34 	 (   4 ,  720.000 ,  960.000 ,        0 ,  721.418 ,  727.614 ,    0.000 ,  727.614 ,  728.614 ,    0.000 ,   11.313 ,    6.195 ,   -2.926 ,       16 , 	)
  68 	 (   3 ,  698.264 ,  821.000 ,        0 ,  728.753 ,  734.948 ,    0.000 ,  734.948 ,  735.948 ,   45.763 ,   11.313 ,    6.195 ,    4.471 ,       17 , 	)
  66 	 (   2 ,  613.000 ,  793.000 ,        0 ,  754.358 ,  760.553 ,    0.000 ,  760.553 ,  761.553 ,   46.002 ,   11.313 ,    6.195 ,    3.591 ,       18 , 	)
  50 	 (   6 ,  720.000 ,  780.000 ,        0 ,  762.492 ,  768.687 ,    0.000 ,  768.687 ,  772.687 ,    0.000 ,   11.313 ,    6.195 ,    2.395 ,       19 , 	)
  94 	 (   5 ,  571.000 ,  811.000 ,        0 ,  772.805 ,  779.000 ,    0.000 ,  779.000 ,  780.000 ,   78.470 ,    3.377 ,    6.195 ,    0.000 ,       20 , 	)
   7 	 (   8 ,  780.000 ,  960.000 ,        0 ,  773.805 ,  780.000 ,    0.000 ,  780.000 ,  783.000 ,    0.000 ,    3.377 ,    0.000 ,    0.000 ,       21 , 	)
  86 	 (   7 ,  783.000 , 1023.000 ,        0 ,  796.450 ,  796.450 ,    0.000 ,  796.450 ,  797.450 ,   67.836 ,    3.377 ,    0.000 ,    7.114 ,       22 , 	)
  27 	 (   8 ,  780.000 ,  960.000 ,        0 ,  801.845 ,  801.845 ,    0.000 ,  801.845 ,  802.845 ,    0.000 ,    3.377 ,    0.000 ,    7.441 ,       23 , 	)
  59 	 (   5 ,  799.929 , 1009.000 ,        0 ,  812.760 ,  812.760 ,    0.000 ,  812.760 ,  815.760 ,   29.760 ,    3.377 ,    0.000 ,    2.000 ,       24 , 	)
 102 	 (   1 ,  755.127 ,  847.000 ,        0 ,  832.310 ,  832.310 ,    0.000 ,  832.310 ,  836.310 ,   59.623 ,    3.377 ,    0.000 ,    5.905 ,       25 , 	)
  79 	 (   0 ,  832.000 , 1012.000 ,        0 ,  848.747 ,  848.747 ,    0.000 ,  848.747 ,  849.747 ,   45.902 ,   16.098 ,    0.000 ,   -0.270 ,       26 , 	)
 105 	 (   0 ,    0.000 , 1440.000 ,        0 ,  853.906 ,  853.906 ,    0.000 ,  853.906 ,  853.906 ,    0.000 ,  586.094 ,    0.000 ,    0.000 ,       27 , 	)

	16 sommets 
	values : ( Cost : 319.411 , TRT : 343.514 , TWT :  73.355 , TD : 708.699 )
	violations : ( VC :       0 , VTW :   0.000 , VTD :   0.000 , VTRT :   0.000 )
	cout global : (   0.000	 )
S(i)	 (   C ,     TW0 ,       TW1 ,       VTW ,       Min ,       A ,       W ,       B ,       D ,       L ,       F ,       E ,       Det ,       [Imp ,       Imp]	)
   0 	 (   0 ,    0.000 , 1440.000 ,        0 ,    0.000 ,  798.270 ,    0.000 ,  798.270 ,  798.270 ,    0.000 ,    0.000 ,  798.270 ,    0.000 ,        0 , 	)
  39 	 (   4 ,  720.000 ,  900.000 ,        0 ,    4.123 ,  802.393 ,    0.000 ,  802.393 ,  806.393 ,    0.000 ,    0.000 ,   82.393 ,    0.099 ,        1 , 	)
  29 	 (   6 ,  725.000 ,  960.000 ,        0 ,  744.786 ,  827.180 ,    0.000 ,  827.180 ,  829.180 ,    0.000 ,    0.000 ,   82.393 ,    0.000 ,        2 , 	)
   8 	 (   7 ,  780.000 ,  960.000 ,        0 ,  746.786 ,  829.180 ,    0.000 ,  829.180 ,  830.180 ,    0.000 ,    0.000 ,   49.180 ,    0.000 ,        3 , 	)
  91 	 (   3 ,  749.292 ,  955.000 ,        0 ,  787.666 ,  836.846 ,    0.000 ,  836.846 ,  840.846 ,   30.453 ,    0.000 ,   49.180 ,    5.478 ,        4 , 	)
  81 	 (   1 ,  824.000 , 1004.000 ,        0 ,  826.584 ,  875.764 ,    0.000 ,  875.764 ,  877.764 ,   46.584 ,    0.000 ,   49.180 ,   19.083 ,        5 , 	)
   1 	 (   2 ,  720.000 ,  900.000 ,        0 ,  841.553 ,  890.733 ,    0.000 ,  890.733 ,  891.733 ,    0.000 ,    0.000 ,   49.180 ,    2.062 ,        6 , 	)
  36 	 (   5 ,  780.000 ,  900.000 ,        0 ,  850.820 ,  900.000 ,    0.000 ,  900.000 ,  903.000 ,    0.000 ,   -0.000 ,   49.180 ,    0.115 ,        7 , 	)
  41 	 (   8 ,  995.000 , 1175.881 ,        0 ,  883.054 ,  932.234 ,   66.080 ,  998.314 , 1001.314 ,    0.000 ,    0.000 ,    3.314 ,    7.873 ,        8 , 	)
  88 	 (   5 ,  848.000 , 1028.000 ,        0 , 1024.686 , 1028.000 ,    0.000 , 1028.000 , 1031.000 ,  125.000 ,    0.000 ,    3.314 ,    0.381 ,        9 , 	)
  53 	 (   4 ,  810.000 , 1050.000 ,        0 , 1033.575 , 1036.889 ,    0.000 , 1036.889 , 1037.889 ,  145.156 ,   10.589 ,    3.314 ,    0.484 ,       10 , 	)
  18 	 (   5 ,  960.000 , 1200.000 ,        0 , 1056.195 , 1059.509 ,    7.275 , 1066.784 , 1067.784 ,    0.000 ,    3.314 ,   10.589 ,    0.000 ,       11 , 	)
  60 	 (   4 , 1000.000 , 1180.000 ,        0 , 1057.195 , 1067.784 ,    0.000 , 1067.784 , 1068.784 ,  237.605 ,    3.314 ,   10.589 ,    0.000 ,       12 , 	)
  93 	 (   1 , 1095.000 , 1215.000 ,        0 , 1084.411 , 1095.000 ,    0.000 , 1095.000 , 1098.000 ,   93.686 ,    3.314 ,    0.000 ,    0.000 ,       13 , 	)
  70 	 (   0 , 1012.000 , 1252.000 ,        0 , 1098.000 , 1098.000 ,    0.000 , 1098.000 , 1099.000 ,   30.216 ,   39.784 ,    0.000 ,    0.000 ,       14 , 	)
 105 	 (   0 ,    0.000 , 1440.000 ,        0 , 1141.783 , 1141.783 ,    0.000 , 1141.783 , 1141.783 ,    0.000 ,  298.217 ,    0.000 ,    0.000 ,       15 , 	)
