9
	VALUE ALL : ( Cost : 3198.741 , TRT : 3300.987 , TWT : 597.918 , TD : 4545.173 )
	VIOLATIONS TOTAL : ( VC :       0 , VTW :   0.000 , VTD :   0.000 , VTRT :   0.000 )
 	COUT_ALL : (   0.002 )  T2B:   24601

	14 sommets 
	values : ( Cost : 306.930 , TRT : 258.774 , TWT :   0.000 , TD : 359.669 )
	violations : ( VC :       0 , VTW :   0.000 , VTD :   0.000 , VTRT :   0.000 )
	cout global : (   0.000	 )
S(i)	 (   C ,     TW0 ,       TW1 ,       VTW ,       Min ,       A ,       W ,       B ,       D ,       L ,       F ,       E ,       Det ,       [Imp ,       Imp]	)
   0 	 (   0 ,    0.000 , 1440.000 ,        0 ,    0.000 ,  238.398 ,    0.000 ,  238.398 ,  238.398 ,    0.000 ,   11.163 ,  238.398 ,    0.000 ,        0 , 	)
  55 	 (   3 ,  240.000 ,  480.000 ,        0 ,   27.068 ,  265.465 ,    0.000 ,  265.465 ,  268.465 ,    0.000 ,   11.163 ,   25.465 ,    0.331 ,        1 , 	)
 122 	 (   0 ,  295.000 ,  535.000 ,        0 ,  269.535 ,  295.000 ,    0.000 ,  295.000 ,  298.000 ,   26.535 ,   11.163 ,    0.000 ,    6.204 ,        2 , 	)
  32 	 (   2 ,  300.000 ,  420.000 ,        0 ,  331.768 ,  331.768 ,    0.000 ,  331.768 ,  333.768 ,    0.000 ,   11.163 ,    0.000 ,   15.950 ,        3 , 	)
  28 	 (   5 ,  240.000 ,  420.000 ,        0 ,  346.589 ,  346.589 ,    0.000 ,  346.589 ,  349.589 ,    0.000 ,   11.163 ,    0.000 ,    6.019 ,        4 , 	)
  39 	 (   6 ,  300.000 ,  480.000 ,        0 ,  389.213 ,  389.213 ,    0.000 ,  389.213 ,  390.213 ,    0.000 ,   11.163 ,    0.000 ,    0.000 ,        5 , 	)
  95 	 (   3 ,  291.000 ,  529.000 ,        0 ,  390.213 ,  390.213 ,    0.000 ,  390.213 ,  393.213 ,   40.623 ,   11.163 ,    0.000 ,    0.000 ,        6 , 	)
  37 	 (   4 ,  240.000 ,  420.000 ,        0 ,  408.837 ,  408.837 ,    0.000 ,  408.837 ,  409.837 ,    0.000 ,   11.163 ,    0.000 ,    3.437 ,        7 , 	)
   2 	 (   8 ,  240.000 ,  480.000 ,        0 ,  423.126 ,  423.126 ,    0.000 ,  423.126 ,  427.126 ,    0.000 ,   22.664 ,    0.000 ,    0.000 ,        8 , 	)
 106 	 (   7 ,  326.477 ,  549.000 ,        0 ,  427.126 ,  427.126 ,    0.000 ,  427.126 ,  428.126 ,   36.914 ,   22.664 ,    0.000 ,    0.000 ,        9 , 	)
 104 	 (   6 ,  304.000 ,  484.000 ,        0 ,  461.336 ,  461.336 ,    0.000 ,  461.336 ,  462.336 ,   51.499 ,   22.664 ,    0.000 ,   11.774 ,       10 , 	)
  99 	 (   4 ,  383.000 ,  611.000 ,        0 ,  475.789 ,  475.789 ,    0.000 ,  475.789 ,  477.789 ,  142.020 ,   46.980 ,    0.000 ,    2.189 ,       11 , 	)
  69 	 (   0 ,  368.000 ,  548.000 ,        0 ,  489.205 ,  489.205 ,    0.000 ,  489.205 ,  493.205 ,   62.078 ,   58.795 ,    0.000 ,    0.917 ,       12 , 	)
 135 	 (   0 ,    0.000 , 1440.000 ,        0 ,  497.172 ,  497.172 ,    0.000 ,  497.172 ,  497.172 ,    0.000 ,  942.828 ,    0.000 ,    0.000 ,       13 , 	)

	14 sommets 
	values : ( Cost : 295.457 , TRT : 472.420 , TWT : 220.271 , TD : 317.599 )
	violations : ( VC :       0 , VTW :   0.000 , VTD :   0.000 , VTRT :   0.000 )
	cout global : (   0.000	 )
S(i)	 (   C ,     TW0 ,       TW1 ,       VTW ,       Min ,       A ,       W ,       B ,       D ,       L ,       F ,       E ,       Det ,       [Imp ,       Imp]	)
   0 	 (   0 ,    0.000 , 1440.000 ,        0 ,    0.000 ,  346.842 ,    0.000 ,  346.842 ,  346.842 ,    0.000 ,    0.000 ,  346.842 ,    0.000 ,        0 , 	)
  60 	 (   3 ,  240.000 ,  480.000 ,        0 ,    7.311 ,  354.153 ,    0.000 ,  354.153 ,  357.153 ,    0.000 ,    0.000 ,  114.153 ,    7.123 ,        1 , 	)
   4 	 (   6 ,  300.000 ,  480.000 ,        0 ,  270.549 ,  384.701 ,    0.000 ,  384.701 ,  387.701 ,    0.000 ,    0.000 ,   84.701 ,   14.548 ,        2 , 	)
 127 	 (   3 ,  354.000 ,  534.000 ,        0 ,  320.647 ,  405.349 ,    0.000 ,  405.349 ,  408.349 ,   48.196 ,    0.000 ,   51.349 ,    5.089 ,        3 , 	)
  71 	 (   0 ,  360.000 ,  540.000 ,        0 ,  373.439 ,  424.788 ,    0.000 ,  424.788 ,  427.788 ,   37.086 ,    0.000 ,   51.349 ,    3.657 ,        4 , 	)
   5 	 (   1 ,  349.000 ,  437.650 ,        0 ,  386.302 ,  437.650 ,    0.000 ,  437.650 ,  438.650 ,    0.000 ,    0.000 ,   51.349 ,    7.751 ,        5 , 	)
  72 	 (   0 ,  407.000 ,  467.000 ,        0 ,  415.651 ,  467.000 ,    0.000 ,  467.000 ,  468.000 ,   28.350 ,   -0.000 ,   51.349 ,    0.000 ,        6 , 	)
  47 	 (   4 ,  480.000 ,  720.000 ,        0 ,  416.651 ,  468.000 ,  220.271 ,  688.271 ,  692.271 ,    0.000 ,   31.729 ,  208.271 ,    0.000 ,        7 , 	)
  10 	 (   7 ,  720.000 ,  900.000 ,        0 ,  511.729 ,  720.000 ,    0.000 ,  720.000 ,  723.000 ,    0.000 ,   83.315 ,    0.000 ,    1.087 ,        8 , 	)
  38 	 (   8 ,  720.000 ,  840.000 ,        0 ,  727.392 ,  727.392 ,    0.000 ,  727.392 ,  728.392 ,    0.000 ,   71.217 ,    0.000 ,   -9.254 ,        9 , 	)
 114 	 (   4 ,  655.000 ,  835.000 ,        0 ,  751.685 ,  751.685 ,    0.000 ,  751.685 ,  755.685 ,   59.414 ,   13.230 ,    0.000 ,   25.703 ,       10 , 	)
  77 	 (   1 ,  785.000 , 1025.000 ,        0 ,  791.783 ,  791.783 ,    0.000 ,  791.783 ,  794.783 ,   68.783 ,   13.230 ,    0.000 ,    2.620 ,       11 , 	)
 105 	 (   0 ,  757.000 ,  930.000 ,        0 ,  804.162 ,  804.162 ,    0.000 ,  804.162 ,  805.162 ,   75.770 ,   13.230 ,    0.000 ,    2.913 ,       12 , 	)
 135 	 (   0 ,    0.000 , 1440.000 ,        0 ,  819.262 ,  819.262 ,    0.000 ,  819.262 ,  819.262 ,    0.000 ,  620.738 ,    0.000 ,    0.000 ,       13 , 	)

	14 sommets 
	values : ( Cost : 279.644 , TRT : 313.447 , TWT :  67.189 , TD : 336.921 )
	violations : ( VC :       0 , VTW :   0.000 , VTD :   0.000 , VTRT :   0.000 )
	cout global : (   0.000	 )
S(i)	 (   C ,     TW0 ,       TW1 ,       VTW ,       Min ,       A ,       W ,       B ,       D ,       L ,       F ,       E ,       Det ,       [Imp ,       Imp]	)
   0 	 (   0 ,    0.000 , 1440.000 ,        0 ,    0.000 ,  810.805 ,    0.000 ,  810.805 ,  810.805 ,    0.000 ,    0.000 ,  810.805 ,    0.000 ,        0 , 	)
  40 	 (   4 ,  720.000 ,  960.000 ,        0 ,   17.547 ,  828.351 ,    0.000 ,  828.351 ,  832.351 ,    0.000 ,    0.000 ,  108.351 ,    0.725 ,        1 , 	)
  49 	 (   5 ,  780.000 ,  960.000 ,        0 ,  745.017 ,  853.368 ,    0.000 ,  853.368 ,  854.368 ,    0.000 ,    0.000 ,   73.368 ,  -12.764 ,        2 , 	)
 107 	 (   1 ,  860.000 , 1040.000 ,        0 ,  800.657 ,  874.025 ,    0.000 ,  874.025 ,  878.025 ,   41.674 ,    0.000 ,   14.025 ,    0.000 ,        3 , 	)
 116 	 (   0 ,  800.657 , 1014.000 ,        0 ,  864.000 ,  878.025 ,    0.000 ,  878.025 ,  879.025 ,   23.657 ,    0.000 ,   14.025 ,    0.000 ,        4 , 	)
  19 	 (   4 ,  720.000 ,  900.000 ,        0 ,  868.175 ,  882.200 ,    0.000 ,  882.200 ,  886.200 ,    0.000 ,    0.000 ,   14.025 ,    0.000 ,        5 , 	)
  58 	 (   8 ,  780.000 ,  900.000 ,        0 ,  885.975 ,  900.000 ,    0.000 ,  900.000 ,  904.000 ,    0.000 ,    0.000 ,   14.025 ,  -19.053 ,        6 , 	)
  86 	 (   4 ,  882.000 , 1002.000 ,        0 ,  905.286 ,  919.311 ,    0.000 ,  919.311 ,  923.311 ,   33.111 ,   82.689 ,   14.025 ,    0.626 ,        7 , 	)
  48 	 (   5 ,  985.000 , 1176.856 ,        0 ,  915.643 ,  929.668 ,   67.189 ,  996.856 ,  997.856 ,    0.000 ,   37.072 ,   11.856 ,    5.128 ,        8 , 	)
 115 	 (   4 , 1009.000 , 1189.000 ,        0 ,  997.144 , 1009.000 ,    0.000 , 1009.000 , 1010.000 ,   11.144 ,   11.856 ,    0.000 ,   10.895 ,        9 , 	)
  15 	 (   8 ,  960.000 , 1140.000 ,        0 , 1020.527 , 1020.527 ,    0.000 , 1020.527 , 1024.527 ,    0.000 ,   37.072 ,    0.000 ,   14.894 ,       10 , 	)
  82 	 (   4 , 1058.000 , 1238.000 ,        0 , 1071.935 , 1071.935 ,    0.000 , 1071.935 , 1075.935 ,   47.408 ,   37.072 ,    0.000 ,   12.314 ,       11 , 	)
 125 	 (   0 ,  941.000 , 1121.000 ,        0 , 1083.928 , 1083.928 ,    0.000 , 1083.928 , 1087.928 ,  179.928 ,   37.072 ,   -0.000 ,  -17.757 ,       12 , 	)
 135 	 (   0 ,    0.000 , 1440.000 ,        0 , 1124.252 , 1124.252 ,    0.000 , 1124.252 , 1124.252 ,    0.000 ,  315.748 ,   -0.000 ,    0.000 ,       13 , 	)

	16 sommets 
	values : ( Cost : 387.889 , TRT : 322.780 , TWT :   7.135 , TD : 416.163 )
	violations : ( VC :       0 , VTW :   0.000 , VTD :   0.000 , VTRT :   0.000 )
	cout global : (   0.000	 )
S(i)	 (   C ,     TW0 ,       TW1 ,       VTW ,       Min ,       A ,       W ,       B ,       D ,       L ,       F ,       E ,       Det ,       [Imp ,       Imp]	)
   0 	 (   0 ,    0.000 , 1440.000 ,        0 ,    0.000 ,  211.753 ,    0.000 ,  211.753 ,  211.753 ,    0.000 ,    0.000 ,  211.753 ,    0.000 ,        0 , 	)
  29 	 (   1 ,  240.000 ,  420.000 ,        0 ,   31.692 ,  243.446 ,    0.000 ,  243.446 ,  244.446 ,    0.000 ,    0.000 ,    3.446 ,   48.143 ,        1 , 	)
  25 	 (   3 ,  240.000 ,  480.000 ,        0 ,  270.200 ,  273.646 ,    0.000 ,  273.646 ,  275.646 ,    0.000 ,    0.000 ,    3.446 ,    3.037 ,        2 , 	)
  35 	 (   4 ,  240.000 ,  480.000 ,        0 ,  278.226 ,  281.672 ,    0.000 ,  281.672 ,  282.672 ,    0.000 ,    0.000 ,    3.446 ,   -0.394 ,        3 , 	)
  96 	 (   3 ,  280.000 ,  515.000 ,        0 ,  286.252 ,  289.698 ,    0.000 ,  289.698 ,  290.698 ,   45.252 ,    0.000 ,    3.446 ,   10.151 ,        4 , 	)
  92 	 (   1 ,  316.000 ,  556.000 ,        0 ,  326.306 ,  329.752 ,    0.000 ,  329.752 ,  331.752 ,   54.106 ,    0.000 ,    3.446 ,   12.653 ,        5 , 	)
  42 	 (   3 ,  300.000 ,  360.000 ,        0 ,  343.241 ,  346.686 ,    0.000 ,  346.686 ,  348.686 ,    0.000 ,    0.000 ,    3.446 ,    6.474 ,        6 , 	)
 102 	 (   2 ,  304.000 ,  544.000 ,        0 ,  357.005 ,  360.451 ,    0.000 ,  360.451 ,  361.451 ,   77.779 ,    0.000 ,    3.446 ,    4.214 ,        7 , 	)
   1 	 (   3 ,  286.000 ,  454.262 ,        0 ,  384.484 ,  387.930 ,    0.000 ,  387.930 ,  388.930 ,    0.000 ,    0.000 ,    3.446 ,   11.399 ,        8 , 	)
 109 	 (   1 ,  338.749 ,  460.000 ,        0 ,  395.383 ,  398.829 ,    0.000 ,  398.829 ,  400.829 ,   50.143 ,    0.000 ,    3.446 ,    5.518 ,        9 , 	)
  51 	 (   2 ,  300.000 ,  420.000 ,        0 ,  416.554 ,  420.000 ,    0.000 ,  420.000 ,  421.000 ,    0.000 ,    0.000 ,    3.446 ,   23.434 ,       10 , 	)
 118 	 (   1 ,  350.000 ,  470.000 ,        0 ,  442.676 ,  446.122 ,    0.000 ,  446.122 ,  447.122 ,   25.122 ,   17.079 ,    3.446 ,   10.717 ,       11 , 	)
  31 	 (   5 ,  480.000 ,  720.000 ,        0 ,  469.420 ,  472.865 ,    7.135 ,  480.000 ,  484.000 ,    0.000 ,    9.944 ,    0.000 ,    4.139 ,       12 , 	)
  68 	 (   4 ,  460.000 ,  520.000 ,        0 ,  510.056 ,  510.056 ,    0.000 ,  510.056 ,  511.056 ,  121.126 ,    9.944 ,    0.000 ,   20.720 ,       13 , 	)
  98 	 (   0 ,  525.000 ,  765.000 ,        0 ,  526.636 ,  526.636 ,    0.000 ,  526.636 ,  530.636 ,   42.636 ,   13.364 ,    0.000 ,    1.847 ,       14 , 	)
 135 	 (   0 ,    0.000 , 1440.000 ,        0 ,  534.534 ,  534.534 ,    0.000 ,  534.534 ,  534.534 ,    0.000 ,  905.466 ,    0.000 ,    0.000 ,       15 , 	)

	14 sommets 
	values : ( Cost : 281.419 , TRT : 235.593 , TWT :   0.000 , TD : 507.943 )
	violations : ( VC :       0 , VTW :   0.000 , VTD :   0.000 , VTRT :   0.000 )
	cout global : (   0.000	 )
S(i)	 (   C ,     TW0 ,       TW1 ,       VTW ,       Min ,       A ,       W ,       B ,       D ,       L ,       F ,       E ,       Det ,       [Imp ,       Imp]	)
   0 	 (   0 ,    0.000 , 1440.000 ,        0 ,    0.000 ,  736.429 ,    0.000 ,  736.429 ,  736.429 ,    0.000 ,   24.945 ,  736.429 ,    0.000 ,        0 , 	)
  27 	 (   2 ,  745.000 ,  943.056 ,        0 ,   13.213 ,  749.642 ,    0.000 ,  749.642 ,  751.642 ,    0.000 ,   24.945 ,    4.642 ,    0.844 ,        1 , 	)
  54 	 (   3 ,  726.000 ,  960.000 ,        0 ,  760.362 ,  765.004 ,    0.000 ,  765.004 ,  766.004 ,    0.000 ,    4.642 ,    4.642 ,    6.142 ,        2 , 	)
  16 	 (   6 ,  720.000 ,  900.000 ,        0 ,  784.704 ,  789.346 ,    0.000 ,  789.346 ,  792.346 ,    0.000 ,    4.642 ,    4.642 ,    0.000 ,        3 , 	)
   7 	 (   8 ,  720.000 ,  960.000 ,        0 ,  787.704 ,  792.346 ,    0.000 ,  792.346 ,  794.346 ,    0.000 ,    4.642 ,    4.642 ,    0.000 ,        4 , 	)
  83 	 (   5 ,  835.000 , 1015.000 ,        0 ,  846.146 ,  850.788 ,    0.000 ,  850.788 ,  853.788 ,   58.442 ,    4.642 ,    4.642 ,   18.637 ,        5 , 	)
 121 	 (   4 ,  867.000 , 1047.000 ,        0 ,  870.644 ,  875.286 ,    0.000 ,  875.286 ,  876.286 ,  109.282 ,    4.642 ,    4.642 ,    0.000 ,        6 , 	)
  74 	 (   2 ,  839.000 , 1079.000 ,        0 ,  871.644 ,  876.286 ,    0.000 ,  876.286 ,  878.286 ,   81.940 ,    4.642 ,    4.642 ,    0.000 ,        7 , 	)
  59 	 (   5 ,  780.000 ,  960.000 ,        0 ,  887.331 ,  891.973 ,    0.000 ,  891.973 ,  894.973 ,    0.000 ,    4.642 ,    4.642 ,    1.508 ,        8 , 	)
  94 	 (   3 ,  917.000 ,  977.000 ,        0 ,  912.358 ,  917.000 ,    0.000 ,  917.000 ,  919.000 ,  165.358 ,    4.642 ,    0.000 ,    0.436 ,        9 , 	)
  63 	 (   4 ,  788.000 ,  959.837 ,        0 ,  930.800 ,  930.800 ,    0.000 ,  930.800 ,  931.800 ,    0.000 ,   24.945 ,    0.000 ,    5.529 ,       10 , 	)
 126 	 (   1 ,  849.000 , 1089.000 ,        0 ,  952.639 ,  952.639 ,    0.000 ,  952.639 ,  955.639 ,   57.666 ,   24.945 ,    0.000 ,    1.092 ,       11 , 	)
 130 	 (   0 ,  872.000 ,  992.000 ,        0 ,  967.055 ,  967.055 ,    0.000 ,  967.055 ,  968.055 ,   35.255 ,   24.945 ,    0.000 ,    0.917 ,       12 , 	)
 135 	 (   0 ,    0.000 , 1440.000 ,        0 ,  972.023 ,  972.023 ,    0.000 ,  972.023 ,  972.023 ,    0.000 ,  467.977 ,    0.000 ,    0.000 ,       13 , 	)

	20 sommets 
	values : ( Cost : 508.694 , TRT : 454.105 , TWT :  33.629 , TD : 657.290 )
	violations : ( VC :       0 , VTW :   0.000 , VTD :   0.000 , VTRT :   0.000 )
	cout global : (   0.000	 )
S(i)	 (   C ,     TW0 ,       TW1 ,       VTW ,       Min ,       A ,       W ,       B ,       D ,       L ,       F ,       E ,       Det ,       [Imp ,       Imp]	)
   0 	 (   0 ,    0.000 , 1440.000 ,        0 ,    0.000 ,  387.135 ,    0.000 ,  387.135 ,  387.135 ,    0.000 ,    0.000 ,  387.135 ,    0.000 ,        0 , 	)
  33 	 (   1 ,  248.000 ,  479.282 ,        0 ,   57.862 ,  444.996 ,    0.000 ,  444.996 ,  445.996 ,    0.000 ,    0.000 ,  196.996 ,   31.564 ,        1 , 	)
 100 	 (   0 ,  331.000 ,  511.000 ,        0 ,  279.718 ,  476.714 ,    0.000 ,  476.714 ,  477.714 ,   30.718 ,    0.000 ,  145.714 ,    0.000 ,        2 , 	)
  50 	 (   4 ,  240.000 ,  480.000 ,        0 ,  332.000 ,  477.714 ,    0.000 ,  477.714 ,  481.714 ,    0.000 ,    0.000 ,  145.714 ,    0.000 ,        3 , 	)
  23 	 (   6 ,  480.000 ,  660.000 ,        0 ,  339.175 ,  484.889 ,    0.000 ,  484.889 ,  486.889 ,    0.000 ,    0.000 ,    4.889 ,  -23.119 ,        4 , 	)
 117 	 (   2 ,  398.000 ,  638.000 ,        0 ,  533.156 ,  538.045 ,    0.000 ,  538.045 ,  542.045 ,   56.331 ,    0.000 ,    4.889 ,   41.619 ,        5 , 	)
  18 	 (   4 ,  480.000 ,  660.000 ,        0 ,  565.040 ,  569.929 ,    0.000 ,  569.929 ,  571.929 ,    0.000 ,    0.000 ,    4.889 ,    2.895 ,        6 , 	)
  26 	 (   8 ,  480.000 ,  720.000 ,        0 ,  595.451 ,  600.341 ,    0.000 ,  600.341 ,  604.341 ,    0.000 ,    0.000 ,    4.889 ,    0.055 ,        7 , 	)
  90 	 (   6 ,  608.000 ,  788.000 ,        0 ,  624.914 ,  629.804 ,    0.000 ,  629.804 ,  631.804 ,  142.914 ,    0.000 ,    4.889 ,    6.775 ,        8 , 	)
  30 	 (   8 ,  540.000 ,  720.000 ,        0 ,  633.769 ,  638.659 ,    0.000 ,  638.659 ,  640.659 ,    0.000 ,    0.000 ,    4.889 ,    5.288 ,        9 , 	)
  85 	 (   6 ,  576.000 ,  756.000 ,        0 ,  644.122 ,  649.011 ,    0.000 ,  649.011 ,  651.011 ,   77.082 ,    0.000 ,    4.889 ,    0.967 ,       10 , 	)
  64 	 (   7 ,  527.000 ,  677.683 ,        0 ,  665.284 ,  670.174 ,    0.000 ,  670.174 ,  671.174 ,    0.000 ,    0.000 ,    4.889 ,    6.371 ,       11 , 	)
  97 	 (   5 ,  578.000 ,  812.000 ,        0 ,  684.555 ,  689.444 ,    0.000 ,  689.444 ,  691.444 ,   48.786 ,    0.000 ,    4.889 ,    5.509 ,       12 , 	)
 131 	 (   4 ,  577.000 ,  697.000 ,        0 ,  692.111 ,  697.000 ,    0.000 ,  697.000 ,  698.000 ,   25.826 ,    0.000 ,    4.889 ,   -0.980 ,       13 , 	)
  44 	 (   5 ,  600.000 ,  720.000 ,        0 ,  713.125 ,  718.014 ,    0.677 ,  718.692 ,  719.692 ,    0.000 ,    0.000 ,    5.567 ,    2.974 ,       14 , 	)
  46 	 (   7 ,  727.000 ,  960.000 ,        0 ,  728.719 ,  734.286 ,    0.000 ,  734.286 ,  736.286 ,    0.000 ,    0.000 ,    5.567 ,   13.991 ,       15 , 	)
 111 	 (   6 ,  619.927 ,  772.000 ,        0 ,  749.043 ,  754.610 ,    0.000 ,  754.610 ,  755.610 ,   34.918 ,    0.000 ,    5.567 ,    0.213 ,       16 , 	)
  93 	 (   2 ,  590.000 ,  830.000 ,        0 ,  758.774 ,  764.341 ,    0.000 ,  764.341 ,  768.341 ,  160.000 ,    0.000 ,    5.567 ,    7.050 ,       17 , 	)
 113 	 (   0 ,  817.000 ,  997.000 ,        0 ,  778.482 ,  784.049 ,   32.951 ,  817.000 ,  819.000 ,   80.714 ,    7.286 ,    0.000 ,   21.662 ,       18 , 	)
 135 	 (   0 ,    0.000 , 1440.000 ,        0 ,  841.240 ,  841.240 ,    0.000 ,  841.240 ,  841.240 ,    0.000 ,  598.760 ,    0.000 ,    0.000 ,       19 , 	)

	24 sommets 
	values : ( Cost : 500.666 , TRT : 444.306 , TWT :  19.865 , TD : 792.757 )
	violations : ( VC :       0 , VTW :   0.000 , VTD :   0.000 , VTRT :   0.000 )
	cout global : (   0.000	 )
S(i)	 (   C ,     TW0 ,       TW1 ,       VTW ,       Min ,       A ,       W ,       B ,       D ,       L ,       F ,       E ,       Det ,       [Imp ,       Imp]	)
   0 	 (   0 ,    0.000 , 1440.000 ,        0 ,    0.000 ,  511.950 ,    0.000 ,  511.950 ,  511.950 ,    0.000 ,    0.000 ,  511.950 ,    0.000 ,        0 , 	)
   6 	 (   3 ,  513.000 ,  698.180 ,        0 ,    8.946 ,  520.896 ,    0.000 ,  520.896 ,  523.896 ,    0.000 ,    0.000 ,    7.896 ,   17.739 ,        1 , 	)
  17 	 (   4 ,  480.000 ,  540.000 ,        0 ,  532.104 ,  540.000 ,    0.000 ,  540.000 ,  541.000 ,    0.000 ,    0.000 ,    7.896 ,    3.050 ,        2 , 	)
  21 	 (   7 ,  480.000 ,  720.000 ,        0 ,  544.953 ,  552.850 ,   19.865 ,  572.715 ,  575.715 ,    0.000 ,    7.550 ,   27.762 ,    0.000 ,        3 , 	)
  13 	 (   8 ,  495.000 ,  710.649 ,        0 ,  547.953 ,  575.715 ,    0.000 ,  575.715 ,  576.715 ,    0.000 ,    7.550 ,   27.762 ,    0.000 ,        4 , 	)
  84 	 (   7 ,  500.853 ,  594.000 ,        0 ,  558.689 ,  586.450 ,    0.000 ,  586.450 ,  587.450 ,   45.450 ,    7.550 ,   27.762 ,    2.732 ,        5 , 	)
  80 	 (   6 ,  553.000 ,  733.000 ,        0 ,  574.037 ,  601.798 ,    0.000 ,  601.798 ,  602.798 ,   25.083 ,    7.896 ,   27.762 ,    1.005 ,        6 , 	)
  73 	 (   3 ,  620.000 ,  740.000 ,        0 ,  592.238 ,  620.000 ,    0.000 ,  620.000 ,  623.000 ,   96.104 ,    7.896 ,    0.000 ,    1.898 ,        7 , 	)
  43 	 (   5 ,  540.000 ,  720.000 ,        0 ,  646.236 ,  646.236 ,    0.000 ,  646.236 ,  648.236 ,    0.000 ,   35.498 ,    0.000 ,    0.407 ,        8 , 	)
  65 	 (   7 ,  480.000 ,  720.000 ,        0 ,  673.353 ,  673.353 ,    0.000 ,  673.353 ,  675.353 ,    0.000 ,    2.734 ,    0.000 ,   18.173 ,        9 , 	)
  88 	 (   4 ,  613.000 ,  853.000 ,        0 ,  690.531 ,  690.531 ,    0.000 ,  690.531 ,  693.531 ,  114.816 ,    2.734 ,    0.000 ,    3.648 ,       10 , 	)
 132 	 (   2 ,  623.000 ,  863.000 ,        0 ,  724.686 ,  724.686 ,    0.000 ,  724.686 ,  726.686 ,   49.332 ,    2.734 ,    0.000 ,    2.034 ,       11 , 	)
  66 	 (   5 ,  720.000 ,  840.000 ,        0 ,  735.753 ,  735.753 ,    0.000 ,  735.753 ,  738.753 ,    0.000 ,    2.734 ,    0.000 ,    0.783 ,       12 , 	)
  67 	 (   6 ,  720.000 ,  900.000 ,        0 ,  746.328 ,  746.328 ,    0.000 ,  746.328 ,  747.328 ,    0.000 ,    2.734 ,    0.000 ,   12.603 ,       13 , 	)
 133 	 (   3 ,  760.000 ,  990.000 ,        0 ,  789.102 ,  789.102 ,    0.000 ,  789.102 ,  792.102 ,   50.349 ,    2.734 ,    0.000 ,   14.218 ,       14 , 	)
 110 	 (   1 ,  662.000 ,  842.000 ,        0 ,  806.502 ,  806.502 ,    0.000 ,  806.502 ,  808.502 ,  158.266 ,    2.734 ,    0.000 ,   -0.097 ,       15 , 	)
 134 	 (   0 ,  793.000 , 1033.000 ,        0 ,  821.859 ,  821.859 ,    0.000 ,  821.859 ,  822.859 ,   74.531 ,   80.469 ,    0.000 ,    4.074 ,       16 , 	)
  14 	 (   3 ,  725.000 ,  960.000 ,        0 ,  841.782 ,  841.782 ,    0.000 ,  841.782 ,  844.782 ,    0.000 ,   85.099 ,    0.000 ,   20.221 ,       17 , 	)
  36 	 (   7 ,  780.000 ,  960.000 ,        0 ,  866.237 ,  866.237 ,    0.000 ,  866.237 ,  870.237 ,    0.000 ,   31.474 ,    0.000 ,    8.396 ,       18 , 	)
  45 	 (   8 ,  780.000 ,  960.000 ,        0 ,  874.901 ,  874.901 ,    0.000 ,  874.901 ,  875.901 ,    0.000 ,   31.474 ,    0.000 ,    0.555 ,       19 , 	)
  81 	 (   5 ,  823.000 , 1003.000 ,        0 ,  908.308 ,  908.308 ,    0.000 ,  908.308 ,  911.308 ,   63.526 ,   31.474 ,    0.000 ,    6.830 ,       20 , 	)
 103 	 (   1 ,  838.000 , 1077.000 ,        0 ,  923.727 ,  923.727 ,    0.000 ,  923.727 ,  927.727 ,   53.490 ,   50.191 ,    0.000 ,   12.518 ,       21 , 	)
 112 	 (   0 ,  834.000 , 1073.000 ,        0 ,  937.710 ,  937.710 ,    0.000 ,  937.710 ,  938.710 ,   61.809 ,   50.191 ,    0.000 ,    0.756 ,       22 , 	)
 135 	 (   0 ,    0.000 , 1440.000 ,        0 ,  956.256 ,  956.256 ,    0.000 ,  956.256 ,  956.256 ,    0.000 ,  483.744 ,    0.000 ,    0.000 ,       23 , 	)

	16 sommets 
	values : ( Cost : 329.004 , TRT : 445.717 , TWT : 164.346 , TD : 570.768 )
	violations : ( VC :       0 , VTW :   0.000 , VTD :   0.000 , VTRT :   0.000 )
	cout global : (   0.000	 )
S(i)	 (   C ,     TW0 ,       TW1 ,       VTW ,       Min ,       A ,       W ,       B ,       D ,       L ,       F ,       E ,       Det ,       [Imp ,       Imp]	)
   0 	 (   0 ,    0.000 , 1440.000 ,        0 ,    0.000 ,  647.250 ,    0.000 ,  647.250 ,  647.250 ,    0.000 ,    0.000 ,  647.250 ,    0.000 ,        0 , 	)
  12 	 (   3 ,  600.000 ,  660.000 ,        0 ,   12.750 ,  660.000 ,    0.000 ,  660.000 ,  663.000 ,    0.000 ,    0.000 ,   60.000 ,    7.912 ,        1 , 	)
  24 	 (   4 ,  749.000 ,  944.092 ,        0 ,  621.466 ,  681.466 ,   70.641 ,  752.108 ,  753.108 ,    0.000 ,    0.000 ,    3.108 ,    3.265 ,        2 , 	)
   9 	 (   7 ,  720.000 ,  960.000 ,        0 ,  755.886 ,  758.993 ,    0.000 ,  758.993 ,  761.993 ,    0.000 ,    0.000 ,    3.108 ,    1.402 ,        3 , 	)
  79 	 (   4 ,  651.308 ,  792.000 ,        0 ,  788.892 ,  792.000 ,    0.000 ,  792.000 ,  795.000 ,  129.000 ,    0.000 ,    3.108 ,    0.071 ,        4 , 	)
  76 	 (   1 ,  810.000 , 1050.000 ,        0 ,  805.580 ,  808.687 ,    1.313 ,  810.000 ,  813.000 ,   48.007 ,   68.993 ,    0.000 ,    1.544 ,        5 , 	)
  20 	 (   5 ,  720.000 ,  960.000 ,        0 ,  823.041 ,  823.041 ,   92.392 ,  915.432 ,  919.432 ,    0.000 ,    3.108 ,   92.392 ,    2.300 ,        6 , 	)
  91 	 (   4 ,  930.000 ,  990.000 ,        0 ,  837.608 ,  930.000 ,    0.000 ,  930.000 ,  931.000 ,  176.892 ,    3.108 ,    0.000 ,    3.070 ,        7 , 	)
   8 	 (   8 ,  780.000 ,  960.000 ,        0 ,  954.657 ,  954.657 ,    0.000 ,  954.657 ,  958.657 ,    0.000 ,    5.343 ,    0.000 ,    1.614 ,        8 , 	)
  75 	 (   4 ,  814.000 ,  994.000 ,        0 ,  973.950 ,  973.950 ,    0.000 ,  973.950 ,  977.950 ,   15.292 ,   20.050 ,    0.000 ,   15.381 ,        9 , 	)
  57 	 (   5 ,  960.000 , 1200.000 ,        0 ,  996.841 ,  996.841 ,    0.000 ,  996.841 ,  997.841 ,    0.000 ,   84.842 ,    0.000 ,   13.107 ,       10 , 	)
   3 	 (   6 ,  960.000 , 1200.000 ,        0 , 1014.434 , 1014.434 ,    0.000 , 1014.434 , 1015.434 ,    0.000 ,   22.278 ,    0.000 ,   15.060 ,       11 , 	)
 124 	 (   5 , 1006.000 , 1246.000 ,        0 , 1036.562 , 1036.562 ,    0.000 , 1036.562 , 1037.562 ,   38.722 ,   22.278 ,    0.000 ,    0.000 ,       12 , 	)
  70 	 (   4 , 1003.000 , 1243.000 ,        0 , 1037.562 , 1037.562 ,    0.000 , 1037.562 , 1038.562 ,   22.129 ,   34.871 ,    0.000 ,    0.000 ,       13 , 	)
  87 	 (   0 ,  965.000 , 1145.000 ,        0 , 1060.158 , 1060.158 ,    0.000 , 1060.158 , 1064.158 ,  140.726 ,   84.842 ,    0.000 ,   19.695 ,       14 , 	)
 135 	 (   0 ,    0.000 , 1440.000 ,        0 , 1092.968 , 1092.968 ,    0.000 , 1092.968 , 1092.968 ,    0.000 ,  347.032 ,   -0.000 ,    0.000 ,       15 , 	)

	20 sommets 
	values : ( Cost : 309.038 , TRT : 353.843 , TWT :  85.483 , TD : 586.064 )
	violations : ( VC :       0 , VTW :   0.000 , VTD :   0.000 , VTRT :   0.000 )
	cout global : (   0.000	 )
S(i)	 (   C ,     TW0 ,       TW1 ,       VTW ,       Min ,       A ,       W ,       B ,       D ,       L ,       F ,       E ,       Det ,       [Imp ,       Imp]	)
   0 	 (   0 ,    0.000 , 1440.000 ,        0 ,    0.000 ,  788.188 ,    0.000 ,  788.188 ,  788.188 ,    0.000 ,    0.000 ,  788.188 ,    0.000 ,        0 , 	)
  56 	 (   3 ,  720.000 ,  900.000 ,        0 ,    9.444 ,  797.632 ,    0.000 ,  797.632 ,  800.632 ,    0.000 ,    0.000 ,   77.632 ,    3.456 ,        1 , 	)
  41 	 (   5 ,  733.000 ,  952.374 ,        0 ,  729.762 ,  807.394 ,    0.000 ,  807.394 ,  809.394 ,    0.000 ,    0.000 ,   74.394 ,    0.000 ,        2 , 	)
  34 	 (   6 ,  758.000 ,  869.965 ,        0 ,  735.000 ,  809.394 ,    0.000 ,  809.394 ,  810.394 ,    0.000 ,    0.000 ,   51.394 ,    0.000 ,        3 , 	)
 123 	 (   3 ,  744.000 ,  924.000 ,        0 ,  765.080 ,  816.474 ,    0.000 ,  816.474 ,  819.474 ,   15.842 ,    0.000 ,   51.394 ,    6.910 ,        4 , 	)
  62 	 (   5 ,  780.000 ,  840.000 ,        0 ,  788.606 ,  840.000 ,    0.000 ,  840.000 ,  842.000 ,    0.000 ,   -0.000 ,   51.394 ,    1.523 ,        5 , 	)
  22 	 (   8 ,  724.000 ,  960.000 ,        0 ,  795.180 ,  846.574 ,   22.820 ,  869.394 ,  872.394 ,    0.000 ,    0.000 ,   74.214 ,    0.000 ,        6 , 	)
 108 	 (   6 ,  798.000 ,  978.000 ,        0 ,  798.180 ,  872.394 ,    0.000 ,  872.394 ,  874.394 ,   63.000 ,    0.000 ,   74.214 ,    0.000 ,        7 , 	)
 101 	 (   5 ,  842.000 ,  902.000 ,        0 ,  812.551 ,  886.765 ,    0.000 ,  886.765 ,  887.765 ,   76.371 ,    6.629 ,   44.765 ,   -0.370 ,        8 , 	)
  52 	 (   8 ,  720.000 ,  960.000 ,        0 ,  846.931 ,  891.696 ,   45.401 ,  937.098 ,  940.098 ,    0.000 ,    0.000 ,   90.167 ,   -0.259 ,        9 , 	)
 129 	 (   6 ,  814.000 ,  991.000 ,        0 ,  865.798 ,  955.965 ,    0.000 ,  955.965 ,  957.965 ,  113.965 ,    0.000 ,   90.167 ,   -0.642 ,       10 , 	)
  89 	 (   3 ,  826.000 , 1006.000 ,        0 ,  881.227 ,  971.394 ,    0.000 ,  971.394 ,  974.394 ,   99.000 ,    0.000 ,   90.167 ,    0.000 ,       11 , 	)
 119 	 (   0 ,  779.000 , 1019.000 ,        0 ,  894.614 ,  984.781 ,    0.000 ,  984.781 ,  987.781 ,   44.683 ,   31.317 ,   90.167 ,    8.285 ,       12 , 	)
  53 	 (   1 ,  960.000 , 1140.000 ,        0 ,  907.526 ,  997.692 ,   17.262 , 1014.954 , 1015.954 ,    0.000 ,   87.811 ,   54.954 ,    1.192 ,       13 , 	)
  61 	 (   3 , 1020.000 , 1200.000 ,        0 ,  969.538 , 1024.492 ,    0.000 , 1024.492 , 1026.492 ,    0.000 ,   16.680 ,    4.492 ,    5.161 ,       14 , 	)
  11 	 (   4 ,  960.000 , 1140.000 ,        0 , 1047.698 , 1052.189 ,    0.000 , 1052.189 , 1053.189 ,    0.000 ,   16.680 ,    4.492 ,   -2.956 ,       15 , 	)
 128 	 (   2 , 1058.000 , 1292.000 ,        0 , 1053.508 , 1058.000 ,    0.000 , 1058.000 , 1060.000 ,   31.508 ,   16.680 ,    0.000 ,    7.286 ,       16 , 	)
  78 	 (   1 , 1015.000 , 1195.000 ,        0 , 1089.564 , 1089.564 ,    0.000 , 1089.564 , 1090.564 ,   36.374 ,   16.680 ,    0.000 ,    7.335 ,       17 , 	)
 120 	 (   0 , 1021.000 , 1261.000 ,        0 , 1121.274 , 1121.274 ,    0.000 , 1121.274 , 1122.274 ,  105.320 ,   16.680 ,    0.000 ,   13.296 ,       18 , 	)
 135 	 (   0 ,    0.000 , 1440.000 ,        0 , 1142.031 , 1142.031 ,    0.000 , 1142.031 , 1142.031 ,    0.000 ,  297.969 ,    0.000 ,    0.000 ,       19 , 	)
