10
	VALUE ALL : ( Cost : 3583.623 , TRT : 3378.619 , TWT : 390.165 , TD : 4562.757 )
	VIOLATIONS TOTAL : ( VC :       0 , VTW :   0.000 , VTD :   0.000 , VTRT :   0.000 )
 	COUT_ALL : (   0.003 )  T2B:   53401

	8 sommets 
	values : ( Cost : 296.712 , TRT : 237.092 , TWT :   0.000 , TD : 300.885 )
	violations : ( VC :       0 , VTW :   0.000 , VTD :   0.000 , VTRT :   0.000 )
	cout global : (   0.000	 )
S(i)	 (   C ,     TW0 ,       TW1 ,       VTW ,       Min ,       A ,       W ,       B ,       D ,       L ,       F ,       E ,       Det ,       [Imp ,       Imp]	)
   0 	 (   0 ,    0.000 , 1440.000 ,        0 ,    0.000 ,  797.523 ,    0.000 ,  797.523 ,  797.523 ,    0.000 ,   89.202 ,  797.523 ,    0.000 ,        0 , 	)
  60 	 (   1 ,  780.000 ,  960.000 ,        0 ,   29.851 ,  827.374 ,    0.000 ,  827.374 ,  828.374 ,    0.000 ,   89.202 ,   47.374 ,    5.444 ,        1 , 	)
   8 	 (   3 ,  720.000 ,  960.000 ,        0 ,  802.075 ,  849.450 ,    0.000 ,  849.450 ,  851.450 ,    0.000 ,   69.374 ,   47.374 ,    7.439 ,        2 , 	)
  16 	 (   7 ,  780.000 ,  960.000 ,        0 ,  823.423 ,  870.798 ,    0.000 ,  870.798 ,  874.798 ,    0.000 ,   22.662 ,   47.374 ,   13.940 ,        3 , 	)
  75 	 (   5 ,  770.000 , 1010.000 ,        0 ,  846.414 ,  893.788 ,    0.000 ,  893.788 ,  895.788 ,   42.338 ,   22.662 ,   47.374 ,    3.846 ,        4 , 	)
 127 	 (   4 ,  964.000 , 1084.000 ,        0 ,  916.626 ,  964.000 ,    0.000 ,  964.000 ,  965.000 ,  135.626 ,   69.374 ,    0.000 ,   38.371 ,        5 , 	)
  83 	 (   0 ,  968.000 , 1088.000 ,        0 ,  997.719 ,  997.719 ,    0.000 ,  997.719 , 1001.719 ,  122.921 ,   84.079 ,    0.000 ,   10.237 ,        6 , 	)
 135 	 (   0 ,    0.000 , 1440.000 ,        0 , 1034.615 , 1034.615 ,    0.000 , 1034.615 , 1034.615 ,    0.000 ,  405.385 ,    0.000 ,    0.000 ,        7 , 	)

	16 sommets 
	values : ( Cost : 384.049 , TRT : 314.759 , TWT :   0.000 , TD : 457.768 )
	violations : ( VC :       0 , VTW :   0.000 , VTD :   0.000 , VTRT :   0.000 )
	cout global : (   0.000	 )
S(i)	 (   C ,     TW0 ,       TW1 ,       VTW ,       Min ,       A ,       W ,       B ,       D ,       L ,       F ,       E ,       Det ,       [Imp ,       Imp]	)
   0 	 (   0 ,    0.000 , 1440.000 ,        0 ,    0.000 ,  711.669 ,    0.000 ,  711.669 ,  711.669 ,    0.000 ,    1.842 ,  711.669 ,    0.000 ,        0 , 	)
  21 	 (   1 ,  720.000 ,  960.000 ,        0 ,   28.590 ,  740.259 ,    0.000 ,  740.259 ,  741.259 ,    0.000 ,    1.842 ,   20.259 ,   20.989 ,        1 , 	)
  11 	 (   2 ,  723.000 ,  960.000 ,        0 ,  746.986 ,  767.246 ,    0.000 ,  767.246 ,  768.246 ,    0.000 ,    1.842 ,   20.259 ,    4.314 ,        2 , 	)
   5 	 (   5 ,  722.000 ,  960.000 ,        0 ,  759.929 ,  780.189 ,    0.000 ,  780.189 ,  783.189 ,    0.000 ,    1.842 ,   20.259 ,   -0.045 ,        3 , 	)
  88 	 (   4 ,  791.000 , 1031.000 ,        0 ,  770.741 ,  791.000 ,    0.000 ,  791.000 ,  792.000 ,   49.741 ,    1.842 ,    0.000 ,    1.896 ,        4 , 	)
  31 	 (   8 ,  780.000 ,  960.000 ,        0 ,  824.877 ,  824.877 ,    0.000 ,  824.877 ,  828.877 ,    0.000 ,    1.842 ,    0.000 ,   15.071 ,        5 , 	)
  72 	 (   5 ,  831.000 , 1011.000 ,        0 ,  844.823 ,  844.823 ,    0.000 ,  844.823 ,  847.823 ,   61.634 ,    1.842 ,    0.000 ,   18.219 ,        6 , 	)
  78 	 (   4 ,  828.000 , 1008.000 ,        0 ,  863.476 ,  863.476 ,    0.000 ,  863.476 ,  864.476 ,   95.230 ,    1.842 ,    0.000 ,    0.870 ,        7 , 	)
  54 	 (   6 ,  726.000 ,  960.000 ,        0 ,  869.698 ,  869.698 ,    0.000 ,  869.698 ,  871.698 ,    0.000 ,    1.842 ,    0.000 ,    6.559 ,        8 , 	)
  20 	 (   7 ,  720.000 ,  960.000 ,        0 ,  899.997 ,  899.997 ,    0.000 ,  899.997 ,  900.997 ,    0.000 ,    1.842 ,    0.000 ,    0.001 ,        9 , 	)
 121 	 (   5 ,  819.000 ,  999.000 ,        0 ,  906.895 ,  906.895 ,    0.000 ,  906.895 ,  908.895 ,   35.198 ,    1.842 ,    0.000 ,    5.419 ,       10 , 	)
  98 	 (   1 ,  938.000 , 1178.000 ,        0 ,  938.159 ,  938.159 ,    0.000 ,  938.159 ,  942.159 ,  109.281 ,    1.842 ,    0.000 ,    2.182 ,       11 , 	)
  24 	 (   2 ,  780.000 ,  960.000 ,        0 ,  958.158 ,  958.158 ,    0.000 ,  958.158 ,  959.158 ,    0.000 ,    1.842 ,    0.000 ,   13.051 ,       12 , 	)
  87 	 (   1 ,  793.000 , 1033.000 ,        0 ,  966.265 ,  966.265 ,    0.000 ,  966.265 ,  967.265 ,   65.268 ,   32.732 ,    0.000 ,    2.456 ,       13 , 	)
  91 	 (   0 ,  818.961 , 1037.000 ,        0 , 1000.575 , 1000.575 ,    0.000 , 1000.575 , 1001.575 ,   41.417 ,   34.583 ,    0.000 ,   -0.900 ,       14 , 	)
 135 	 (   0 ,    0.000 , 1440.000 ,        0 , 1026.428 , 1026.428 ,    0.000 , 1026.428 , 1026.428 ,    0.000 ,  413.572 ,    0.000 ,    0.000 ,       15 , 	)

	18 sommets 
	values : ( Cost : 421.714 , TRT : 410.570 , TWT :  63.492 , TD : 542.601 )
	violations : ( VC :       0 , VTW :   0.000 , VTD :   0.000 , VTRT :   0.000 )
	cout global : (   0.000	 )
S(i)	 (   C ,     TW0 ,       TW1 ,       VTW ,       Min ,       A ,       W ,       B ,       D ,       L ,       F ,       E ,       Det ,       [Imp ,       Imp]	)
   0 	 (   0 ,    0.000 , 1440.000 ,        0 ,    0.000 ,  219.214 ,    0.000 ,  219.214 ,  219.214 ,    0.000 ,    0.000 ,  219.214 ,    0.000 ,        0 , 	)
   9 	 (   4 ,  240.000 ,  480.000 ,        0 ,   38.977 ,  258.190 ,    0.000 ,  258.190 ,  262.190 ,    0.000 ,    0.000 ,   18.190 ,   39.717 ,        1 , 	)
  61 	 (   5 ,  240.000 ,  480.000 ,        0 ,  279.799 ,  297.989 ,    0.000 ,  297.989 ,  298.989 ,    0.000 ,    0.000 ,   18.190 ,   22.741 ,        2 , 	)
 128 	 (   4 ,  277.000 ,  517.000 ,        0 ,  294.601 ,  312.791 ,    0.000 ,  312.791 ,  313.791 ,   13.802 ,    0.000 ,   18.190 ,   14.910 ,        3 , 	)
  15 	 (   5 ,  300.000 ,  480.000 ,        0 ,  326.081 ,  344.271 ,    0.000 ,  344.271 ,  345.271 ,    0.000 ,    0.000 ,   18.190 ,    8.443 ,        4 , 	)
  82 	 (   4 ,  320.775 ,  534.000 ,        0 ,  346.856 ,  365.047 ,    0.000 ,  365.047 ,  366.047 ,   19.775 ,    0.000 ,   18.190 ,    4.121 ,        5 , 	)
  76 	 (   0 ,  371.000 ,  611.000 ,        0 ,  356.247 ,  374.437 ,    0.000 ,  374.437 ,  378.437 ,  112.247 ,    0.000 ,    3.437 ,    0.000 ,        6 , 	)
  58 	 (   1 ,  240.000 ,  480.000 ,        0 ,  375.000 ,  378.437 ,    0.000 ,  378.437 ,  379.437 ,    0.000 ,    0.000 ,    3.437 ,    0.000 ,        7 , 	)
 125 	 (   0 ,  328.000 ,  568.000 ,        0 ,  420.220 ,  423.657 ,    0.000 ,  423.657 ,  424.657 ,   44.220 ,    0.000 ,    3.437 ,    2.337 ,        8 , 	)
   4 	 (   3 ,  240.000 ,  480.000 ,        0 ,  430.385 ,  433.822 ,    0.000 ,  433.822 ,  436.822 ,    0.000 ,    0.000 ,    3.437 ,   15.781 ,        9 , 	)
  19 	 (   6 ,  240.000 ,  480.000 ,        0 ,  446.798 ,  450.235 ,    0.000 ,  450.235 ,  453.235 ,    0.000 ,    0.000 ,    3.437 ,    1.922 ,       10 , 	)
  17 	 (   7 ,  300.000 ,  480.000 ,        0 ,  476.563 ,  480.000 ,    0.000 ,  480.000 ,  481.000 ,    0.000 ,    0.000 ,    3.437 ,    4.080 ,       11 , 	)
  25 	 (   8 ,  514.000 ,  696.130 ,        0 ,  491.239 ,  494.676 ,   28.805 ,  523.480 ,  524.480 ,    0.000 ,    0.000 ,    9.480 ,    2.983 ,       12 , 	)
  71 	 (   5 ,  328.000 ,  568.000 ,        0 ,  518.329 ,  527.809 ,    0.000 ,  527.809 ,  530.809 ,   90.987 ,    0.000 ,    9.480 ,    2.651 ,       13 , 	)
  84 	 (   4 ,  323.668 ,  542.000 ,        0 ,  532.520 ,  542.000 ,    0.000 ,  542.000 ,  543.000 ,   61.000 ,    0.000 ,    9.480 ,    1.366 ,       14 , 	)
  86 	 (   1 ,  431.000 ,  611.000 ,        0 ,  554.805 ,  564.285 ,    0.000 ,  564.285 ,  567.285 ,  111.050 ,   44.168 ,    9.480 ,    6.945 ,       15 , 	)
  92 	 (   0 ,  614.000 ,  734.000 ,        0 ,  569.832 ,  579.313 ,   34.687 ,  614.000 ,  615.000 ,   89.520 ,    9.480 ,    0.000 ,    0.350 ,       16 , 	)
 135 	 (   0 ,    0.000 , 1440.000 ,        0 ,  629.783 ,  629.783 ,    0.000 ,  629.783 ,  629.783 ,    0.000 ,  810.217 ,    0.000 ,    0.000 ,       17 , 	)

	12 sommets 
	values : ( Cost : 261.168 , TRT : 220.367 , TWT :   0.000 , TD : 268.695 )
	violations : ( VC :       0 , VTW :   0.000 , VTD :   0.000 , VTRT :   0.000 )
	cout global : (   0.000	 )
S(i)	 (   C ,     TW0 ,       TW1 ,       VTW ,       Min ,       A ,       W ,       B ,       D ,       L ,       F ,       E ,       Det ,       [Imp ,       Imp]	)
   0 	 (   0 ,    0.000 , 1440.000 ,        0 ,    0.000 ,  770.724 ,    0.000 ,  770.724 ,  770.724 ,    0.000 ,   15.604 ,  770.724 ,    0.000 ,        0 , 	)
  38 	 (   3 ,  720.000 ,  840.000 ,        0 ,   24.480 ,  795.205 ,    0.000 ,  795.205 ,  798.205 ,    0.000 ,   15.604 ,   75.205 ,    0.829 ,        1 , 	)
 105 	 (   0 ,  734.221 ,  873.000 ,        0 ,  734.221 ,  809.426 ,    0.000 ,  809.426 ,  812.426 ,   11.221 ,   15.604 ,   75.205 ,   -1.360 ,        2 , 	)
  23 	 (   1 ,  720.000 ,  960.000 ,        0 ,  756.153 ,  831.357 ,    0.000 ,  831.357 ,  832.357 ,    0.000 ,   15.604 ,   75.205 ,  -10.101 ,        3 , 	)
  49 	 (   2 ,  780.000 ,  900.000 ,        0 ,  774.020 ,  849.225 ,    0.000 ,  849.225 ,  850.225 ,    0.000 ,   15.604 ,   69.225 ,   -5.426 ,        4 , 	)
  48 	 (   6 ,  782.000 ,  900.000 ,        0 ,  797.232 ,  866.457 ,    0.000 ,  866.457 ,  870.457 ,    0.000 ,    4.209 ,   69.225 ,    0.524 ,        5 , 	)
  90 	 (   5 ,  881.000 , 1121.000 ,        0 ,  811.775 ,  881.000 ,    0.000 ,  881.000 ,  882.000 ,   48.643 ,    4.209 ,    0.000 ,    0.218 ,        6 , 	)
   7 	 (   8 ,  780.000 ,  960.000 ,        0 ,  891.249 ,  891.249 ,    0.000 ,  891.249 ,  894.249 ,    0.000 ,    4.209 ,    0.000 ,    5.395 ,        7 , 	)
  74 	 (   5 ,  803.101 , 1017.000 ,        0 ,  914.350 ,  914.350 ,    0.000 ,  914.350 ,  917.350 ,   20.101 ,    4.209 ,    0.000 ,    1.246 ,        8 , 	)
 115 	 (   1 ,  894.000 ,  954.000 ,        0 ,  938.396 ,  938.396 ,    0.000 ,  938.396 ,  942.396 ,   67.939 ,    4.209 ,    0.000 ,  -18.002 ,        9 , 	)
 116 	 (   0 ,  827.689 , 1026.000 ,        0 ,  971.016 ,  971.016 ,    0.000 ,  971.016 ,  972.016 ,  120.791 ,    4.209 ,    0.000 ,    0.086 ,       10 , 	)
 135 	 (   0 ,    0.000 , 1440.000 ,        0 ,  991.091 ,  991.091 ,    0.000 ,  991.091 ,  991.091 ,    0.000 ,  448.909 ,    0.000 ,    0.000 ,       11 , 	)

	12 sommets 
	values : ( Cost : 291.008 , TRT : 479.779 , TWT : 238.976 , TD : 374.568 )
	violations : ( VC :       0 , VTW :   0.000 , VTD :   0.000 , VTRT :   0.000 )
	cout global : (   0.000	 )
S(i)	 (   C ,     TW0 ,       TW1 ,       VTW ,       Min ,       A ,       W ,       B ,       D ,       L ,       F ,       E ,       Det ,       [Imp ,       Imp]	)
   0 	 (   0 ,    0.000 , 1440.000 ,        0 ,    0.000 ,  401.702 ,    0.000 ,  401.702 ,  401.702 ,    0.000 ,    0.000 ,  401.702 ,    0.000 ,        0 , 	)
  29 	 (   4 ,  360.000 ,  420.000 ,        0 ,   18.298 ,  420.000 ,    0.000 ,  420.000 ,  424.000 ,    0.000 ,    0.000 ,   60.000 ,    6.606 ,        1 , 	)
  37 	 (   5 ,  300.000 ,  480.000 ,        0 ,  377.069 ,  437.069 ,   42.931 ,  480.000 ,  481.000 ,    0.000 ,    0.000 ,  102.931 ,   15.023 ,        2 , 	)
  59 	 (   6 ,  480.000 ,  720.000 ,        0 ,  392.719 ,  495.650 ,   18.932 ,  514.581 ,  515.581 ,    0.000 ,    0.000 ,   34.581 ,   -0.210 ,        3 , 	)
 104 	 (   5 ,  353.000 ,  533.000 ,        0 ,  492.498 ,  527.079 ,    0.000 ,  527.079 ,  528.079 ,   46.079 ,    0.000 ,   34.581 ,   -0.000 ,        4 , 	)
  96 	 (   1 ,  414.433 ,  559.000 ,        0 ,  524.419 ,  559.000 ,    0.000 ,  559.000 ,  563.000 ,  135.000 ,   -0.000 ,   34.581 ,   11.107 ,        5 , 	)
 126 	 (   0 ,  565.000 ,  805.000 ,        0 ,  546.341 ,  580.923 ,    0.000 ,  580.923 ,  581.923 ,   65.341 ,   47.659 ,   15.923 ,   -6.671 ,        6 , 	)
   2 	 (   4 ,  720.000 ,  960.000 ,        0 ,  572.120 ,  588.043 ,  177.114 ,  765.156 ,  769.156 ,    0.000 ,    1.127 ,   45.156 ,    2.244 ,        7 , 	)
  18 	 (   5 ,  720.000 ,  780.000 ,        0 ,  733.717 ,  778.873 ,    0.000 ,  778.873 ,  779.873 ,    0.000 ,    1.127 ,   45.156 ,   16.732 ,        8 , 	)
  85 	 (   4 ,  765.304 ,  899.000 ,        0 ,  779.020 ,  824.177 ,    0.000 ,  824.177 ,  825.177 ,   44.304 ,   73.696 ,   45.156 ,    0.998 ,        9 , 	)
  69 	 (   0 ,  853.000 , 1093.000 ,        0 ,  807.844 ,  853.000 ,    0.000 ,  853.000 ,  857.000 ,   83.844 ,   89.156 ,    0.000 ,   12.301 ,       10 , 	)
 135 	 (   0 ,    0.000 , 1440.000 ,        0 ,  881.480 ,  881.480 ,    0.000 ,  881.480 ,  881.480 ,    0.000 ,  558.520 ,    0.000 ,    0.000 ,       11 , 	)

	24 sommets 
	values : ( Cost : 523.115 , TRT : 438.300 , TWT :   6.980 , TD : 997.141 )
	violations : ( VC :       0 , VTW :   0.000 , VTD :   0.000 , VTRT :   0.000 )
	cout global : (   0.000	 )
S(i)	 (   C ,     TW0 ,       TW1 ,       VTW ,       Min ,       A ,       W ,       B ,       D ,       L ,       F ,       E ,       Det ,       [Imp ,       Imp]	)
   0 	 (   0 ,    0.000 , 1440.000 ,        0 ,    0.000 ,  844.023 ,    0.000 ,  844.023 ,  844.023 ,    0.000 ,    0.000 ,  844.023 ,    0.000 ,        0 , 	)
  57 	 (   3 ,  780.000 ,  960.000 ,        0 ,   20.662 ,  864.684 ,    0.000 ,  864.684 ,  867.684 ,    0.000 ,    0.000 ,   84.684 ,    1.661 ,        1 , 	)
  27 	 (   5 ,  730.000 ,  960.000 ,        0 ,  825.798 ,  910.482 ,    0.000 ,  910.482 ,  912.482 ,    0.000 ,    0.000 ,   84.684 ,   46.087 ,        2 , 	)
  36 	 (   6 ,  720.000 ,  960.000 ,        0 ,  855.438 ,  940.122 ,    0.000 ,  940.122 ,  941.122 ,    0.000 ,    0.000 ,   84.684 ,   -0.695 ,        3 , 	)
  13 	 (   7 ,  900.000 ,  960.000 ,        0 ,  875.316 ,  960.000 ,    0.000 ,  960.000 ,  961.000 ,    0.000 ,    0.000 ,   60.000 ,    4.555 ,        4 , 	)
  45 	 (   8 ,  960.000 , 1200.000 ,        0 ,  922.405 ,  982.405 ,    5.277 ,  987.682 ,  988.682 ,    0.000 ,    0.000 ,   27.682 ,   21.314 ,        5 , 	)
  80 	 (   7 ,  922.876 , 1020.000 ,        0 ,  982.786 , 1010.468 ,    0.000 , 1010.468 , 1011.468 ,   49.468 ,    0.000 ,   27.682 ,   21.954 ,        6 , 	)
 112 	 (   6 ,  999.000 , 1239.000 ,        0 ,  998.553 , 1026.235 ,    0.000 , 1026.235 , 1027.235 ,   37.553 ,    0.000 ,   27.235 ,    1.583 ,        7 , 	)
 103 	 (   5 ,  816.000 , 1056.000 ,        0 , 1008.712 , 1035.947 ,    0.000 , 1035.947 , 1036.947 ,   94.826 ,    0.000 ,   27.235 ,    0.869 ,        8 , 	)
  94 	 (   3 ,  927.000 , 1047.000 ,        0 , 1019.765 , 1047.000 ,    0.000 , 1047.000 , 1049.000 ,  134.518 ,    0.000 ,   27.235 ,    0.317 ,        9 , 	)
 124 	 (   0 ,  918.000 , 1158.000 ,        0 , 1027.683 , 1054.918 ,    0.000 , 1054.918 , 1057.918 ,  187.234 ,   34.766 ,   27.235 ,    0.000 ,       10 , 	)
  35 	 (   1 , 1020.000 , 1200.000 ,        0 , 1030.683 , 1057.918 ,    1.703 , 1059.621 , 1060.621 ,    0.000 ,   51.927 ,   28.938 ,    0.000 ,       11 , 	)
  52 	 (   3 ,  969.000 , 1193.335 ,        0 , 1041.689 , 1070.627 ,    0.000 , 1070.627 , 1072.627 ,    0.000 ,   51.927 ,   28.938 ,   -1.583 ,       12 , 	)
  63 	 (   5 ,  960.000 , 1200.000 ,        0 , 1054.859 , 1083.797 ,    0.000 , 1083.797 , 1085.797 ,    0.000 ,   22.126 ,   28.938 ,   12.723 ,       13 , 	)
  33 	 (   8 , 1020.000 , 1200.000 ,        0 , 1071.337 , 1100.275 ,    0.000 , 1100.275 , 1103.275 ,    0.000 ,   22.126 ,   28.938 ,    2.985 ,       14 , 	)
 119 	 (   6 , 1030.000 , 1210.000 ,        0 , 1080.563 , 1109.501 ,    0.000 , 1109.501 , 1111.501 ,   36.874 ,   20.614 ,   28.938 ,    7.343 ,       15 , 	)
  34 	 (   8 , 1037.000 , 1185.848 ,        0 , 1088.993 , 1117.932 ,    0.000 , 1117.932 , 1119.932 ,    0.000 ,   20.614 ,   28.938 ,   -4.686 ,       16 , 	)
 101 	 (   6 , 1085.000 , 1205.000 ,        0 , 1108.145 , 1137.083 ,    0.000 , 1137.083 , 1139.083 ,   17.152 ,   20.614 ,   28.938 ,   16.464 ,       17 , 	)
  40 	 (   7 ,  960.000 , 1200.000 ,        0 , 1119.135 , 1148.073 ,    0.000 , 1148.073 , 1149.073 ,    0.000 ,   20.614 ,   28.938 ,  -10.076 ,       18 , 	)
 100 	 (   4 , 1093.000 , 1273.000 ,        0 , 1148.723 , 1177.661 ,    0.000 , 1177.661 , 1180.661 ,   74.386 ,   20.614 ,   28.938 ,    1.530 ,       19 , 	)
 102 	 (   3 , 1195.000 , 1375.000 ,        0 , 1166.062 , 1195.000 ,    0.000 , 1195.000 , 1196.000 ,  134.379 ,   26.169 ,    0.000 ,   22.865 ,       20 , 	)
 107 	 (   2 , 1028.000 , 1268.000 ,        0 , 1213.904 , 1213.904 ,    0.000 , 1213.904 , 1214.904 ,   64.831 ,   26.169 ,   -0.000 ,    8.744 ,       21 , 	)
 130 	 (   0 , 1143.000 , 1323.000 ,        0 , 1251.717 , 1251.717 ,    0.000 , 1251.717 , 1253.717 ,  165.920 ,   37.080 ,   -0.000 ,   31.190 ,       22 , 	)
 135 	 (   0 ,    0.000 , 1440.000 ,        0 , 1282.323 , 1282.323 ,    0.000 , 1282.323 , 1282.323 ,    0.000 ,  157.677 ,   -0.000 ,    0.000 ,       23 , 	)

	18 sommets 
	values : ( Cost : 339.041 , TRT : 286.918 , TWT :   0.000 , TD : 451.173 )
	violations : ( VC :       0 , VTW :   0.000 , VTD :   0.000 , VTRT :   0.000 )
	cout global : (   0.000	 )
S(i)	 (   C ,     TW0 ,       TW1 ,       VTW ,       Min ,       A ,       W ,       B ,       D ,       L ,       F ,       E ,       Det ,       [Imp ,       Imp]	)
   0 	 (   0 ,    0.000 , 1440.000 ,        0 ,    0.000 ,  264.369 ,    0.000 ,  264.369 ,  264.369 ,    0.000 ,    4.147 ,  264.369 ,    0.000 ,        0 , 	)
  26 	 (   4 ,  300.000 ,  420.000 ,        0 ,   35.631 ,  300.000 ,    0.000 ,  300.000 ,  304.000 ,    0.000 ,    4.147 ,    0.000 ,   23.956 ,        1 , 	)
  66 	 (   7 ,  240.000 ,  480.000 ,        0 ,  316.414 ,  316.414 ,    0.000 ,  316.414 ,  319.414 ,    0.000 ,    4.147 ,    0.000 ,   -0.566 ,        2 , 	)
  93 	 (   3 ,  336.124 ,  510.000 ,        0 ,  338.558 ,  338.558 ,    0.000 ,  338.558 ,  342.558 ,   34.558 ,    4.147 ,    0.000 ,    0.000 ,        3 , 	)
  12 	 (   5 ,  240.000 ,  480.000 ,        0 ,  342.558 ,  342.558 ,    0.000 ,  342.558 ,  344.558 ,    0.000 ,    4.147 ,    0.000 ,    0.000 ,        4 , 	)
 133 	 (   2 ,  322.000 ,  562.000 ,        0 ,  377.605 ,  377.605 ,    0.000 ,  377.605 ,  380.605 ,   58.190 ,    4.147 ,    0.000 ,    9.357 ,        5 , 	)
  32 	 (   3 ,  240.000 ,  480.000 ,        0 ,  387.711 ,  387.711 ,    0.000 ,  387.711 ,  388.711 ,    0.000 ,    4.147 ,    0.000 ,    1.162 ,        6 , 	)
  79 	 (   1 ,  295.000 ,  535.000 ,        0 ,  398.766 ,  398.766 ,    0.000 ,  398.766 ,  400.766 ,   54.208 ,    4.147 ,    0.000 ,    6.105 ,        7 , 	)
  46 	 (   2 ,  247.000 ,  480.000 ,        0 ,  426.201 ,  426.201 ,    0.000 ,  426.201 ,  427.201 ,    0.000 ,    4.147 ,    0.000 ,    5.614 ,        8 , 	)
  99 	 (   1 ,  334.000 ,  574.000 ,        0 ,  445.377 ,  445.377 ,    0.000 ,  445.377 ,  446.377 ,   56.666 ,    3.347 ,    0.000 ,   -0.218 ,        9 , 	)
  67 	 (   3 ,  240.000 ,  480.000 ,        0 ,  462.004 ,  462.004 ,    0.000 ,  462.004 ,  464.004 ,    0.000 ,    3.347 ,    0.000 ,   11.566 ,       10 , 	)
   6 	 (   5 ,  240.000 ,  480.000 ,        0 ,  472.205 ,  472.205 ,    0.000 ,  472.205 ,  474.205 ,    0.000 ,    3.347 ,    0.000 ,    2.421 ,       11 , 	)
  10 	 (   6 ,  480.000 ,  720.000 ,        0 ,  500.565 ,  500.565 ,    0.000 ,  500.565 ,  501.565 ,    0.000 ,    3.347 ,    0.000 ,    0.065 ,       12 , 	)
 113 	 (   5 ,  336.000 ,  516.000 ,        0 ,  511.853 ,  511.853 ,    0.000 ,  511.853 ,  512.853 ,   84.653 ,    3.347 ,    0.000 ,    0.903 ,       13 , 	)
 134 	 (   3 ,  359.000 ,  599.000 ,        0 ,  524.867 ,  524.867 ,    0.000 ,  524.867 ,  526.867 ,   60.863 ,   29.163 ,    0.000 ,    8.726 ,       14 , 	)
  77 	 (   2 ,  529.000 ,  769.000 ,        0 ,  538.402 ,  538.402 ,    0.000 ,  538.402 ,  539.402 ,   36.837 ,   29.163 ,    0.000 ,    0.000 ,       15 , 	)
  73 	 (   0 ,  343.000 ,  583.000 ,        0 ,  539.402 ,  539.402 ,    0.000 ,  539.402 ,  541.402 ,   65.198 ,   43.598 ,    0.000 ,    0.000 ,       16 , 	)
 135 	 (   0 ,    0.000 , 1440.000 ,        0 ,  551.287 ,  551.287 ,    0.000 ,  551.287 ,  551.287 ,    0.000 ,  888.713 ,    0.000 ,    0.000 ,       17 , 	)

	16 sommets 
	values : ( Cost : 347.054 , TRT : 371.120 , TWT :  80.177 , TD : 481.733 )
	violations : ( VC :       0 , VTW :   0.000 , VTD :   0.000 , VTRT :   0.000 )
	cout global : (   0.000	 )
S(i)	 (   C ,     TW0 ,       TW1 ,       VTW ,       Min ,       A ,       W ,       B ,       D ,       L ,       F ,       E ,       Det ,       [Imp ,       Imp]	)
   0 	 (   0 ,    0.000 , 1440.000 ,        0 ,    0.000 ,  396.051 ,    0.000 ,  396.051 ,  396.051 ,    0.000 ,    0.000 ,  396.051 ,    0.000 ,        0 , 	)
  44 	 (   3 ,  300.000 ,  480.000 ,        0 ,   25.738 ,  421.789 ,    0.000 ,  421.789 ,  424.789 ,    0.000 ,    0.000 ,  121.789 ,   13.258 ,        1 , 	)
   1 	 (   5 ,  240.000 ,  480.000 ,        0 ,  312.177 ,  433.966 ,    0.000 ,  433.966 ,  435.966 ,    0.000 ,    0.000 ,  121.789 ,    1.316 ,        2 , 	)
 111 	 (   2 ,  355.000 ,  535.000 ,        0 ,  332.983 ,  454.772 ,    0.000 ,  454.772 ,  457.772 ,   29.983 ,    0.000 ,   99.772 ,   -1.856 ,        3 , 	)
  56 	 (   3 ,  300.000 ,  480.000 ,        0 ,  380.228 ,  480.000 ,    0.000 ,  480.000 ,  481.000 ,    0.000 ,    0.000 ,   99.772 ,    4.650 ,        4 , 	)
  68 	 (   1 ,  368.000 ,  608.000 ,        0 ,  399.205 ,  498.977 ,    0.000 ,  498.977 ,  500.977 ,   63.011 ,   84.763 ,   99.772 ,    1.063 ,        5 , 	)
  22 	 (   2 ,  568.000 ,  704.426 ,        0 ,  426.171 ,  525.944 ,   80.177 ,  606.120 ,  607.120 ,    0.000 ,    4.586 ,   38.120 ,    3.241 ,        6 , 	)
 123 	 (   1 ,  435.000 ,  615.000 ,        0 ,  572.293 ,  610.414 ,    0.000 ,  610.414 ,  611.414 ,  129.414 ,    4.586 ,   38.120 ,    2.836 ,        7 , 	)
  65 	 (   4 ,  490.000 ,  716.492 ,        0 ,  591.320 ,  629.440 ,    0.000 ,  629.440 ,  632.440 ,    0.000 ,   36.172 ,   38.120 ,    3.897 ,        8 , 	)
  30 	 (   7 ,  480.000 ,  720.000 ,        0 ,  612.077 ,  650.197 ,    0.000 ,  650.197 ,  653.197 ,    0.000 ,   32.560 ,   38.120 ,   10.932 ,        9 , 	)
 132 	 (   4 ,  567.000 ,  747.000 ,        0 ,  635.759 ,  673.880 ,    0.000 ,  673.880 ,  676.880 ,   41.440 ,   32.560 ,   38.120 ,    9.047 ,       10 , 	)
  53 	 (   6 ,  480.000 ,  720.000 ,        0 ,  645.708 ,  683.828 ,    0.000 ,  683.828 ,  685.828 ,    0.000 ,   36.172 ,   38.120 ,    3.814 ,       11 , 	)
  89 	 (   5 ,  691.000 ,  751.000 ,        0 ,  652.880 ,  691.000 ,    0.000 ,  691.000 ,  692.000 ,   83.880 ,   38.120 ,    0.000 ,   -0.764 ,       12 , 	)
 120 	 (   3 ,  546.000 ,  786.000 ,        0 ,  718.591 ,  718.591 ,    0.000 ,  718.591 ,  720.591 ,   32.763 ,   54.237 ,    0.000 ,   12.808 ,       13 , 	)
  97 	 (   0 ,  635.000 ,  815.000 ,        0 ,  754.439 ,  754.439 ,    0.000 ,  754.439 ,  757.439 ,  101.242 ,   60.561 ,    0.000 ,    7.292 ,       14 , 	)
 135 	 (   0 ,    0.000 , 1440.000 ,        0 ,  767.171 ,  767.171 ,    0.000 ,  767.171 ,  767.171 ,    0.000 ,  672.829 ,    0.000 ,    0.000 ,       15 , 	)

	12 sommets 
	values : ( Cost : 253.379 , TRT : 212.511 , TWT :   0.000 , TD : 270.218 )
	violations : ( VC :       0 , VTW :   0.000 , VTD :   0.000 , VTRT :   0.000 )
	cout global : (   0.000	 )
S(i)	 (   C ,     TW0 ,       TW1 ,       VTW ,       Min ,       A ,       W ,       B ,       D ,       L ,       F ,       E ,       Det ,       [Imp ,       Imp]	)
   0 	 (   0 ,    0.000 , 1440.000 ,        0 ,    0.000 ,  834.954 ,    0.000 ,  834.954 ,  834.954 ,    0.000 ,   24.022 ,  834.954 ,    0.000 ,        0 , 	)
  43 	 (   4 ,  720.000 ,  900.000 ,        0 ,   36.287 ,  871.241 ,    0.000 ,  871.241 ,  875.241 ,    0.000 ,   24.022 ,  151.241 ,    9.878 ,        1 , 	)
  62 	 (   6 ,  900.000 ,  960.000 ,        0 ,  748.759 ,  900.000 ,    0.000 ,  900.000 ,  902.000 ,    0.000 ,   23.947 ,    0.000 ,    0.000 ,        2 , 	)
  55 	 (   7 ,  780.000 ,  960.000 ,        0 ,  902.000 ,  902.000 ,    0.000 ,  902.000 ,  903.000 ,    0.000 ,   23.947 ,    0.000 ,    0.000 ,        3 , 	)
  28 	 (   8 ,  720.000 ,  960.000 ,        0 ,  903.000 ,  903.000 ,    0.000 ,  903.000 ,  904.000 ,    0.000 ,   23.947 ,    0.000 ,    0.000 ,        4 , 	)
  95 	 (   7 ,  805.000 ,  985.000 ,        0 ,  920.499 ,  920.499 ,    0.000 ,  920.499 ,  921.499 ,   16.498 ,   23.947 ,    0.000 ,    1.567 ,        5 , 	)
 110 	 (   3 ,  752.683 ,  981.000 ,        0 ,  928.295 ,  928.295 ,    0.000 ,  928.295 ,  932.295 ,   53.053 ,   23.947 ,    0.000 ,    3.707 ,        6 , 	)
  42 	 (   6 ,  720.000 ,  960.000 ,        0 ,  935.978 ,  935.978 ,    0.000 ,  935.978 ,  938.978 ,    0.000 ,   24.022 ,    0.000 ,    2.136 ,        7 , 	)
 122 	 (   5 ,  857.000 , 1037.000 ,        0 ,  957.002 ,  957.002 ,    0.000 ,  957.002 ,  958.002 ,   54.002 ,   48.998 ,    0.000 ,   -4.396 ,        8 , 	)
 109 	 (   2 ,  873.000 , 1113.000 ,        0 ,  992.321 ,  992.321 ,    0.000 ,  992.321 ,  995.321 ,   53.343 ,  112.679 ,    0.000 ,    0.000 ,        9 , 	)
 129 	 (   0 ,  995.000 , 1168.000 ,        0 ,  995.321 ,  995.321 ,    0.000 ,  995.321 ,  997.321 ,   93.321 ,  112.679 ,    0.000 ,    0.000 ,       10 , 	)
 135 	 (   0 ,    0.000 , 1440.000 ,        0 , 1047.465 , 1047.465 ,    0.000 , 1047.465 , 1047.465 ,    0.000 ,  392.535 ,    0.000 ,    0.000 ,       11 , 	)

	18 sommets 
	values : ( Cost : 466.383 , TRT : 407.205 , TWT :   0.541 , TD : 417.975 )
	violations : ( VC :       0 , VTW :   0.000 , VTD :   0.000 , VTRT :   0.000 )
	cout global : (   0.000	 )
S(i)	 (   C ,     TW0 ,       TW1 ,       VTW ,       Min ,       A ,       W ,       B ,       D ,       L ,       F ,       E ,       Det ,       [Imp ,       Imp]	)
   0 	 (   0 ,    0.000 , 1440.000 ,        0 ,    0.000 ,  250.153 ,    0.000 ,  250.153 ,  250.153 ,    0.000 ,    0.000 ,  250.153 ,    0.000 ,        0 , 	)
  64 	 (   4 ,  300.000 ,  420.000 ,        0 ,   87.123 ,  337.275 ,    0.000 ,  337.275 ,  341.275 ,    0.000 ,    0.000 ,   37.275 ,   -6.059 ,        1 , 	)
  50 	 (   7 ,  240.000 ,  480.000 ,        0 ,  308.036 ,  345.311 ,    0.000 ,  345.311 ,  348.311 ,    0.000 ,    0.000 ,   37.275 ,    3.073 ,        2 , 	)
 131 	 (   3 ,  316.061 ,  457.000 ,        0 ,  322.134 ,  359.409 ,    0.000 ,  359.409 ,  363.409 ,   18.134 ,    0.000 ,   37.275 ,   14.286 ,        3 , 	)
  39 	 (   7 ,  268.000 ,  464.384 ,        0 ,  335.545 ,  372.820 ,    0.000 ,  372.820 ,  376.820 ,    0.000 ,    0.000 ,   37.275 ,   18.505 ,        4 , 	)
  14 	 (   8 ,  300.000 ,  480.000 ,        0 ,  357.148 ,  394.423 ,    0.000 ,  394.423 ,  395.423 ,    0.000 ,    0.000 ,   37.275 ,    4.486 ,        5 , 	)
 117 	 (   5 ,  337.000 ,  577.000 ,        0 ,  378.952 ,  416.227 ,    0.000 ,  416.227 ,  419.227 ,   67.916 ,    0.000 ,   37.275 ,    2.049 ,        6 , 	)
 106 	 (   1 ,  394.000 ,  514.000 ,        0 ,  395.695 ,  432.971 ,    0.000 ,  432.971 ,  436.971 ,   56.150 ,    0.000 ,   37.275 ,   14.853 ,        7 , 	)
  51 	 (   5 ,  240.000 ,  480.000 ,        0 ,  407.122 ,  444.397 ,    0.000 ,  444.397 ,  448.397 ,    0.000 ,    0.000 ,   37.275 ,   12.046 ,        8 , 	)
  81 	 (   4 ,  353.000 ,  592.000 ,        0 ,  425.245 ,  462.520 ,    0.000 ,  462.520 ,  463.520 ,   67.097 ,    0.000 ,   37.275 ,    7.408 ,        9 , 	)
  47 	 (   8 ,  360.000 ,  480.000 ,        0 ,  442.725 ,  480.000 ,    0.000 ,  480.000 ,  484.000 ,    0.000 ,    0.000 ,   37.275 ,    6.379 ,       10 , 	)
 118 	 (   4 ,  329.000 ,  569.000 ,        0 ,  466.635 ,  503.911 ,    0.000 ,  503.911 ,  507.911 ,   55.514 ,    3.462 ,   37.275 ,   22.229 ,       11 , 	)
   3 	 (   8 ,  488.000 ,  720.000 ,        0 ,  482.846 ,  520.121 ,    0.541 ,  520.662 ,  524.662 ,    0.000 ,    2.921 ,   32.662 ,    0.061 ,       12 , 	)
 114 	 (   4 ,  392.348 ,  560.000 ,        0 ,  524.417 ,  557.079 ,    0.000 ,  557.079 ,  561.079 ,   73.079 ,    2.921 ,   32.662 ,   15.937 ,       13 , 	)
  70 	 (   0 ,  576.000 ,  756.000 ,        0 ,  543.338 ,  576.000 ,    0.000 ,  576.000 ,  580.000 ,   51.338 ,   32.662 ,    0.000 ,   27.052 ,       14 , 	)
  41 	 (   4 ,  480.000 ,  660.000 ,        0 ,  602.643 ,  602.643 ,    0.000 ,  602.643 ,  606.643 ,    0.000 ,   57.357 ,    0.000 ,    5.686 ,       15 , 	)
 108 	 (   0 ,  512.747 ,  722.000 ,        0 ,  635.390 ,  635.390 ,    0.000 ,  635.390 ,  639.390 ,   28.747 ,   29.253 ,    0.000 ,   26.053 ,       16 , 	)
 135 	 (   0 ,    0.000 , 1440.000 ,        0 ,  657.357 ,  657.357 ,    0.000 ,  657.357 ,  657.357 ,    0.000 ,  782.643 ,    0.000 ,    0.000 ,       17 , 	)
