13
	VALUE ALL : ( Cost : 4820.432 , TRT : 4794.484 , TWT : 732.099 , TD : 5751.160 )
	VIOLATIONS TOTAL : ( VC :       0 , VTW :   0.000 , VTD :   0.000 , VTRT :   0.000 )
 	COUT_ALL : (   0.004 )  T2B:   42601

	16 sommets 
	values : ( Cost : 349.856 , TRT : 301.050 , TWT :   0.000 , TD : 296.195 )
	violations : ( VC :       0 , VTW :   0.000 , VTD :   0.000 , VTRT :   0.000 )
	cout global : (   0.000	 )
S(i)	 (   C ,     TW0 ,       TW1 ,       VTW ,       Min ,       A ,       W ,       B ,       D ,       L ,       F ,       E ,       Det ,       [Imp ,       Imp]	)
   0 	 (   0 ,    0.000 , 1440.000 ,        0 ,    0.000 ,  258.308 ,    0.000 ,  258.308 ,  258.308 ,    0.000 ,    4.599 ,  258.308 ,    0.000 ,        0 , 	)
   1 	 (   2 ,  263.000 ,  456.965 ,        0 ,   10.398 ,  268.706 ,    0.000 ,  268.706 ,  270.706 ,    0.000 ,    4.599 ,    5.706 ,    4.566 ,        1 , 	)
  55 	 (   5 ,  240.000 ,  480.000 ,        0 ,  271.065 ,  276.771 ,    0.000 ,  276.771 ,  279.771 ,    0.000 ,    4.599 ,    5.706 ,    5.259 ,        2 , 	)
  94 	 (   3 ,  287.000 ,  467.000 ,        0 ,  281.294 ,  287.000 ,    0.000 ,  287.000 ,  289.000 ,   16.294 ,    4.599 ,    0.000 ,    3.532 ,        3 , 	)
  25 	 (   7 ,  249.000 ,  479.559 ,        0 ,  313.984 ,  313.984 ,    0.000 ,  313.984 ,  317.984 ,    0.000 ,    4.599 ,    0.000 ,    8.336 ,        4 , 	)
 148 	 (   4 ,  301.000 ,  541.000 ,        0 ,  327.259 ,  327.259 ,    0.000 ,  327.259 ,  330.259 ,   47.488 ,    4.599 ,    0.000 ,    0.672 ,        5 , 	)
  75 	 (   7 ,  240.000 ,  360.000 ,        0 ,  355.401 ,  355.401 ,    0.000 ,  355.401 ,  358.401 ,    0.000 ,    4.599 ,    0.000 ,    5.480 ,        6 , 	)
 118 	 (   3 ,  334.000 ,  514.000 ,        0 ,  367.682 ,  367.682 ,    0.000 ,  367.682 ,  371.682 ,   49.698 ,   16.214 ,    0.000 ,   10.546 ,        7 , 	)
  86 	 (   5 ,  273.000 ,  458.214 ,        0 ,  382.271 ,  382.271 ,    0.000 ,  382.271 ,  384.271 ,    0.000 ,   16.214 ,    0.000 ,    5.598 ,        8 , 	)
 168 	 (   2 ,  275.795 ,  451.000 ,        0 ,  419.083 ,  419.083 ,    0.000 ,  419.083 ,  422.083 ,   60.682 ,   16.214 ,    0.000 ,    1.053 ,        9 , 	)
  88 	 (   3 ,  260.000 ,  463.444 ,        0 ,  430.314 ,  430.314 ,    0.000 ,  430.314 ,  431.314 ,    0.000 ,   16.214 ,    0.000 ,    8.968 ,       10 , 	)
 179 	 (   1 ,  379.000 ,  499.000 ,        0 ,  436.947 ,  436.947 ,    0.000 ,  436.947 ,  438.947 ,   52.675 ,   16.214 ,    0.000 ,    1.947 ,       11 , 	)
 181 	 (   0 ,  298.000 ,  478.000 ,        0 ,  448.818 ,  448.818 ,    0.000 ,  448.818 ,  449.818 ,   17.504 ,   16.214 ,    0.000 ,    5.203 ,       12 , 	)
   8 	 (   4 ,  240.000 ,  480.000 ,        0 ,  463.786 ,  463.786 ,    0.000 ,  463.786 ,  467.786 ,    0.000 ,   16.214 ,    0.000 ,   19.383 ,       13 , 	)
 101 	 (   0 ,  346.000 ,  586.000 ,        0 ,  519.641 ,  519.641 ,    0.000 ,  519.641 ,  523.641 ,   51.854 ,   66.359 ,    0.000 ,   34.080 ,       14 , 	)
 187 	 (   0 ,    0.000 , 1440.000 ,        0 ,  559.358 ,  559.358 ,    0.000 ,  559.358 ,  559.358 ,    0.000 ,  880.642 ,    0.000 ,    0.000 ,       15 , 	)

	16 sommets 
	values : ( Cost : 375.282 , TRT : 327.024 , TWT :   2.857 , TD : 361.806 )
	violations : ( VC :       0 , VTW :   0.000 , VTD :   0.000 , VTRT :   0.000 )
	cout global : (   0.000	 )
S(i)	 (   C ,     TW0 ,       TW1 ,       VTW ,       Min ,       A ,       W ,       B ,       D ,       L ,       F ,       E ,       Det ,       [Imp ,       Imp]	)
   0 	 (   0 ,    0.000 , 1440.000 ,        0 ,    0.000 ,  776.040 ,    0.000 ,  776.040 ,  776.040 ,    0.000 ,    0.000 ,  776.040 ,    0.000 ,        0 , 	)
  43 	 (   3 ,  720.000 ,  960.000 ,        0 ,   27.118 ,  803.158 ,    0.000 ,  803.158 ,  806.158 ,    0.000 ,    0.000 ,   83.158 ,    4.010 ,        1 , 	)
 136 	 (   0 ,  766.000 , 1006.000 ,        0 ,  744.877 ,  828.035 ,    0.000 ,  828.035 ,  831.035 ,   21.877 ,    0.000 ,   62.035 ,    8.534 ,        2 , 	)
  72 	 (   1 ,  720.000 ,  840.000 ,        0 ,  777.965 ,  840.000 ,    0.000 ,  840.000 ,  841.000 ,    0.000 ,    0.000 ,   62.035 ,    4.705 ,        3 , 	)
   6 	 (   5 ,  720.000 ,  900.000 ,        0 ,  786.335 ,  848.371 ,    2.857 ,  851.228 ,  855.228 ,    0.000 ,    9.841 ,   64.892 ,   -0.549 ,        4 , 	)
 165 	 (   4 ,  762.051 ,  951.000 ,        0 ,  823.467 ,  888.359 ,    0.000 ,  888.359 ,  889.359 ,   47.359 ,    9.841 ,   64.892 ,   20.971 ,        5 , 	)
  69 	 (   8 ,  762.000 ,  924.087 ,        0 ,  842.365 ,  907.258 ,    0.000 ,  907.258 ,  911.258 ,    0.000 ,    9.841 ,   64.892 ,    1.895 ,        6 , 	)
  99 	 (   4 ,  781.000 ,  961.000 ,        0 ,  853.108 ,  918.001 ,    0.000 ,  918.001 ,  922.001 ,   62.773 ,    9.841 ,   64.892 ,    0.000 ,        7 , 	)
  15 	 (   7 ,  720.000 ,  960.000 ,        0 ,  863.193 ,  928.086 ,    0.000 ,  928.086 ,  931.086 ,    0.000 ,    9.841 ,   64.892 ,   -0.012 ,        8 , 	)
 162 	 (   3 ,  833.000 ,  953.000 ,        0 ,  878.266 ,  943.159 ,    0.000 ,  943.159 ,  947.159 ,   31.901 ,    9.841 ,   64.892 ,   10.633 ,        9 , 	)
  32 	 (   7 ,  960.000 , 1020.000 ,        0 ,  895.108 ,  960.000 ,    0.000 ,  960.000 ,  964.000 ,    0.000 ,   22.598 ,    0.000 ,   24.553 ,       10 , 	)
 125 	 (   3 , 1005.635 , 1135.000 ,        0 , 1005.635 , 1005.635 ,    0.000 , 1005.635 , 1009.635 ,   41.635 ,   22.598 ,    0.000 ,   21.686 ,       11 , 	)
 108 	 (   0 ,  820.000 , 1060.000 ,        0 , 1037.402 , 1037.402 ,    0.000 , 1037.402 , 1040.402 ,  106.316 ,   22.598 ,   -0.000 ,    0.000 ,       12 , 	)
  26 	 (   2 ,  960.000 , 1200.000 ,        0 , 1040.402 , 1040.402 ,    0.000 , 1040.402 , 1042.402 ,    0.000 ,  159.598 ,   -0.000 ,    0.000 ,       13 , 	)
 119 	 (   0 , 1091.000 , 1271.000 ,        0 , 1092.346 , 1092.346 ,    0.000 , 1092.346 , 1094.346 ,   49.944 ,   83.056 ,   -0.000 ,    5.805 ,       14 , 	)
 187 	 (   0 ,    0.000 , 1440.000 ,        0 , 1103.064 , 1103.064 ,    0.000 , 1103.064 , 1103.064 ,    0.000 ,  336.936 ,   -0.000 ,    0.000 ,       15 , 	)

	16 sommets 
	values : ( Cost : 329.484 , TRT : 295.259 , TWT :  13.527 , TD : 569.331 )
	violations : ( VC :       0 , VTW :   0.000 , VTD :   0.000 , VTRT :   0.000 )
	cout global : (   0.000	 )
S(i)	 (   C ,     TW0 ,       TW1 ,       VTW ,       Min ,       A ,       W ,       B ,       D ,       L ,       F ,       E ,       Det ,       [Imp ,       Imp]	)
   0 	 (   0 ,    0.000 , 1440.000 ,        0 ,    0.000 ,  355.175 ,    0.000 ,  355.175 ,  355.175 ,    0.000 ,    0.000 ,  355.175 ,    0.000 ,        0 , 	)
  63 	 (   4 ,  240.000 ,  480.000 ,        0 ,   16.389 ,  371.564 ,    0.000 ,  371.564 ,  375.564 ,    0.000 ,    0.000 ,  131.564 ,    5.188 ,        1 , 	)
  35 	 (   7 ,  244.000 ,  480.000 ,        0 ,  249.368 ,  380.932 ,    0.000 ,  380.932 ,  383.932 ,    0.000 ,    0.000 ,  131.564 ,    0.529 ,        2 , 	)
   5 	 (   8 ,  240.000 ,  480.000 ,        0 ,  279.843 ,  411.407 ,    0.000 ,  411.407 ,  412.407 ,    0.000 ,    0.000 ,  131.564 ,   22.512 ,        3 , 	)
 128 	 (   5 ,  345.000 ,  525.000 ,        0 ,  312.521 ,  444.085 ,    0.000 ,  444.085 ,  447.085 ,   60.153 ,    0.000 ,   99.085 ,    1.959 ,        4 , 	)
  39 	 (   8 ,  241.000 ,  480.000 ,        0 ,  370.266 ,  469.351 ,    0.000 ,  469.351 ,  472.351 ,    0.000 ,    0.000 ,   99.085 ,   12.138 ,        5 , 	)
 156 	 (   4 ,  348.000 ,  588.000 ,        0 ,  379.996 ,  479.081 ,    0.000 ,  479.081 ,  483.081 ,  103.517 ,    0.000 ,   99.085 ,    0.000 ,        6 , 	)
  91 	 (   7 ,  480.000 ,  660.000 ,        0 ,  383.996 ,  483.081 ,    0.000 ,  483.081 ,  486.081 ,    0.000 ,    0.000 ,    3.081 ,    0.000 ,        7 , 	)
  31 	 (   8 ,  480.000 ,  600.000 ,        0 ,  495.505 ,  498.586 ,    0.000 ,  498.586 ,  499.586 ,    0.000 ,    0.000 ,    3.081 ,    0.000 ,        8 , 	)
  98 	 (   7 ,  340.000 ,  580.000 ,        0 ,  496.505 ,  499.586 ,    0.000 ,  499.586 ,  500.586 ,   87.179 ,    0.000 ,    3.081 ,    0.000 ,        9 , 	)
 132 	 (   4 ,  354.000 ,  534.000 ,        0 ,  530.919 ,  534.000 ,    0.000 ,  534.000 ,  537.000 ,   61.649 ,   -0.000 ,    3.081 ,   11.484 ,       10 , 	)
  80 	 (   6 ,  497.000 ,  591.200 ,        0 ,  552.735 ,  555.817 ,   13.527 ,  569.344 ,  571.344 ,    0.000 ,   21.841 ,   16.608 ,   -0.083 ,       11 , 	)
 124 	 (   5 ,  552.000 ,  732.000 ,        0 ,  566.075 ,  582.683 ,    0.000 ,  582.683 ,  583.683 ,   83.098 ,   21.841 ,   16.608 ,   -0.984 ,       12 , 	)
 173 	 (   3 ,  567.000 ,  627.000 ,        0 ,  588.551 ,  605.159 ,    0.000 ,  605.159 ,  607.159 ,   33.816 ,   21.841 ,   16.608 ,   12.035 ,       13 , 	)
 184 	 (   0 ,  626.000 ,  866.000 ,        0 ,  609.392 ,  626.000 ,    0.000 ,  626.000 ,  629.000 ,  139.919 ,   92.081 ,    0.000 ,   35.655 ,       14 , 	)
 187 	 (   0 ,    0.000 , 1440.000 ,        0 ,  650.435 ,  650.435 ,    0.000 ,  650.435 ,  650.435 ,    0.000 ,  789.565 ,    0.000 ,    0.000 ,       15 , 	)

	6 sommets 
	values : ( Cost : 119.981 , TRT : 470.147 , TWT : 367.936 , TD :  64.586 )
	violations : ( VC :       0 , VTW :   0.000 , VTD :   0.000 , VTRT :   0.000 )
	cout global : (   0.000	 )
S(i)	 (   C ,     TW0 ,       TW1 ,       VTW ,       Min ,       A ,       W ,       B ,       D ,       L ,       F ,       E ,       Det ,       [Imp ,       Imp]	)
   0 	 (   0 ,    0.000 , 1440.000 ,        0 ,    0.000 ,  407.052 ,    0.000 ,  407.052 ,  407.052 ,    0.000 ,    0.000 ,  407.052 ,    0.000 ,        0 , 	)
  40 	 (   2 ,  360.000 ,  420.000 ,        0 ,   12.948 ,  420.000 ,    0.000 ,  420.000 ,  422.000 ,    0.000 ,    0.000 ,   60.000 ,   14.067 ,        1 , 	)
 133 	 (   0 ,  398.138 ,  519.000 ,        0 ,  398.138 ,  458.138 ,    0.000 ,  458.138 ,  460.138 ,   36.138 ,   60.862 ,   60.000 ,   18.257 ,        2 , 	)
  20 	 (   4 ,  790.000 ,  897.552 ,        0 ,  409.616 ,  469.616 ,  367.936 ,  837.552 ,  841.552 ,    0.000 ,   60.000 ,   47.552 ,    0.811 ,        3 , 	)
 113 	 (   0 ,  870.000 ,  930.000 ,        0 ,  822.448 ,  870.000 ,    0.000 ,  870.000 ,  874.000 ,   28.448 ,   47.552 ,    0.000 ,    5.295 ,        4 , 	)
 187 	 (   0 ,    0.000 , 1440.000 ,        0 ,  877.199 ,  877.199 ,    0.000 ,  877.199 ,  877.199 ,    0.000 ,  562.801 ,    0.000 ,    0.000 ,        5 , 	)

	12 sommets 
	values : ( Cost : 271.671 , TRT : 478.281 , TWT : 250.017 , TD : 250.369 )
	violations : ( VC :       0 , VTW :   0.000 , VTD :   0.000 , VTRT :   0.000 )
	cout global : (   0.000	 )
S(i)	 (   C ,     TW0 ,       TW1 ,       VTW ,       Min ,       A ,       W ,       B ,       D ,       L ,       F ,       E ,       Det ,       [Imp ,       Imp]	)
   0 	 (   0 ,    0.000 , 1440.000 ,        0 ,    0.000 ,  330.208 ,    0.000 ,  330.208 ,  330.208 ,    0.000 ,    0.000 ,  330.208 ,    0.000 ,        0 , 	)
  68 	 (   4 ,  260.000 ,  466.156 ,        0 ,   34.023 ,  364.231 ,    0.000 ,  364.231 ,  368.231 ,    0.000 ,    0.000 ,  104.231 ,   11.774 ,        1 , 	)
  58 	 (   5 ,  282.000 ,  453.193 ,        0 ,  269.972 ,  374.203 ,    0.000 ,  374.203 ,  375.203 ,    0.000 ,    0.000 ,   92.203 ,    0.171 ,        2 , 	)
 161 	 (   1 ,  316.000 ,  496.000 ,        0 ,  303.043 ,  395.246 ,    0.000 ,  395.246 ,  399.246 ,   27.015 ,    0.000 ,   79.246 ,    1.357 ,        3 , 	)
  47 	 (   3 ,  240.000 ,  420.000 ,        0 ,  340.754 ,  420.000 ,    0.000 ,  420.000 ,  422.000 ,    0.000 ,    0.000 ,   79.246 ,    4.996 ,        4 , 	)
 151 	 (   2 ,  385.000 ,  505.000 ,        0 ,  359.803 ,  439.049 ,    0.000 ,  439.049 ,  440.049 ,   63.846 ,   38.017 ,   54.049 ,   13.514 ,        5 , 	)
 140 	 (   0 ,  274.000 ,  506.000 ,        0 ,  413.934 ,  467.983 ,    0.000 ,  467.983 ,  469.983 ,   45.983 ,   38.017 ,   54.049 ,    0.000 ,        6 , 	)
  49 	 (   4 ,  720.000 ,  900.000 ,        0 ,  415.934 ,  469.983 ,  250.017 ,  720.000 ,  724.000 ,    0.000 ,  166.041 ,    0.000 ,    0.000 ,        7 , 	)
  34 	 (   5 ,  720.000 ,  900.000 ,        0 ,  733.959 ,  733.959 ,    0.000 ,  733.959 ,  734.959 ,    0.000 ,   20.805 ,    0.000 ,   18.911 ,        8 , 	)
 142 	 (   1 ,  748.283 ,  969.000 ,        0 ,  768.195 ,  768.195 ,    0.000 ,  768.195 ,  772.195 ,   44.195 ,   15.669 ,    0.000 ,   33.470 ,        9 , 	)
 127 	 (   0 ,  754.000 ,  986.000 ,        0 ,  804.290 ,  804.290 ,    0.000 ,  804.290 ,  805.290 ,   69.331 ,   15.669 ,    0.000 ,    1.272 ,       10 , 	)
 187 	 (   0 ,    0.000 , 1440.000 ,        0 ,  808.489 ,  808.489 ,    0.000 ,  808.489 ,  808.489 ,    0.000 ,  631.511 ,    0.000 ,    0.000 ,       11 , 	)

	20 sommets 
	values : ( Cost : 476.969 , TRT : 406.623 , TWT :   0.000 , TD : 434.977 )
	violations : ( VC :       0 , VTW :   0.000 , VTD :   0.000 , VTRT :   0.000 )
	cout global : (   0.000	 )
S(i)	 (   C ,     TW0 ,       TW1 ,       VTW ,       Min ,       A ,       W ,       B ,       D ,       L ,       F ,       E ,       Det ,       [Imp ,       Imp]	)
   0 	 (   0 ,    0.000 , 1440.000 ,        0 ,    0.000 ,  674.426 ,    0.000 ,  674.426 ,  674.426 ,    0.000 ,    2.371 ,  674.426 ,    0.000 ,        0 , 	)
  12 	 (   2 ,  480.000 ,  720.000 ,        0 ,   22.771 ,  697.197 ,    0.000 ,  697.197 ,  699.197 ,    0.000 ,    2.371 ,  217.197 ,    5.435 ,        1 , 	)
  37 	 (   3 ,  540.000 ,  720.000 ,        0 ,  500.432 ,  717.629 ,    0.000 ,  717.629 ,  718.629 ,    0.000 ,    2.371 ,  177.629 ,    1.314 ,        2 , 	)
 105 	 (   1 ,  563.000 ,  803.000 ,        0 ,  564.735 ,  742.364 ,    0.000 ,  742.364 ,  744.364 ,   43.167 ,    0.736 ,  177.629 ,   22.514 ,        3 , 	)
 130 	 (   0 ,  555.750 ,  761.000 ,        0 ,  580.264 ,  757.892 ,    0.000 ,  757.892 ,  758.892 ,   39.264 ,    0.736 ,  177.629 ,    0.000 ,        4 , 	)
  11 	 (   4 ,  720.000 ,  960.000 ,        0 ,  581.264 ,  758.892 ,    0.000 ,  758.892 ,  762.892 ,    0.000 ,   12.811 ,   38.892 ,    0.000 ,        5 , 	)
  27 	 (   7 ,  720.000 ,  960.000 ,        0 ,  751.260 ,  790.153 ,    0.000 ,  790.153 ,  793.153 ,    0.000 ,   12.811 ,   38.892 ,    3.429 ,        6 , 	)
 104 	 (   3 ,  810.000 , 1050.000 ,        0 ,  773.765 ,  812.657 ,    0.000 ,  812.657 ,  816.657 ,   49.765 ,   12.811 ,    2.657 ,    1.973 ,        7 , 	)
 120 	 (   0 ,  775.000 , 1015.000 ,        0 ,  822.862 ,  825.520 ,    0.000 ,  825.520 ,  828.520 ,   32.367 ,   12.811 ,    2.657 ,    6.441 ,        8 , 	)
  14 	 (   3 ,  725.000 ,  960.000 ,        0 ,  851.344 ,  854.001 ,    0.000 ,  854.001 ,  857.001 ,    0.000 ,   12.811 ,    2.657 ,    4.142 ,        9 , 	)
  61 	 (   5 ,  740.000 ,  943.414 ,        0 ,  866.947 ,  869.604 ,    0.000 ,  869.604 ,  871.604 ,    0.000 ,   12.811 ,    2.657 ,    7.883 ,       10 , 	)
 154 	 (   3 ,  779.000 ,  959.000 ,        0 ,  882.532 ,  885.189 ,    0.000 ,  885.189 ,  887.189 ,   13.586 ,   12.811 ,    2.657 ,    0.000 ,       11 , 	)
  22 	 (   7 ,  720.000 ,  900.000 ,        0 ,  884.532 ,  887.189 ,    0.000 ,  887.189 ,  891.189 ,    0.000 ,   12.811 ,    2.657 ,    0.000 ,       12 , 	)
  60 	 (   8 ,  780.000 ,  960.000 ,        0 ,  910.432 ,  913.089 ,    0.000 ,  913.089 ,  914.089 ,    0.000 ,   23.403 ,    2.657 ,   30.233 ,       13 , 	)
 153 	 (   7 ,  847.000 , 1027.000 ,        0 ,  931.518 ,  934.175 ,    0.000 ,  934.175 ,  935.175 ,   20.086 ,   23.403 ,    2.657 ,   28.778 ,       14 , 	)
 115 	 (   3 ,  766.000 , 1002.000 ,        0 ,  962.137 ,  964.794 ,    0.000 ,  964.794 ,  968.794 ,   73.605 ,   23.403 ,    2.657 ,    3.673 ,       15 , 	)
 107 	 (   0 ,  889.000 , 1009.000 ,        0 ,  982.940 ,  985.597 ,    0.000 ,  985.597 ,  988.597 ,  128.595 ,   23.403 ,    2.657 ,    6.646 ,       16 , 	)
  89 	 (   4 ,  960.000 , 1140.000 ,        0 ,  990.799 ,  993.456 ,    0.000 ,  993.456 ,  997.456 ,    0.000 ,  146.544 ,    2.657 ,   -0.729 ,       17 , 	)
 182 	 (   0 , 1032.000 , 1212.000 ,        0 , 1029.343 , 1032.000 ,    0.000 , 1032.000 , 1036.000 ,   34.544 ,   57.456 ,    0.000 ,   57.199 ,       18 , 	)
 187 	 (   0 ,    0.000 , 1440.000 ,        0 , 1081.050 , 1081.050 ,    0.000 , 1081.050 , 1081.050 ,    0.000 ,  358.950 ,    0.000 ,    0.000 ,       19 , 	)

	14 sommets 
	values : ( Cost : 264.495 , TRT : 220.868 , TWT :   0.000 , TD : 386.148 )
	violations : ( VC :       0 , VTW :   0.000 , VTD :   0.000 , VTRT :   0.000 )
	cout global : (   0.000	 )
S(i)	 (   C ,     TW0 ,       TW1 ,       VTW ,       Min ,       A ,       W ,       B ,       D ,       L ,       F ,       E ,       Det ,       [Imp ,       Imp]	)
   0 	 (   0 ,    0.000 , 1440.000 ,        0 ,    0.000 ,  261.232 ,    0.000 ,  261.232 ,  261.232 ,    0.000 ,   10.095 ,  261.232 ,    0.000 ,        0 , 	)
  78 	 (   4 ,  240.000 ,  480.000 ,        0 ,   19.523 ,  280.755 ,    0.000 ,  280.755 ,  284.755 ,    0.000 ,   10.095 ,   40.755 ,   33.598 ,        1 , 	)
  36 	 (   5 ,  300.000 ,  480.000 ,        0 ,  268.550 ,  309.305 ,    0.000 ,  309.305 ,  310.305 ,    0.000 ,   10.095 ,    9.305 ,    9.752 ,        2 , 	)
  51 	 (   7 ,  240.000 ,  360.000 ,        0 ,  340.600 ,  349.905 ,    0.000 ,  349.905 ,  351.905 ,    0.000 ,   10.095 ,    9.305 ,    2.340 ,        3 , 	)
 171 	 (   3 ,  348.000 ,  588.000 ,        0 ,  349.668 ,  358.972 ,    0.000 ,  358.972 ,  362.972 ,   74.217 ,    4.457 ,    9.305 ,    0.136 ,        4 , 	)
 129 	 (   2 ,  370.000 ,  610.000 ,        0 ,  360.695 ,  370.000 ,    0.000 ,  370.000 ,  371.000 ,   59.695 ,    4.457 ,    0.000 ,    0.000 ,        5 , 	)
  19 	 (   3 ,  240.000 ,  420.000 ,        0 ,  371.000 ,  371.000 ,    0.000 ,  371.000 ,  372.000 ,    0.000 ,    4.457 ,    0.000 ,    0.000 ,        6 , 	)
  79 	 (   5 ,  267.000 ,  467.514 ,        0 ,  382.064 ,  382.064 ,    0.000 ,  382.064 ,  384.064 ,    0.000 ,    4.457 ,    0.000 ,   11.964 ,        7 , 	)
 112 	 (   4 ,  262.462 ,  464.000 ,        0 ,  407.426 ,  407.426 ,    0.000 ,  407.426 ,  408.426 ,   35.426 ,    4.457 ,    0.000 ,   14.932 ,        8 , 	)
  21 	 (   5 ,  240.000 ,  480.000 ,        0 ,  437.541 ,  437.541 ,    0.000 ,  437.541 ,  438.541 ,    0.000 ,    4.457 ,    0.000 ,    7.323 ,        9 , 	)
 172 	 (   3 ,  398.000 ,  518.000 ,        0 ,  456.177 ,  456.177 ,    0.000 ,  456.177 ,  458.177 ,   72.114 ,    4.457 ,    0.000 ,    7.293 ,       10 , 	)
 114 	 (   2 ,  276.000 ,  516.000 ,        0 ,  465.694 ,  465.694 ,    0.000 ,  465.694 ,  466.694 ,   27.153 ,    4.457 ,    0.000 ,    1.697 ,       11 , 	)
 144 	 (   0 ,  302.000 ,  482.000 ,        0 ,  469.447 ,  469.447 ,    0.000 ,  469.447 ,  471.447 ,  117.543 ,    4.457 ,    0.000 ,    0.683 ,       12 , 	)
 187 	 (   0 ,    0.000 , 1440.000 ,        0 ,  482.100 ,  482.100 ,    0.000 ,  482.100 ,  482.100 ,    0.000 ,  957.900 ,    0.000 ,    0.000 ,       13 , 	)

	24 sommets 
	values : ( Cost : 541.504 , TRT : 451.146 , TWT :   0.000 , TD : 824.623 )
	violations : ( VC :       0 , VTW :   0.000 , VTD :   0.000 , VTRT :   0.000 )
	cout global : (   0.000	 )
S(i)	 (   C ,     TW0 ,       TW1 ,       VTW ,       Min ,       A ,       W ,       B ,       D ,       L ,       F ,       E ,       Det ,       [Imp ,       Imp]	)
   0 	 (   0 ,    0.000 , 1440.000 ,        0 ,    0.000 ,  567.550 ,    0.000 ,  567.550 ,  567.550 ,    0.000 ,    6.947 ,  567.550 ,    0.000 ,        0 , 	)
  73 	 (   2 ,  480.000 ,  720.000 ,        0 ,   11.111 ,  578.660 ,    0.000 ,  578.660 ,  580.660 ,    0.000 ,    6.947 ,   98.660 ,   10.808 ,        1 , 	)
  87 	 (   5 ,  480.000 ,  720.000 ,        0 ,  503.282 ,  601.942 ,    0.000 ,  601.942 ,  604.942 ,    0.000 ,    3.779 ,   98.660 ,   -2.993 ,        2 , 	)
  52 	 (   7 ,  480.000 ,  720.000 ,        0 ,  517.932 ,  616.592 ,    0.000 ,  616.592 ,  618.592 ,    0.000 ,    3.779 ,   98.660 ,   23.299 ,        3 , 	)
  74 	 (   8 ,  482.000 ,  720.000 ,        0 ,  546.871 ,  645.531 ,    0.000 ,  645.531 ,  646.531 ,    0.000 ,    3.779 ,   98.660 ,   -7.394 ,        4 , 	)
 180 	 (   5 ,  606.000 ,  846.000 ,        0 ,  573.986 ,  672.647 ,    0.000 ,  672.647 ,  675.647 ,   67.705 ,    3.779 ,   66.647 ,   -1.176 ,        5 , 	)
 166 	 (   3 ,  569.000 ,  809.000 ,        0 ,  627.235 ,  693.881 ,    0.000 ,  693.881 ,  695.881 ,  113.221 ,    3.779 ,   66.647 ,   28.518 ,        6 , 	)
  57 	 (   5 ,  480.000 ,  720.000 ,        0 ,  646.406 ,  713.053 ,    0.000 ,  713.053 ,  715.053 ,    0.000 ,    6.947 ,   66.647 ,    4.008 ,        7 , 	)
 145 	 (   3 ,  638.000 ,  818.000 ,        0 ,  659.902 ,  726.549 ,    0.000 ,  726.549 ,  728.549 ,  107.957 ,   13.116 ,   66.647 ,    0.527 ,        8 , 	)
 167 	 (   2 ,  590.000 ,  770.000 ,        0 ,  673.768 ,  740.415 ,    0.000 ,  740.415 ,  741.415 ,   93.884 ,   13.116 ,   66.647 ,    2.114 ,        9 , 	)
 150 	 (   0 ,  563.000 ,  803.000 ,        0 ,  695.125 ,  761.771 ,    0.000 ,  761.771 ,  763.771 ,   46.719 ,   21.582 ,   66.647 ,    7.159 ,       10 , 	)
  33 	 (   1 ,  780.000 ,  960.000 ,        0 ,  717.344 ,  783.990 ,    0.000 ,  783.990 ,  784.990 ,    0.000 ,   21.582 ,    3.990 ,    1.398 ,       11 , 	)
  66 	 (   3 ,  732.000 ,  953.372 ,        0 ,  806.453 ,  810.444 ,    0.000 ,  810.444 ,  812.444 ,    0.000 ,   21.582 ,    3.990 ,    0.129 ,       12 , 	)
   3 	 (   7 ,  720.000 ,  960.000 ,        0 ,  828.732 ,  832.722 ,    0.000 ,  832.722 ,  836.722 ,    0.000 ,   21.582 ,    3.990 ,   13.297 ,       13 , 	)
 159 	 (   5 ,  800.000 ,  980.000 ,        0 ,  850.378 ,  854.368 ,    0.000 ,  854.368 ,  856.368 ,   41.925 ,   21.582 ,    3.990 ,   11.176 ,       14 , 	)
  96 	 (   1 ,  805.000 , 1045.000 ,        0 ,  886.582 ,  890.572 ,    0.000 ,  890.572 ,  894.572 ,   53.850 ,   21.582 ,    3.990 ,    0.000 ,       15 , 	)
  30 	 (   3 ,  780.000 ,  960.000 ,        0 ,  890.582 ,  894.572 ,    0.000 ,  894.572 ,  896.572 ,    0.000 ,   21.582 ,    3.990 ,    0.000 ,       16 , 	)
 126 	 (   2 ,  907.000 , 1087.000 ,        0 ,  903.010 ,  907.000 ,    0.000 ,  907.000 ,  908.000 ,  122.010 ,   21.582 ,    0.000 ,   -0.540 ,       17 , 	)
  62 	 (   4 ,  840.000 ,  960.000 ,        0 ,  916.035 ,  916.035 ,    0.000 ,  916.035 ,  918.035 ,    0.000 ,   21.582 ,    0.000 ,    3.859 ,       18 , 	)
  10 	 (   5 ,  720.000 ,  960.000 ,        0 ,  933.482 ,  933.482 ,    0.000 ,  933.482 ,  934.482 ,    0.000 ,   21.582 ,    0.000 ,    6.682 ,       19 , 	)
 123 	 (   3 ,  851.000 , 1091.000 ,        0 ,  955.414 ,  955.414 ,    0.000 ,  955.414 ,  957.414 ,   58.842 ,   14.064 ,    0.000 ,    6.698 ,       20 , 	)
 155 	 (   1 ,  892.244 , 1096.000 ,        0 ,  978.610 ,  978.610 ,    0.000 ,  978.610 ,  980.610 ,   60.574 ,   14.064 ,    0.000 ,   13.417 ,       21 , 	)
 103 	 (   0 ,  774.000 , 1014.000 ,        0 ,  992.418 ,  992.418 ,    0.000 ,  992.418 ,  993.418 ,   57.936 ,   14.064 ,    0.000 ,    3.298 ,       22 , 	)
 187 	 (   0 ,    0.000 , 1440.000 ,        0 , 1018.695 , 1018.695 ,    0.000 , 1018.695 , 1018.695 ,    0.000 ,  421.305 ,    0.000 ,    0.000 ,       23 , 	)

	18 sommets 
	values : ( Cost : 460.208 , TRT : 449.162 , TWT :  65.141 , TD : 478.689 )
	violations : ( VC :       0 , VTW :   0.000 , VTD :   0.000 , VTRT :   0.000 )
	cout global : (   0.000	 )
S(i)	 (   C ,     TW0 ,       TW1 ,       VTW ,       Min ,       A ,       W ,       B ,       D ,       L ,       F ,       E ,       Det ,       [Imp ,       Imp]	)
   0 	 (   0 ,    0.000 , 1440.000 ,        0 ,    0.000 ,  865.184 ,    0.000 ,  865.184 ,  865.184 ,    0.000 ,    0.000 ,  865.184 ,    0.000 ,        0 , 	)
  42 	 (   4 ,  840.000 ,  960.000 ,        0 ,   11.044 ,  876.229 ,    0.000 ,  876.229 ,  880.229 ,    0.000 ,    0.000 ,   36.229 ,    8.616 ,        1 , 	)
  67 	 (   5 ,  720.000 ,  960.000 ,        0 ,  853.468 ,  889.697 ,    0.000 ,  889.697 ,  890.697 ,    0.000 ,    0.000 ,   36.229 ,    8.087 ,        2 , 	)
 135 	 (   1 ,  868.365 , 1029.000 ,        0 ,  877.453 ,  913.681 ,    0.000 ,  913.681 ,  917.681 ,   33.453 ,    0.000 ,   36.229 ,   -3.191 ,        3 , 	)
  46 	 (   3 ,  742.000 ,  939.002 ,        0 ,  898.170 ,  934.398 ,    0.000 ,  934.398 ,  936.398 ,    0.000 ,    0.000 ,   36.229 ,   -3.301 ,        4 , 	)
  16 	 (   5 ,  720.000 ,  960.000 ,        0 ,  906.653 ,  942.881 ,    0.000 ,  942.881 ,  944.881 ,    0.000 ,    0.000 ,   36.229 ,    2.603 ,        5 , 	)
 139 	 (   3 ,  771.000 ,  951.000 ,        0 ,  914.771 ,  951.000 ,    0.000 ,  951.000 ,  953.000 ,   14.602 ,    0.000 ,   36.229 ,    8.520 ,        6 , 	)
  29 	 (   4 ,  960.000 , 1080.000 ,        0 ,  924.984 ,  961.213 ,   32.842 ,  994.055 ,  995.055 ,    0.000 ,    0.000 ,   34.055 ,   11.186 ,        7 , 	)
 160 	 (   3 ,  847.000 , 1027.000 ,        0 ,  971.777 , 1005.832 ,    0.000 , 1005.832 , 1006.832 ,  115.135 ,    0.000 ,   34.055 ,   -2.419 ,        8 , 	)
 109 	 (   1 ,  800.000 , 1040.000 ,        0 , 1005.945 , 1040.000 ,    0.000 , 1040.000 , 1042.000 ,   95.119 ,   -0.000 ,   34.055 ,   18.282 ,        9 , 	)
 122 	 (   0 , 1063.000 , 1183.000 ,        0 , 1039.099 , 1073.153 ,    0.000 , 1073.153 , 1074.153 ,   78.098 ,   54.449 ,   10.153 ,    0.000 ,       10 , 	)
  64 	 (   3 ,  960.000 , 1200.000 ,        0 , 1064.000 , 1074.153 ,   32.299 , 1106.453 , 1109.453 ,    0.000 ,   22.150 ,   42.453 ,    0.000 ,       11 , 	)
 157 	 (   0 , 1009.000 , 1249.000 ,        0 , 1090.657 , 1133.110 ,    0.000 , 1133.110 , 1136.110 ,   23.657 ,   22.150 ,   42.453 ,   -2.549 ,       12 , 	)
   7 	 (   2 , 1020.000 , 1200.000 ,        0 , 1103.210 , 1145.662 ,    0.000 , 1145.662 , 1147.662 ,    0.000 ,   22.150 ,   42.453 ,   18.341 ,       13 , 	)
  53 	 (   6 ,  973.000 , 1191.712 ,        0 , 1127.110 , 1169.562 ,    0.000 , 1169.562 , 1173.562 ,    0.000 ,   22.150 ,   42.453 ,    9.429 ,       14 , 	)
 146 	 (   2 , 1039.000 , 1219.000 ,        0 , 1154.398 , 1196.850 ,    0.000 , 1196.850 , 1200.850 ,   23.288 ,   22.150 ,   42.453 ,   11.884 ,       15 , 	)
 100 	 (   0 , 1243.000 , 1303.000 ,        0 , 1200.547 , 1243.000 ,    0.000 , 1243.000 , 1245.000 ,   95.338 ,   60.000 ,    0.000 ,   71.816 ,       16 , 	)
 187 	 (   0 ,    0.000 , 1440.000 ,        0 , 1314.347 , 1314.347 ,    0.000 , 1314.347 , 1314.347 ,    0.000 ,  125.653 ,    0.000 ,    0.000 ,       17 , 	)

	24 sommets 
	values : ( Cost : 444.787 , TRT : 401.047 , TWT :  32.620 , TD : 731.579 )
	violations : ( VC :       0 , VTW :   0.000 , VTD :   0.000 , VTRT :   0.000 )
	cout global : (   0.000	 )
S(i)	 (   C ,     TW0 ,       TW1 ,       VTW ,       Min ,       A ,       W ,       B ,       D ,       L ,       F ,       E ,       Det ,       [Imp ,       Imp]	)
   0 	 (   0 ,    0.000 , 1440.000 ,        0 ,    0.000 ,  307.635 ,    0.000 ,  307.635 ,  307.635 ,    0.000 ,    0.000 ,  307.635 ,    0.000 ,        0 , 	)
  54 	 (   2 ,  240.000 ,  420.000 ,        0 ,   12.386 ,  320.020 ,    0.000 ,  320.020 ,  322.020 ,    0.000 ,    0.000 ,   80.020 ,    5.518 ,        1 , 	)
  28 	 (   3 ,  241.000 ,  420.000 ,        0 ,  247.855 ,  327.875 ,    0.000 ,  327.875 ,  328.875 ,    0.000 ,    0.000 ,   80.020 ,   -0.002 ,        2 , 	)
  84 	 (   4 ,  300.000 ,  420.000 ,        0 ,  272.880 ,  352.901 ,    0.000 ,  352.901 ,  353.901 ,    0.000 ,    0.000 ,   52.901 ,    8.661 ,        3 , 	)
  65 	 (   5 ,  240.000 ,  360.000 ,        0 ,  307.099 ,  360.000 ,    0.000 ,  360.000 ,  361.000 ,    0.000 ,    0.000 ,   52.901 ,    2.484 ,        4 , 	)
 158 	 (   4 ,  256.000 ,  435.000 ,        0 ,  321.873 ,  374.774 ,    0.000 ,  374.774 ,  375.774 ,   13.774 ,   21.179 ,   52.901 ,    8.432 ,        5 , 	)
  71 	 (   5 ,  275.000 ,  453.826 ,        0 ,  336.268 ,  389.169 ,   21.179 ,  410.348 ,  411.348 ,    0.000 ,    0.000 ,   74.080 ,    3.147 ,        6 , 	)
 121 	 (   4 ,  355.000 ,  475.000 ,        0 ,  356.935 ,  431.015 ,    0.000 ,  431.015 ,  432.015 ,  102.140 ,    0.000 ,   74.080 ,    0.000 ,        7 , 	)
 147 	 (   2 ,  375.000 ,  615.000 ,        0 ,  357.935 ,  432.015 ,    0.000 ,  432.015 ,  434.015 ,  109.995 ,    0.000 ,   57.015 ,    0.000 ,        8 , 	)
  85 	 (   4 ,  240.000 ,  480.000 ,        0 ,  383.046 ,  440.061 ,    0.000 ,  440.061 ,  442.061 ,    0.000 ,    0.000 ,   57.015 ,    0.447 ,        9 , 	)
 177 	 (   3 ,  335.825 ,  514.000 ,        0 ,  389.886 ,  446.901 ,    0.000 ,  446.901 ,  447.901 ,   93.000 ,    0.000 ,   57.015 ,    0.252 ,       10 , 	)
  90 	 (   4 ,  240.000 ,  480.000 ,        0 ,  396.165 ,  453.180 ,    1.523 ,  454.702 ,  455.702 ,    0.000 ,    0.000 ,   58.538 ,    2.618 ,       11 , 	)
   4 	 (   5 ,  300.000 ,  480.000 ,        0 ,  416.059 ,  474.596 ,    0.000 ,  474.596 ,  475.596 ,    0.000 ,    0.000 ,   58.538 ,    0.030 ,       12 , 	)
 178 	 (   3 ,  367.000 ,  547.000 ,        0 ,  422.923 ,  481.461 ,    0.000 ,  481.461 ,  483.461 ,   39.400 ,    0.000 ,   58.538 ,    1.734 ,       13 , 	)
 164 	 (   2 ,  370.000 ,  490.000 ,        0 ,  431.462 ,  490.000 ,    0.000 ,  490.000 ,  491.000 ,   78.652 ,    0.000 ,   58.538 ,    0.807 ,       14 , 	)
  97 	 (   1 ,  472.000 ,  652.000 ,        0 ,  474.874 ,  533.412 ,    0.000 ,  533.412 ,  534.412 ,   57.816 ,   72.156 ,   58.538 ,    0.696 ,       15 , 	)
 183 	 (   0 ,  375.000 ,  615.000 ,        0 ,  484.306 ,  542.844 ,    0.000 ,  542.844 ,  543.844 ,   87.141 ,   72.156 ,   58.538 ,    5.402 ,       16 , 	)
  48 	 (   3 ,  540.000 ,  660.000 ,        0 ,  504.453 ,  562.990 ,    9.919 ,  572.909 ,  575.909 ,    0.000 ,   87.091 ,   32.909 ,   -2.081 ,       17 , 	)
   2 	 (   4 ,  540.000 ,  720.000 ,        0 ,  550.417 ,  583.326 ,    0.000 ,  583.326 ,  584.326 ,    0.000 ,   26.753 ,   32.909 ,    5.835 ,       18 , 	)
  77 	 (   7 ,  600.000 ,  720.000 ,        0 ,  567.091 ,  600.000 ,    0.000 ,  600.000 ,  603.000 ,    0.000 ,   26.753 ,    0.000 ,    6.669 ,       19 , 	)
 141 	 (   4 ,  571.416 ,  739.000 ,        0 ,  625.156 ,  625.156 ,    0.000 ,  625.156 ,  628.156 ,   49.247 ,   26.753 ,    0.000 ,    2.978 ,       20 , 	)
 170 	 (   1 ,  628.611 ,  792.000 ,        0 ,  634.589 ,  634.589 ,    0.000 ,  634.589 ,  637.589 ,   31.589 ,   37.411 ,    0.000 ,    1.911 ,       21 , 	)
  95 	 (   0 ,  643.000 ,  823.000 ,        0 ,  653.152 ,  653.152 ,    0.000 ,  653.152 ,  654.152 ,   68.826 ,   68.174 ,    0.000 ,   11.903 ,       22 , 	)
 187 	 (   0 ,    0.000 , 1440.000 ,        0 ,  708.681 ,  708.681 ,    0.000 ,  708.681 ,  708.681 ,    0.000 ,  731.319 ,    0.000 ,    0.000 ,       23 , 	)

	12 sommets 
	values : ( Cost : 357.326 , TRT : 296.666 , TWT :   0.000 , TD : 305.685 )
	violations : ( VC :       0 , VTW :   0.000 , VTD :   0.000 , VTRT :   0.000 )
	cout global : (   0.000	 )
S(i)	 (   C ,     TW0 ,       TW1 ,       VTW ,       Min ,       A ,       W ,       B ,       D ,       L ,       F ,       E ,       Det ,       [Imp ,       Imp]	)
   0 	 (   0 ,    0.000 , 1440.000 ,        0 ,    0.000 ,  222.386 ,    0.000 ,  222.386 ,  222.386 ,    0.000 ,   19.478 ,  222.386 ,    0.000 ,        0 , 	)
  38 	 (   3 ,  244.000 ,  480.000 ,        0 ,   53.491 ,  275.877 ,    0.000 ,  275.877 ,  278.877 ,    0.000 ,   19.478 ,   31.877 ,    4.480 ,        1 , 	)
  59 	 (   6 ,  254.000 ,  472.153 ,        0 ,  270.935 ,  302.813 ,    0.000 ,  302.813 ,  305.813 ,    0.000 ,   19.478 ,   31.877 ,    6.337 ,        2 , 	)
 152 	 (   3 ,  318.000 ,  498.000 ,        0 ,  296.782 ,  328.659 ,    0.000 ,  328.659 ,  331.659 ,   22.847 ,   19.478 ,   10.659 ,   18.148 ,        3 , 	)
  45 	 (   7 ,  240.000 ,  360.000 ,        0 ,  329.862 ,  340.522 ,    0.000 ,  340.522 ,  344.522 ,    0.000 ,   19.478 ,   10.659 ,   11.397 ,        4 , 	)
  92 	 (   8 ,  248.000 ,  480.000 ,        0 ,  358.368 ,  369.028 ,    0.000 ,  369.028 ,  370.028 ,    0.000 ,   30.765 ,   10.659 ,    8.911 ,        5 , 	)
 138 	 (   4 ,  308.000 ,  488.000 ,        0 ,  379.438 ,  390.098 ,    0.000 ,  390.098 ,  394.098 ,   45.576 ,   30.765 ,   10.659 ,    3.555 ,        6 , 	)
 185 	 (   3 ,  333.000 ,  513.000 ,        0 ,  398.176 ,  408.835 ,    0.000 ,  408.835 ,  409.835 ,   38.808 ,   30.765 ,   10.659 ,   12.001 ,        7 , 	)
 131 	 (   0 ,  465.000 ,  585.000 ,        0 ,  455.453 ,  466.113 ,    0.000 ,  466.113 ,  469.113 ,  187.235 ,   30.765 ,    1.113 ,    9.778 ,        8 , 	)
  50 	 (   3 ,  480.000 ,  540.000 ,        0 ,  478.887 ,  480.000 ,    0.000 ,  480.000 ,  483.000 ,    0.000 ,   60.000 ,    0.000 ,   -1.415 ,        9 , 	)
 143 	 (   0 ,  494.220 ,  573.000 ,        0 ,  494.220 ,  494.220 ,    0.000 ,  494.220 ,  497.220 ,   11.220 ,   18.780 ,    0.000 ,    4.820 ,       10 , 	)
 187 	 (   0 ,    0.000 , 1440.000 ,        0 ,  519.053 ,  519.053 ,    0.000 ,  519.053 ,  519.053 ,    0.000 ,  920.947 ,    0.000 ,    0.000 ,       11 , 	)

	22 sommets 
	values : ( Cost : 515.948 , TRT : 433.931 , TWT :   0.000 , TD : 781.155 )
	violations : ( VC :       0 , VTW :   0.000 , VTD :   0.000 , VTRT :   0.000 )
	cout global : (   0.000	 )
S(i)	 (   C ,     TW0 ,       TW1 ,       VTW ,       Min ,       A ,       W ,       B ,       D ,       L ,       F ,       E ,       Det ,       [Imp ,       Imp]	)
   0 	 (   0 ,    0.000 , 1440.000 ,        0 ,    0.000 ,  827.598 ,    0.000 ,  827.598 ,  827.598 ,    0.000 ,   15.317 ,  827.598 ,    0.000 ,        0 , 	)
  13 	 (   4 ,  720.000 ,  960.000 ,        0 ,   14.390 ,  841.988 ,    0.000 ,  841.988 ,  845.988 ,    0.000 ,   15.317 ,  121.988 ,    3.313 ,        1 , 	)
  41 	 (   6 ,  720.000 ,  900.000 ,        0 ,  726.493 ,  848.481 ,    0.000 ,  848.481 ,  850.481 ,    0.000 ,   15.317 ,  121.988 ,   -2.941 ,        2 , 	)
  70 	 (   8 ,  720.000 ,  900.000 ,        0 ,  742.067 ,  864.055 ,    0.000 ,  864.055 ,  866.055 ,    0.000 ,   12.878 ,  121.988 ,   13.238 ,        3 , 	)
 106 	 (   4 ,  796.000 , 1036.000 ,        0 ,  779.085 ,  901.073 ,    0.000 ,  901.073 ,  905.073 ,   55.085 ,   12.878 ,  105.073 ,    6.141 ,        4 , 	)
  76 	 (   6 ,  740.000 ,  948.159 ,        0 ,  804.512 ,  909.585 ,    0.000 ,  909.585 ,  911.585 ,    0.000 ,   12.878 ,  105.073 ,    8.341 ,        5 , 	)
 163 	 (   4 ,  771.000 , 1009.000 ,        0 ,  817.350 ,  922.423 ,    0.000 ,  922.423 ,  924.423 ,   56.368 ,   12.878 ,  105.073 ,    1.257 ,        6 , 	)
 169 	 (   2 ,  798.000 ,  978.000 ,        0 ,  837.611 ,  942.683 ,    0.000 ,  942.683 ,  944.683 ,   31.098 ,   12.878 ,  105.073 ,    0.000 ,        7 , 	)
  44 	 (   5 ,  780.000 ,  960.000 ,        0 ,  839.611 ,  944.683 ,    0.000 ,  944.683 ,  947.683 ,    0.000 ,   12.878 ,  105.073 ,    0.000 ,        8 , 	)
 134 	 (   3 ,  778.000 , 1018.000 ,        0 ,  848.530 ,  953.603 ,    0.000 ,  953.603 ,  955.603 ,  103.122 ,   12.878 ,  105.073 ,    4.165 ,        9 , 	)
  81 	 (   4 ,  960.000 , 1200.000 ,        0 ,  872.204 ,  977.277 ,    0.000 ,  977.277 ,  978.277 ,    0.000 ,   16.270 ,   17.277 ,    8.980 ,       10 , 	)
 137 	 (   1 ,  831.000 , 1058.000 ,        0 ,  991.293 , 1008.570 ,    0.000 , 1008.570 , 1011.570 ,   60.886 ,   16.270 ,   17.277 ,   12.672 ,       11 , 	)
  17 	 (   3 ,  960.000 , 1200.000 ,        0 , 1006.948 , 1024.225 ,    0.000 , 1024.225 , 1026.225 ,    0.000 ,   16.270 ,   17.277 ,    6.495 ,       12 , 	)
  24 	 (   6 ,  960.000 , 1200.000 ,        0 , 1027.392 , 1044.669 ,    0.000 , 1044.669 , 1047.669 ,    0.000 ,   16.270 ,   17.277 ,   -1.385 ,       13 , 	)
 174 	 (   5 , 1080.000 , 1260.000 ,        0 , 1062.723 , 1080.000 ,    0.000 , 1080.000 , 1081.000 ,  101.723 ,   16.270 ,    0.000 ,    9.075 ,       14 , 	)
 117 	 (   2 , 1092.000 , 1272.000 ,        0 , 1107.673 , 1107.673 ,    0.000 , 1107.673 , 1110.673 ,   60.004 ,   16.270 ,    0.000 ,   15.839 ,       15 , 	)
  82 	 (   4 ,  977.000 , 1200.000 ,        0 , 1126.192 , 1126.192 ,    0.000 , 1126.192 , 1128.192 ,    0.000 ,   16.270 ,    0.000 ,    2.490 ,       16 , 	)
  18 	 (   6 , 1020.000 , 1200.000 ,        0 , 1144.237 , 1144.237 ,    0.000 , 1144.237 , 1146.237 ,    0.000 ,   16.270 ,   -0.000 ,   24.809 ,       17 , 	)
 110 	 (   4 , 1102.000 , 1342.000 ,        0 , 1181.395 , 1181.395 ,    0.000 , 1181.395 , 1183.395 ,  155.171 ,   16.270 ,   -0.000 ,    0.000 ,       18 , 	)
 111 	 (   2 , 1061.000 , 1296.000 ,        0 , 1183.395 , 1183.395 ,    0.000 , 1183.395 , 1185.395 ,   37.159 ,   16.270 ,   -0.000 ,    0.000 ,       19 , 	)
 175 	 (   0 , 1145.000 , 1265.000 ,        0 , 1248.730 , 1248.730 ,    0.000 , 1248.730 , 1250.730 ,  120.538 ,   16.270 ,   -0.000 ,    8.732 ,       20 , 	)
 187 	 (   0 ,    0.000 , 1440.000 ,        0 , 1261.529 , 1261.529 ,    0.000 , 1261.529 , 1261.529 ,    0.000 ,  178.471 ,   -0.000 ,    0.000 ,       21 , 	)

	12 sommets 
	values : ( Cost : 312.921 , TRT : 263.279 , TWT :   0.000 , TD : 266.016 )
	violations : ( VC :       0 , VTW :   0.000 , VTD :   0.000 , VTRT :   0.000 )
	cout global : (   0.000	 )
S(i)	 (   C ,     TW0 ,       TW1 ,       VTW ,       Min ,       A ,       W ,       B ,       D ,       L ,       F ,       E ,       Det ,       [Imp ,       Imp]	)
   0 	 (   0 ,    0.000 , 1440.000 ,        0 ,    0.000 ,  261.529 ,    0.000 ,  261.529 ,  261.529 ,    0.000 ,   13.095 ,  261.529 ,    0.000 ,        0 , 	)
   9 	 (   4 ,  300.000 ,  480.000 ,        0 ,   50.380 ,  311.909 ,    0.000 ,  311.909 ,  315.909 ,    0.000 ,   13.095 ,   11.909 ,    1.323 ,        1 , 	)
  56 	 (   8 ,  240.000 ,  480.000 ,        0 ,  309.975 ,  321.884 ,    0.000 ,  321.884 ,  325.884 ,    0.000 ,   13.095 ,   11.909 ,   -0.904 ,        2 , 	)
 102 	 (   4 ,  365.000 ,  605.000 ,        0 ,  353.091 ,  365.000 ,    0.000 ,  365.000 ,  369.000 ,   49.091 ,   13.095 ,    0.000 ,    4.650 ,        3 , 	)
  23 	 (   6 ,  240.000 ,  480.000 ,        0 ,  372.309 ,  372.309 ,    0.000 ,  372.309 ,  374.309 ,    0.000 ,   13.095 ,    0.000 ,    5.826 ,        4 , 	)
  93 	 (   8 ,  240.000 ,  480.000 ,        0 ,  399.911 ,  399.911 ,    0.000 ,  399.911 ,  401.911 ,    0.000 ,   13.095 ,    0.000 ,    0.000 ,        5 , 	)
 116 	 (   6 ,  300.000 ,  540.000 ,        0 ,  405.832 ,  405.832 ,    0.000 ,  405.832 ,  407.832 ,   31.523 ,   13.095 ,    0.000 ,    0.000 ,        6 , 	)
 149 	 (   2 ,  378.000 ,  618.000 ,        0 ,  429.323 ,  429.323 ,    0.000 ,  429.323 ,  433.323 ,  103.438 ,   13.095 ,    0.000 ,   12.327 ,        7 , 	)
 186 	 (   0 ,  287.000 ,  527.000 ,        0 ,  442.919 ,  442.919 ,    0.000 ,  442.919 ,  444.919 ,   41.008 ,   13.095 ,    0.000 ,    2.249 ,        8 , 	)
  83 	 (   2 ,  420.000 ,  480.000 ,        0 ,  466.905 ,  466.905 ,    0.000 ,  466.905 ,  468.905 ,    0.000 ,   13.095 ,    0.000 ,    2.906 ,        9 , 	)
 176 	 (   0 ,  462.956 ,  591.000 ,        0 ,  509.860 ,  509.860 ,    0.000 ,  509.860 ,  511.860 ,   40.956 ,   68.044 ,    0.000 ,   18.137 ,       10 , 	)
 187 	 (   0 ,    0.000 , 1440.000 ,        0 ,  524.808 ,  524.808 ,    0.000 ,  524.808 ,  524.808 ,    0.000 ,  915.192 ,    0.000 ,    0.000 ,       11 , 	)
