9
	VALUE ALL : ( Cost : 2453.716 , TRT : 2598.081 , TWT : 375.182 , TD : 4708.436 )
	VIOLATIONS TOTAL : ( VC :       0 , VTW :   0.000 , VTD :   0.000 , VTRT :   0.000 )
 	COUT_ALL : (   0.002 )  T2B:     600

	18 sommets 
	values : ( Cost : 199.590 , TRT : 208.714 , TWT :  34.647 , TD : 528.561 )
	violations : ( VC :       0 , VTW :   0.000 , VTD :   0.000 , VTRT :   0.000 )
	cout global : (   0.000	 )
S(i)	 (   C ,     TW0 ,       TW1 ,       VTW ,       Min ,       A ,       W ,       B ,       D ,       L ,       F ,       E ,       Det ,       [Imp ,       Imp]	)
   0 	 (   0 ,    0.000 , 1440.000 ,        0 ,    0.000 ,  310.098 ,    0.000 ,  310.098 ,  310.098 ,    0.000 ,    0.000 ,  310.098 ,    0.000 ,        0 , 	)
  43 	 (   1 ,  252.000 ,  467.826 ,        0 ,    5.369 ,  315.467 ,    0.000 ,  315.467 ,  316.467 ,    0.000 ,    0.000 ,   63.467 ,    4.901 ,        1 , 	)
 135 	 (   0 ,  297.000 ,  477.000 ,        0 ,  261.174 ,  324.641 ,    0.000 ,  324.641 ,  325.641 ,    8.174 ,    0.000 ,   27.641 ,   -0.139 ,        2 , 	)
  58 	 (   1 ,  300.000 ,  480.000 ,        0 ,  302.929 ,  330.569 ,    0.000 ,  330.569 ,  331.569 ,    0.000 ,    0.000 ,   27.641 ,    0.000 ,        3 , 	)
   8 	 (   4 ,  240.000 ,  420.000 ,        0 ,  303.929 ,  331.569 ,    0.000 ,  331.569 ,  334.569 ,    0.000 ,    0.000 ,   27.641 ,    0.000 ,        4 , 	)
  35 	 (   6 ,  240.000 ,  480.000 ,        0 ,  347.246 ,  374.886 ,    0.000 ,  374.886 ,  376.886 ,    0.000 ,    0.000 ,   27.641 ,    3.532 ,        5 , 	)
  22 	 (   7 ,  321.000 ,  404.492 ,        0 ,  353.417 ,  381.057 ,    0.000 ,  381.057 ,  382.057 ,    0.000 ,    0.000 ,   27.641 ,    0.953 ,        6 , 	)
 100 	 (   4 ,  374.000 ,  554.000 ,        0 ,  363.926 ,  391.566 ,    0.000 ,  391.566 ,  394.566 ,   56.997 ,    0.000 ,   17.566 ,    0.000 ,        7 , 	)
  29 	 (   5 ,  240.000 ,  480.000 ,        0 ,  377.000 ,  394.566 ,    0.000 ,  394.566 ,  395.566 ,    0.000 ,    0.000 ,   17.566 ,    0.000 ,        8 , 	)
 150 	 (   4 ,  400.000 ,  640.000 ,        0 ,  390.398 ,  407.964 ,    0.000 ,  407.964 ,  408.964 ,   76.395 ,    0.000 ,    7.964 ,    4.467 ,        9 , 	)
  37 	 (   5 ,  240.000 ,  420.000 ,        0 ,  409.353 ,  417.317 ,    0.000 ,  417.317 ,  418.317 ,    0.000 ,    0.000 ,    7.964 ,   -6.454 ,       10 , 	)
 114 	 (   4 ,  369.000 ,  429.000 ,        0 ,  421.036 ,  429.000 ,    0.000 ,  429.000 ,  430.000 ,   46.943 ,   -0.000 ,    7.964 ,    1.505 ,       11 , 	)
   6 	 (   6 ,  480.000 ,  540.000 ,        0 ,  439.379 ,  447.343 ,   34.647 ,  481.989 ,  483.989 ,    0.000 ,    0.414 ,    1.989 ,    2.995 ,       12 , 	)
 129 	 (   5 ,  299.000 ,  539.000 ,        0 ,  490.062 ,  492.052 ,    0.000 ,  492.052 ,  493.052 ,   73.735 ,    0.414 ,    1.989 ,   -0.833 ,       13 , 	)
 121 	 (   4 ,  329.000 ,  569.000 ,        0 ,  496.855 ,  498.844 ,    0.000 ,  498.844 ,  499.844 ,  103.278 ,    0.414 ,    1.989 ,   -0.250 ,       14 , 	)
  98 	 (   2 ,  509.443 ,  615.000 ,        0 ,  507.453 ,  509.443 ,    0.000 ,  509.443 ,  511.443 ,   25.453 ,    0.414 ,    0.000 ,    0.517 ,       15 , 	)
 127 	 (   0 ,  344.000 ,  584.000 ,        0 ,  514.472 ,  514.472 ,    0.000 ,  514.472 ,  516.472 ,  137.586 ,    0.414 ,    0.000 ,    0.000 ,       16 , 	)
 185 	 (   0 ,    0.000 , 1440.000 ,        0 ,  518.812 ,  518.812 ,    0.000 ,  518.812 ,  518.812 ,    0.000 ,  921.188 ,    0.000 ,    0.000 ,       17 , 	)

	18 sommets 
	values : ( Cost : 246.210 , TRT : 213.120 , TWT :   0.000 , TD : 565.963 )
	violations : ( VC :       0 , VTW :   0.000 , VTD :   0.000 , VTRT :   0.000 )
	cout global : (   0.000	 )
S(i)	 (   C ,     TW0 ,       TW1 ,       VTW ,       Min ,       A ,       W ,       B ,       D ,       L ,       F ,       E ,       Det ,       [Imp ,       Imp]	)
   0 	 (   0 ,    0.000 , 1440.000 ,        0 ,    0.000 , 1013.477 ,    0.000 , 1013.477 , 1013.477 ,    0.000 ,    8.359 , 1013.477 ,    0.000 ,        0 , 	)
  27 	 (   2 , 1020.000 , 1200.000 ,        0 ,    6.523 , 1020.000 ,    0.000 , 1020.000 , 1022.000 ,    0.000 ,    8.359 ,    0.000 ,    4.500 ,        1 , 	)
  57 	 (   3 ,  960.000 , 1200.000 ,        0 , 1025.535 , 1025.535 ,    0.000 , 1025.535 , 1026.535 ,    0.000 ,    8.359 ,   -0.000 ,    0.143 ,        2 , 	)
  16 	 (   7 , 1020.000 , 1200.000 ,        0 , 1038.549 , 1038.549 ,    0.000 , 1038.549 , 1042.549 ,    0.000 ,    8.359 ,   -0.000 ,    5.445 ,        3 , 	)
  80 	 (   8 , 1025.000 , 1144.307 ,        0 , 1056.342 , 1056.342 ,    0.000 , 1056.342 , 1057.342 ,    0.000 ,    8.359 ,   -0.000 ,    3.768 ,        4 , 	)
 108 	 (   4 , 1068.000 , 1248.000 ,        0 , 1074.080 , 1074.080 ,    0.000 , 1074.080 , 1078.080 ,   31.531 ,    4.933 ,   -0.000 ,    9.296 ,        5 , 	)
  24 	 (   6 , 1002.000 , 1164.590 ,        0 , 1093.374 , 1093.374 ,    0.000 , 1093.374 , 1095.374 ,    0.000 ,    4.933 ,   -0.000 ,   12.574 ,        6 , 	)
 119 	 (   4 , 1094.000 , 1274.000 ,        0 , 1106.183 , 1106.183 ,    0.000 , 1106.183 , 1108.183 ,   84.183 ,    4.933 ,   -0.000 ,    1.971 ,        7 , 	)
  50 	 (   6 ,  960.000 , 1200.000 ,        0 , 1119.753 , 1119.753 ,    0.000 , 1119.753 , 1121.753 ,    0.000 ,    4.933 ,   -0.000 ,   -1.749 ,        8 , 	)
 149 	 (   5 , 1047.000 , 1287.000 ,        0 , 1125.100 , 1125.100 ,    0.000 , 1125.100 , 1126.100 ,   98.565 ,    4.933 ,   -0.000 ,    0.031 ,        9 , 	)
  89 	 (   6 , 1020.000 , 1200.000 ,        0 , 1133.684 , 1133.684 ,    0.000 , 1133.684 , 1134.684 ,    0.000 ,    4.933 ,   -0.000 ,   -5.923 ,       10 , 	)
 172 	 (   5 , 1121.000 , 1181.000 ,        0 , 1147.409 , 1147.409 ,    0.000 , 1147.409 , 1148.409 ,   90.067 ,    4.933 ,   -0.000 ,    0.000 ,       11 , 	)
 116 	 (   3 , 1072.000 , 1192.000 ,        0 , 1148.409 , 1148.409 ,    0.000 , 1148.409 , 1150.409 ,   53.035 ,    8.359 ,   -0.000 ,    0.000 ,       12 , 	)
  25 	 (   4 ,  971.000 , 1195.410 ,        0 , 1187.050 , 1187.050 ,    0.000 , 1187.050 , 1188.050 ,    0.000 ,    8.359 ,   -0.000 ,   -2.271 ,       13 , 	)
 117 	 (   3 , 1043.000 , 1223.000 ,        0 , 1214.641 , 1214.641 ,    0.000 , 1214.641 , 1215.641 ,   26.590 ,    8.359 ,   -0.000 ,    0.000 ,       14 , 	)
 142 	 (   1 , 1085.000 , 1265.000 ,        0 , 1215.641 , 1215.641 ,    0.000 , 1215.641 , 1217.641 ,   93.887 ,   32.113 ,   -0.000 ,    0.000 ,       15 , 	)
 181 	 (   0 , 1108.000 , 1348.000 ,        0 , 1222.789 , 1222.789 ,    0.000 , 1222.789 , 1223.789 ,   88.105 ,   69.895 ,   -0.000 ,    5.617 ,       16 , 	)
 185 	 (   0 ,    0.000 , 1440.000 ,        0 , 1226.597 , 1226.597 ,    0.000 , 1226.597 , 1226.597 ,    0.000 ,  213.403 ,   -0.000 ,    0.000 ,       17 , 	)

	20 sommets 
	values : ( Cost : 222.756 , TRT : 205.486 , TWT :   0.000 , TD : 379.934 )
	violations : ( VC :       0 , VTW :   0.000 , VTD :   0.000 , VTRT :   0.000 )
	cout global : (   0.000	 )
S(i)	 (   C ,     TW0 ,       TW1 ,       VTW ,       Min ,       A ,       W ,       B ,       D ,       L ,       F ,       E ,       Det ,       [Imp ,       Imp]	)
   0 	 (   0 ,    0.000 , 1440.000 ,        0 ,    0.000 ,  267.412 ,    0.000 ,  267.412 ,  267.412 ,    0.000 ,   19.987 ,  267.412 ,    0.000 ,        0 , 	)
  65 	 (   2 ,  240.000 ,  420.000 ,        0 ,   19.150 ,  286.562 ,    0.000 ,  286.562 ,  288.562 ,    0.000 ,   19.987 ,   46.562 ,    3.254 ,        1 , 	)
  14 	 (   6 ,  245.000 ,  480.000 ,        0 ,  250.691 ,  297.253 ,    0.000 ,  297.253 ,  301.253 ,    0.000 ,   19.987 ,   46.562 ,    2.812 ,        2 , 	)
 157 	 (   4 ,  308.000 ,  488.000 ,        0 ,  282.020 ,  328.582 ,    0.000 ,  328.582 ,  330.582 ,   40.020 ,   19.987 ,   20.582 ,    4.922 ,        3 , 	)
  46 	 (   5 ,  300.000 ,  480.000 ,        0 ,  317.471 ,  338.053 ,    0.000 ,  338.053 ,  339.053 ,    0.000 ,   19.987 ,   20.582 ,    4.283 ,        4 , 	)
 106 	 (   1 ,  346.000 ,  526.000 ,        0 ,  325.418 ,  346.000 ,    0.000 ,  346.000 ,  350.000 ,   44.747 ,   19.987 ,    0.000 ,   -0.284 ,        5 , 	)
  84 	 (   2 ,  240.000 ,  480.000 ,        0 ,  360.551 ,  360.551 ,    0.000 ,  360.551 ,  361.551 ,    0.000 ,   19.987 ,    0.000 ,    2.559 ,        6 , 	)
 138 	 (   1 ,  320.091 ,  532.000 ,        0 ,  365.720 ,  365.720 ,    0.000 ,  365.720 ,  366.720 ,   26.667 ,   15.937 ,    0.000 ,    0.000 ,        7 , 	)
  10 	 (   4 ,  300.000 ,  480.000 ,        0 ,  366.720 ,  366.720 ,    0.000 ,  366.720 ,  369.720 ,    0.000 ,   15.937 ,    0.000 ,    0.000 ,        8 , 	)
  73 	 (   5 ,  300.000 ,  480.000 ,        0 ,  373.205 ,  373.205 ,    0.000 ,  373.205 ,  374.205 ,    0.000 ,   15.937 ,    0.000 ,    4.607 ,        9 , 	)
 176 	 (   4 ,  276.000 ,  516.000 ,        0 ,  393.614 ,  393.614 ,    0.000 ,  393.614 ,  394.614 ,   32.063 ,   15.937 ,    0.000 ,    2.008 ,       10 , 	)
  12 	 (   5 ,  240.000 ,  420.000 ,        0 ,  400.013 ,  400.013 ,    0.000 ,  400.013 ,  401.013 ,    0.000 ,   19.987 ,    0.000 ,    1.078 ,       11 , 	)
  63 	 (   8 ,  240.000 ,  480.000 ,        0 ,  408.212 ,  408.212 ,    0.000 ,  408.212 ,  411.212 ,    0.000 ,   29.508 ,    0.000 ,    0.000 ,       12 , 	)
 102 	 (   5 ,  355.000 ,  535.000 ,        0 ,  411.212 ,  411.212 ,    0.000 ,  411.212 ,  414.212 ,   41.492 ,   29.508 ,    0.000 ,    0.000 ,       13 , 	)
  79 	 (   8 ,  259.000 ,  462.757 ,        0 ,  419.835 ,  419.835 ,    0.000 ,  419.835 ,  422.835 ,    0.000 ,   30.886 ,    0.000 ,    1.790 ,       14 , 	)
 171 	 (   5 ,  300.000 ,  480.000 ,        0 ,  437.077 ,  437.077 ,    0.000 ,  437.077 ,  440.077 ,   14.243 ,   23.757 ,    0.000 ,   -1.734 ,       15 , 	)
 155 	 (   2 ,  300.000 ,  540.000 ,        0 ,  448.198 ,  448.198 ,    0.000 ,  448.198 ,  451.198 ,   36.986 ,   30.886 ,    0.000 ,   -0.747 ,       16 , 	)
 165 	 (   1 ,  379.000 ,  619.000 ,        0 ,  457.820 ,  457.820 ,    0.000 ,  457.820 ,  458.820 ,   83.616 ,   30.886 ,    0.000 ,    0.599 ,       17 , 	)
 104 	 (   0 ,  312.000 ,  492.000 ,        0 ,  461.114 ,  461.114 ,    0.000 ,  461.114 ,  462.114 ,   60.102 ,   30.886 ,    0.000 ,    1.270 ,       18 , 	)
 185 	 (   0 ,    0.000 , 1440.000 ,        0 ,  472.898 ,  472.898 ,    0.000 ,  472.898 ,  472.898 ,    0.000 ,  967.102 ,    0.000 ,    0.000 ,       19 , 	)

	26 sommets 
	values : ( Cost : 317.864 , TRT : 372.535 , TWT :  79.540 , TD : 527.027 )
	violations : ( VC :       0 , VTW :   0.000 , VTD :   0.000 , VTRT :   0.000 )
	cout global : (   0.000	 )
S(i)	 (   C ,     TW0 ,       TW1 ,       VTW ,       Min ,       A ,       W ,       B ,       D ,       L ,       F ,       E ,       Det ,       [Imp ,       Imp]	)
   0 	 (   0 ,    0.000 , 1440.000 ,        0 ,    0.000 ,  348.881 ,    0.000 ,  348.881 ,  348.881 ,    0.000 ,    0.000 ,  348.881 ,    0.000 ,        0 , 	)
  39 	 (   1 ,  241.000 ,  480.000 ,        0 ,    2.340 ,  351.221 ,    0.000 ,  351.221 ,  352.221 ,    0.000 ,    0.000 ,  110.221 ,    0.000 ,        1 , 	)
  54 	 (   3 ,  240.000 ,  480.000 ,        0 ,  245.958 ,  356.179 ,    0.000 ,  356.179 ,  358.179 ,    0.000 ,    0.000 ,  110.221 ,   -0.731 ,        2 , 	)
  28 	 (   6 ,  300.000 ,  360.000 ,        0 ,  249.779 ,  360.000 ,    0.000 ,  360.000 ,  363.000 ,    0.000 ,    0.000 ,   60.000 ,    1.176 ,        3 , 	)
 146 	 (   4 ,  287.000 ,  527.000 ,        0 ,  325.514 ,  385.514 ,    0.000 ,  385.514 ,  387.514 ,   27.335 ,   34.665 ,   60.000 ,    0.884 ,        4 , 	)
 131 	 (   3 ,  355.000 ,  535.000 ,        0 ,  335.271 ,  395.271 ,    0.000 ,  395.271 ,  396.271 ,   43.050 ,   53.762 ,   40.271 ,    3.041 ,        5 , 	)
 120 	 (   0 ,  348.333 ,  484.000 ,        0 ,  368.966 ,  409.238 ,    0.000 ,  409.238 ,  412.238 ,   46.238 ,   53.762 ,   40.271 ,    0.000 ,        6 , 	)
  15 	 (   2 ,  300.000 ,  480.000 ,        0 ,  371.966 ,  412.238 ,   53.762 ,  466.000 ,  468.000 ,    0.000 ,    0.000 ,   94.034 ,    0.000 ,        7 , 	)
   4 	 (   6 ,  300.000 ,  480.000 ,        0 ,  385.966 ,  480.000 ,    0.000 ,  480.000 ,  484.000 ,    0.000 ,    0.000 ,   94.034 ,   14.676 ,        8 , 	)
  13 	 (   7 ,  492.000 ,  713.258 ,        0 ,  398.771 ,  492.805 ,   13.542 ,  506.347 ,  507.347 ,    0.000 ,    0.000 ,   14.347 ,    4.734 ,        9 , 	)
 107 	 (   5 ,  352.000 ,  532.000 ,        0 ,  517.653 ,  532.000 ,    0.000 ,  532.000 ,  534.000 ,   64.000 ,    0.000 ,   14.347 ,    1.295 ,       10 , 	)
  96 	 (   1 ,  405.000 ,  585.000 ,        0 ,  522.971 ,  537.319 ,    0.000 ,  537.319 ,  541.319 ,   53.319 ,   17.752 ,   14.347 ,    1.349 ,       11 , 	)
 105 	 (   0 ,  559.000 ,  739.000 ,        0 ,  532.417 ,  546.765 ,   12.235 ,  559.000 ,  560.000 ,   51.653 ,    5.517 ,    0.000 ,    3.758 ,       12 , 	)
  66 	 (   1 ,  540.000 ,  720.000 ,        0 ,  573.217 ,  573.217 ,    0.000 ,  573.217 ,  574.217 ,    0.000 ,    5.517 ,    0.000 ,    0.000 ,       13 , 	)
  53 	 (   5 ,  480.000 ,  720.000 ,        0 ,  574.217 ,  574.217 ,    0.000 ,  574.217 ,  578.217 ,    0.000 ,    5.517 ,    0.000 ,    0.000 ,       14 , 	)
  21 	 (   6 ,  480.000 ,  720.000 ,        0 ,  589.829 ,  589.829 ,    0.000 ,  589.829 ,  590.829 ,    0.000 ,    5.517 ,    0.000 ,    9.159 ,       15 , 	)
 158 	 (   5 ,  606.000 ,  786.000 ,        0 ,  613.177 ,  613.177 ,    0.000 ,  613.177 ,  614.177 ,   38.960 ,    5.517 ,    0.000 ,   -0.021 ,       16 , 	)
 113 	 (   4 ,  529.000 ,  769.000 ,        0 ,  616.399 ,  616.399 ,    0.000 ,  616.399 ,  617.399 ,   25.571 ,    5.517 ,    0.000 ,    0.000 ,       17 , 	)
 145 	 (   0 ,  537.000 ,  777.000 ,        0 ,  617.399 ,  617.399 ,    0.000 ,  617.399 ,  621.399 ,   39.182 ,    5.517 ,    0.000 ,    0.000 ,       18 , 	)
  67 	 (   4 ,  480.000 ,  660.000 ,        0 ,  627.839 ,  627.839 ,    0.000 ,  627.839 ,  631.839 ,    0.000 ,    5.517 ,    0.000 ,    4.374 ,       19 , 	)
  34 	 (   5 ,  480.000 ,  660.000 ,        0 ,  643.362 ,  643.362 ,    0.000 ,  643.362 ,  644.362 ,    0.000 ,    5.517 ,    0.000 ,   -0.677 ,       20 , 	)
  77 	 (   8 ,  544.000 ,  667.189 ,        0 ,  648.692 ,  648.692 ,    0.000 ,  648.692 ,  651.692 ,    0.000 ,    5.517 ,    0.000 ,    6.905 ,       21 , 	)
 159 	 (   4 ,  604.000 ,  724.000 ,        0 ,  673.325 ,  673.325 ,    0.000 ,  673.325 ,  677.325 ,   41.486 ,    5.517 ,    0.000 ,   -3.462 ,       22 , 	)
 126 	 (   3 ,  551.000 ,  731.000 ,        0 ,  689.806 ,  689.806 ,    0.000 ,  689.806 ,  690.806 ,   45.444 ,    5.517 ,    0.000 ,    2.706 ,       23 , 	)
 169 	 (   0 ,  648.000 ,  708.000 ,        0 ,  702.483 ,  702.483 ,    0.000 ,  702.483 ,  705.483 ,   50.791 ,    5.517 ,    0.000 ,   -1.526 ,       24 , 	)
 185 	 (   0 ,    0.000 , 1440.000 ,        0 ,  721.417 ,  721.417 ,    0.000 ,  721.417 ,  721.417 ,    0.000 ,  718.583 ,    0.000 ,    0.000 ,       25 , 	)

	20 sommets 
	values : ( Cost : 250.399 , TRT : 230.270 , TWT :   0.000 , TD : 428.914 )
	violations : ( VC :       0 , VTW :   0.000 , VTD :   0.000 , VTRT :   0.000 )
	cout global : (   0.000	 )
S(i)	 (   C ,     TW0 ,       TW1 ,       VTW ,       Min ,       A ,       W ,       B ,       D ,       L ,       F ,       E ,       Det ,       [Imp ,       Imp]	)
   0 	 (   0 ,    0.000 , 1440.000 ,        0 ,    0.000 ,  257.108 ,    0.000 ,  257.108 ,  257.108 ,    0.000 ,    3.199 ,  257.108 ,    0.000 ,        0 , 	)
  91 	 (   2 ,  240.000 ,  480.000 ,        0 ,   12.989 ,  270.097 ,    0.000 ,  270.097 ,  272.097 ,    0.000 ,    3.199 ,   30.097 ,   -3.788 ,        1 , 	)
  23 	 (   4 ,  240.000 ,  300.000 ,        0 ,  266.704 ,  296.801 ,    0.000 ,  296.801 ,  298.801 ,    0.000 ,    3.199 ,   30.097 ,   -1.907 ,        2 , 	)
  30 	 (   6 ,  240.000 ,  480.000 ,        0 ,  275.387 ,  305.484 ,    0.000 ,  305.484 ,  307.484 ,    0.000 ,    6.632 ,   30.097 ,   -0.205 ,        3 , 	)
  52 	 (   7 ,  300.000 ,  360.000 ,        0 ,  283.903 ,  314.000 ,    0.000 ,  314.000 ,  315.000 ,    0.000 ,    6.632 ,   14.000 ,    0.000 ,        4 , 	)
 183 	 (   5 ,  315.000 ,  555.000 ,        0 ,  301.000 ,  315.000 ,    0.000 ,  315.000 ,  317.000 ,   42.903 ,    6.632 ,    0.000 ,    0.000 ,        5 , 	)
   7 	 (   7 ,  248.000 ,  479.460 ,        0 ,  331.092 ,  331.092 ,    0.000 ,  331.092 ,  333.092 ,    0.000 ,    6.632 ,    0.000 ,    0.826 ,        6 , 	)
  82 	 (   8 ,  300.000 ,  420.000 ,        0 ,  336.492 ,  336.492 ,    0.000 ,  336.492 ,  337.492 ,    0.000 ,    6.632 ,    0.000 ,    0.967 ,        7 , 	)
 115 	 (   6 ,  266.189 ,  367.000 ,        0 ,  357.168 ,  357.168 ,    0.000 ,  357.168 ,  359.168 ,   58.368 ,    6.632 ,    0.000 ,   -1.699 ,        8 , 	)
 144 	 (   5 ,  349.768 ,  491.000 ,        0 ,  371.129 ,  371.129 ,    0.000 ,  371.129 ,  372.129 ,   56.129 ,   13.842 ,    0.000 ,    4.001 ,        9 , 	)
  99 	 (   3 ,  332.000 ,  512.000 ,        0 ,  377.680 ,  377.680 ,    0.000 ,  377.680 ,  379.680 ,   44.589 ,   13.842 ,    0.000 ,    0.000 ,       10 , 	)
 122 	 (   1 ,  320.000 ,  560.000 ,        0 ,  379.680 ,  379.680 ,    0.000 ,  379.680 ,  381.680 ,   72.196 ,   13.842 ,    0.000 ,    0.000 ,       11 , 	)
 174 	 (   0 ,  324.455 ,  484.000 ,        0 ,  386.650 ,  386.650 ,    0.000 ,  386.650 ,  387.650 ,   49.158 ,   13.842 ,    0.000 ,    0.000 ,       12 , 	)
  88 	 (   3 ,  240.000 ,  420.000 ,        0 ,  387.650 ,  387.650 ,    0.000 ,  387.650 ,  390.650 ,    0.000 ,   32.350 ,    0.000 ,    0.000 ,       13 , 	)
 180 	 (   0 ,  272.223 ,  501.000 ,        0 ,  419.872 ,  419.872 ,    0.000 ,  419.872 ,  422.872 ,   29.223 ,   44.073 ,    0.000 ,    4.998 ,       14 , 	)
  51 	 (   4 ,  250.000 ,  476.881 ,        0 ,  428.808 ,  428.808 ,    0.000 ,  428.808 ,  432.808 ,    0.000 ,   44.073 ,    0.000 ,    0.000 ,       15 , 	)
  59 	 (   8 ,  242.000 ,  480.000 ,        0 ,  432.808 ,  432.808 ,    0.000 ,  432.808 ,  436.808 ,    0.000 ,   42.881 ,    0.000 ,    0.000 ,       16 , 	)
 143 	 (   4 ,  329.000 ,  509.000 ,        0 ,  464.927 ,  464.927 ,    0.000 ,  464.927 ,  468.927 ,   32.119 ,   42.881 ,    0.000 ,    0.024 ,       17 , 	)
 151 	 (   0 ,  353.000 ,  533.000 ,        0 ,  481.038 ,  481.038 ,    0.000 ,  481.038 ,  485.038 ,   44.230 ,   51.962 ,    0.000 ,    1.462 ,       18 , 	)
 185 	 (   0 ,    0.000 , 1440.000 ,        0 ,  487.378 ,  487.378 ,    0.000 ,  487.378 ,  487.378 ,    0.000 ,  952.622 ,    0.000 ,    0.000 ,       19 , 	)

	28 sommets 
	values : ( Cost : 312.093 , TRT : 358.718 , TWT :  72.062 , TD : 642.843 )
	violations : ( VC :       0 , VTW :   0.000 , VTD :   0.000 , VTRT :   0.000 )
	cout global : (   0.000	 )
S(i)	 (   C ,     TW0 ,       TW1 ,       VTW ,       Min ,       A ,       W ,       B ,       D ,       L ,       F ,       E ,       Det ,       [Imp ,       Imp]	)
   0 	 (   0 ,    0.000 , 1440.000 ,        0 ,    0.000 ,  607.282 ,    0.000 ,  607.282 ,  607.282 ,    0.000 ,    0.000 ,  607.282 ,    0.000 ,        0 , 	)
  36 	 (   1 ,  540.000 ,  660.000 ,        0 ,    2.340 ,  609.622 ,    0.000 ,  609.622 ,  610.622 ,    0.000 ,    0.000 ,   69.622 ,    0.000 ,        1 , 	)
  85 	 (   5 ,  480.000 ,  720.000 ,        0 ,  544.958 ,  614.580 ,    0.000 ,  614.580 ,  618.580 ,    0.000 ,    0.000 ,   69.622 ,   -0.001 ,        2 , 	)
 177 	 (   1 ,  610.000 ,  790.000 ,        0 ,  585.205 ,  654.827 ,    0.000 ,  654.827 ,  658.827 ,   36.247 ,    0.000 ,   44.827 ,   -1.237 ,        3 , 	)
  92 	 (   4 ,  481.000 ,  720.000 ,        0 ,  634.448 ,  679.275 ,    0.000 ,  679.275 ,  682.275 ,    0.000 ,    0.000 ,   44.827 ,    4.897 ,        4 , 	)
  75 	 (   6 ,  557.000 ,  706.635 ,        0 ,  642.997 ,  687.824 ,    0.000 ,  687.824 ,  689.824 ,    0.000 ,    0.000 ,   44.827 ,    0.000 ,        5 , 	)
  49 	 (   8 ,  519.000 ,  689.824 ,        0 ,  644.997 ,  689.824 ,    0.000 ,  689.824 ,  691.824 ,    0.000 ,    0.000 ,   44.827 ,    0.000 ,        6 , 	)
 167 	 (   6 ,  606.000 ,  726.000 ,        0 ,  664.362 ,  709.189 ,    0.000 ,  709.189 ,  711.189 ,   19.365 ,    0.286 ,   44.827 ,   -0.035 ,        7 , 	)
 184 	 (   3 ,  567.000 ,  747.000 ,        0 ,  670.262 ,  715.089 ,    0.000 ,  715.089 ,  718.089 ,   32.814 ,    0.286 ,   44.827 ,   -0.208 ,        8 , 	)
 141 	 (   1 ,  602.000 ,  722.000 ,        0 ,  676.886 ,  721.714 ,    0.000 ,  721.714 ,  723.714 ,   29.889 ,    0.286 ,   44.827 ,    2.541 ,        9 , 	)
 128 	 (   0 ,  592.868 ,  799.000 ,        0 ,  685.862 ,  730.689 ,    0.000 ,  730.689 ,  731.689 ,  120.068 ,   17.932 ,   44.827 ,   -3.075 ,       10 , 	)
   3 	 (   1 ,  780.000 ,  900.000 ,        0 ,  709.019 ,  753.846 ,   72.062 ,  825.908 ,  826.908 ,    0.000 ,    5.074 ,   45.908 ,    2.166 ,       11 , 	)
   2 	 (   3 ,  794.000 ,  890.459 ,        0 ,  785.113 ,  831.020 ,    0.000 ,  831.020 ,  833.020 ,    0.000 ,    5.074 ,   37.020 ,    1.018 ,       12 , 	)
  72 	 (   4 ,  746.000 ,  949.074 ,        0 ,  803.192 ,  840.213 ,    0.000 ,  840.213 ,  841.213 ,    0.000 ,    5.074 ,   37.020 ,   -0.694 ,       13 , 	)
  71 	 (   6 ,  780.000 ,  960.000 ,        0 ,  806.331 ,  843.351 ,    0.000 ,  843.351 ,  845.351 ,    0.000 ,    5.074 ,   37.020 ,    1.464 ,       14 , 	)
  94 	 (   4 ,  854.000 ,  914.000 ,        0 ,  816.980 ,  854.000 ,    0.000 ,  854.000 ,  856.000 ,   20.980 ,    5.074 ,    0.000 ,    6.737 ,       15 , 	)
  60 	 (   8 ,  725.000 ,  899.718 ,        0 ,  859.973 ,  859.973 ,    0.000 ,  859.973 ,  863.973 ,    0.000 ,    5.074 ,    0.000 ,    5.555 ,       16 , 	)
  95 	 (   7 ,  811.229 ,  982.000 ,        0 ,  882.255 ,  882.255 ,    0.000 ,  882.255 ,  883.255 ,   55.347 ,    5.074 ,    0.000 ,    0.000 ,       17 , 	)
 152 	 (   3 ,  802.000 ,  922.000 ,        0 ,  883.255 ,  883.255 ,    0.000 ,  883.255 ,  887.255 ,   19.282 ,    5.074 ,    0.000 ,    0.000 ,       18 , 	)
  19 	 (   5 ,  720.000 ,  960.000 ,        0 ,  894.659 ,  894.659 ,    0.000 ,  894.659 ,  896.659 ,    0.000 ,    5.074 ,    0.000 ,    5.273 ,       19 , 	)
  47 	 (   6 ,  732.000 ,  954.697 ,        0 ,  902.595 ,  902.595 ,    0.000 ,  902.595 ,  903.595 ,    0.000 ,    5.074 ,    0.000 ,    5.307 ,       20 , 	)
  33 	 (   7 ,  740.000 ,  941.593 ,        0 ,  926.614 ,  926.614 ,    0.000 ,  926.614 ,  927.614 ,    0.000 ,    5.074 ,    0.000 ,    3.150 ,       21 , 	)
 139 	 (   6 ,  801.000 ,  981.000 ,        0 ,  933.047 ,  933.047 ,    0.000 ,  933.047 ,  934.047 ,   29.453 ,    5.074 ,    0.000 ,   -2.331 ,       22 , 	)
 164 	 (   5 ,  880.000 , 1000.000 ,        0 ,  940.915 ,  940.915 ,    0.000 ,  940.915 ,  941.915 ,   99.702 ,    5.074 ,    0.000 ,    0.000 ,       23 , 	)
 111 	 (   3 ,  788.000 , 1028.000 ,        0 ,  941.915 ,  941.915 ,    0.000 ,  941.915 ,  943.915 ,   45.256 ,    5.074 ,    0.000 ,    0.000 ,       24 , 	)
 125 	 (   2 ,  775.000 ,  955.000 ,        0 ,  949.926 ,  949.926 ,    0.000 ,  949.926 ,  950.926 ,   22.313 ,    5.074 ,    0.000 ,    5.973 ,       25 , 	)
 163 	 (   0 ,  878.000 , 1058.000 ,        0 ,  957.477 ,  957.477 ,    0.000 ,  957.477 ,  959.477 ,  112.126 ,   17.874 ,    0.000 ,    4.495 ,       26 , 	)
 185 	 (   0 ,    0.000 , 1440.000 ,        0 ,  966.000 ,  966.000 ,    0.000 ,  966.000 ,  966.000 ,    0.000 ,  474.000 ,    0.000 ,    0.000 ,       27 , 	)

	24 sommets 
	values : ( Cost : 232.141 , TRT : 240.935 , TWT :  30.393 , TD : 569.655 )
	violations : ( VC :       0 , VTW :   0.000 , VTD :   0.000 , VTRT :   0.000 )
	cout global : (   0.000	 )
S(i)	 (   C ,     TW0 ,       TW1 ,       VTW ,       Min ,       A ,       W ,       B ,       D ,       L ,       F ,       E ,       Det ,       [Imp ,       Imp]	)
   0 	 (   0 ,    0.000 , 1440.000 ,        0 ,    0.000 ,  789.606 ,    0.000 ,  789.606 ,  789.606 ,    0.000 ,    0.000 ,  789.606 ,    0.000 ,        0 , 	)
  26 	 (   1 ,  720.000 ,  960.000 ,        0 ,    2.808 ,  792.414 ,    0.000 ,  792.414 ,  793.414 ,    0.000 ,    0.000 ,   72.414 ,    2.926 ,        1 , 	)
  74 	 (   2 ,  763.000 ,  861.986 ,        0 ,  732.536 ,  804.950 ,    0.000 ,  804.950 ,  805.950 ,    0.000 ,    0.000 ,   41.950 ,   -1.761 ,        2 , 	)
  62 	 (   3 ,  720.000 ,  960.000 ,        0 ,  768.736 ,  810.686 ,    0.000 ,  810.686 ,  811.686 ,    0.000 ,    0.000 ,   41.950 ,    4.584 ,        3 , 	)
 118 	 (   2 ,  769.000 , 1009.000 ,        0 ,  778.582 ,  820.532 ,    0.000 ,  820.532 ,  821.532 ,   27.118 ,    0.000 ,   41.950 ,    4.002 ,        4 , 	)
  87 	 (   3 ,  780.000 ,  900.000 ,        0 ,  790.059 ,  832.010 ,    0.000 ,  832.010 ,  833.010 ,    0.000 ,    0.000 ,   41.950 ,    0.000 ,        5 , 	)
  61 	 (   5 ,  817.000 ,  931.432 ,        0 ,  791.059 ,  833.010 ,    0.000 ,  833.010 ,  835.010 ,    0.000 ,    0.000 ,   16.010 ,    0.000 ,        6 , 	)
  86 	 (   6 ,  840.000 ,  900.000 ,        0 ,  826.532 ,  842.541 ,    0.000 ,  842.541 ,  843.541 ,    0.000 ,    0.000 ,    2.541 ,    0.000 ,        7 , 	)
 166 	 (   5 ,  826.000 ,  886.000 ,        0 ,  841.000 ,  843.541 ,    0.000 ,  843.541 ,  844.541 ,   37.591 ,    0.000 ,    2.541 ,    0.000 ,        8 , 	)
  11 	 (   6 ,  720.000 ,  900.000 ,        0 ,  845.762 ,  848.304 ,    0.000 ,  848.304 ,  849.304 ,    0.000 ,    0.000 ,    2.541 ,    0.234 ,        9 , 	)
  90 	 (   8 ,  789.000 ,  897.762 ,        0 ,  852.569 ,  855.111 ,    0.000 ,  855.111 ,  857.111 ,    0.000 ,    0.000 ,    2.541 ,    0.656 ,       10 , 	)
 179 	 (   7 ,  811.632 ,  983.000 ,        0 ,  876.154 ,  878.695 ,    0.000 ,  878.695 ,  879.695 ,   45.686 ,    0.000 ,    2.541 ,    0.000 ,       11 , 	)
 103 	 (   6 ,  774.000 ,  954.000 ,        0 ,  877.154 ,  879.695 ,    0.000 ,  879.695 ,  880.695 ,   30.392 ,    0.000 ,    2.541 ,    0.000 ,       12 , 	)
 182 	 (   4 ,  869.000 ,  929.000 ,        0 ,  885.254 ,  887.795 ,    0.000 ,  887.795 ,  889.795 ,   30.685 ,    0.000 ,    2.541 ,    1.017 ,       13 , 	)
   9 	 (   8 ,  720.000 ,  900.000 ,        0 ,  897.459 ,  900.000 ,    0.000 ,  900.000 ,  904.000 ,    0.000 ,    0.000 ,    2.541 ,    0.000 ,       14 , 	)
 178 	 (   7 ,  873.176 , 1073.000 ,        0 ,  901.459 ,  904.000 ,    0.000 ,  904.000 ,  905.000 ,   60.459 ,    5.500 ,    2.541 ,    0.000 ,       15 , 	)
 154 	 (   6 ,  862.000 , 1042.000 ,        0 ,  906.568 ,  909.109 ,    0.000 ,  909.109 ,  910.109 ,   97.423 ,    5.500 ,    2.541 ,    3.690 ,       16 , 	)
 153 	 (   4 ,  906.000 ,  966.000 ,        0 ,  913.968 ,  916.510 ,    0.000 ,  916.510 ,  918.510 ,   81.500 ,    5.500 ,    2.541 ,    2.465 ,       17 , 	)
  41 	 (   7 ,  729.000 ,  958.990 ,        0 ,  919.508 ,  922.049 ,   30.393 ,  952.442 ,  955.442 ,    0.000 ,    6.548 ,   32.935 ,    1.853 ,       18 , 	)
  68 	 (   8 ,  960.000 , 1200.000 ,        0 ,  947.079 ,  980.014 ,    0.000 ,  980.014 ,  981.014 ,    0.000 ,    7.405 ,   20.014 ,   -1.856 ,       19 , 	)
 133 	 (   5 ,  812.000 ,  992.000 ,        0 ,  964.582 ,  984.595 ,    0.000 ,  984.595 ,  987.595 ,   29.153 ,    7.405 ,   20.014 ,   -1.083 ,       20 , 	)
 160 	 (   4 , 1006.000 , 1246.000 ,        0 ,  985.986 , 1006.000 ,    0.000 , 1006.000 , 1007.000 ,   24.986 ,   36.338 ,    0.000 ,    0.599 ,       21 , 	)
 101 	 (   0 ,  805.000 , 1045.000 ,        0 , 1008.662 , 1008.662 ,    0.000 , 1008.662 , 1012.662 ,  104.662 ,   36.338 ,    0.000 ,   -2.304 ,       22 , 	)
 185 	 (   0 ,    0.000 , 1440.000 ,        0 , 1030.541 , 1030.541 ,    0.000 , 1030.541 , 1030.541 ,    0.000 ,  409.459 ,   -0.000 ,    0.000 ,       23 , 	)

	28 sommets 
	values : ( Cost : 345.403 , TRT : 309.702 , TWT :   0.000 , TD : 626.951 )
	violations : ( VC :       0 , VTW :   0.000 , VTD :   0.000 , VTRT :   0.000 )
	cout global : (   0.000	 )
S(i)	 (   C ,     TW0 ,       TW1 ,       VTW ,       Min ,       A ,       W ,       B ,       D ,       L ,       F ,       E ,       Det ,       [Imp ,       Imp]	)
   0 	 (   0 ,    0.000 , 1440.000 ,        0 ,    0.000 ,  734.217 ,    0.000 ,  734.217 ,  734.217 ,    0.000 ,    0.624 ,  734.217 ,    0.000 ,        0 , 	)
   1 	 (   4 ,  720.000 ,  900.000 ,        0 ,   24.587 ,  758.805 ,    0.000 ,  758.805 ,  762.805 ,    0.000 ,    0.624 ,   38.805 ,    0.489 ,        1 , 	)
  20 	 (   5 ,  720.000 ,  960.000 ,        0 ,  729.928 ,  768.732 ,    0.000 ,  768.732 ,  769.732 ,    0.000 ,    0.624 ,   38.805 ,   -1.362 ,        2 , 	)
  76 	 (   6 ,  780.000 ,  960.000 ,        0 ,  745.562 ,  784.366 ,    0.000 ,  784.366 ,  785.366 ,    0.000 ,    0.624 ,    4.366 ,    5.416 ,        3 , 	)
 112 	 (   5 ,  771.000 , 1011.000 ,        0 ,  797.098 ,  801.464 ,    0.000 ,  801.464 ,  802.464 ,   31.732 ,    0.624 ,    4.366 ,    6.762 ,        4 , 	)
  93 	 (   1 ,  754.446 ,  985.000 ,        0 ,  805.153 ,  809.519 ,    0.000 ,  809.519 ,  813.519 ,   46.714 ,    0.624 ,    4.366 ,    4.995 ,        5 , 	)
  32 	 (   3 ,  733.000 ,  952.535 ,        0 ,  813.222 ,  817.588 ,    0.000 ,  817.588 ,  819.588 ,    0.000 ,    0.624 ,    4.366 ,    2.603 ,        6 , 	)
  56 	 (   4 ,  780.000 ,  960.000 ,        0 ,  818.908 ,  823.274 ,    0.000 ,  823.274 ,  824.274 ,    0.000 ,    0.624 ,    4.366 ,   -0.144 ,        7 , 	)
  64 	 (   5 ,  720.000 ,  840.000 ,        0 ,  827.932 ,  832.298 ,    0.000 ,  832.298 ,  833.298 ,    0.000 ,    0.186 ,    4.366 ,    8.661 ,        8 , 	)
 168 	 (   4 ,  838.000 , 1018.000 ,        0 ,  833.634 ,  838.000 ,    0.000 ,  838.000 ,  839.000 ,   52.634 ,    0.186 ,    0.000 ,    1.620 ,        9 , 	)
  70 	 (   7 ,  720.000 ,  960.000 ,        0 ,  844.605 ,  844.605 ,    0.000 ,  844.605 ,  847.605 ,    0.000 ,    0.186 ,    0.000 ,    1.324 ,       10 , 	)
  83 	 (   8 ,  723.000 ,  960.000 ,        0 ,  849.911 ,  849.911 ,    0.000 ,  849.911 ,  850.911 ,    0.000 ,    0.186 ,    0.000 ,    2.660 ,       11 , 	)
 148 	 (   7 ,  794.558 ,  998.000 ,        0 ,  861.088 ,  861.088 ,    0.000 ,  861.088 ,  862.088 ,   36.814 ,    0.186 ,    0.000 ,   -0.002 ,       12 , 	)
 124 	 (   5 ,  798.000 ,  978.000 ,        0 ,  875.330 ,  875.330 ,    0.000 ,  875.330 ,  877.330 ,   55.742 ,    0.624 ,    0.000 ,   -4.063 ,       13 , 	)
 162 	 (   2 ,  776.000 , 1016.000 ,        0 ,  879.063 ,  879.063 ,    0.000 ,  879.063 ,  882.063 ,   31.459 ,    0.624 ,    0.000 ,    0.583 ,       14 , 	)
 175 	 (   1 ,  829.000 , 1009.000 ,        0 ,  898.635 ,  898.635 ,    0.000 ,  898.635 ,  899.635 ,   47.723 ,    0.624 ,    0.000 ,    0.000 ,       15 , 	)
 156 	 (   0 ,  768.000 ,  935.000 ,        0 ,  899.635 ,  899.635 ,    0.000 ,  899.635 ,  900.635 ,   66.336 ,    0.624 ,    0.000 ,    0.000 ,       16 , 	)
  45 	 (   1 ,  780.000 ,  960.000 ,        0 ,  911.951 ,  911.951 ,    0.000 ,  911.951 ,  912.951 ,    0.000 ,    0.624 ,    0.000 ,   -0.766 ,       17 , 	)
   5 	 (   3 ,  734.000 ,  952.374 ,        0 ,  929.674 ,  929.674 ,    0.000 ,  929.674 ,  931.674 ,    0.000 ,    0.624 ,    0.000 ,   -1.605 ,       18 , 	)
 137 	 (   2 ,  816.474 , 1032.000 ,        0 ,  948.820 ,  948.820 ,    0.000 ,  948.820 ,  949.820 ,   35.869 ,    0.624 ,    0.000 ,    0.450 ,       19 , 	)
  81 	 (   4 ,  720.000 ,  960.000 ,        0 ,  952.659 ,  952.659 ,    0.000 ,  952.659 ,  954.659 ,    0.000 ,    0.624 ,    0.000 ,   -2.524 ,       20 , 	)
  38 	 (   8 ,  720.000 ,  960.000 ,        0 ,  959.376 ,  959.376 ,    0.000 ,  959.376 ,  963.376 ,    0.000 ,    0.624 ,    0.000 ,    5.716 ,       21 , 	)
  97 	 (   6 ,  797.000 ,  977.000 ,        0 ,  972.726 ,  972.726 ,    0.000 ,  972.726 ,  974.726 ,   41.051 ,    4.274 ,    0.000 ,    0.291 ,       22 , 	)
  69 	 (   8 ,  960.000 , 1140.000 ,        0 ,  987.277 ,  987.277 ,    0.000 ,  987.277 ,  989.277 ,    0.000 ,   33.421 ,    0.000 ,   -2.853 ,       23 , 	)
 161 	 (   6 ,  988.783 , 1214.000 ,        0 , 1016.061 , 1016.061 ,    0.000 , 1016.061 , 1018.061 ,   26.783 ,   33.421 ,    0.000 ,   -0.241 ,       24 , 	)
 130 	 (   2 ,  851.000 , 1091.000 ,        0 , 1032.550 , 1032.550 ,    0.000 , 1032.550 , 1036.550 ,   69.174 ,   33.421 ,   -0.000 ,   -2.328 ,       25 , 	)
 173 	 (   0 ,  833.000 , 1073.000 ,        0 , 1039.579 , 1039.579 ,    0.000 , 1039.579 , 1041.579 ,   84.920 ,   33.421 ,   -0.000 ,    0.000 ,       26 , 	)
 185 	 (   0 ,    0.000 , 1440.000 ,        0 , 1043.919 , 1043.919 ,    0.000 , 1043.919 , 1043.919 ,    0.000 ,  396.081 ,   -0.000 ,    0.000 ,       27 , 	)

	20 sommets 
	values : ( Cost : 327.260 , TRT : 458.601 , TWT : 158.541 , TD : 438.588 )
	violations : ( VC :       0 , VTW :   0.000 , VTD :   0.000 , VTRT :   0.000 )
	cout global : (   0.000	 )
S(i)	 (   C ,     TW0 ,       TW1 ,       VTW ,       Min ,       A ,       W ,       B ,       D ,       L ,       F ,       E ,       Det ,       [Imp ,       Imp]	)
   0 	 (   0 ,    0.000 , 1440.000 ,        0 ,    0.000 ,  374.207 ,    0.000 ,  374.207 ,  374.207 ,    0.000 ,    0.000 ,  374.207 ,    0.000 ,        0 , 	)
  42 	 (   3 ,  331.000 ,  461.226 ,        0 ,    8.992 ,  383.199 ,    0.000 ,  383.199 ,  386.199 ,    0.000 ,    0.000 ,   52.199 ,    2.214 ,        1 , 	)
  55 	 (   6 ,  321.000 ,  401.799 ,        0 ,  344.845 ,  397.044 ,    0.000 ,  397.044 ,  400.044 ,    0.000 ,    0.000 ,   52.199 ,    0.698 ,        2 , 	)
 147 	 (   3 ,  357.000 ,  417.000 ,        0 ,  360.046 ,  412.245 ,    0.000 ,  412.245 ,  415.245 ,   12.201 ,    0.000 ,   52.199 ,    0.000 ,        3 , 	)
  78 	 (   6 ,  240.000 ,  480.000 ,        0 ,  363.046 ,  415.245 ,    0.000 ,  415.245 ,  418.245 ,    0.000 ,    0.000 ,   52.199 ,    0.000 ,        4 , 	)
  44 	 (   8 ,  240.000 ,  480.000 ,        0 ,  393.017 ,  445.216 ,    0.000 ,  445.216 ,  447.216 ,    0.000 ,    0.000 ,   52.199 ,    3.388 ,        5 , 	)
 170 	 (   5 ,  297.000 ,  537.000 ,        0 ,  399.044 ,  451.243 ,    0.000 ,  451.243 ,  454.243 ,   32.998 ,    0.000 ,   52.199 ,   -9.466 ,        6 , 	)
 134 	 (   2 ,  446.000 ,  506.000 ,        0 ,  413.302 ,  465.501 ,    0.000 ,  465.501 ,  468.501 ,   79.302 ,    0.000 ,   19.501 ,    2.098 ,        7 , 	)
  48 	 (   6 ,  249.000 ,  478.035 ,        0 ,  454.977 ,  474.478 ,    0.000 ,  474.478 ,  478.478 ,    0.000 ,    0.000 ,   19.501 ,   10.745 ,        8 , 	)
 136 	 (   4 ,  320.000 ,  560.000 ,        0 ,  476.698 ,  496.198 ,    0.000 ,  496.198 ,  498.198 ,   48.983 ,    0.000 ,   19.501 ,   -2.203 ,        9 , 	)
  17 	 (   5 ,  492.000 ,  714.619 ,        0 ,  482.280 ,  501.780 ,    0.000 ,  501.780 ,  502.780 ,    0.000 ,    0.000 ,    9.780 ,    1.047 ,       10 , 	)
 140 	 (   1 ,  331.000 ,  511.000 ,        0 ,  501.220 ,  511.000 ,    0.000 ,  511.000 ,  515.000 ,   32.522 ,    0.000 ,    9.780 ,    5.803 ,       11 , 	)
 109 	 (   0 ,  561.000 ,  741.000 ,        0 ,  528.184 ,  537.965 ,   23.035 ,  561.000 ,  562.000 ,   58.220 ,    9.780 ,    0.000 ,    1.384 ,       12 , 	)
  31 	 (   4 ,  480.000 ,  720.000 ,        0 ,  574.098 ,  574.098 ,  135.505 ,  709.604 ,  713.604 ,    0.000 ,   10.396 ,  135.505 ,    0.837 ,       13 , 	)
  40 	 (   7 ,  720.000 ,  840.000 ,        0 ,  594.308 ,  729.814 ,    0.000 ,  729.814 ,  732.814 ,    0.000 ,   15.971 ,    9.814 ,   23.155 ,       14 , 	)
 132 	 (   4 ,  763.000 , 1003.000 ,        0 ,  753.186 ,  763.000 ,    0.000 ,  763.000 ,  766.000 ,   30.186 ,   15.971 ,    0.000 ,    5.765 ,       15 , 	)
  18 	 (   8 ,  720.000 ,  960.000 ,        0 ,  772.150 ,  772.150 ,    0.000 ,  772.150 ,  776.150 ,    0.000 ,   15.971 ,    0.000 ,    2.163 ,       16 , 	)
 123 	 (   4 ,  587.000 ,  827.000 ,        0 ,  811.029 ,  811.029 ,    0.000 ,  811.029 ,  815.029 ,   97.425 ,   15.971 ,    0.000 ,    7.644 ,       17 , 	)
 110 	 (   0 ,  793.000 , 1033.000 ,        0 ,  822.903 ,  822.903 ,    0.000 ,  822.903 ,  826.903 ,   46.753 ,   47.247 ,    0.000 ,   -1.497 ,       18 , 	)
 185 	 (   0 ,    0.000 , 1440.000 ,        0 ,  832.808 ,  832.808 ,    0.000 ,  832.808 ,  832.808 ,    0.000 ,  607.192 ,    0.000 ,    0.000 ,       19 , 	)
