6
	VALUE ALL : ( Cost : 2030.441 , TRT : 2239.373 , TWT : 524.726 , TD : 2700.415 )
	VIOLATIONS TOTAL : ( VC :       0 , VTW :   0.000 , VTD :   0.000 , VTRT :   0.000 )
 	COUT_ALL : (   0.002 )  T2B:   23401

	8 sommets 
	values : ( Cost : 121.967 , TRT : 135.108 , TWT :  27.403 , TD : 187.280 )
	violations : ( VC :       0 , VTW :   0.000 , VTD :   0.000 , VTRT :   0.000 )
	cout global : (   0.000	 )
S(i)	 (   C ,     TW0 ,       TW1 ,       VTW ,       Min ,       A ,       W ,       B ,       D ,       L ,       F ,       E ,       Det ,       [Imp ,       Imp]	)
   0 	 (   0 ,    0.000 , 1440.000 ,        0 ,    0.000 ,  940.421 ,    0.000 ,  940.421 ,  940.421 ,    0.000 ,    0.000 ,  940.421 ,    0.000 ,        0 , 	)
  11 	 (   4 ,  840.000 ,  960.000 ,        0 ,   12.205 ,  952.626 ,    0.000 ,  952.626 ,  956.626 ,    0.000 ,    0.000 ,  112.626 ,    0.683 ,        1 , 	)
  34 	 (   5 ,  780.000 ,  960.000 ,        0 ,  847.374 ,  960.000 ,    0.000 ,  960.000 ,  961.000 ,    0.000 ,    0.000 ,  112.626 ,    5.777 ,        2 , 	)
  25 	 (   8 ,  972.000 , 1194.562 ,        0 ,  858.909 ,  971.535 ,   27.403 ,  998.938 , 1001.938 ,    0.000 ,   13.578 ,   26.938 ,   -2.592 ,        3 , 	)
  72 	 (   7 ,  865.000 , 1045.000 ,        0 , 1004.484 , 1031.422 ,    0.000 , 1031.422 , 1032.422 ,   70.422 ,   13.578 ,   26.938 ,    0.000 ,        4 , 	)
  49 	 (   3 ,  957.000 , 1137.000 ,        0 , 1005.484 , 1032.422 ,    0.000 , 1032.422 , 1036.422 ,   75.796 ,   26.938 ,   26.938 ,    0.000 ,        5 , 	)
  63 	 (   0 , 1043.000 , 1223.000 ,        0 , 1016.062 , 1043.000 ,    0.000 , 1043.000 , 1046.000 ,   41.062 ,   26.938 ,    0.000 ,    7.418 ,        6 , 	)
  77 	 (   0 ,    0.000 , 1440.000 ,        0 , 1075.529 , 1075.529 ,    0.000 , 1075.529 , 1075.529 ,    0.000 ,  364.471 ,    0.000 ,    0.000 ,        7 , 	)

	18 sommets 
	values : ( Cost : 458.110 , TRT : 392.444 , TWT :   0.000 , TD : 588.373 )
	violations : ( VC :       0 , VTW :   0.000 , VTD :   0.000 , VTRT :   0.000 )
	cout global : (   0.000	 )
S(i)	 (   C ,     TW0 ,       TW1 ,       VTW ,       Min ,       A ,       W ,       B ,       D ,       L ,       F ,       E ,       Det ,       [Imp ,       Imp]	)
   0 	 (   0 ,    0.000 , 1440.000 ,        0 ,    0.000 ,  237.995 ,    0.000 ,  237.995 ,  237.995 ,    0.000 ,   35.851 ,  237.995 ,    0.000 ,        0 , 	)
  35 	 (   3 ,  240.000 ,  480.000 ,        0 ,   24.056 ,  262.051 ,    0.000 ,  262.051 ,  265.051 ,    0.000 ,   35.851 ,   22.051 ,    5.880 ,        1 , 	)
   6 	 (   6 ,  240.000 ,  480.000 ,        0 ,  254.353 ,  276.404 ,    0.000 ,  276.404 ,  279.404 ,    0.000 ,   35.851 ,   22.051 ,   14.458 ,        2 , 	)
  44 	 (   3 ,  316.000 ,  556.000 ,        0 ,  294.404 ,  316.455 ,    0.000 ,  316.455 ,  319.455 ,   37.051 ,   35.851 ,    0.455 ,    3.061 ,        3 , 	)
   7 	 (   4 ,  240.000 ,  480.000 ,        0 ,  332.182 ,  332.637 ,    0.000 ,  332.637 ,  333.637 ,    0.000 ,   35.851 ,    0.455 ,    4.235 ,        4 , 	)
  29 	 (   8 ,  240.000 ,  420.000 ,        0 ,  337.277 ,  337.732 ,    0.000 ,  337.732 ,  341.732 ,    0.000 ,   23.630 ,    0.455 ,    2.889 ,        5 , 	)
  73 	 (   5 ,  361.000 ,  601.000 ,        0 ,  360.545 ,  361.000 ,    0.000 ,  361.000 ,  364.000 ,   95.949 ,   23.630 ,    0.000 ,   -1.546 ,        6 , 	)
  18 	 (   8 ,  240.000 ,  420.000 ,        0 ,  381.928 ,  381.928 ,    0.000 ,  381.928 ,  384.928 ,    0.000 ,   23.630 ,    0.000 ,  -25.473 ,        7 , 	)
  67 	 (   4 ,  385.000 ,  565.000 ,        0 ,  403.468 ,  403.468 ,    0.000 ,  403.468 ,  407.468 ,   61.735 ,   23.630 ,    0.000 ,    4.163 ,        8 , 	)
  17 	 (   8 ,  240.000 ,  480.000 ,        0 ,  414.341 ,  414.341 ,    0.000 ,  414.341 ,  418.341 ,    0.000 ,   23.630 ,    0.000 ,    1.567 ,        9 , 	)
  56 	 (   5 ,  292.000 ,  472.000 ,        0 ,  425.774 ,  425.774 ,    0.000 ,  425.774 ,  428.774 ,   40.846 ,   23.630 ,    0.000 ,    0.942 ,       10 , 	)
  33 	 (   8 ,  300.000 ,  480.000 ,        0 ,  444.149 ,  444.149 ,    0.000 ,  444.149 ,  447.149 ,    0.000 ,   23.630 ,    0.000 ,    7.624 ,       11 , 	)
  71 	 (   5 ,  352.000 ,  532.000 ,        0 ,  472.044 ,  472.044 ,    0.000 ,  472.044 ,  475.044 ,   24.895 ,   23.630 ,    0.000 ,    2.867 ,       12 , 	)
  45 	 (   4 ,  395.000 ,  575.000 ,        0 ,  510.007 ,  510.007 ,    0.000 ,  510.007 ,  511.007 ,  176.370 ,   23.630 ,    0.000 ,    9.636 ,       13 , 	)
  55 	 (   0 ,  424.000 ,  664.000 ,        0 ,  529.841 ,  529.841 ,    0.000 ,  529.841 ,  533.841 ,  111.500 ,  130.500 ,    0.000 ,   15.042 ,       14 , 	)
  12 	 (   3 ,  482.000 ,  720.000 ,        0 ,  568.429 ,  568.429 ,    0.000 ,  568.429 ,  571.429 ,    0.000 ,  151.571 ,    0.000 ,   26.996 ,       15 , 	)
  50 	 (   0 ,  592.000 ,  772.000 ,        0 ,  611.455 ,  611.455 ,    0.000 ,  611.455 ,  614.455 ,   40.026 ,   66.974 ,    0.000 ,    0.954 ,       16 , 	)
  77 	 (   0 ,    0.000 , 1440.000 ,        0 ,  630.439 ,  630.439 ,    0.000 ,  630.439 ,  630.439 ,    0.000 ,  809.561 ,    0.000 ,    0.000 ,       17 , 	)

	14 sommets 
	values : ( Cost : 264.158 , TRT : 477.117 , TWT : 250.501 , TD : 307.190 )
	violations : ( VC :       0 , VTW :   0.000 , VTD :   0.000 , VTRT :   0.000 )
	cout global : (   0.000	 )
S(i)	 (   C ,     TW0 ,       TW1 ,       VTW ,       Min ,       A ,       W ,       B ,       D ,       L ,       F ,       E ,       Det ,       [Imp ,       Imp]	)
   0 	 (   0 ,    0.000 , 1440.000 ,        0 ,    0.000 ,  421.559 ,    0.000 ,  421.559 ,  421.559 ,    0.000 ,    0.000 ,  421.559 ,    0.000 ,        0 , 	)
  36 	 (   4 ,  300.000 ,  480.000 ,        0 ,   14.224 ,  435.783 ,    0.000 ,  435.783 ,  439.783 ,    0.000 ,    0.000 ,  135.783 ,  -18.478 ,        1 , 	)
  16 	 (   6 ,  240.000 ,  480.000 ,        0 ,  344.217 ,  480.000 ,    0.000 ,  480.000 ,  482.000 ,    0.000 ,    0.000 ,  135.783 ,    6.905 ,        2 , 	)
  74 	 (   2 ,  379.000 ,  559.000 ,        0 ,  350.753 ,  486.535 ,    0.000 ,  486.535 ,  490.535 ,   46.753 ,   28.217 ,  107.535 ,    2.167 ,        3 , 	)
  54 	 (   0 ,  311.000 ,  551.000 ,        0 ,  415.248 ,  522.783 ,    0.000 ,  522.783 ,  524.783 ,   40.783 ,   28.217 ,  107.535 ,   17.236 ,        4 , 	)
  19 	 (   2 ,  720.000 ,  780.000 ,        0 ,  425.823 ,  533.358 ,  246.642 ,  780.000 ,  782.000 ,    0.000 ,    0.000 ,   60.000 ,    0.000 ,        5 , 	)
  28 	 (   5 ,  720.000 ,  960.000 ,        0 ,  722.000 ,  782.000 ,    3.859 ,  785.859 ,  788.859 ,    0.000 ,   65.686 ,   63.859 ,    0.000 ,        6 , 	)
  23 	 (   6 ,  780.000 ,  900.000 ,        0 ,  729.230 ,  793.089 ,    0.000 ,  793.089 ,  794.089 ,    0.000 ,   42.668 ,   13.089 ,    3.416 ,        7 , 	)
  57 	 (   4 ,  752.298 ,  903.000 ,        0 ,  810.484 ,  823.574 ,    0.000 ,  823.574 ,  825.574 ,   41.574 ,   27.089 ,   13.089 ,    7.124 ,        8 , 	)
  27 	 (   6 ,  780.000 ,  900.000 ,        0 ,  821.225 ,  834.314 ,    0.000 ,  834.314 ,  836.314 ,    0.000 ,   27.089 ,   13.089 ,    3.706 ,        9 , 	)
  61 	 (   5 ,  846.000 ,  966.000 ,        0 ,  832.911 ,  846.000 ,    0.000 ,  846.000 ,  847.000 ,   51.911 ,   27.089 ,    0.000 ,   -5.240 ,       10 , 	)
  65 	 (   3 ,  865.000 , 1045.000 ,        0 ,  866.153 ,  866.153 ,    0.000 ,  866.153 ,  868.153 ,   29.838 ,   42.668 ,    0.000 ,   23.130 ,       11 , 	)
  66 	 (   0 ,  856.000 , 1036.000 ,        0 ,  885.191 ,  885.191 ,    0.000 ,  885.191 ,  888.191 ,   96.332 ,   42.668 ,    0.000 ,    0.464 ,       12 , 	)
  77 	 (   0 ,    0.000 , 1440.000 ,        0 ,  898.675 ,  898.675 ,    0.000 ,  898.675 ,  898.675 ,    0.000 ,  541.325 ,    0.000 ,    0.000 ,       13 , 	)

	12 sommets 
	values : ( Cost : 341.573 , TRT : 397.456 , TWT : 116.635 , TD : 413.103 )
	violations : ( VC :       0 , VTW :   0.000 , VTD :   0.000 , VTRT :   0.000 )
	cout global : (   0.000	 )
S(i)	 (   C ,     TW0 ,       TW1 ,       VTW ,       Min ,       A ,       W ,       B ,       D ,       L ,       F ,       E ,       Det ,       [Imp ,       Imp]	)
   0 	 (   0 ,    0.000 , 1440.000 ,        0 ,    0.000 ,  191.768 ,    0.000 ,  191.768 ,  191.768 ,    0.000 ,    0.000 ,  191.768 ,    0.000 ,        0 , 	)
   9 	 (   3 ,  240.000 ,  360.000 ,        0 ,   71.865 ,  263.632 ,    0.000 ,  263.632 ,  266.632 ,    0.000 ,    0.000 ,   23.632 ,   38.759 ,        1 , 	)
  47 	 (   0 ,  283.000 ,  523.000 ,        0 ,  273.368 ,  297.000 ,    0.000 ,  297.000 ,  300.000 ,   30.368 ,    0.000 ,   14.000 ,    0.000 ,        2 , 	)
   1 	 (   2 ,  240.000 ,  300.000 ,        0 ,  286.000 ,  300.000 ,    0.000 ,  300.000 ,  302.000 ,    0.000 ,    0.000 ,   14.000 ,    0.000 ,        3 , 	)
   5 	 (   6 ,  300.000 ,  480.000 ,        0 ,  324.031 ,  338.031 ,   39.726 ,  377.756 ,  381.756 ,    0.000 ,    0.000 ,   53.726 ,   17.926 ,        4 , 	)
   8 	 (   7 ,  240.000 ,  420.000 ,        0 ,  352.132 ,  405.858 ,    0.000 ,  405.858 ,  406.858 ,    0.000 ,    0.000 ,   53.726 ,    9.571 ,        5 , 	)
  39 	 (   5 ,  286.810 ,  422.000 ,        0 ,  368.274 ,  422.000 ,    0.000 ,  422.000 ,  424.000 ,  120.000 ,    0.000 ,   53.726 ,   -0.000 ,        6 , 	)
  43 	 (   1 ,  370.000 ,  550.000 ,        0 ,  373.987 ,  427.713 ,    0.000 ,  427.713 ,  431.713 ,   45.956 ,   43.044 ,   53.726 ,    0.000 ,        7 , 	)
   3 	 (   3 ,  480.000 ,  720.000 ,        0 ,  377.987 ,  431.713 ,   76.909 ,  508.622 ,  510.622 ,    0.000 ,   10.741 ,   28.622 ,    0.000 ,        8 , 	)
  46 	 (   2 ,  392.000 ,  572.000 ,        0 ,  532.637 ,  561.259 ,    0.000 ,  561.259 ,  562.259 ,  154.401 ,   10.741 ,   28.622 ,   15.379 ,        9 , 	)
  41 	 (   0 ,  573.000 ,  813.000 ,        0 ,  544.378 ,  573.000 ,    0.000 ,  573.000 ,  575.000 ,   62.378 ,   60.622 ,    0.000 ,    0.910 ,       10 , 	)
  77 	 (   0 ,    0.000 , 1440.000 ,        0 ,  589.224 ,  589.224 ,    0.000 ,  589.224 ,  589.224 ,    0.000 ,  850.776 ,    0.000 ,    0.000 ,       11 , 	)

	14 sommets 
	values : ( Cost : 370.661 , TRT : 372.977 , TWT :  62.285 , TD : 409.379 )
	violations : ( VC :       0 , VTW :   0.000 , VTD :   0.000 , VTRT :   0.000 )
	cout global : (   0.000	 )
S(i)	 (   C ,     TW0 ,       TW1 ,       VTW ,       Min ,       A ,       W ,       B ,       D ,       L ,       F ,       E ,       Det ,       [Imp ,       Imp]	)
   0 	 (   0 ,    0.000 , 1440.000 ,        0 ,    0.000 ,  776.496 ,    0.000 ,  776.496 ,  776.496 ,    0.000 ,    0.000 ,  776.496 ,    0.000 ,        0 , 	)
  38 	 (   3 ,  720.000 ,  960.000 ,        0 ,   31.980 ,  808.477 ,    0.000 ,  808.477 ,  811.477 ,    0.000 ,    0.000 ,   88.477 ,    3.823 ,        1 , 	)
   2 	 (   4 ,  720.000 ,  960.000 ,        0 ,  750.523 ,  839.000 ,    0.000 ,  839.000 ,  840.000 ,    0.000 ,    0.000 ,   88.477 ,    0.000 ,        2 , 	)
  15 	 (   8 ,  780.000 ,  840.000 ,        0 ,  751.523 ,  840.000 ,    0.000 ,  840.000 ,  844.000 ,    0.000 ,    0.000 ,   60.000 ,    0.000 ,        3 , 	)
  53 	 (   4 ,  792.208 ,  866.000 ,        0 ,  792.208 ,  852.208 ,    0.000 ,  852.208 ,  856.208 ,    8.208 ,    8.112 ,   60.000 ,    2.243 ,        4 , 	)
  76 	 (   1 ,  773.000 , 1013.000 ,        0 ,  804.498 ,  864.498 ,    0.000 ,  864.498 ,  867.498 ,   53.021 ,    8.112 ,   60.000 ,    7.356 ,        5 , 	)
  21 	 (   3 ,  780.000 ,  900.000 ,        0 ,  819.486 ,  879.486 ,    8.112 ,  887.598 ,  889.598 ,    0.000 ,    0.000 ,   68.112 ,    0.000 ,        6 , 	)
  26 	 (   5 ,  720.000 ,  960.000 ,        0 ,  821.486 ,  889.598 ,    0.000 ,  889.598 ,  891.598 ,    0.000 ,    0.000 ,   68.112 ,    0.000 ,        7 , 	)
  59 	 (   3 ,  815.973 ,  993.000 ,        0 ,  857.459 ,  925.571 ,    0.000 ,  925.571 ,  927.571 ,   35.973 ,    0.000 ,   68.112 ,    3.091 ,        8 , 	)
  40 	 (   2 ,  799.000 , 1039.000 ,        0 ,  876.888 ,  945.000 ,    0.000 ,  945.000 ,  946.000 ,  105.000 ,   -0.000 ,   68.112 ,   10.277 ,        9 , 	)
  24 	 (   6 ,  960.000 , 1200.000 ,        0 ,  885.726 ,  953.838 ,   46.986 , 1000.823 , 1004.823 ,    0.000 ,    0.000 ,   40.823 ,    2.241 ,       10 , 	)
  64 	 (   4 ,  848.000 , 1028.000 ,        0 ,  980.774 , 1021.598 ,    0.000 , 1021.598 , 1023.598 ,  130.000 ,    0.000 ,   40.823 ,   23.453 ,       11 , 	)
  62 	 (   0 , 1082.000 , 1262.000 ,        0 , 1033.989 , 1074.813 ,    7.187 , 1082.000 , 1086.000 ,   77.177 ,   41.823 ,    0.000 ,   79.813 ,       12 , 	)
  77 	 (   0 ,    0.000 , 1440.000 ,        0 , 1149.474 , 1149.474 ,    0.000 , 1149.474 , 1149.474 ,    0.000 ,  290.526 ,    0.000 ,    0.000 ,       13 , 	)

	22 sommets 
	values : ( Cost : 473.972 , TRT : 464.271 , TWT :  67.901 , TD : 795.089 )
	violations : ( VC :       0 , VTW :   0.000 , VTD :   0.000 , VTRT :   0.000 )
	cout global : (   0.000	 )
S(i)	 (   C ,     TW0 ,       TW1 ,       VTW ,       Min ,       A ,       W ,       B ,       D ,       L ,       F ,       E ,       Det ,       [Imp ,       Imp]	)
   0 	 (   0 ,    0.000 , 1440.000 ,        0 ,    0.000 ,  403.448 ,    0.000 ,  403.448 ,  403.448 ,    0.000 ,    0.000 ,  403.448 ,    0.000 ,        0 , 	)
  10 	 (   2 ,  240.000 ,  420.000 ,        0 ,   16.552 ,  420.000 ,    0.000 ,  420.000 ,  422.000 ,    0.000 ,    0.000 ,  180.000 ,    5.820 ,        1 , 	)
  37 	 (   3 ,  300.000 ,  480.000 ,        0 ,  247.253 ,  427.253 ,    4.353 ,  431.605 ,  432.605 ,    0.000 ,    0.000 ,  131.605 ,    3.339 ,        2 , 	)
  22 	 (   5 ,  247.000 ,  480.000 ,        0 ,  317.936 ,  449.541 ,    0.000 ,  449.541 ,  451.541 ,    0.000 ,    0.000 ,  131.605 ,   28.444 ,        3 , 	)
  20 	 (   6 ,  360.000 ,  480.000 ,        0 ,  348.395 ,  480.000 ,    0.000 ,  480.000 ,  481.000 ,    0.000 ,    0.000 ,  120.000 ,   19.837 ,        4 , 	)
  60 	 (   4 ,  335.000 ,  515.000 ,        0 ,  384.473 ,  504.473 ,    0.000 ,  504.473 ,  506.473 ,   52.932 ,   10.527 ,  120.000 ,    4.402 ,        5 , 	)
  58 	 (   3 ,  400.330 ,  586.000 ,        0 ,  406.732 ,  526.732 ,    0.000 ,  526.732 ,  527.732 ,   45.732 ,   16.345 ,  120.000 ,   -0.234 ,        6 , 	)
  14 	 (   4 ,  540.000 ,  720.000 ,        0 ,  427.384 ,  547.384 ,   16.345 ,  563.729 ,  564.729 ,    0.000 ,    0.000 ,   23.729 ,    7.135 ,        7 , 	)
  48 	 (   2 ,  344.000 ,  584.000 ,        0 ,  547.848 ,  571.577 ,    0.000 ,  571.577 ,  573.577 ,  149.577 ,    0.000 ,   23.729 ,    6.314 ,        8 , 	)
  75 	 (   1 ,  461.000 ,  581.000 ,        0 ,  557.271 ,  581.000 ,    0.000 ,  581.000 ,  582.000 ,  148.395 ,    0.000 ,   23.729 ,   -0.527 ,        9 , 	)
  32 	 (   5 ,  520.000 ,  686.845 ,        0 ,  590.698 ,  614.427 ,   47.204 ,  661.631 ,  665.631 ,    0.000 ,   15.931 ,   70.933 ,    1.968 ,       10 , 	)
  52 	 (   4 ,  645.000 ,  825.000 ,        0 ,  604.344 ,  675.277 ,    0.000 ,  675.277 ,  676.277 ,  110.547 ,   15.931 ,   30.277 ,    8.283 ,       11 , 	)
  70 	 (   0 ,  599.000 ,  719.000 ,        0 ,  672.792 ,  703.069 ,    0.000 ,  703.069 ,  707.069 ,   37.438 ,   15.931 ,   30.277 ,   14.268 ,       12 , 	)
  31 	 (   3 ,  720.000 ,  960.000 ,        0 ,  696.612 ,  726.889 ,    0.000 ,  726.889 ,  729.889 ,    0.000 ,  146.623 ,    6.889 ,   25.857 ,       13 , 	)
  13 	 (   4 ,  720.000 ,  960.000 ,        0 ,  750.112 ,  757.001 ,    0.000 ,  757.001 ,  758.001 ,    0.000 ,   15.511 ,    6.889 ,   20.702 ,       14 , 	)
   4 	 (   5 ,  727.000 ,  960.000 ,        0 ,  778.895 ,  785.784 ,    0.000 ,  785.784 ,  786.784 ,    0.000 ,   15.511 ,    6.889 ,    3.732 ,       15 , 	)
  69 	 (   2 ,  794.000 , 1034.000 ,        0 ,  803.489 ,  810.377 ,    0.000 ,  810.377 ,  813.377 ,   80.489 ,   15.511 ,    6.889 ,    0.000 ,       16 , 	)
  30 	 (   6 ,  720.000 ,  960.000 ,        0 ,  806.489 ,  813.377 ,    0.000 ,  813.377 ,  817.377 ,    0.000 ,   40.001 ,    6.889 ,    0.000 ,       17 , 	)
  42 	 (   5 ,  816.000 ,  996.000 ,        0 ,  824.769 ,  831.658 ,    0.000 ,  831.658 ,  832.658 ,   44.874 ,   32.894 ,    6.889 ,    4.150 ,       18 , 	)
  51 	 (   4 ,  846.000 , 1026.000 ,        0 ,  839.111 ,  846.000 ,    0.000 ,  846.000 ,  847.000 ,   87.999 ,   32.894 ,    0.000 ,    4.861 ,       19 , 	)
  68 	 (   0 ,  775.000 , 1015.000 ,        0 ,  854.483 ,  854.483 ,    0.000 ,  854.483 ,  858.483 ,   37.106 ,   32.894 ,    0.000 ,    3.335 ,       20 , 	)
  77 	 (   0 ,    0.000 , 1440.000 ,        0 ,  867.720 ,  867.720 ,    0.000 ,  867.720 ,  867.720 ,    0.000 ,  572.280 ,    0.000 ,    0.000 ,       21 , 	)
