4
	VALUE ALL : ( Cost : 1341.024 , TRT : 1524.163 , TWT : 377.874 , TD : 1925.531 )
	VIOLATIONS TOTAL : ( VC :       0 , VTW :   0.000 , VTD :   0.000 , VTRT :   0.000 )
 	COUT_ALL : (   0.001 )  T2B:    6000

	18 sommets 
	values : ( Cost : 253.253 , TRT : 284.416 , TWT :  66.000 , TD : 563.082 )
	violations : ( VC :       0 , VTW :   0.000 , VTD :   0.000 , VTRT :   0.000 )
	cout global : (   0.000	 )
S(i)	 (   C ,     TW0 ,       TW1 ,       VTW ,       Min ,       A ,       W ,       B ,       D ,       L ,       F ,       E ,       Det ,       [Imp ,       Imp]	)
   0 	 (   0 ,    0.000 , 1440.000 ,        0 ,    0.000 ,  587.477 ,    0.000 ,  587.477 ,  587.477 ,    0.000 ,    0.000 ,  587.477 ,    0.000 ,        0 , 	)
  25 	 (   3 ,  550.000 ,  718.377 ,        0 ,    3.414 ,  590.891 ,    0.000 ,  590.891 ,  593.891 ,    0.000 ,    0.000 ,   40.891 ,   -1.025 ,        1 , 	)
   2 	 (   4 ,  600.000 ,  720.000 ,        0 ,  559.911 ,  600.801 ,    0.000 ,  600.801 ,  601.801 ,    0.000 ,    0.000 ,    0.801 ,    6.731 ,        2 , 	)
  27 	 (   5 ,  501.000 ,  655.468 ,        0 ,  606.413 ,  607.214 ,    0.000 ,  607.214 ,  608.214 ,    0.000 ,    0.000 ,    0.801 ,    0.000 ,        3 , 	)
  11 	 (   6 ,  540.000 ,  720.000 ,        0 ,  607.413 ,  608.214 ,    0.000 ,  608.214 ,  609.214 ,    0.000 ,    0.000 ,    0.801 ,    0.000 ,        4 , 	)
  59 	 (   3 ,  630.000 ,  750.000 ,        0 ,  632.658 ,  633.459 ,    0.000 ,  633.459 ,  636.459 ,   39.568 ,    0.000 ,    0.801 ,   14.785 ,        5 , 	)
  45 	 (   2 ,  574.000 ,  807.000 ,        0 ,  658.398 ,  659.199 ,    0.000 ,  659.199 ,  660.199 ,   49.985 ,    0.000 ,    0.801 ,    3.100 ,        6 , 	)
  36 	 (   1 ,  639.107 ,  823.000 ,        0 ,  693.943 ,  694.744 ,    0.000 ,  694.744 ,  695.744 ,   92.943 ,    0.000 ,    0.801 ,   11.431 ,        7 , 	)
   4 	 (   3 ,  480.000 ,  720.000 ,        0 ,  701.653 ,  702.454 ,    0.000 ,  702.454 ,  704.454 ,    0.000 ,    0.000 ,    0.801 ,   -1.141 ,        8 , 	)
  61 	 (   2 ,  653.000 ,  713.000 ,        0 ,  712.199 ,  713.000 ,    0.000 ,  713.000 ,  714.000 ,  104.786 ,    0.000 ,    0.801 ,    0.000 ,        9 , 	)
  23 	 (   4 ,  780.000 ,  840.000 ,        0 ,  713.199 ,  714.000 ,   66.000 ,  780.000 ,  782.000 ,    0.000 ,   60.000 ,    0.000 ,    0.000 ,       10 , 	)
  28 	 (   6 ,  726.000 ,  960.000 ,        0 ,  799.678 ,  799.678 ,    0.000 ,  799.678 ,  801.678 ,    0.000 ,   58.620 ,    0.000 ,    0.608 ,       11 , 	)
  57 	 (   4 ,  818.772 ,  940.000 ,        0 ,  821.380 ,  821.380 ,    0.000 ,  821.380 ,  823.380 ,   39.380 ,   46.626 ,    0.000 ,   -0.056 ,       12 , 	)
  21 	 (   6 ,  720.000 ,  900.000 ,        0 ,  831.025 ,  831.025 ,    0.000 ,  831.025 ,  833.025 ,    0.000 ,   46.626 ,    0.000 ,    4.985 ,       13 , 	)
  62 	 (   4 ,  820.000 , 1000.000 ,        0 ,  847.053 ,  847.053 ,    0.000 ,  847.053 ,  849.053 ,   45.374 ,   35.762 ,    0.000 ,    3.644 ,       14 , 	)
  55 	 (   2 ,  746.594 ,  968.000 ,        0 ,  863.262 ,  863.262 ,    0.000 ,  863.262 ,  865.262 ,   30.238 ,   35.762 ,    0.000 ,    0.000 ,       15 , 	)
  38 	 (   0 ,  698.000 ,  938.000 ,        0 ,  865.262 ,  865.262 ,    0.000 ,  865.262 ,  867.262 ,  160.808 ,   72.738 ,    0.000 ,    0.000 ,       16 , 	)
  69 	 (   0 ,    0.000 , 1440.000 ,        0 ,  871.892 ,  871.892 ,    0.000 ,  871.892 ,  871.892 ,    0.000 ,  568.108 ,    0.000 ,    0.000 ,       17 , 	)

	14 sommets 
	values : ( Cost : 311.558 , TRT : 471.477 , TWT : 207.223 , TD : 301.504 )
	violations : ( VC :       0 , VTW :   0.000 , VTD :   0.000 , VTRT :   0.000 )
	cout global : (   0.000	 )
S(i)	 (   C ,     TW0 ,       TW1 ,       VTW ,       Min ,       A ,       W ,       B ,       D ,       L ,       F ,       E ,       Det ,       [Imp ,       Imp]	)
   0 	 (   0 ,    0.000 , 1440.000 ,        0 ,    0.000 ,  381.868 ,    0.000 ,  381.868 ,  381.868 ,    0.000 ,    0.000 ,  381.868 ,    0.000 ,        0 , 	)
   9 	 (   4 ,  245.000 ,  480.000 ,        0 ,   19.735 ,  401.603 ,    0.000 ,  401.603 ,  405.603 ,    0.000 ,    0.000 ,  156.603 ,   25.900 ,        1 , 	)
  29 	 (   6 ,  240.000 ,  480.000 ,        0 ,  274.989 ,  431.592 ,    0.000 ,  431.592 ,  433.592 ,    0.000 ,    0.000 ,  156.603 ,    7.677 ,        2 , 	)
   1 	 (   7 ,  254.000 ,  472.377 ,        0 ,  292.085 ,  448.688 ,    0.000 ,  448.688 ,  449.688 ,    0.000 ,    0.000 ,  156.603 ,    0.865 ,        3 , 	)
  63 	 (   5 ,  291.000 ,  531.000 ,        0 ,  297.477 ,  454.080 ,    0.000 ,  454.080 ,  456.080 ,   20.489 ,    0.000 ,  156.603 ,    2.790 ,        4 , 	)
  20 	 (   6 ,  253.000 ,  472.971 ,        0 ,  310.092 ,  466.695 ,    0.000 ,  466.695 ,  467.695 ,    0.000 ,    0.000 ,  156.603 ,    6.162 ,        5 , 	)
  35 	 (   5 ,  316.000 ,  496.000 ,        0 ,  333.655 ,  490.258 ,    0.000 ,  490.258 ,  491.258 ,   40.570 ,    0.000 ,  156.603 ,    0.000 ,        6 , 	)
  43 	 (   1 ,  393.000 ,  513.000 ,        0 ,  334.655 ,  491.258 ,    0.000 ,  491.258 ,  495.258 ,   85.655 ,    0.000 ,   98.258 ,    0.000 ,        7 , 	)
  54 	 (   0 ,  318.000 ,  498.000 ,        0 ,  399.742 ,  498.000 ,    0.000 ,  498.000 ,  499.000 ,   30.305 ,    0.000 ,   98.258 ,    1.580 ,        8 , 	)
  18 	 (   3 ,  481.000 ,  720.000 ,        0 ,  404.370 ,  502.628 ,  207.223 ,  709.850 ,  712.850 ,    0.000 ,   10.150 ,  228.850 ,    1.877 ,        9 , 	)
  24 	 (   7 ,  720.000 ,  900.000 ,        0 ,  491.150 ,  720.000 ,    0.000 ,  720.000 ,  724.000 ,    0.000 ,   16.480 ,    0.000 ,    0.185 ,       10 , 	)
  52 	 (   4 ,  595.000 ,  775.000 ,        0 ,  758.520 ,  758.520 ,    0.000 ,  758.520 ,  761.520 ,   45.670 ,   16.480 ,    0.000 ,   26.617 ,       11 , 	)
  58 	 (   0 ,  791.000 , 1031.000 ,        0 ,  802.816 ,  802.816 ,    0.000 ,  802.816 ,  806.816 ,   78.816 ,   52.184 ,    0.000 ,   48.801 ,       12 , 	)
  69 	 (   0 ,    0.000 , 1440.000 ,        0 ,  853.344 ,  853.344 ,    0.000 ,  853.344 ,  853.344 ,    0.000 ,  586.656 ,    0.000 ,    0.000 ,       13 , 	)

	22 sommets 
	values : ( Cost : 370.242 , TRT : 324.377 , TWT :   0.000 , TD : 505.432 )
	violations : ( VC :       0 , VTW :   0.000 , VTD :   0.000 , VTRT :   0.000 )
	cout global : (   0.000	 )
S(i)	 (   C ,     TW0 ,       TW1 ,       VTW ,       Min ,       A ,       W ,       B ,       D ,       L ,       F ,       E ,       Det ,       [Imp ,       Imp]	)
   0 	 (   0 ,    0.000 , 1440.000 ,        0 ,    0.000 ,  807.382 ,    0.000 ,  807.382 ,  807.382 ,    0.000 ,   29.731 ,  807.382 ,    0.000 ,        0 , 	)
   8 	 (   2 ,  720.000 ,  900.000 ,        0 ,   14.971 ,  822.353 ,    0.000 ,  822.353 ,  824.353 ,    0.000 ,   29.731 ,  102.353 ,   12.326 ,        1 , 	)
   6 	 (   6 ,  731.000 ,  956.300 ,        0 ,  730.705 ,  833.058 ,    0.000 ,  833.058 ,  837.058 ,    0.000 ,    0.986 ,  102.058 ,    1.072 ,        2 , 	)
  40 	 (   2 ,  807.000 ,  987.000 ,        0 ,  761.700 ,  863.758 ,    0.000 ,  863.758 ,  867.758 ,   26.700 ,    0.986 ,   56.758 ,    0.000 ,        3 , 	)
  32 	 (   3 ,  720.000 ,  900.000 ,        0 ,  811.000 ,  867.758 ,    0.000 ,  867.758 ,  868.758 ,    0.000 ,    0.986 ,   56.758 ,    0.000 ,        4 , 	)
  42 	 (   1 ,  746.289 ,  967.000 ,        0 ,  831.608 ,  888.366 ,    0.000 ,  888.366 ,  890.366 ,   64.014 ,    0.986 ,   56.758 ,    3.856 ,        5 , 	)
  66 	 (   0 ,  781.000 ,  961.000 ,        0 ,  848.311 ,  905.068 ,    0.000 ,  905.068 ,  906.068 ,   36.311 ,   29.731 ,   56.758 ,    7.279 ,        6 , 	)
  14 	 (   3 ,  720.000 ,  960.000 ,        0 ,  853.083 ,  909.841 ,    0.000 ,  909.841 ,  912.841 ,    0.000 ,   29.731 ,   56.758 ,    0.130 ,        7 , 	)
  30 	 (   7 ,  720.000 ,  960.000 ,        0 ,  873.511 ,  930.269 ,    0.000 ,  930.269 ,  934.269 ,    0.000 ,   29.731 ,   56.758 ,    2.147 ,        8 , 	)
  64 	 (   3 ,  778.000 , 1018.000 ,        0 ,  905.070 ,  961.828 ,    0.000 ,  961.828 ,  965.828 ,   27.559 ,   46.441 ,   56.758 ,    0.000 ,        9 , 	)
  48 	 (   0 ,  807.000 , 1047.000 ,        0 ,  909.070 ,  965.828 ,    0.000 ,  965.828 ,  968.828 ,   52.987 ,   60.000 ,   56.758 ,    0.000 ,       10 , 	)
  12 	 (   2 ,  960.000 , 1140.000 ,        0 ,  931.247 ,  988.005 ,    0.000 ,  988.005 ,  990.005 ,    0.000 ,   60.000 ,   28.005 ,   10.586 ,       11 , 	)
   3 	 (   3 ,  960.000 , 1140.000 ,        0 ,  980.968 , 1008.972 ,    0.000 , 1008.972 , 1009.972 ,    0.000 ,   51.604 ,   28.005 ,    3.193 ,       12 , 	)
  46 	 (   1 ,  998.000 , 1231.000 ,        0 ,  999.396 , 1027.401 ,    0.000 , 1027.401 , 1029.401 ,   37.396 ,    5.193 ,   28.005 ,    0.130 ,       13 , 	)
   7 	 (   4 ,  965.000 , 1200.000 ,        0 , 1005.168 , 1033.173 ,    0.000 , 1033.173 , 1036.173 ,    0.000 ,    5.193 ,   28.005 ,   -0.302 ,       14 , 	)
  17 	 (   5 , 1020.000 , 1140.000 ,        0 , 1011.693 , 1039.698 ,    0.000 , 1039.698 , 1040.698 ,    0.000 ,    5.193 ,   19.698 ,    7.059 ,       15 , 	)
  13 	 (   7 , 1034.000 , 1132.308 ,        0 , 1038.577 , 1058.275 ,    0.000 , 1058.275 , 1060.275 ,    0.000 ,    5.193 ,   19.698 ,   -0.001 ,       16 , 	)
  37 	 (   6 ,  989.405 , 1217.000 ,        0 , 1061.081 , 1080.779 ,    0.000 , 1080.779 , 1081.779 ,   70.807 ,    5.193 ,   19.698 ,   13.032 ,       17 , 	)
  47 	 (   4 , 1097.000 , 1157.000 ,        0 , 1077.302 , 1097.000 ,    0.000 , 1097.000 , 1099.000 ,   36.725 ,   13.453 ,    0.000 ,    1.545 ,       18 , 	)
  51 	 (   3 , 1055.732 , 1280.000 ,        0 , 1113.085 , 1113.085 ,    0.000 , 1113.085 , 1114.085 ,   72.387 ,   13.453 ,    0.000 ,    0.478 ,       19 , 	)
  41 	 (   0 , 1062.000 , 1242.000 ,        0 , 1116.720 , 1116.720 ,    0.000 , 1116.720 , 1119.720 ,   80.547 ,   13.453 ,   -0.000 ,    3.566 ,       20 , 	)
  69 	 (   0 ,    0.000 , 1440.000 ,        0 , 1131.759 , 1131.759 ,    0.000 , 1131.759 , 1131.759 ,    0.000 ,  308.241 ,   -0.000 ,    0.000 ,       21 , 	)

	22 sommets 
	values : ( Cost : 405.971 , TRT : 443.893 , TWT : 104.652 , TD : 555.514 )
	violations : ( VC :       0 , VTW :   0.000 , VTD :   0.000 , VTRT :   0.000 )
	cout global : (   0.000	 )
S(i)	 (   C ,     TW0 ,       TW1 ,       VTW ,       Min ,       A ,       W ,       B ,       D ,       L ,       F ,       E ,       Det ,       [Imp ,       Imp]	)
   0 	 (   0 ,    0.000 , 1440.000 ,        0 ,    0.000 ,  303.930 ,    0.000 ,  303.930 ,  303.930 ,    0.000 ,    0.000 ,  303.930 ,    0.000 ,        0 , 	)
  15 	 (   3 ,  248.000 ,  420.000 ,        0 ,   11.350 ,  315.280 ,    0.000 ,  315.280 ,  318.280 ,    0.000 ,    0.000 ,   67.280 ,   -2.206 ,        1 , 	)
  26 	 (   4 ,  240.000 ,  480.000 ,        0 ,  274.285 ,  341.565 ,    0.000 ,  341.565 ,  342.565 ,    0.000 ,    0.000 ,   67.280 ,   12.006 ,        2 , 	)
  49 	 (   1 ,  336.000 ,  456.000 ,        0 ,  295.789 ,  363.068 ,    0.000 ,  363.068 ,  366.068 ,   44.789 ,    0.000 ,   27.068 ,    0.000 ,        3 , 	)
  16 	 (   2 ,  240.000 ,  420.000 ,        0 ,  353.043 ,  380.111 ,    0.000 ,  380.111 ,  381.111 ,    0.000 ,    0.000 ,   27.068 ,   -0.010 ,        4 , 	)
   5 	 (   3 ,  240.000 ,  420.000 ,        0 ,  357.568 ,  384.636 ,    0.000 ,  384.636 ,  385.636 ,    0.000 ,    0.000 ,   27.068 ,    3.548 ,        5 , 	)
  60 	 (   2 ,  313.000 ,  553.000 ,        0 ,  364.025 ,  391.093 ,    0.000 ,  391.093 ,  392.093 ,   48.529 ,    0.000 ,   27.068 ,    0.523 ,        6 , 	)
  50 	 (   1 ,  257.591 ,  466.000 ,        0 ,  379.792 ,  406.861 ,    0.000 ,  406.861 ,  407.861 ,   25.750 ,    0.000 ,   27.068 ,    3.083 ,        7 , 	)
  39 	 (   0 ,  259.228 ,  494.000 ,        0 ,  384.989 ,  412.057 ,    0.000 ,  412.057 ,  413.057 ,   26.421 ,    0.000 ,   27.068 ,    5.220 ,        8 , 	)
  10 	 (   2 ,  258.000 ,  471.402 ,        0 ,  394.657 ,  421.726 ,    0.000 ,  421.726 ,  423.726 ,    0.000 ,    0.000 ,   27.068 ,    5.523 ,        9 , 	)
  31 	 (   5 ,  275.000 ,  454.629 ,        0 ,  400.562 ,  427.630 ,    0.000 ,  427.630 ,  430.630 ,    0.000 ,    0.000 ,   27.068 ,    0.498 ,       10 , 	)
  19 	 (   7 ,  300.000 ,  480.000 ,        0 ,  415.540 ,  442.608 ,    0.000 ,  442.608 ,  444.608 ,    0.000 ,    0.000 ,   27.068 ,    9.917 ,       11 , 	)
  44 	 (   5 ,  326.000 ,  506.000 ,        0 ,  450.774 ,  477.843 ,    0.000 ,  477.843 ,  479.843 ,   54.117 ,    0.000 ,   27.068 ,   22.291 ,       12 , 	)
  65 	 (   2 ,  373.000 ,  493.000 ,        0 ,  465.932 ,  493.000 ,    0.000 ,  493.000 ,  496.000 ,   62.370 ,   -0.000 ,   27.068 ,    0.187 ,       13 , 	)
  33 	 (   3 ,  480.000 ,  720.000 ,        0 ,  484.093 ,  511.162 ,   45.288 ,  556.450 ,  557.450 ,    0.000 ,    0.000 ,   72.356 ,   11.920 ,       14 , 	)
  53 	 (   1 ,  409.000 ,  589.000 ,        0 ,  516.252 ,  588.608 ,    0.000 ,  588.608 ,  590.608 ,  144.000 ,   -0.000 ,   72.356 ,   18.814 ,       15 , 	)
  34 	 (   2 ,  499.000 ,  643.620 ,        0 ,  548.450 ,  620.806 ,   22.814 ,  643.620 ,  644.620 ,    0.000 ,    0.000 ,   95.170 ,   -4.307 ,       16 , 	)
  68 	 (   1 ,  539.000 ,  659.000 ,        0 ,  563.830 ,  659.000 ,    0.000 ,  659.000 ,  660.000 ,   14.380 ,    0.000 ,   95.170 ,   -0.517 ,       17 , 	)
  67 	 (   0 ,  580.000 ,  820.000 ,        0 ,  589.202 ,  684.372 ,    0.000 ,  684.372 ,  685.372 ,  126.923 ,    7.077 ,   95.170 ,   10.919 ,       18 , 	)
  22 	 (   2 ,  720.000 ,  960.000 ,        0 ,  595.044 ,  690.214 ,   36.550 ,  726.765 ,  728.765 ,    0.000 ,  233.235 ,    6.765 ,   -1.235 ,       19 , 	)
  56 	 (   0 ,  737.000 ,  977.000 ,        0 ,  730.235 ,  737.000 ,    0.000 ,  737.000 ,  739.000 ,    8.235 ,   13.765 ,    0.000 ,    0.614 ,       20 , 	)
  69 	 (   0 ,    0.000 , 1440.000 ,        0 ,  747.823 ,  747.823 ,    0.000 ,  747.823 ,  747.823 ,    0.000 ,  692.177 ,    0.000 ,    0.000 ,       21 , 	)
