12
	VALUE ALL : ( Cost : 4650.022 , TRT : 4345.871 , TWT : 425.614 , TD : 6332.004 )
	VIOLATIONS TOTAL : ( VC :       0 , VTW :   0.000 , VTD :   0.000 , VTRT :   0.000 )
 	COUT_ALL : (   0.003 )  T2B:   30001

	14 sommets 
	values : ( Cost : 317.294 , TRT : 328.501 , TWT :  67.934 , TD : 523.471 )
	violations : ( VC :       0 , VTW :   0.000 , VTD :   0.000 , VTRT :   0.000 )
	cout global : (   0.000	 )
S(i)	 (   C ,     TW0 ,       TW1 ,       VTW ,       Min ,       A ,       W ,       B ,       D ,       L ,       F ,       E ,       Det ,       [Imp ,       Imp]	)
   0 	 (   0 ,    0.000 , 1440.000 ,        0 ,    0.000 ,  829.535 ,    0.000 ,  829.535 ,  829.535 ,    0.000 ,    0.000 ,  829.535 ,    0.000 ,        0 , 	)
  61 	 (   1 ,  780.000 ,  900.000 ,        0 ,    7.859 ,  837.395 ,    0.000 ,  837.395 ,  838.395 ,    0.000 ,    0.000 ,   57.395 ,   14.402 ,        1 , 	)
 154 	 (   0 ,  798.817 ,  949.000 ,        0 ,  798.817 ,  856.211 ,    0.000 ,  856.211 ,  857.211 ,   17.817 ,    0.000 ,   57.395 ,    4.059 ,        2 , 	)
  67 	 (   2 ,  780.000 ,  960.000 ,        0 ,  820.070 ,  877.465 ,    0.000 ,  877.465 ,  879.465 ,    0.000 ,    0.000 ,   57.395 ,    4.898 ,        3 , 	)
  63 	 (   5 ,  840.000 ,  900.000 ,        0 ,  842.605 ,  900.000 ,    0.000 ,  900.000 ,  903.000 ,    0.000 ,    0.000 ,   57.395 ,    0.000 ,        4 , 	)
  48 	 (   6 ,  960.000 , 1200.000 ,        0 ,  845.605 ,  903.000 ,   67.934 ,  970.934 ,  971.934 ,    0.000 ,    4.276 ,   10.934 ,    0.000 ,        5 , 	)
  18 	 (   7 ,  967.000 , 1200.000 ,        0 , 1002.255 , 1013.189 ,    0.000 , 1013.189 , 1014.189 ,    0.000 ,    4.276 ,   10.934 ,    0.000 ,        6 , 	)
 160 	 (   5 ,  885.000 , 1065.000 ,        0 , 1003.255 , 1014.189 ,    0.000 , 1014.189 , 1016.189 ,  134.724 ,    4.276 ,   10.934 ,    0.000 ,        7 , 	)
  12 	 (   8 , 1020.000 , 1140.000 ,        0 , 1009.066 , 1020.000 ,    0.000 , 1020.000 , 1023.000 ,    0.000 ,   19.211 ,    0.000 ,    0.980 ,        8 , 	)
 156 	 (   5 ,  951.000 , 1191.000 ,        0 , 1039.212 , 1039.212 ,    0.000 , 1039.212 , 1042.212 ,  136.212 ,   15.762 ,    0.000 ,    4.498 ,        9 , 	)
 111 	 (   4 , 1057.000 , 1237.000 ,        0 , 1060.880 , 1060.880 ,    0.000 , 1060.880 , 1061.880 ,   46.692 ,   15.762 ,   -0.000 ,   19.238 ,       10 , 	)
 141 	 (   3 , 1056.000 , 1296.000 ,        0 , 1080.723 , 1080.723 ,    0.000 , 1080.723 , 1081.723 ,  108.789 ,   15.762 ,   -0.000 ,    4.951 ,       11 , 	)
 105 	 (   0 , 1058.574 , 1238.000 ,        0 , 1102.238 , 1102.238 ,    0.000 , 1102.238 , 1105.238 ,   79.238 ,   15.762 ,   -0.000 ,    8.610 ,       12 , 	)
 187 	 (   0 ,    0.000 , 1440.000 ,        0 , 1158.036 , 1158.036 ,    0.000 , 1158.036 , 1158.036 ,    0.000 ,  281.964 ,   -0.000 ,    0.000 ,       13 , 	)

	12 sommets 
	values : ( Cost : 243.068 , TRT : 202.758 , TWT :   0.000 , TD : 215.968 )
	violations : ( VC :       0 , VTW :   0.000 , VTD :   0.000 , VTRT :   0.000 )
	cout global : (   0.000	 )
S(i)	 (   C ,     TW0 ,       TW1 ,       VTW ,       Min ,       A ,       W ,       B ,       D ,       L ,       F ,       E ,       Det ,       [Imp ,       Imp]	)
   0 	 (   0 ,    0.000 , 1440.000 ,        0 ,    0.000 ,  342.423 ,    0.000 ,  342.423 ,  342.423 ,    0.000 ,    2.000 ,  342.423 ,    0.000 ,        0 , 	)
  88 	 (   2 ,  300.000 ,  360.000 ,        0 ,   15.577 ,  358.000 ,    0.000 ,  358.000 ,  360.000 ,    0.000 ,    2.000 ,   58.000 ,    0.000 ,        1 , 	)
  52 	 (   6 ,  360.000 ,  480.000 ,        0 ,  302.000 ,  360.000 ,    0.000 ,  360.000 ,  364.000 ,    0.000 ,   13.069 ,    0.000 ,    0.000 ,        2 , 	)
 145 	 (   2 ,  378.377 ,  523.000 ,        0 ,  378.377 ,  378.377 ,    0.000 ,  378.377 ,  382.377 ,   14.377 ,   13.069 ,    0.000 ,   10.836 ,        3 , 	)
 181 	 (   0 ,  362.000 ,  422.000 ,        0 ,  408.931 ,  408.931 ,    0.000 ,  408.931 ,  410.931 ,   48.931 ,   13.069 ,    0.000 ,    0.000 ,        4 , 	)
  27 	 (   1 ,  280.000 ,  446.279 ,        0 ,  410.931 ,  410.931 ,    0.000 ,  410.931 ,  411.931 ,    0.000 ,   32.294 ,    0.000 ,    0.000 ,        5 , 	)
  92 	 (   2 ,  240.000 ,  480.000 ,        0 ,  419.652 ,  419.652 ,    0.000 ,  419.652 ,  420.652 ,    0.000 ,   32.294 ,    0.000 ,   -4.876 ,        6 , 	)
  17 	 (   4 ,  420.000 ,  480.000 ,        0 ,  433.780 ,  433.780 ,    0.000 ,  433.780 ,  435.780 ,    0.000 ,   32.294 ,    0.000 ,    0.862 ,        7 , 	)
 120 	 (   3 ,  355.000 ,  475.000 ,        0 ,  442.706 ,  442.706 ,    0.000 ,  442.706 ,  443.706 ,   30.775 ,   32.294 ,    0.000 ,    8.921 ,        8 , 	)
 110 	 (   1 ,  465.000 ,  581.000 ,        0 ,  482.677 ,  482.677 ,    0.000 ,  482.677 ,  484.677 ,   46.897 ,   35.012 ,    0.000 ,   -1.153 ,        9 , 	)
 185 	 (   0 ,  322.000 ,  562.000 ,        0 ,  495.640 ,  495.640 ,    0.000 ,  495.640 ,  496.640 ,   74.988 ,   35.012 ,    0.000 ,   14.655 ,       10 , 	)
 187 	 (   0 ,    0.000 , 1440.000 ,        0 ,  545.181 ,  545.181 ,    0.000 ,  545.181 ,  545.181 ,    0.000 ,  894.819 ,    0.000 ,    0.000 ,       11 , 	)

	12 sommets 
	values : ( Cost : 358.142 , TRT : 293.280 , TWT :   0.000 , TD : 378.235 )
	violations : ( VC :       0 , VTW :   0.000 , VTD :   0.000 , VTRT :   0.000 )
	cout global : (   0.000	 )
S(i)	 (   C ,     TW0 ,       TW1 ,       VTW ,       Min ,       A ,       W ,       B ,       D ,       L ,       F ,       E ,       Det ,       [Imp ,       Imp]	)
   0 	 (   0 ,    0.000 , 1440.000 ,        0 ,    0.000 ,  292.957 ,    0.000 ,  292.957 ,  292.957 ,    0.000 ,    8.880 ,  292.957 ,    0.000 ,        0 , 	)
  50 	 (   3 ,  240.000 ,  480.000 ,        0 ,   27.829 ,  320.786 ,    0.000 ,  320.786 ,  323.786 ,    0.000 ,    8.880 ,   80.786 ,   24.159 ,        1 , 	)
  22 	 (   5 ,  300.000 ,  480.000 ,        0 ,  275.253 ,  356.038 ,    0.000 ,  356.038 ,  358.038 ,    0.000 ,    8.880 ,   56.038 ,    4.458 ,        2 , 	)
  39 	 (   8 ,  300.000 ,  480.000 ,        0 ,  308.541 ,  364.580 ,    0.000 ,  364.580 ,  367.580 ,    0.000 ,    8.880 ,   56.038 ,    6.705 ,        3 , 	)
 115 	 (   6 ,  326.431 ,  547.000 ,        0 ,  336.135 ,  392.174 ,    0.000 ,  392.174 ,  394.174 ,   34.135 ,    8.880 ,   56.038 ,   12.532 ,        4 , 	)
 143 	 (   3 ,  405.000 ,  645.000 ,        0 ,  367.123 ,  423.162 ,    0.000 ,  423.162 ,  426.162 ,   99.376 ,    8.880 ,   18.162 ,    1.056 ,        5 , 	)
  62 	 (   5 ,  420.000 ,  480.000 ,        0 ,  418.686 ,  436.848 ,    0.000 ,  436.848 ,  438.848 ,    0.000 ,    8.880 ,   16.848 ,   12.177 ,        6 , 	)
  75 	 (   7 ,  240.000 ,  480.000 ,        0 ,  454.271 ,  471.120 ,    0.000 ,  471.120 ,  473.120 ,    0.000 ,    8.880 ,   16.848 ,    1.474 ,        7 , 	)
 132 	 (   4 ,  479.000 ,  599.000 ,        0 ,  462.152 ,  479.000 ,    0.000 ,  479.000 ,  482.000 ,  111.420 ,   22.082 ,    0.000 ,   10.259 ,        8 , 	)
 155 	 (   2 ,  459.425 ,  582.000 ,        0 ,  516.766 ,  516.766 ,    0.000 ,  516.766 ,  518.766 ,   77.918 ,   22.082 ,    0.000 ,    1.795 ,        9 , 	)
 168 	 (   0 ,  317.000 ,  557.000 ,        0 ,  528.505 ,  528.505 ,    0.000 ,  528.505 ,  530.505 ,   55.386 ,   28.495 ,    0.000 ,    4.467 ,       10 , 	)
 187 	 (   0 ,    0.000 , 1440.000 ,        0 ,  586.237 ,  586.237 ,    0.000 ,  586.237 ,  586.237 ,    0.000 ,  853.763 ,    0.000 ,    0.000 ,       11 , 	)

	26 sommets 
	values : ( Cost : 504.795 , TRT : 427.545 , TWT :   0.000 , TD : 735.084 )
	violations : ( VC :       0 , VTW :   0.000 , VTD :   0.000 , VTRT :   0.000 )
	cout global : (   0.000	 )
S(i)	 (   C ,     TW0 ,       TW1 ,       VTW ,       Min ,       A ,       W ,       B ,       D ,       L ,       F ,       E ,       Det ,       [Imp ,       Imp]	)
   0 	 (   0 ,    0.000 , 1440.000 ,        0 ,    0.000 ,  585.312 ,    0.000 ,  585.312 ,  585.312 ,    0.000 ,   24.512 ,  585.312 ,    0.000 ,        0 , 	)
   6 	 (   1 ,  540.000 ,  720.000 ,        0 ,   22.625 ,  607.937 ,    0.000 ,  607.937 ,  608.937 ,    0.000 ,   24.512 ,   67.937 ,   13.525 ,        1 , 	)
  77 	 (   3 ,  486.000 ,  720.000 ,        0 ,  560.556 ,  628.493 ,    0.000 ,  628.493 ,  630.493 ,    0.000 ,   24.512 ,   67.937 ,   -4.689 ,        2 , 	)
  81 	 (   7 ,  480.000 ,  660.000 ,        0 ,  564.993 ,  632.930 ,    0.000 ,  632.930 ,  636.930 ,    0.000 ,   24.512 ,   67.937 ,   -0.532 ,        3 , 	)
 174 	 (   3 ,  510.395 ,  735.000 ,        0 ,  595.389 ,  663.326 ,    0.000 ,  663.326 ,  667.326 ,   26.395 ,   24.512 ,   67.937 ,    1.546 ,        4 , 	)
  99 	 (   2 ,  653.000 ,  893.000 ,        0 ,  602.250 ,  670.187 ,    0.000 ,  670.187 ,  671.187 ,   61.250 ,   24.512 ,   17.187 ,    0.841 ,        5 , 	)
 170 	 (   0 ,  580.000 ,  760.000 ,        0 ,  656.532 ,  673.720 ,    0.000 ,  673.720 ,  675.720 ,   43.226 ,   24.512 ,   17.187 ,   -0.000 ,        6 , 	)
  82 	 (   1 ,  720.000 ,  960.000 ,        0 ,  715.583 ,  732.770 ,    0.000 ,  732.770 ,  733.770 ,    0.000 ,   24.512 ,   12.770 ,    0.766 ,        7 , 	)
   9 	 (   3 ,  720.000 ,  960.000 ,        0 ,  724.612 ,  737.382 ,    0.000 ,  737.382 ,  739.382 ,    0.000 ,   24.512 ,   12.770 ,    0.990 ,        8 , 	)
  56 	 (   5 ,  720.000 ,  960.000 ,        0 ,  749.732 ,  762.502 ,    0.000 ,  762.502 ,  764.502 ,    0.000 ,   24.512 ,   12.770 ,    1.638 ,        9 , 	)
  30 	 (   8 ,  720.000 ,  960.000 ,        0 ,  757.764 ,  770.534 ,    0.000 ,  770.534 ,  773.534 ,    0.000 ,   24.512 ,   12.770 ,    7.003 ,       10 , 	)
 102 	 (   6 ,  784.000 , 1024.000 ,        0 ,  776.251 ,  789.021 ,    0.000 ,  789.021 ,  791.021 ,   49.639 ,   11.435 ,    5.021 ,    1.905 ,       11 , 	)
 175 	 (   5 ,  795.000 , 1035.000 ,        0 ,  789.979 ,  795.000 ,    0.000 ,  795.000 ,  796.000 ,   61.230 ,   11.435 ,    0.000 ,    0.000 ,       12 , 	)
  38 	 (   7 ,  720.000 ,  960.000 ,        0 ,  796.000 ,  796.000 ,    0.000 ,  796.000 ,  798.000 ,    0.000 ,   11.435 ,    0.000 ,    0.000 ,       13 , 	)
  43 	 (   8 ,  720.000 ,  900.000 ,        0 ,  816.034 ,  816.034 ,    0.000 ,  816.034 ,  817.034 ,    0.000 ,   11.435 ,    0.000 ,    0.686 ,       14 , 	)
 123 	 (   5 ,  773.000 , 1013.000 ,        0 ,  830.099 ,  830.099 ,    0.000 ,  830.099 ,  833.099 ,   56.565 ,   11.435 ,    0.000 ,    2.512 ,       15 , 	)
  28 	 (   8 ,  759.000 ,  868.929 ,        0 ,  840.078 ,  840.078 ,    0.000 ,  840.078 ,  843.078 ,    0.000 ,   21.168 ,    0.000 ,   -0.038 ,       16 , 	)
 136 	 (   7 ,  760.000 ,  940.000 ,        0 ,  849.865 ,  849.865 ,    0.000 ,  849.865 ,  850.865 ,   32.832 ,   21.168 ,    0.000 ,   -0.001 ,       17 , 	)
 149 	 (   5 ,  814.000 , 1054.000 ,        0 ,  858.067 ,  858.067 ,    0.000 ,  858.067 ,  860.067 ,   93.565 ,   24.512 ,    0.000 ,    1.341 ,       18 , 	)
 121 	 (   2 ,  842.000 ,  902.000 ,        0 ,  877.488 ,  877.488 ,    0.000 ,  877.488 ,  880.488 ,   34.410 ,   24.512 ,    0.000 ,   -0.434 ,       19 , 	)
  73 	 (   3 ,  720.000 ,  960.000 ,        0 ,  885.938 ,  885.938 ,    0.000 ,  885.938 ,  886.938 ,    0.000 ,   46.234 ,    0.000 ,   -1.845 ,       20 , 	)
  74 	 (   5 ,  780.000 ,  960.000 ,        0 ,  913.766 ,  913.766 ,    0.000 ,  913.766 ,  915.766 ,    0.000 ,   46.234 ,    0.000 ,   11.944 ,       21 , 	)
 131 	 (   3 ,  890.000 , 1130.000 ,        0 ,  940.486 ,  940.486 ,    0.000 ,  940.486 ,  942.486 ,  142.486 ,   43.809 ,    0.000 ,    1.056 ,       22 , 	)
 167 	 (   1 ,  810.135 , 1037.000 ,        0 ,  946.957 ,  946.957 ,    0.000 ,  946.957 ,  948.957 ,   31.191 ,   43.809 ,    0.000 ,    6.501 ,       23 , 	)
 166 	 (   0 ,  916.000 , 1096.000 ,        0 ,  989.232 ,  989.232 ,    0.000 ,  989.232 ,  990.232 ,  102.295 ,  106.768 ,    0.000 ,   20.341 ,       24 , 	)
 187 	 (   0 ,    0.000 , 1440.000 ,        0 , 1012.857 , 1012.857 ,    0.000 , 1012.857 , 1012.857 ,    0.000 ,  427.143 ,    0.000 ,    0.000 ,       25 , 	)

	22 sommets 
	values : ( Cost : 485.820 , TRT : 474.559 , TWT :  63.281 , TD : 680.989 )
	violations : ( VC :       0 , VTW :   0.000 , VTD :   0.000 , VTRT :   0.000 )
	cout global : (   0.000	 )
S(i)	 (   C ,     TW0 ,       TW1 ,       VTW ,       Min ,       A ,       W ,       B ,       D ,       L ,       F ,       E ,       Det ,       [Imp ,       Imp]	)
   0 	 (   0 ,    0.000 , 1440.000 ,        0 ,    0.000 ,  304.006 ,    0.000 ,  304.006 ,  304.006 ,    0.000 ,    0.000 ,  304.006 ,    0.000 ,        0 , 	)
  71 	 (   2 ,  273.000 ,  458.660 ,        0 ,   34.926 ,  338.932 ,    0.000 ,  338.932 ,  340.932 ,    0.000 ,    0.000 ,   65.932 ,    0.848 ,        1 , 	)
  84 	 (   3 ,  300.000 ,  360.000 ,        0 ,  294.068 ,  360.000 ,    0.000 ,  360.000 ,  361.000 ,    0.000 ,    0.000 ,   60.000 ,   10.592 ,        2 , 	)
  78 	 (   4 ,  240.000 ,  480.000 ,        0 ,  310.854 ,  370.854 ,   12.305 ,  383.159 ,  384.159 ,    0.000 ,    0.000 ,   72.305 ,   -3.349 ,        3 , 	)
   1 	 (   6 ,  240.000 ,  420.000 ,        0 ,  325.546 ,  397.850 ,    0.000 ,  397.850 ,  399.850 ,    0.000 ,    0.000 ,   72.305 ,    3.258 ,        4 , 	)
  94 	 (   4 ,  259.692 ,  470.000 ,        0 ,  345.238 ,  417.542 ,    0.000 ,  417.542 ,  419.542 ,   17.692 ,    0.000 ,   72.305 ,    7.959 ,        5 , 	)
 177 	 (   3 ,  369.000 ,  429.000 ,        0 ,  354.402 ,  426.706 ,    0.000 ,  426.706 ,  427.706 ,   65.706 ,    0.000 ,   57.706 ,    0.001 ,        6 , 	)
  20 	 (   6 ,  276.000 ,  453.016 ,        0 ,  376.877 ,  434.583 ,    0.000 ,  434.583 ,  437.583 ,    0.000 ,    0.000 ,   57.706 ,    2.341 ,        7 , 	)
 164 	 (   4 ,  380.000 ,  500.000 ,        0 ,  388.226 ,  445.932 ,    0.000 ,  445.932 ,  447.932 ,  105.000 ,    0.000 ,   57.706 ,    0.000 ,        8 , 	)
  83 	 (   7 ,  300.000 ,  480.000 ,        0 ,  390.226 ,  447.932 ,    6.600 ,  454.532 ,  457.532 ,    0.000 ,    0.000 ,   64.306 ,    0.000 ,        9 , 	)
 113 	 (   4 ,  370.000 ,  490.000 ,        0 ,  425.694 ,  490.000 ,    0.000 ,  490.000 ,  493.000 ,   52.417 ,    0.000 ,   64.306 ,   13.881 ,       10 , 	)
 176 	 (   1 ,  377.000 ,  617.000 ,        0 ,  462.512 ,  526.818 ,    0.000 ,  526.818 ,  529.818 ,   69.286 ,   11.103 ,   64.306 ,    1.676 ,       11 , 	)
 171 	 (   0 ,  394.000 ,  574.000 ,        0 ,  474.750 ,  539.056 ,    0.000 ,  539.056 ,  540.056 ,  154.897 ,   11.103 ,   64.306 ,    1.244 ,       12 , 	)
  60 	 (   2 ,  480.000 ,  720.000 ,        0 ,  484.227 ,  548.533 ,   44.377 ,  592.910 ,  594.910 ,    0.000 ,   58.444 ,  108.683 ,    0.000 ,       13 , 	)
  11 	 (   6 ,  551.000 ,  714.910 ,        0 ,  486.227 ,  594.910 ,    0.000 ,  594.910 ,  598.910 ,    0.000 ,   18.443 ,   43.910 ,    0.000 ,       14 , 	)
 104 	 (   2 ,  625.000 ,  745.000 ,        0 ,  581.090 ,  625.000 ,    0.000 ,  625.000 ,  629.000 ,   26.090 ,   18.443 ,    0.000 ,   35.779 ,       15 , 	)
  47 	 (   6 ,  540.000 ,  720.000 ,        0 ,  647.166 ,  647.166 ,    0.000 ,  647.166 ,  651.166 ,    0.000 ,   18.443 ,    0.000 ,   13.441 ,       16 , 	)
   3 	 (   7 ,  540.000 ,  720.000 ,        0 ,  661.556 ,  661.556 ,    0.000 ,  661.556 ,  662.556 ,    0.000 ,   18.443 ,    0.000 ,    0.595 ,       17 , 	)
  96 	 (   6 ,  669.000 ,  789.000 ,        0 ,  692.204 ,  692.204 ,    0.000 ,  692.204 ,  693.204 ,   29.648 ,   18.443 ,    0.000 ,    2.238 ,       18 , 	)
 153 	 (   4 ,  571.000 ,  811.000 ,        0 ,  696.467 ,  696.467 ,    0.000 ,  696.467 ,  698.467 ,  101.557 ,   18.443 ,    0.000 ,    1.626 ,       19 , 	)
 140 	 (   0 ,  600.000 ,  840.000 ,        0 ,  709.862 ,  709.862 ,    0.000 ,  709.862 ,  713.862 ,   58.695 ,   57.305 ,    0.000 ,    9.832 ,       20 , 	)
 187 	 (   0 ,    0.000 , 1440.000 ,        0 ,  778.565 ,  778.565 ,    0.000 ,  778.565 ,  778.565 ,    0.000 ,  661.435 ,    0.000 ,    0.000 ,       21 , 	)

	16 sommets 
	values : ( Cost : 366.847 , TRT : 346.709 , TWT :  34.884 , TD : 636.223 )
	violations : ( VC :       0 , VTW :   0.000 , VTD :   0.000 , VTRT :   0.000 )
	cout global : (   0.000	 )
S(i)	 (   C ,     TW0 ,       TW1 ,       VTW ,       Min ,       A ,       W ,       B ,       D ,       L ,       F ,       E ,       Det ,       [Imp ,       Imp]	)
   0 	 (   0 ,    0.000 , 1440.000 ,        0 ,    0.000 ,  587.586 ,    0.000 ,  587.586 ,  587.586 ,    0.000 ,    0.000 ,  587.586 ,    0.000 ,        0 , 	)
  89 	 (   4 ,  480.000 ,  660.000 ,        0 ,   10.523 ,  598.109 ,    0.000 ,  598.109 ,  602.109 ,    0.000 ,    0.000 ,  118.109 ,    4.410 ,        1 , 	)
 182 	 (   0 ,  562.000 ,  742.000 ,        0 ,  523.523 ,  641.632 ,    0.000 ,  641.632 ,  645.632 ,   39.523 ,    0.000 ,   79.632 ,    2.965 ,        2 , 	)
  87 	 (   1 ,  480.000 ,  720.000 ,        0 ,  574.210 ,  653.842 ,    0.000 ,  653.842 ,  654.842 ,    0.000 ,    0.000 ,   79.632 ,   -5.608 ,        3 , 	)
  59 	 (   3 ,  480.000 ,  720.000 ,        0 ,  640.368 ,  720.000 ,    0.000 ,  720.000 ,  722.000 ,    0.000 ,    0.000 ,   79.632 ,    3.847 ,        4 , 	)
  66 	 (   7 ,  720.000 ,  840.000 ,        0 ,  645.856 ,  725.489 ,    1.001 ,  726.490 ,  730.490 ,    0.000 ,    0.000 ,    6.490 ,    0.000 ,        5 , 	)
  57 	 (   8 ,  720.000 ,  960.000 ,        0 ,  724.000 ,  730.490 ,    0.000 ,  730.490 ,  731.490 ,    0.000 ,    0.000 ,    6.490 ,    0.000 ,        6 , 	)
 159 	 (   4 ,  735.609 ,  875.000 ,        0 ,  736.609 ,  743.099 ,    0.000 ,  743.099 ,  747.099 ,   12.609 ,    0.000 ,    6.490 ,    0.417 ,        7 , 	)
  64 	 (   6 ,  720.000 ,  960.000 ,        0 ,  747.795 ,  754.285 ,    0.000 ,  754.285 ,  756.285 ,    0.000 ,    0.000 ,    6.490 ,    7.151 ,        8 , 	)
 152 	 (   4 ,  531.000 ,  771.000 ,        0 ,  764.510 ,  771.000 ,    0.000 ,  771.000 ,  773.000 ,   49.000 ,    0.000 ,    6.490 ,   10.157 ,        9 , 	)
  13 	 (   8 ,  720.000 ,  960.000 ,        0 ,  782.696 ,  789.186 ,   14.694 ,  803.880 ,  807.880 ,    0.000 ,    0.000 ,   21.184 ,    4.839 ,       10 , 	)
 180 	 (   7 ,  596.000 ,  836.000 ,        0 ,  814.816 ,  836.000 ,    0.000 ,  836.000 ,  837.000 ,  181.158 ,    0.000 ,   21.184 ,   -3.496 ,       11 , 	)
 106 	 (   3 ,  868.000 , 1108.000 ,        0 ,  827.627 ,  848.811 ,   19.189 ,  868.000 ,  872.000 ,   60.120 ,    3.453 ,    0.000 ,    3.481 ,       12 , 	)
 150 	 (   2 ,  836.000 , 1076.000 ,        0 ,  883.038 ,  883.038 ,    0.000 ,  883.038 ,  884.038 ,  151.547 ,    3.453 ,    0.000 ,   -0.049 ,       13 , 	)
 157 	 (   0 ,  881.000 , 1121.000 ,        0 ,  898.550 ,  898.550 ,    0.000 ,  898.550 ,  900.550 ,  142.265 ,   70.735 ,    0.000 ,    1.226 ,       14 , 	)
 187 	 (   0 ,    0.000 , 1440.000 ,        0 ,  934.295 ,  934.295 ,    0.000 ,  934.295 ,  934.295 ,    0.000 ,  505.705 ,    0.000 ,    0.000 ,       15 , 	)

	20 sommets 
	values : ( Cost : 485.600 , TRT : 405.113 , TWT :   0.000 , TD : 659.607 )
	violations : ( VC :       0 , VTW :   0.000 , VTD :   0.000 , VTRT :   0.000 )
	cout global : (   0.000	 )
S(i)	 (   C ,     TW0 ,       TW1 ,       VTW ,       Min ,       A ,       W ,       B ,       D ,       L ,       F ,       E ,       Det ,       [Imp ,       Imp]	)
   0 	 (   0 ,    0.000 , 1440.000 ,        0 ,    0.000 ,  204.077 ,    0.000 ,  204.077 ,  204.077 ,    0.000 ,   18.746 ,  204.077 ,    0.000 ,        0 , 	)
  10 	 (   4 ,  240.000 ,  420.000 ,        0 ,   35.923 ,  240.000 ,    0.000 ,  240.000 ,  244.000 ,    0.000 ,   18.746 ,    0.000 ,   19.537 ,        1 , 	)
   8 	 (   6 ,  240.000 ,  480.000 ,        0 ,  262.540 ,  262.540 ,    0.000 ,  262.540 ,  264.540 ,    0.000 ,   18.746 ,    0.000 ,   -1.398 ,        2 , 	)
 103 	 (   2 ,  269.067 ,  491.000 ,        0 ,  269.668 ,  269.668 ,    0.000 ,  269.668 ,  273.668 ,   25.668 ,   18.746 ,    0.000 ,   10.802 ,        3 , 	)
   5 	 (   3 ,  240.000 ,  360.000 ,        0 ,  303.200 ,  303.200 ,    0.000 ,  303.200 ,  304.200 ,    0.000 ,   18.746 ,    0.000 ,    5.293 ,        4 , 	)
  98 	 (   2 ,  269.720 ,  419.000 ,        0 ,  332.920 ,  332.920 ,    0.000 ,  332.920 ,  333.920 ,   28.720 ,   18.746 ,    0.000 ,    1.146 ,        5 , 	)
  55 	 (   3 ,  240.000 ,  480.000 ,        0 ,  360.400 ,  360.400 ,    0.000 ,  360.400 ,  361.400 ,    0.000 ,   18.746 ,    0.000 ,   -1.283 ,        6 , 	)
  72 	 (   6 ,  300.000 ,  480.000 ,        0 ,  368.064 ,  368.064 ,    0.000 ,  368.064 ,  371.064 ,    0.000 ,   18.746 ,    0.000 ,    8.065 ,        7 , 	)
  79 	 (   8 ,  240.000 ,  480.000 ,        0 ,  397.426 ,  397.426 ,    0.000 ,  397.426 ,  399.426 ,    0.000 ,   18.746 ,    0.000 ,    0.000 ,        8 , 	)
 101 	 (   6 ,  386.000 ,  626.000 ,        0 ,  399.426 ,  399.426 ,    0.000 ,  399.426 ,  401.426 ,  134.886 ,   18.746 ,    0.000 ,    0.000 ,        9 , 	)
  34 	 (   8 ,  257.000 ,  467.589 ,        0 ,  406.063 ,  406.063 ,    0.000 ,  406.063 ,  408.063 ,    0.000 ,   18.746 ,    0.000 ,    1.008 ,       10 , 	)
 165 	 (   5 ,  331.877 ,  560.000 ,        0 ,  414.622 ,  414.622 ,    0.000 ,  414.622 ,  417.622 ,   43.558 ,   18.746 ,    0.000 ,    2.494 ,       11 , 	)
 127 	 (   3 ,  308.000 ,  488.000 ,        0 ,  431.968 ,  431.968 ,    0.000 ,  431.968 ,  433.968 ,   23.905 ,   18.746 ,    0.000 ,    2.111 ,       12 , 	)
  32 	 (   5 ,  240.000 ,  480.000 ,        0 ,  448.429 ,  448.429 ,    0.000 ,  448.429 ,  450.429 ,    0.000 ,   18.746 ,    0.000 ,    2.490 ,       13 , 	)
  54 	 (   8 ,  300.000 ,  480.000 ,        0 ,  461.254 ,  461.254 ,    0.000 ,  461.254 ,  464.254 ,    0.000 ,   18.746 ,    0.000 ,   10.659 ,       14 , 	)
 172 	 (   6 ,  367.000 ,  547.000 ,        0 ,  470.754 ,  470.754 ,    0.000 ,  470.754 ,  472.754 ,   71.328 ,   41.759 ,    0.000 ,    1.301 ,       15 , 	)
 147 	 (   3 ,  380.000 ,  560.000 ,        0 ,  514.340 ,  514.340 ,    0.000 ,  514.340 ,  517.340 ,   50.086 ,   41.759 ,    0.000 ,   -6.203 ,       16 , 	)
 125 	 (   1 ,  400.000 ,  580.000 ,        0 ,  538.241 ,  538.241 ,    0.000 ,  538.241 ,  540.241 ,   87.811 ,   41.759 ,    0.000 ,   11.125 ,       17 , 	)
 148 	 (   0 ,  440.000 ,  620.000 ,        0 ,  555.044 ,  555.044 ,    0.000 ,  555.044 ,  556.044 ,  193.644 ,   64.956 ,    0.000 ,    9.935 ,       18 , 	)
 187 	 (   0 ,    0.000 , 1440.000 ,        0 ,  609.190 ,  609.190 ,    0.000 ,  609.190 ,  609.190 ,    0.000 ,  830.810 ,    0.000 ,    0.000 ,       19 , 	)

	16 sommets 
	values : ( Cost : 316.294 , TRT : 275.815 , TWT :   0.000 , TD : 444.294 )
	violations : ( VC :       0 , VTW :   0.000 , VTD :   0.000 , VTRT :   0.000 )
	cout global : (   0.000	 )
S(i)	 (   C ,     TW0 ,       TW1 ,       VTW ,       Min ,       A ,       W ,       B ,       D ,       L ,       F ,       E ,       Det ,       [Imp ,       Imp]	)
   0 	 (   0 ,    0.000 , 1440.000 ,        0 ,    0.000 ,  295.436 ,    0.000 ,  295.436 ,  295.436 ,    0.000 ,    3.669 ,  295.436 ,    0.000 ,        0 , 	)
  24 	 (   4 ,  240.000 ,  480.000 ,        0 ,   28.299 ,  323.735 ,    0.000 ,  323.735 ,  327.735 ,    0.000 ,    3.669 ,   83.735 ,    7.615 ,        1 , 	)
  70 	 (   8 ,  240.000 ,  480.000 ,        0 ,  264.133 ,  347.868 ,    0.000 ,  347.868 ,  351.868 ,    0.000 ,    3.669 ,   83.735 ,   27.876 ,        2 , 	)
 117 	 (   4 ,  397.000 ,  577.000 ,        0 ,  313.265 ,  397.000 ,    0.000 ,  397.000 ,  401.000 ,   69.265 ,    3.669 ,    0.000 ,   17.507 ,        3 , 	)
  58 	 (   8 ,  240.000 ,  420.000 ,        0 ,  412.569 ,  412.569 ,    0.000 ,  412.569 ,  416.569 ,    0.000 ,    3.669 ,    0.000 ,    1.983 ,        4 , 	)
 163 	 (   4 ,  316.000 ,  556.000 ,        0 ,  421.699 ,  421.699 ,    0.000 ,  421.699 ,  425.699 ,   69.831 ,    3.669 ,    0.000 ,    3.885 ,        5 , 	)
  31 	 (   5 ,  252.000 ,  475.364 ,        0 ,  434.193 ,  434.193 ,    0.000 ,  434.193 ,  435.193 ,    0.000 ,    3.669 ,    0.000 ,    6.714 ,        6 , 	)
  93 	 (   6 ,  240.000 ,  480.000 ,        0 ,  456.422 ,  456.422 ,    0.000 ,  456.422 ,  457.422 ,    0.000 ,    3.669 ,    0.000 ,   18.781 ,        7 , 	)
  14 	 (   7 ,  300.000 ,  480.000 ,        0 ,  476.331 ,  476.331 ,    0.000 ,  476.331 ,  477.331 ,    0.000 ,    3.669 ,    0.000 ,    1.224 ,        8 , 	)
 124 	 (   6 ,  322.000 ,  502.000 ,        0 ,  488.844 ,  488.844 ,    0.000 ,  488.844 ,  489.844 ,   53.650 ,   13.156 ,    0.000 ,    9.865 ,        9 , 	)
 107 	 (   5 ,  355.000 ,  535.000 ,        0 ,  515.924 ,  515.924 ,    0.000 ,  515.924 ,  516.924 ,   38.593 ,   14.026 ,    0.000 ,   -3.882 ,       10 , 	)
 151 	 (   1 ,  394.000 ,  574.000 ,        0 ,  527.237 ,  527.237 ,    0.000 ,  527.237 ,  531.237 ,  110.668 ,   14.026 ,    0.000 ,    1.802 ,       11 , 	)
   2 	 (   5 ,  480.000 ,  600.000 ,        0 ,  537.974 ,  537.974 ,    0.000 ,  537.974 ,  541.974 ,    0.000 ,   14.026 ,    0.000 ,    0.000 ,       12 , 	)
 186 	 (   4 ,  316.000 ,  556.000 ,        0 ,  541.974 ,  541.974 ,    0.000 ,  541.974 ,  542.974 ,   84.552 ,   14.026 ,    0.000 ,    0.000 ,       13 , 	)
  95 	 (   0 ,  500.735 ,  638.000 ,        0 ,  559.709 ,  559.709 ,    0.000 ,  559.709 ,  563.709 ,   17.735 ,   16.265 ,    0.000 ,    9.159 ,       14 , 	)
 187 	 (   0 ,    0.000 , 1440.000 ,        0 ,  571.251 ,  571.251 ,    0.000 ,  571.251 ,  571.251 ,    0.000 ,  868.749 ,    0.000 ,    0.000 ,       15 , 	)

	18 sommets 
	values : ( Cost : 441.726 , TRT : 419.929 , TWT :  49.805 , TD : 399.383 )
	violations : ( VC :       0 , VTW :   0.000 , VTD :   0.000 , VTRT :   0.000 )
	cout global : (   0.000	 )
S(i)	 (   C ,     TW0 ,       TW1 ,       VTW ,       Min ,       A ,       W ,       B ,       D ,       L ,       F ,       E ,       Det ,       [Imp ,       Imp]	)
   0 	 (   0 ,    0.000 , 1440.000 ,        0 ,    0.000 ,  818.680 ,    0.000 ,  818.680 ,  818.680 ,    0.000 ,    0.000 ,  818.680 ,    0.000 ,        0 , 	)
  80 	 (   1 ,  780.000 ,  960.000 ,        0 ,   34.610 ,  853.290 ,    0.000 ,  853.290 ,  854.290 ,    0.000 ,    0.000 ,   73.290 ,    1.038 ,        1 , 	)
 173 	 (   0 ,  797.402 , 1005.000 ,        0 ,  797.402 ,  870.692 ,    0.000 ,  870.692 ,  871.692 ,   16.402 ,    0.000 ,   73.290 ,    6.510 ,        2 , 	)
  51 	 (   1 ,  780.000 ,  960.000 ,        0 ,  809.244 ,  882.535 ,    0.000 ,  882.535 ,  883.535 ,    0.000 ,    0.000 ,   73.290 ,    5.394 ,        3 , 	)
  21 	 (   2 ,  780.000 ,  960.000 ,        0 ,  837.876 ,  911.166 ,    0.000 ,  911.166 ,  912.166 ,    0.000 ,    0.000 ,   73.290 ,    1.303 ,        4 , 	)
 144 	 (   1 ,  848.000 , 1088.000 ,        0 ,  861.733 ,  935.023 ,    0.000 ,  935.023 ,  936.023 ,   51.489 ,    0.000 ,   73.290 ,    2.371 ,        5 , 	)
 114 	 (   0 ,  836.000 , 1076.000 ,        0 ,  874.403 ,  947.693 ,    0.000 ,  947.693 ,  948.693 ,   35.527 ,    0.000 ,   73.290 ,    2.053 ,        6 , 	)
   4 	 (   4 ,  780.000 ,  960.000 ,        0 ,  886.710 ,  960.000 ,    0.000 ,  960.000 ,  964.000 ,    0.000 ,   -0.000 ,   73.290 ,   15.756 ,        7 , 	)
  69 	 (   8 ,  960.000 , 1200.000 ,        0 ,  899.426 ,  972.717 ,   15.172 ,  987.889 ,  991.889 ,    0.000 ,    0.000 ,   27.889 ,    3.238 ,        8 , 	)
  97 	 (   4 ,  829.000 , 1009.000 ,        0 ,  981.111 , 1009.000 ,    0.000 , 1009.000 , 1013.000 ,   45.000 ,    0.000 ,   27.889 ,   -1.811 ,        9 , 	)
 162 	 (   0 , 1053.000 , 1293.000 ,        0 , 1001.105 , 1028.994 ,   24.006 , 1053.000 , 1057.000 ,   61.111 ,   78.889 ,    0.000 ,   29.923 ,       10 , 	)
  86 	 (   3 ,  968.000 , 1200.000 ,        0 , 1083.697 , 1083.697 ,   10.626 , 1094.323 , 1097.323 ,    0.000 ,   68.485 ,   10.626 ,    8.265 ,       11 , 	)
  41 	 (   4 ,  984.000 , 1190.140 ,        0 , 1095.215 , 1105.841 ,    0.000 , 1105.841 , 1106.841 ,    0.000 ,   46.102 ,   10.626 ,    1.720 ,       12 , 	)
  37 	 (   8 , 1080.000 , 1200.000 ,        0 , 1102.092 , 1112.718 ,    0.000 , 1112.718 , 1116.718 ,    0.000 ,   46.102 ,   10.626 ,    0.387 ,       13 , 	)
 179 	 (   5 , 1056.000 , 1236.000 ,        0 , 1125.595 , 1136.221 ,    0.000 , 1136.221 , 1139.221 ,   38.898 ,   46.102 ,   10.626 ,    7.181 ,       14 , 	)
 134 	 (   4 , 1123.000 , 1243.000 ,        0 , 1163.889 , 1174.515 ,    0.000 , 1174.515 , 1175.515 ,   67.674 ,   68.485 ,   10.626 ,    9.679 ,       15 , 	)
 130 	 (   0 , 1200.000 , 1380.000 ,        0 , 1189.374 , 1200.000 ,    0.000 , 1200.000 , 1204.000 ,   83.282 ,  180.000 ,    0.000 ,    6.505 ,       16 , 	)
 187 	 (   0 ,    0.000 , 1440.000 ,        0 , 1238.610 , 1238.610 ,    0.000 , 1238.610 , 1238.610 ,    0.000 ,  201.390 ,   -0.000 ,    0.000 ,       17 , 	)

	22 sommets 
	values : ( Cost : 362.928 , TRT : 474.399 , TWT : 149.520 , TD : 782.520 )
	violations : ( VC :       0 , VTW :   0.000 , VTD :   0.000 , VTRT :   0.000 )
	cout global : (   0.000	 )
S(i)	 (   C ,     TW0 ,       TW1 ,       VTW ,       Min ,       A ,       W ,       B ,       D ,       L ,       F ,       E ,       Det ,       [Imp ,       Imp]	)
   0 	 (   0 ,    0.000 , 1440.000 ,        0 ,    0.000 ,  309.394 ,    0.000 ,  309.394 ,  309.394 ,    0.000 ,    0.000 ,  309.394 ,    0.000 ,        0 , 	)
  15 	 (   3 ,  254.000 ,  410.960 ,        0 ,    7.542 ,  316.936 ,    0.000 ,  316.936 ,  319.936 ,    0.000 ,    0.000 ,   62.936 ,    0.000 ,        1 , 	)
  29 	 (   7 ,  240.000 ,  480.000 ,        0 ,  257.000 ,  319.936 ,    0.000 ,  319.936 ,  323.936 ,    0.000 ,    0.000 ,   62.936 ,    0.000 ,        2 , 	)
  19 	 (   8 ,  240.000 ,  480.000 ,        0 ,  269.850 ,  332.786 ,    0.000 ,  332.786 ,  333.786 ,    0.000 ,    0.000 ,   62.936 ,   -0.958 ,        3 , 	)
 108 	 (   5 ,  316.000 ,  436.000 ,        0 ,  283.082 ,  346.018 ,    0.000 ,  346.018 ,  349.018 ,   26.082 ,    0.000 ,   30.018 ,    9.423 ,        4 , 	)
  91 	 (   6 ,  240.000 ,  480.000 ,        0 ,  344.915 ,  374.933 ,    0.000 ,  374.933 ,  375.933 ,    0.000 ,    0.000 ,   30.018 ,    2.041 ,        5 , 	)
 122 	 (   2 ,  376.000 ,  556.000 ,        0 ,  362.380 ,  392.398 ,    0.000 ,  392.398 ,  396.398 ,   68.462 ,    0.000 ,   16.398 ,    0.000 ,        6 , 	)
 112 	 (   1 ,  362.000 ,  542.000 ,        0 ,  380.000 ,  396.398 ,    0.000 ,  396.398 ,  397.398 ,   62.613 ,    0.000 ,   16.398 ,    0.000 ,        7 , 	)
  53 	 (   4 ,  252.000 ,  473.511 ,        0 ,  391.307 ,  407.705 ,    0.000 ,  407.705 ,  410.705 ,    0.000 ,    0.000 ,   16.398 ,    3.154 ,        8 , 	)
  68 	 (   8 ,  299.000 ,  433.356 ,        0 ,  399.631 ,  416.029 ,    0.000 ,  416.029 ,  420.029 ,    0.000 ,    0.000 ,   16.398 ,    2.618 ,        9 , 	)
 146 	 (   5 ,  321.000 ,  501.000 ,        0 ,  425.414 ,  441.812 ,    0.000 ,  441.812 ,  444.812 ,   31.107 ,    0.000 ,   16.398 ,    7.814 ,       10 , 	)
 184 	 (   4 ,  362.000 ,  602.000 ,        0 ,  445.853 ,  462.251 ,    0.000 ,  462.251 ,  463.251 ,   86.318 ,    0.000 ,   16.398 ,   -0.211 ,       11 , 	)
  36 	 (   7 ,  240.000 ,  480.000 ,        0 ,  455.357 ,  471.756 ,    0.000 ,  471.756 ,  474.756 ,    0.000 ,    0.000 ,   16.398 ,    0.104 ,       12 , 	)
 161 	 (   3 ,  422.000 ,  482.000 ,        0 ,  465.602 ,  482.000 ,    0.000 ,  482.000 ,  486.000 ,   61.971 ,    0.000 ,   16.398 ,    7.518 ,       13 , 	)
   7 	 (   5 ,  480.000 ,  660.000 ,        0 ,  485.499 ,  501.897 ,  149.520 ,  651.417 ,  653.417 ,    0.000 ,    8.583 ,  165.919 ,    1.337 ,       14 , 	)
  23 	 (   6 ,  600.000 ,  720.000 ,        0 ,  492.250 ,  658.169 ,    0.000 ,  658.169 ,  659.169 ,    0.000 ,   12.705 ,   58.169 ,    0.891 ,       15 , 	)
 100 	 (   4 ,  545.000 ,  785.000 ,        0 ,  643.949 ,  702.118 ,    0.000 ,  702.118 ,  704.118 ,   48.701 ,   12.705 ,   58.169 ,   -0.102 ,       16 , 	)
  35 	 (   8 ,  480.000 ,  720.000 ,        0 ,  649.126 ,  707.295 ,    0.000 ,  707.295 ,  711.295 ,    0.000 ,   12.705 ,   58.169 ,    0.673 ,       17 , 	)
 129 	 (   5 ,  496.000 ,  736.000 ,        0 ,  663.154 ,  721.323 ,    0.000 ,  721.323 ,  724.323 ,  246.568 ,   14.677 ,   58.169 ,   19.180 ,       18 , 	)
 116 	 (   4 ,  747.000 ,  807.000 ,        0 ,  688.831 ,  747.000 ,    0.000 ,  747.000 ,  748.000 ,   87.831 ,   21.837 ,    0.000 ,    3.380 ,       19 , 	)
 128 	 (   0 ,  556.000 ,  796.000 ,        0 ,  774.163 ,  774.163 ,    0.000 ,  774.163 ,  778.163 ,   62.868 ,   21.837 ,    0.000 ,    4.854 ,       20 , 	)
 187 	 (   0 ,    0.000 , 1440.000 ,        0 ,  783.792 ,  783.792 ,    0.000 ,  783.792 ,  783.792 ,    0.000 ,  656.208 ,    0.000 ,    0.000 ,       21 , 	)

	20 sommets 
	values : ( Cost : 419.427 , TRT : 407.548 , TWT :  60.189 , TD : 645.167 )
	violations : ( VC :       0 , VTW :   0.000 , VTD :   0.000 , VTRT :   0.000 )
	cout global : (   0.000	 )
S(i)	 (   C ,     TW0 ,       TW1 ,       VTW ,       Min ,       A ,       W ,       B ,       D ,       L ,       F ,       E ,       Det ,       [Imp ,       Imp]	)
   0 	 (   0 ,    0.000 , 1440.000 ,        0 ,    0.000 ,  770.900 ,    0.000 ,  770.900 ,  770.900 ,    0.000 ,    0.000 ,  770.900 ,    0.000 ,        0 , 	)
  46 	 (   1 ,  734.000 ,  957.544 ,        0 ,   17.704 ,  788.604 ,    0.000 ,  788.604 ,  789.604 ,    0.000 ,    0.000 ,   54.604 ,    5.061 ,        1 , 	)
  26 	 (   3 ,  720.000 ,  960.000 ,        0 ,  750.186 ,  804.789 ,    0.000 ,  804.789 ,  806.789 ,    0.000 ,    0.000 ,   54.604 ,    0.883 ,        2 , 	)
  45 	 (   5 ,  720.000 ,  840.000 ,        0 ,  761.834 ,  816.438 ,    0.000 ,  816.438 ,  818.438 ,    0.000 ,    0.000 ,   54.604 ,    3.229 ,        3 , 	)
  65 	 (   6 ,  780.000 ,  900.000 ,        0 ,  788.456 ,  843.060 ,    0.000 ,  843.060 ,  844.060 ,    0.000 ,    0.000 ,   54.604 ,    4.775 ,        4 , 	)
 139 	 (   5 ,  822.000 , 1002.000 ,        0 ,  798.101 ,  852.705 ,    0.000 ,  852.705 ,  853.705 ,   63.101 ,    0.000 ,   30.705 ,    9.423 ,        5 , 	)
  42 	 (   8 ,  720.000 ,  900.000 ,        0 ,  833.865 ,  864.570 ,    0.000 ,  864.570 ,  867.570 ,    0.000 ,    0.000 ,   30.705 ,    0.395 ,        6 , 	)
 119 	 (   6 ,  822.000 , 1062.000 ,        0 ,  846.880 ,  877.584 ,    0.000 ,  877.584 ,  879.584 ,   70.795 ,    0.000 ,   30.705 ,    2.616 ,        7 , 	)
  49 	 (   7 ,  730.000 ,  957.053 ,        0 ,  863.111 ,  893.816 ,    0.000 ,  893.816 ,  894.816 ,    0.000 ,    0.000 ,   30.705 ,    4.029 ,        8 , 	)
 158 	 (   6 ,  811.593 ,  983.000 ,        0 ,  878.915 ,  909.620 ,    0.000 ,  909.620 ,  910.620 ,   65.559 ,    0.000 ,   30.705 ,    2.745 ,        9 , 	)
 135 	 (   3 ,  793.000 , 1033.000 ,        0 ,  886.192 ,  916.897 ,    0.000 ,  916.897 ,  919.897 ,   49.327 ,    0.000 ,   30.705 ,    3.895 ,       10 , 	)
 142 	 (   2 ,  806.000 ,  986.000 ,        0 ,  902.456 ,  933.160 ,    0.000 ,  933.160 ,  934.160 ,   38.344 ,    0.000 ,   30.705 ,    8.505 ,       11 , 	)
  16 	 (   3 ,  720.000 ,  960.000 ,        0 ,  929.295 ,  960.000 ,    0.000 ,  960.000 ,  961.000 ,    0.000 ,   -0.000 ,   30.705 ,    0.000 ,       12 , 	)
 138 	 (   1 ,  765.000 ,  998.000 ,        0 ,  930.295 ,  961.000 ,    0.000 ,  961.000 ,  963.000 ,  142.562 ,   13.438 ,   30.705 ,    0.000 ,       13 , 	)
  90 	 (   5 ,  960.000 , 1200.000 ,        0 ,  974.964 , 1005.668 ,   36.462 , 1042.131 , 1046.131 ,    0.000 ,    0.000 ,   67.167 ,    3.737 ,       14 , 	)
 109 	 (   4 ,  814.000 , 1054.000 ,        0 ,  986.833 , 1054.000 ,    0.000 , 1054.000 , 1055.000 ,   93.000 ,   -0.000 ,   67.167 ,    0.864 ,       15 , 	)
  44 	 (   5 , 1027.000 , 1200.000 ,        0 ,  991.305 , 1058.472 ,   23.727 , 1082.199 , 1083.199 ,    0.000 ,   46.323 ,   55.199 ,    2.017 ,       16 , 	)
 137 	 (   4 , 1116.000 , 1236.000 ,        0 , 1060.801 , 1116.000 ,    0.000 , 1116.000 , 1117.000 ,   32.801 ,   46.323 ,    0.000 ,   -1.880 ,       17 , 	)
 183 	 (   0 , 1095.000 , 1275.000 ,        0 , 1135.808 , 1135.808 ,    0.000 , 1135.808 , 1139.808 ,   89.677 ,   46.323 ,   -0.000 ,   21.526 ,       18 , 	)
 187 	 (   0 ,    0.000 , 1440.000 ,        0 , 1178.448 , 1178.448 ,    0.000 , 1178.448 , 1178.448 ,    0.000 ,  261.552 ,   -0.000 ,    0.000 ,       19 , 	)

	12 sommets 
	values : ( Cost : 348.081 , TRT : 289.715 , TWT :   0.000 , TD : 231.063 )
	violations : ( VC :       0 , VTW :   0.000 , VTD :   0.000 , VTRT :   0.000 )
	cout global : (   0.000	 )
S(i)	 (   C ,     TW0 ,       TW1 ,       VTW ,       Min ,       A ,       W ,       B ,       D ,       L ,       F ,       E ,       Det ,       [Imp ,       Imp]	)
   0 	 (   0 ,    0.000 , 1440.000 ,        0 ,    0.000 ,  689.628 ,    0.000 ,  689.628 ,  689.628 ,    0.000 ,    9.804 ,  689.628 ,    0.000 ,        0 , 	)
  25 	 (   1 ,  720.000 ,  900.000 ,        0 ,   54.535 ,  744.163 ,    0.000 ,  744.163 ,  745.163 ,    0.000 ,    9.804 ,   24.163 ,   24.747 ,        1 , 	)
  85 	 (   2 ,  720.000 ,  960.000 ,        0 ,  739.726 ,  763.889 ,    0.000 ,  763.889 ,  764.889 ,    0.000 ,    9.804 ,   24.163 ,    0.897 ,        2 , 	)
 118 	 (   1 ,  781.000 , 1021.000 ,        0 ,  756.837 ,  781.000 ,    0.000 ,  781.000 ,  782.000 ,   35.837 ,    9.804 ,    0.000 ,    0.000 ,        3 , 	)
  76 	 (   5 ,  774.000 ,  847.611 ,        0 ,  782.000 ,  782.000 ,    0.000 ,  782.000 ,  786.000 ,    0.000 ,    9.804 ,    0.000 ,    0.000 ,        4 , 	)
 178 	 (   4 ,  772.000 , 1012.000 ,        0 ,  797.170 ,  797.170 ,    0.000 ,  797.170 ,  798.170 ,   32.281 ,    7.340 ,    0.000 ,    5.271 ,        5 , 	)
 169 	 (   0 ,  805.000 ,  865.000 ,        0 ,  805.660 ,  805.660 ,    0.000 ,  805.660 ,  809.660 ,   19.660 ,    7.340 ,    0.000 ,   -0.442 ,        6 , 	)
  40 	 (   4 ,  720.000 ,  840.000 ,        0 ,  830.196 ,  830.196 ,    0.000 ,  830.196 ,  834.196 ,    0.000 ,    9.804 ,    0.000 ,   30.392 ,        7 , 	)
  33 	 (   8 ,  789.000 ,  899.562 ,        0 ,  888.612 ,  888.612 ,    0.000 ,  888.612 ,  892.612 ,    0.000 ,   10.950 ,    0.000 ,   32.410 ,        8 , 	)
 126 	 (   4 ,  874.000 ,  934.000 ,        0 ,  923.050 ,  923.050 ,    0.000 ,  923.050 ,  927.050 ,   30.438 ,   10.950 ,    0.000 ,   32.865 ,        9 , 	)
 133 	 (   0 ,  871.000 ,  991.000 ,        0 ,  947.044 ,  947.044 ,    0.000 ,  947.044 ,  951.044 ,  112.847 ,   43.956 ,    0.000 ,    0.979 ,       10 , 	)
 187 	 (   0 ,    0.000 , 1440.000 ,        0 ,  979.343 ,  979.343 ,    0.000 ,  979.343 ,  979.343 ,    0.000 ,  460.657 ,    0.000 ,    0.000 ,       11 , 	)
