7
	VALUE ALL : ( Cost : 2861.926 , TRT : 2604.563 , TWT : 234.738 , TD : 3984.491 )
	VIOLATIONS TOTAL : ( VC :       0 , VTW :   0.000 , VTD :   0.000 , VTRT :   0.000 )
 	COUT_ALL : (   0.002 )  T2B:   10200

	20 sommets 
	values : ( Cost : 376.230 , TRT : 314.880 , TWT :   0.000 , TD : 733.832 )
	violations : ( VC :       0 , VTW :   0.000 , VTD :   0.000 , VTRT :   0.000 )
	cout global : (   0.000	 )
S(i)	 (   C ,     TW0 ,       TW1 ,       VTW ,       Min ,       A ,       W ,       B ,       D ,       L ,       F ,       E ,       Det ,       [Imp ,       Imp]	)
   0 	 (   0 ,    0.000 , 1440.000 ,        0 ,    0.000 ,  776.629 ,    0.000 ,  776.629 ,  776.629 ,    0.000 ,   31.502 ,  776.629 ,    0.000 ,        0 , 	)
  47 	 (   1 ,  720.000 ,  960.000 ,        0 ,   12.380 ,  789.009 ,    0.000 ,  789.009 ,  790.009 ,    0.000 ,   31.502 ,   69.009 ,    2.965 ,        1 , 	)
   6 	 (   3 ,  720.000 ,  840.000 ,        0 ,  729.856 ,  798.865 ,    0.000 ,  798.865 ,  800.865 ,    0.000 ,   31.502 ,   69.009 ,   10.181 ,        2 , 	)
  38 	 (   4 ,  780.000 ,  960.000 ,        0 ,  745.630 ,  814.639 ,    0.000 ,  814.639 ,  815.639 ,    0.000 ,   31.502 ,   34.639 ,    0.799 ,        3 , 	)
  58 	 (   2 ,  745.038 ,  904.000 ,        0 ,  791.063 ,  825.702 ,    0.000 ,  825.702 ,  827.702 ,   24.837 ,    2.157 ,   34.639 ,    4.886 ,        4 , 	)
  46 	 (   4 ,  720.000 ,  960.000 ,        0 ,  797.251 ,  831.890 ,    0.000 ,  831.890 ,  833.890 ,    0.000 ,    2.157 ,   34.639 ,    2.987 ,        5 , 	)
  48 	 (   5 ,  720.000 ,  960.000 ,        0 ,  810.430 ,  845.069 ,    0.000 ,  845.069 ,  846.069 ,    0.000 ,    2.157 ,   34.639 ,    1.711 ,        6 , 	)
  49 	 (   7 ,  840.000 ,  960.000 ,        0 ,  817.076 ,  851.715 ,    0.000 ,  851.715 ,  853.715 ,    0.000 ,    2.157 ,   11.715 ,    2.809 ,        7 , 	)
  98 	 (   5 ,  772.000 , 1012.000 ,        0 ,  854.939 ,  866.654 ,    0.000 ,  866.654 ,  868.654 ,   32.764 ,    2.157 ,   11.715 ,    6.474 ,        8 , 	)
  22 	 (   6 ,  720.000 ,  960.000 ,        0 ,  894.429 ,  906.144 ,    0.000 ,  906.144 ,  907.144 ,    0.000 ,    2.157 ,   11.715 ,    6.401 ,        9 , 	)
 100 	 (   5 ,  890.000 , 1070.000 ,        0 ,  906.626 ,  918.341 ,    0.000 ,  918.341 ,  919.341 ,   72.271 ,    2.157 ,   11.715 ,    4.095 ,       10 , 	)
  36 	 (   8 ,  720.000 ,  960.000 ,        0 ,  912.509 ,  924.224 ,    0.000 ,  924.224 ,  927.224 ,    0.000 ,    2.157 ,   11.715 ,    1.147 ,       11 , 	)
 101 	 (   6 ,  895.558 , 1105.000 ,        0 ,  926.757 ,  938.472 ,    0.000 ,  938.472 ,  940.472 ,   84.757 ,    2.157 ,   11.715 ,    4.922 ,       12 , 	)
  99 	 (   5 ,  925.000 , 1105.000 ,        0 ,  948.805 ,  960.520 ,    0.000 ,  960.520 ,  961.520 ,  170.511 ,    2.157 ,   11.715 ,    2.190 ,       13 , 	)
  74 	 (   4 ,  817.000 , 1057.000 ,        0 ,  964.767 ,  976.482 ,    0.000 ,  976.482 ,  977.482 ,   69.338 ,    2.157 ,   11.715 ,    0.000 ,       14 , 	)
  90 	 (   3 ,  873.000 , 1113.000 ,        0 ,  965.767 ,  977.482 ,    0.000 ,  977.482 ,  978.482 ,  161.843 ,    2.157 ,   11.715 ,    0.000 ,       15 , 	)
  88 	 (   0 ,  845.000 , 1025.000 ,        0 ,  981.783 ,  993.498 ,    0.000 ,  993.498 ,  996.498 ,   66.274 ,   31.502 ,   11.715 ,   28.353 ,       16 , 	)
  25 	 (   3 , 1020.000 , 1140.000 ,        0 , 1008.285 , 1020.000 ,    0.000 , 1020.000 , 1023.000 ,    0.000 ,  120.000 ,    0.000 ,    7.600 ,       17 , 	)
  77 	 (   0 , 1074.236 , 1280.000 ,        0 , 1074.236 , 1074.236 ,    0.000 , 1074.236 , 1077.236 ,   51.236 ,   85.764 ,   -0.000 ,    7.789 ,       18 , 	)
 105 	 (   0 ,    0.000 , 1440.000 ,        0 , 1091.508 , 1091.508 ,    0.000 , 1091.508 , 1091.508 ,    0.000 ,  348.492 ,   -0.000 ,    0.000 ,       19 , 	)

	16 sommets 
	values : ( Cost : 334.425 , TRT : 438.750 , TWT : 151.302 , TD : 431.259 )
	violations : ( VC :       0 , VTW :   0.000 , VTD :   0.000 , VTRT :   0.000 )
	cout global : (   0.000	 )
S(i)	 (   C ,     TW0 ,       TW1 ,       VTW ,       Min ,       A ,       W ,       B ,       D ,       L ,       F ,       E ,       Det ,       [Imp ,       Imp]	)
   0 	 (   0 ,    0.000 , 1440.000 ,        0 ,    0.000 ,  447.628 ,    0.000 ,  447.628 ,  447.628 ,    0.000 ,    0.000 ,  447.628 ,    0.000 ,        0 , 	)
  30 	 (   1 ,  300.000 ,  480.000 ,        0 ,    3.550 ,  451.178 ,    0.000 ,  451.178 ,  452.178 ,    0.000 ,    0.000 ,  151.178 ,    7.105 ,        1 , 	)
  24 	 (   4 ,  240.000 ,  480.000 ,        0 ,  318.043 ,  469.221 ,    0.000 ,  469.221 ,  472.221 ,    0.000 ,    0.000 ,  151.178 ,   14.759 ,        2 , 	)
  23 	 (   8 ,  300.000 ,  480.000 ,        0 ,  328.822 ,  480.000 ,    0.000 ,  480.000 ,  484.000 ,    0.000 ,    0.000 ,  151.178 ,    0.447 ,        3 , 	)
  76 	 (   5 ,  359.000 ,  539.000 ,        0 ,  368.941 ,  520.119 ,    0.000 ,  520.119 ,  523.119 ,   47.898 ,    7.721 ,  151.178 ,   -3.437 ,        4 , 	)
  20 	 (   7 ,  485.000 ,  720.000 ,        0 ,  390.740 ,  541.918 ,    7.721 ,  549.639 ,  551.639 ,    0.000 ,    0.000 ,   64.639 ,    1.040 ,        5 , 	)
  82 	 (   6 ,  403.000 ,  643.000 ,        0 ,  499.447 ,  564.086 ,    0.000 ,  564.086 ,  565.086 ,  111.908 ,    0.000 ,   64.639 ,   20.126 ,        6 , 	)
  75 	 (   2 ,  362.000 ,  602.000 ,        0 ,  537.361 ,  602.000 ,    0.000 ,  602.000 ,  606.000 ,  118.000 ,    0.000 ,   64.639 ,    3.096 ,        7 , 	)
  72 	 (   0 ,  584.000 ,  764.000 ,        0 ,  550.157 ,  614.796 ,    0.000 ,  614.796 ,  616.796 ,   63.157 ,   33.843 ,   30.796 ,   16.758 ,        8 , 	)
   4 	 (   2 ,  480.000 ,  720.000 ,        0 ,  607.205 ,  638.001 ,   81.999 ,  720.000 ,  722.000 ,    0.000 ,    0.000 ,  112.795 ,    6.892 ,        9 , 	)
  56 	 (   0 ,  498.000 ,  738.000 ,        0 ,  617.748 ,  730.544 ,    0.000 ,  730.544 ,  732.544 ,    8.544 ,    7.456 ,  112.795 ,   -0.205 ,       10 , 	)
  31 	 (   3 ,  780.000 ,  960.000 ,        0 ,  636.353 ,  749.148 ,   61.582 ,  810.730 ,  813.730 ,    0.000 ,   59.656 ,   30.730 ,   14.736 ,       11 , 	)
  27 	 (   6 ,  780.000 ,  900.000 ,        0 ,  809.614 ,  840.344 ,    0.000 ,  840.344 ,  843.344 ,    0.000 ,   57.730 ,   30.730 ,    3.868 ,       12 , 	)
  83 	 (   3 ,  859.000 , 1039.000 ,        0 ,  828.270 ,  859.000 ,    0.000 ,  859.000 ,  862.000 ,   45.270 ,   57.730 ,    0.000 ,   -1.805 ,       13 , 	)
  79 	 (   0 ,  818.288 , 1044.000 ,        0 ,  879.827 ,  879.827 ,    0.000 ,  879.827 ,  882.827 ,   36.483 ,  104.517 ,    0.000 ,    7.105 ,       14 , 	)
 105 	 (   0 ,    0.000 , 1440.000 ,        0 ,  886.377 ,  886.377 ,    0.000 ,  886.377 ,  886.377 ,    0.000 ,  553.623 ,    0.000 ,    0.000 ,       15 , 	)

	14 sommets 
	values : ( Cost : 348.826 , TRT : 325.199 , TWT :  32.924 , TD : 469.959 )
	violations : ( VC :       0 , VTW :   0.000 , VTD :   0.000 , VTRT :   0.000 )
	cout global : (   0.000	 )
S(i)	 (   C ,     TW0 ,       TW1 ,       VTW ,       Min ,       A ,       W ,       B ,       D ,       L ,       F ,       E ,       Det ,       [Imp ,       Imp]	)
   0 	 (   0 ,    0.000 , 1440.000 ,        0 ,    0.000 ,  939.202 ,    0.000 ,  939.202 ,  939.202 ,    0.000 ,    0.000 ,  939.202 ,    0.000 ,        0 , 	)
   5 	 (   3 ,  780.000 ,  960.000 ,        0 ,   20.798 ,  960.000 ,    0.000 ,  960.000 ,  963.000 ,    0.000 ,    0.000 ,  180.000 ,   10.269 ,        1 , 	)
  19 	 (   4 ,  960.000 , 1200.000 ,        0 ,  788.720 ,  968.720 ,   32.924 , 1001.644 , 1002.644 ,    0.000 ,    2.383 ,   41.644 ,    1.558 ,        2 , 	)
  52 	 (   8 ,  960.000 , 1200.000 ,        0 ,  989.174 , 1030.818 ,    0.000 , 1030.818 , 1034.818 ,    0.000 ,    2.383 ,   41.644 ,    3.457 ,        3 , 	)
  71 	 (   7 , 1020.000 , 1260.000 ,        0 ,  998.527 , 1040.171 ,    0.000 , 1040.171 , 1041.171 ,   37.527 ,    2.383 ,   20.171 ,    2.643 ,        4 , 	)
 104 	 (   3 , 1084.000 , 1264.000 ,        0 , 1063.829 , 1084.000 ,    0.000 , 1084.000 , 1088.000 ,   49.182 ,    2.383 ,    0.000 ,    0.000 ,        5 , 	)
   9 	 (   4 ,  960.000 , 1140.000 ,        0 , 1088.000 , 1088.000 ,    0.000 , 1088.000 , 1089.000 ,    0.000 ,    2.383 ,    0.000 ,    0.000 ,        6 , 	)
  29 	 (   7 ,  960.000 , 1200.000 ,        0 , 1108.614 , 1108.614 ,    0.000 , 1108.614 , 1111.614 ,    0.000 ,    2.383 ,    0.000 ,   28.823 ,        7 , 	)
  57 	 (   4 ,  909.000 , 1149.000 ,        0 , 1146.617 , 1146.617 ,    0.000 , 1146.617 , 1149.617 ,  183.617 ,    2.383 ,    0.000 ,   -0.333 ,        8 , 	)
  61 	 (   3 , 1015.000 , 1255.000 ,        0 , 1173.108 , 1173.108 ,    0.000 , 1173.108 , 1174.108 ,   84.108 ,   19.697 ,    0.000 ,    0.000 ,        9 , 	)
  41 	 (   6 , 1020.000 , 1200.000 ,        0 , 1174.108 , 1174.108 ,    0.000 , 1174.108 , 1177.108 ,    0.000 ,   19.697 ,    0.000 ,    0.000 ,       10 , 	)
  81 	 (   3 , 1039.000 , 1279.000 ,        0 , 1194.917 , 1194.917 ,    0.000 , 1194.917 , 1197.917 ,   83.303 ,   19.697 ,    0.000 ,   -4.756 ,       11 , 	)
  93 	 (   0 , 1056.977 , 1271.000 ,        0 , 1209.330 , 1209.330 ,    0.000 , 1209.330 , 1212.330 ,   32.222 ,   35.778 ,    0.000 ,  -11.351 ,       12 , 	)
 105 	 (   0 ,    0.000 , 1440.000 ,        0 , 1264.402 , 1264.402 ,    0.000 , 1264.402 , 1264.402 ,    0.000 ,  175.598 ,   -0.000 ,    0.000 ,       13 , 	)

	22 sommets 
	values : ( Cost : 529.798 , TRT : 444.956 , TWT :   6.612 , TD : 951.520 )
	violations : ( VC :       0 , VTW :   0.000 , VTD :   0.000 , VTRT :   0.000 )
	cout global : (   0.000	 )
S(i)	 (   C ,     TW0 ,       TW1 ,       VTW ,       Min ,       A ,       W ,       B ,       D ,       L ,       F ,       E ,       Det ,       [Imp ,       Imp]	)
   0 	 (   0 ,    0.000 , 1440.000 ,        0 ,    0.000 ,  272.836 ,    0.000 ,  272.836 ,  272.836 ,    0.000 ,    0.000 ,  272.836 ,    0.000 ,        0 , 	)
  15 	 (   3 ,  240.000 ,  480.000 ,        0 ,    6.433 ,  279.269 ,    0.000 ,  279.269 ,  282.269 ,    0.000 ,    0.000 ,   39.269 ,    6.526 ,        1 , 	)
  10 	 (   6 ,  240.000 ,  480.000 ,        0 ,  274.826 ,  314.095 ,    0.000 ,  314.095 ,  317.095 ,    0.000 ,    0.000 ,   39.269 ,   -2.517 ,        2 , 	)
  12 	 (   7 ,  240.000 ,  480.000 ,        0 ,  303.043 ,  342.312 ,    0.000 ,  342.312 ,  343.312 ,    0.000 ,    0.000 ,   39.269 ,   10.662 ,        3 , 	)
  50 	 (   8 ,  300.000 ,  480.000 ,        0 ,  316.102 ,  355.371 ,    0.000 ,  355.371 ,  356.371 ,    0.000 ,    0.000 ,   39.269 ,    3.910 ,        4 , 	)
  64 	 (   7 ,  298.000 ,  538.000 ,        0 ,  343.853 ,  383.123 ,    0.000 ,  383.123 ,  384.123 ,   39.811 ,    0.000 ,   39.269 ,   27.946 ,        5 , 	)
  67 	 (   4 ,  377.000 ,  557.000 ,        0 ,  371.585 ,  410.854 ,    0.000 ,  410.854 ,  413.854 ,  128.585 ,    0.000 ,   33.854 ,   13.917 ,        6 , 	)
  62 	 (   1 ,  329.000 ,  569.000 ,        0 ,  392.639 ,  426.493 ,    0.000 ,  426.493 ,  429.493 ,  109.398 ,    0.000 ,   33.854 ,    0.074 ,        7 , 	)
  14 	 (   2 ,  249.000 ,  479.703 ,        0 ,  412.066 ,  445.920 ,    0.000 ,  445.920 ,  446.920 ,    0.000 ,    0.000 ,   33.854 ,    7.774 ,        8 , 	)
  34 	 (   5 ,  240.000 ,  480.000 ,        0 ,  417.686 ,  451.541 ,    0.000 ,  451.541 ,  454.541 ,    0.000 ,    0.000 ,   33.854 ,    1.005 ,        9 , 	)
  37 	 (   6 ,  360.000 ,  480.000 ,        0 ,  446.146 ,  480.000 ,    0.000 ,  480.000 ,  481.000 ,    0.000 ,    0.000 ,   33.854 ,    6.916 ,       10 , 	)
  66 	 (   5 ,  331.000 ,  511.000 ,        0 ,  455.141 ,  488.995 ,    0.000 ,  488.995 ,  489.995 ,   42.075 ,    5.252 ,   33.854 ,    6.292 ,       11 , 	)
 102 	 (   4 ,  376.000 ,  616.000 ,        0 ,  476.265 ,  510.120 ,    0.000 ,  510.120 ,  511.120 ,  153.748 ,    5.252 ,   33.854 ,    8.917 ,       12 , 	)
  13 	 (   5 ,  480.000 ,  720.000 ,        0 ,  488.511 ,  522.365 ,    6.612 ,  528.977 ,  529.977 ,    0.000 ,   40.404 ,   40.466 ,    5.157 ,       13 , 	)
  86 	 (   2 ,  347.000 ,  587.000 ,        0 ,  503.471 ,  543.937 ,    0.000 ,  543.937 ,  546.937 ,   89.396 ,   21.563 ,   40.466 ,    5.544 ,       14 , 	)
  89 	 (   1 ,  418.000 ,  598.000 ,        0 ,  515.863 ,  556.329 ,    0.000 ,  556.329 ,  557.329 ,   75.329 ,   21.563 ,   40.466 ,    5.178 ,       15 , 	)
   2 	 (   3 ,  480.000 ,  660.000 ,        0 ,  533.911 ,  574.377 ,    0.000 ,  574.377 ,  576.377 ,    0.000 ,   21.563 ,   40.466 ,    8.877 ,       16 , 	)
  21 	 (   7 ,  600.000 ,  660.000 ,        0 ,  579.130 ,  619.596 ,    0.000 ,  619.596 ,  623.596 ,    0.000 ,   21.563 ,   19.596 ,   -8.803 ,       17 , 	)
  54 	 (   5 ,  595.000 ,  835.000 ,        0 ,  624.117 ,  643.714 ,    0.000 ,  643.714 ,  645.714 ,   67.337 ,   21.563 ,   19.596 ,    6.022 ,       18 , 	)
  73 	 (   1 ,  685.000 ,  865.000 ,        0 ,  665.404 ,  685.000 ,    0.000 ,  685.000 ,  689.000 ,   61.404 ,   21.563 ,    0.000 ,   48.892 ,       19 , 	)
  65 	 (   0 ,  634.000 ,  874.000 ,        0 ,  714.414 ,  714.414 ,    0.000 ,  714.414 ,  715.414 ,  184.437 ,   21.563 ,    0.000 ,    0.685 ,       20 , 	)
 105 	 (   0 ,    0.000 , 1440.000 ,        0 ,  717.792 ,  717.792 ,    0.000 ,  717.792 ,  717.792 ,    0.000 ,  722.208 ,    0.000 ,    0.000 ,       21 , 	)

	14 sommets 
	values : ( Cost : 405.527 , TRT : 328.908 , TWT :   0.000 , TD : 431.281 )
	violations : ( VC :       0 , VTW :   0.000 , VTD :   0.000 , VTRT :   0.000 )
	cout global : (   0.000	 )
S(i)	 (   C ,     TW0 ,       TW1 ,       VTW ,       Min ,       A ,       W ,       B ,       D ,       L ,       F ,       E ,       Det ,       [Imp ,       Imp]	)
   0 	 (   0 ,    0.000 , 1440.000 ,        0 ,    0.000 ,  236.580 ,    0.000 ,  236.580 ,  236.580 ,    0.000 ,   17.496 ,  236.580 ,    0.000 ,        0 , 	)
  16 	 (   4 ,  240.000 ,  360.000 ,        0 ,   12.499 ,  249.079 ,    0.000 ,  249.079 ,  253.079 ,    0.000 ,   17.496 ,    9.079 ,    6.925 ,        1 , 	)
  68 	 (   0 ,  293.000 ,  471.000 ,        0 ,  283.921 ,  293.000 ,    0.000 ,  293.000 ,  297.000 ,   39.921 ,   17.496 ,    0.000 ,    8.777 ,        2 , 	)
  32 	 (   1 ,  240.000 ,  480.000 ,        0 ,  323.803 ,  323.803 ,    0.000 ,  323.803 ,  324.803 ,    0.000 ,   17.496 ,    0.000 ,   28.644 ,        3 , 	)
  43 	 (   5 ,  309.000 ,  417.696 ,        0 ,  357.623 ,  357.623 ,    0.000 ,  357.623 ,  361.623 ,    0.000 ,   17.496 ,    0.000 ,   30.858 ,        4 , 	)
  39 	 (   6 ,  240.000 ,  420.000 ,        0 ,  392.771 ,  392.771 ,    0.000 ,  392.771 ,  393.771 ,    0.000 ,   13.888 ,    0.000 ,    1.245 ,        5 , 	)
  84 	 (   5 ,  362.000 ,  542.000 ,        0 ,  407.865 ,  407.865 ,    0.000 ,  407.865 ,  408.865 ,   83.062 ,   13.888 ,    0.000 ,   17.674 ,        6 , 	)
  95 	 (   1 ,  391.000 ,  451.000 ,        0 ,  425.735 ,  425.735 ,    0.000 ,  425.735 ,  429.735 ,   64.112 ,   13.888 ,    0.000 ,    2.097 ,        7 , 	)
  44 	 (   2 ,  300.000 ,  480.000 ,        0 ,  432.639 ,  432.639 ,    0.000 ,  432.639 ,  433.639 ,    0.000 ,   17.496 ,    0.000 ,    0.001 ,        8 , 	)
  11 	 (   3 ,  300.000 ,  480.000 ,        0 ,  460.476 ,  460.476 ,    0.000 ,  460.476 ,  461.476 ,    0.000 ,   17.496 ,    0.000 ,   -0.608 ,        9 , 	)
  96 	 (   2 ,  339.000 ,  573.000 ,        0 ,  468.538 ,  468.538 ,    0.000 ,  468.538 ,  469.538 ,   34.899 ,   17.496 ,    0.000 ,    2.692 ,       10 , 	)
  91 	 (   1 ,  340.000 ,  520.000 ,        0 ,  502.504 ,  502.504 ,    0.000 ,  502.504 ,  503.504 ,  108.732 ,   17.496 ,    0.000 ,   31.517 ,       11 , 	)
  63 	 (   0 ,  401.000 ,  641.000 ,        0 ,  562.030 ,  562.030 ,    0.000 ,  562.030 ,  563.030 ,  100.554 ,   74.446 ,    0.000 ,    6.445 ,       12 , 	)
 105 	 (   0 ,    0.000 , 1440.000 ,        0 ,  565.487 ,  565.487 ,    0.000 ,  565.487 ,  565.487 ,    0.000 ,  874.513 ,    0.000 ,    0.000 ,       13 , 	)

	18 sommets 
	values : ( Cost : 508.720 , TRT : 454.396 , TWT :  43.900 , TD : 671.888 )
	violations : ( VC :       0 , VTW :   0.000 , VTD :   0.000 , VTRT :   0.000 )
	cout global : (   0.000	 )
S(i)	 (   C ,     TW0 ,       TW1 ,       VTW ,       Min ,       A ,       W ,       B ,       D ,       L ,       F ,       E ,       Det ,       [Imp ,       Imp]	)
   0 	 (   0 ,    0.000 , 1440.000 ,        0 ,    0.000 ,  641.729 ,    0.000 ,  641.729 ,  641.729 ,    0.000 ,    0.000 ,  641.729 ,    0.000 ,        0 , 	)
  33 	 (   1 ,  480.000 ,  660.000 ,        0 ,   18.271 ,  660.000 ,    0.000 ,  660.000 ,  661.000 ,    0.000 ,    0.000 ,  180.000 ,   32.246 ,        1 , 	)
  35 	 (   2 ,  480.000 ,  720.000 ,        0 ,  504.142 ,  684.142 ,   35.858 ,  720.000 ,  721.000 ,    0.000 ,    0.000 ,  215.858 ,    0.000 ,        2 , 	)
   7 	 (   5 ,  720.000 ,  960.000 ,        0 ,  505.142 ,  721.000 ,    8.042 ,  729.042 ,  732.042 ,    0.000 ,    2.632 ,    9.042 ,    0.000 ,        3 , 	)
  17 	 (   6 ,  720.000 ,  960.000 ,        0 ,  769.958 ,  779.000 ,    0.000 ,  779.000 ,  780.000 ,    0.000 ,    2.632 ,    9.042 ,    0.000 ,        4 , 	)
  51 	 (   8 ,  780.000 ,  960.000 ,        0 ,  770.958 ,  780.000 ,    0.000 ,  780.000 ,  782.000 ,    0.000 ,    2.632 ,    0.000 ,    0.000 ,        5 , 	)
  85 	 (   7 ,  604.000 ,  844.000 ,        0 ,  798.265 ,  798.265 ,    0.000 ,  798.265 ,  799.265 ,  137.265 ,    2.632 ,    0.000 ,    0.670 ,        6 , 	)
  87 	 (   6 ,  571.000 ,  811.000 ,        0 ,  808.368 ,  808.368 ,    0.000 ,  808.368 ,  809.368 ,   87.368 ,    2.632 ,    0.000 ,    3.763 ,        7 , 	)
  69 	 (   5 ,  772.000 , 1012.000 ,        0 ,  814.002 ,  814.002 ,    0.000 ,  814.002 ,  815.002 ,   34.002 ,   21.721 ,    0.000 ,    5.417 ,        8 , 	)
  59 	 (   2 ,  816.000 , 1056.000 ,        0 ,  833.665 ,  833.665 ,    0.000 ,  833.665 ,  836.665 ,  101.623 ,   21.721 ,    0.000 ,    3.293 ,        9 , 	)
  18 	 (   4 ,  726.000 ,  960.000 ,        0 ,  855.112 ,  855.112 ,    0.000 ,  855.112 ,  857.112 ,    0.000 ,   21.721 ,    0.000 ,    4.548 ,       10 , 	)
 103 	 (   2 ,  874.000 , 1114.000 ,        0 ,  898.457 ,  898.457 ,    0.000 ,  898.457 ,  900.457 ,  116.457 ,   21.721 ,    0.000 ,    0.549 ,       11 , 	)
   3 	 (   3 ,  720.000 ,  960.000 ,        0 ,  938.279 ,  938.279 ,    0.000 ,  938.279 ,  939.279 ,    0.000 ,   21.721 ,    0.000 ,    0.000 ,       12 , 	)
  70 	 (   1 ,  938.000 , 1058.000 ,        0 ,  939.279 ,  939.279 ,    0.000 ,  939.279 ,  941.279 ,   82.167 ,   87.861 ,    0.000 ,    0.000 ,       13 , 	)
  55 	 (   0 ,  859.000 , 1099.000 ,        0 , 1011.139 , 1011.139 ,    0.000 , 1011.139 , 1012.139 ,   71.860 ,   87.861 ,    0.000 ,   -6.112 ,       14 , 	)
  45 	 (   3 ,  961.000 , 1200.000 ,        0 , 1038.942 , 1038.942 ,    0.000 , 1038.942 , 1041.942 ,    0.000 ,  161.058 ,   -0.000 ,    7.285 ,       15 , 	)
  97 	 (   0 , 1074.000 , 1254.000 ,        0 , 1083.089 , 1083.089 ,    0.000 , 1083.089 , 1086.089 ,   41.147 ,   68.853 ,   -0.000 ,    5.687 ,       16 , 	)
 105 	 (   0 ,    0.000 , 1440.000 ,        0 , 1096.125 , 1096.125 ,    0.000 , 1096.125 , 1096.125 ,    0.000 ,  343.875 ,   -0.000 ,    0.000 ,       17 , 	)

	14 sommets 
	values : ( Cost : 358.400 , TRT : 297.474 , TWT :   0.000 , TD : 294.753 )
	violations : ( VC :       0 , VTW :   0.000 , VTD :   0.000 , VTRT :   0.000 )
	cout global : (   0.000	 )
S(i)	 (   C ,     TW0 ,       TW1 ,       VTW ,       Min ,       A ,       W ,       B ,       D ,       L ,       F ,       E ,       Det ,       [Imp ,       Imp]	)
   0 	 (   0 ,    0.000 , 1440.000 ,        0 ,    0.000 ,  755.386 ,    0.000 ,  755.386 ,  755.386 ,    0.000 ,   18.077 ,  755.386 ,    0.000 ,        0 , 	)
   8 	 (   2 ,  733.000 ,  951.708 ,        0 ,   16.323 ,  771.708 ,    0.000 ,  771.708 ,  773.708 ,    0.000 ,   18.077 ,   38.708 ,    6.002 ,        1 , 	)
  60 	 (   0 ,  797.000 ,  977.000 ,        0 ,  758.292 ,  797.000 ,    0.000 ,  797.000 ,  799.000 ,   23.292 ,   18.077 ,    0.000 ,    1.787 ,        2 , 	)
  40 	 (   2 ,  780.000 ,  960.000 ,        0 ,  830.520 ,  830.520 ,    0.000 ,  830.520 ,  832.520 ,    0.000 ,   18.077 ,    0.000 ,   56.051 ,        3 , 	)
  28 	 (   6 ,  787.000 ,  901.568 ,        0 ,  867.939 ,  867.939 ,    0.000 ,  867.939 ,  871.939 ,    0.000 ,    0.983 ,    0.000 ,   15.244 ,        4 , 	)
   1 	 (   8 ,  720.000 ,  960.000 ,        0 ,  889.800 ,  889.800 ,    0.000 ,  889.800 ,  891.800 ,    0.000 ,    0.983 ,    0.000 ,    4.206 ,        5 , 	)
  80 	 (   4 ,  878.000 ,  938.000 ,        0 ,  910.577 ,  910.577 ,    0.000 ,  910.577 ,  914.577 ,   38.638 ,    0.983 ,    0.000 ,    2.153 ,        6 , 	)
  42 	 (   7 ,  720.000 ,  960.000 ,        0 ,  919.939 ,  919.939 ,    0.000 ,  919.939 ,  922.939 ,    0.000 ,    0.983 ,    0.000 ,    5.417 ,        7 , 	)
  53 	 (   5 ,  768.000 , 1008.000 ,        0 ,  927.254 ,  927.254 ,    0.000 ,  927.254 ,  929.254 ,   35.454 ,    0.983 ,    0.000 ,    2.953 ,        8 , 	)
  92 	 (   3 ,  860.000 , 1040.000 ,        0 ,  937.538 ,  937.538 ,    0.000 ,  937.538 ,  939.538 ,  105.017 ,    0.983 ,    0.000 ,    1.394 ,        9 , 	)
  94 	 (   0 ,  831.000 , 1071.000 ,        0 ,  987.153 ,  987.153 ,    0.000 ,  987.153 ,  990.153 ,   64.214 ,   18.077 ,    0.000 ,   15.543 ,       10 , 	)
  26 	 (   1 ,  960.000 , 1020.000 ,        0 , 1001.923 , 1001.923 ,    0.000 , 1001.923 , 1002.923 ,    0.000 ,   18.077 ,    0.000 ,    6.148 ,       11 , 	)
  78 	 (   0 ,  989.139 , 1096.000 ,        0 , 1031.062 , 1031.062 ,    0.000 , 1031.062 , 1032.062 ,   28.139 ,   46.861 ,   -0.000 ,   39.596 ,       12 , 	)
 105 	 (   0 ,    0.000 , 1440.000 ,        0 , 1052.859 , 1052.859 ,    0.000 , 1052.859 , 1052.859 ,    0.000 ,  387.141 ,   -0.000 ,    0.000 ,       13 , 	)
