8
	VALUE ALL : ( Cost : 3614.269 , TRT : 3315.320 , TWT : 341.825 , TD : 3865.202 )
	VIOLATIONS TOTAL : ( VC :       0 , VTW :   0.000 , VTD :   0.000 , VTRT :   0.000 )
 	COUT_ALL : (   0.003 )  T2B:    7200

	14 sommets 
	values : ( Cost : 339.529 , TRT : 460.458 , TWT : 179.173 , TD : 392.268 )
	violations : ( VC :       0 , VTW :   0.000 , VTD :   0.000 , VTRT :   0.000 )
	cout global : (   0.000	 )
S(i)	 (   C ,     TW0 ,       TW1 ,       VTW ,       Min ,       A ,       W ,       B ,       D ,       L ,       F ,       E ,       Det ,       [Imp ,       Imp]	)
   0 	 (   0 ,    0.000 , 1440.000 ,        0 ,    0.000 ,  732.043 ,    0.000 ,  732.043 ,  732.043 ,    0.000 ,    0.000 ,  732.043 ,    0.000 ,        0 , 	)
  49 	 (   3 ,  720.000 ,  960.000 ,        0 ,   30.335 ,  762.378 ,    0.000 ,  762.378 ,  765.378 ,    0.000 ,    0.000 ,   42.378 ,   17.867 ,        1 , 	)
   6 	 (   6 ,  720.000 ,  840.000 ,        0 ,  753.974 ,  796.353 ,    0.000 ,  796.353 ,  799.353 ,    0.000 ,    0.000 ,   42.378 ,    4.741 ,        2 , 	)
 105 	 (   3 ,  813.000 , 1053.000 ,        0 ,  776.411 ,  818.789 ,    0.000 ,  818.789 ,  821.789 ,   53.411 ,    0.000 ,    5.789 ,    0.559 ,        3 , 	)
  19 	 (   5 ,  720.000 ,  840.000 ,        0 ,  834.211 ,  840.000 ,    0.000 ,  840.000 ,  842.000 ,    0.000 ,    0.000 ,    5.789 ,   20.711 ,        4 , 	)
  62 	 (   2 ,  749.460 ,  949.000 ,        0 ,  846.759 ,  852.549 ,    0.000 ,  852.549 ,  855.549 ,   53.196 ,    8.619 ,    5.789 ,    0.151 ,        5 , 	)
  36 	 (   3 ,  805.000 ,  938.157 ,        0 ,  867.420 ,  873.209 ,    8.619 ,  881.828 ,  882.828 ,    0.000 ,    0.000 ,   14.408 ,    2.074 ,        6 , 	)
  92 	 (   2 ,  832.000 ,  952.000 ,        0 ,  881.262 ,  895.671 ,    0.000 ,  895.671 ,  896.671 ,   12.843 ,    0.000 ,   14.408 ,    4.222 ,        7 , 	)
  75 	 (   0 ,  850.000 ,  910.000 ,        0 ,  895.592 ,  910.000 ,    0.000 ,  910.000 ,  912.000 ,   68.000 ,    0.000 ,   14.408 ,    2.299 ,        8 , 	)
  14 	 (   1 ,  780.000 ,  960.000 ,        0 ,  901.495 ,  915.904 ,   44.096 ,  960.000 ,  961.000 ,    0.000 ,    0.000 ,   58.505 ,    0.002 ,        9 , 	)
   9 	 (   4 , 1020.000 , 1200.000 ,        0 ,  921.055 ,  979.559 ,   40.623 , 1020.182 , 1023.182 ,    0.000 ,    0.000 ,    0.182 ,    7.105 ,       10 , 	)
  70 	 (   3 ,  811.273 , 1042.000 ,        0 , 1041.818 , 1042.000 ,    0.000 , 1042.000 , 1043.000 ,   81.000 ,    0.000 ,    0.182 ,    1.546 ,       11 , 	)
  65 	 (   0 , 1147.000 , 1267.000 ,        0 , 1060.983 , 1061.165 ,   85.835 , 1147.000 , 1150.000 ,  123.818 ,   18.182 ,    0.000 ,   27.989 ,       12 , 	)
 113 	 (   0 ,    0.000 , 1440.000 ,        0 , 1192.501 , 1192.501 ,    0.000 , 1192.501 , 1192.501 ,    0.000 ,  247.499 ,    0.000 ,    0.000 ,       13 , 	)

	10 sommets 
	values : ( Cost : 345.538 , TRT : 287.803 , TWT :   0.000 , TD : 189.723 )
	violations : ( VC :       0 , VTW :   0.000 , VTD :   0.000 , VTRT :   0.000 )
	cout global : (   0.000	 )
S(i)	 (   C ,     TW0 ,       TW1 ,       VTW ,       Min ,       A ,       W ,       B ,       D ,       L ,       F ,       E ,       Det ,       [Imp ,       Imp]	)
   0 	 (   0 ,    0.000 , 1440.000 ,        0 ,    0.000 ,  869.344 ,    0.000 ,  869.344 ,  869.344 ,    0.000 ,    7.702 ,  869.344 ,    0.000 ,        0 , 	)
  22 	 (   4 ,  840.000 ,  900.000 ,        0 ,   12.789 ,  882.133 ,    0.000 ,  882.133 ,  886.133 ,    0.000 ,    7.702 ,   42.133 ,   24.545 ,        1 , 	)
  78 	 (   0 ,  889.272 , 1025.000 ,        0 ,  889.272 ,  931.405 ,    0.000 ,  931.405 ,  935.405 ,   45.272 ,    7.702 ,   42.133 ,    0.328 ,        2 , 	)
   7 	 (   3 ,  780.000 ,  960.000 ,        0 ,  910.165 ,  952.298 ,    0.000 ,  952.298 ,  955.298 ,    0.000 ,    7.702 ,   42.133 ,   15.677 ,        3 , 	)
  63 	 (   0 ,  814.000 , 1046.000 ,        0 ,  944.073 ,  986.206 ,    0.000 ,  986.206 ,  989.206 ,   30.908 ,   45.483 ,   42.133 ,    5.820 ,        4 , 	)
  26 	 (   3 , 1020.000 , 1200.000 ,        0 ,  977.867 , 1020.000 ,    0.000 , 1020.000 , 1023.000 ,    0.000 ,   45.483 ,    0.000 ,    0.023 ,        5 , 	)
  16 	 (   7 ,  960.000 , 1080.000 ,        0 , 1034.517 , 1034.517 ,    0.000 , 1034.517 , 1038.517 ,    0.000 ,    0.535 ,   -0.000 ,   14.880 ,        6 , 	)
  72 	 (   3 , 1024.000 , 1144.000 ,        0 , 1068.594 , 1068.594 ,    0.000 , 1068.594 , 1072.594 ,   30.077 ,    0.535 ,   -0.000 ,   10.602 ,        7 , 	)
  82 	 (   0 , 1064.833 , 1287.000 ,        0 , 1106.465 , 1106.465 ,    0.000 , 1106.465 , 1109.465 ,   83.465 ,    0.535 ,   -0.000 ,    3.861 ,        8 , 	)
 113 	 (   0 ,    0.000 , 1440.000 ,        0 , 1157.147 , 1157.147 ,    0.000 , 1157.147 , 1157.147 ,    0.000 ,  282.853 ,   -0.000 ,    0.000 ,        9 , 	)

	16 sommets 
	values : ( Cost : 473.535 , TRT : 384.041 , TWT :   0.000 , TD : 592.905 )
	violations : ( VC :       0 , VTW :   0.000 , VTD :   0.000 , VTRT :   0.000 )
	cout global : (   0.000	 )
S(i)	 (   C ,     TW0 ,       TW1 ,       VTW ,       Min ,       A ,       W ,       B ,       D ,       L ,       F ,       E ,       Det ,       [Imp ,       Imp]	)
   0 	 (   0 ,    0.000 , 1440.000 ,        0 ,    0.000 ,  171.608 ,    0.000 ,  171.608 ,  171.608 ,    0.000 ,   16.494 ,  171.608 ,    0.000 ,        0 , 	)
  25 	 (   1 ,  240.000 ,  360.000 ,        0 ,  110.161 ,  281.768 ,    0.000 ,  281.768 ,  282.768 ,    0.000 ,   16.494 ,   41.768 ,   13.729 ,        1 , 	)
  21 	 (   2 ,  300.000 ,  480.000 ,        0 ,  258.232 ,  300.000 ,    0.000 ,  300.000 ,  301.000 ,    0.000 ,   16.494 ,    0.000 ,   14.395 ,        2 , 	)
  43 	 (   5 ,  240.000 ,  420.000 ,        0 ,  322.020 ,  322.020 ,    0.000 ,  322.020 ,  325.020 ,    0.000 ,    9.360 ,    0.000 ,   11.407 ,        3 , 	)
  81 	 (   4 ,  314.000 ,  494.000 ,        0 ,  350.037 ,  350.037 ,    0.000 ,  350.037 ,  351.037 ,   67.268 ,    9.360 ,    0.000 ,    0.084 ,        4 , 	)
  53 	 (   5 ,  282.000 ,  384.617 ,        0 ,  359.574 ,  359.574 ,    0.000 ,  359.574 ,  360.574 ,    0.000 ,    9.360 ,    0.000 ,    4.623 ,        5 , 	)
  51 	 (   8 ,  240.000 ,  480.000 ,        0 ,  370.391 ,  370.391 ,    0.000 ,  370.391 ,  373.391 ,    0.000 ,    9.360 ,    0.000 ,    2.671 ,        6 , 	)
  99 	 (   5 ,  329.000 ,  509.000 ,        0 ,  383.857 ,  383.857 ,    0.000 ,  383.857 ,  386.857 ,   58.838 ,    9.360 ,    0.000 ,    0.000 ,        7 , 	)
 109 	 (   4 ,  351.000 ,  411.000 ,        0 ,  394.506 ,  394.506 ,    0.000 ,  394.506 ,  395.506 ,   33.932 ,    9.360 ,    0.000 ,    6.535 ,        8 , 	)
  77 	 (   3 ,  355.000 ,  594.000 ,        0 ,  404.640 ,  404.640 ,    0.000 ,  404.640 ,  405.640 ,  103.640 ,    9.360 ,    0.000 ,    0.781 ,        9 , 	)
   8 	 (   4 ,  240.000 ,  480.000 ,        0 ,  413.328 ,  413.328 ,    0.000 ,  413.328 ,  414.328 ,    0.000 ,   55.901 ,    0.000 ,    0.587 ,       10 , 	)
  47 	 (   8 ,  242.000 ,  480.000 ,        0 ,  424.099 ,  424.099 ,    0.000 ,  424.099 ,  428.099 ,    0.000 ,   55.901 ,    0.000 ,   16.082 ,       11 , 	)
 103 	 (   4 ,  352.000 ,  532.000 ,        0 ,  467.911 ,  467.911 ,    0.000 ,  467.911 ,  471.911 ,   39.813 ,   60.408 ,    0.000 ,    3.914 ,       12 , 	)
 107 	 (   1 ,  439.000 ,  619.000 ,        0 ,  535.983 ,  535.983 ,    0.000 ,  535.983 ,  538.983 ,  162.592 ,   60.408 ,    0.000 ,    1.535 ,       13 , 	)
  64 	 (   0 ,  429.000 ,  669.000 ,        0 ,  541.150 ,  541.150 ,    0.000 ,  541.150 ,  542.150 ,  126.822 ,  125.178 ,    0.000 ,    2.466 ,       14 , 	)
 113 	 (   0 ,    0.000 , 1440.000 ,        0 ,  555.649 ,  555.649 ,    0.000 ,  555.649 ,  555.649 ,    0.000 ,  884.351 ,    0.000 ,    0.000 ,       15 , 	)

	16 sommets 
	values : ( Cost : 411.683 , TRT : 327.536 , TWT :   0.000 , TD : 611.787 )
	violations : ( VC :       0 , VTW :   0.000 , VTD :   0.000 , VTRT :   0.000 )
	cout global : (   0.000	 )
S(i)	 (   C ,     TW0 ,       TW1 ,       VTW ,       Min ,       A ,       W ,       B ,       D ,       L ,       F ,       E ,       Det ,       [Imp ,       Imp]	)
   0 	 (   0 ,    0.000 , 1440.000 ,        0 ,    0.000 ,  746.658 ,    0.000 ,  746.658 ,  746.658 ,    0.000 ,   29.999 ,  746.658 ,    0.000 ,        0 , 	)
  45 	 (   1 ,  720.000 ,  840.000 ,        0 ,   41.889 ,  788.547 ,    0.000 ,  788.547 ,  789.547 ,    0.000 ,   29.999 ,   68.547 ,    6.800 ,        1 , 	)
  23 	 (   3 ,  720.000 ,  960.000 ,        0 ,  731.705 ,  800.252 ,    0.000 ,  800.252 ,  802.252 ,    0.000 ,   29.999 ,   68.547 ,    5.881 ,        2 , 	)
 101 	 (   2 ,  745.994 ,  908.000 ,        0 ,  753.875 ,  822.422 ,    0.000 ,  822.422 ,  823.422 ,   32.875 ,   29.999 ,   68.547 ,   15.873 ,        3 , 	)
  79 	 (   0 ,  781.000 , 1021.000 ,        0 ,  780.439 ,  848.986 ,    0.000 ,  848.986 ,  850.986 ,   46.734 ,   29.999 ,   67.986 ,    0.000 ,        4 , 	)
  35 	 (   1 ,  720.000 ,  960.000 ,        0 ,  783.000 ,  850.986 ,    0.000 ,  850.986 ,  851.986 ,    0.000 ,   29.999 ,   67.986 ,    0.000 ,        5 , 	)
  34 	 (   2 ,  724.000 ,  960.000 ,        0 ,  792.786 ,  860.771 ,    0.000 ,  860.771 ,  861.771 ,    0.000 ,    2.323 ,   67.986 ,    5.956 ,        6 , 	)
  12 	 (   3 ,  780.000 ,  960.000 ,        0 ,  805.390 ,  873.376 ,    0.000 ,  873.376 ,  874.376 ,    0.000 ,    2.323 ,   67.986 ,    6.637 ,        7 , 	)
  55 	 (   4 ,  900.000 ,  960.000 ,        0 ,  832.014 ,  900.000 ,    0.000 ,  900.000 ,  901.000 ,    0.000 ,    2.323 ,    0.000 ,   30.757 ,        8 , 	)
  28 	 (   6 ,  780.000 ,  960.000 ,        0 ,  930.001 ,  930.001 ,    0.000 ,  930.001 ,  932.001 ,    0.000 ,    2.323 ,    0.000 ,    4.652 ,        9 , 	)
  90 	 (   5 ,  825.000 , 1005.000 ,        0 ,  952.679 ,  952.679 ,    0.000 ,  952.679 ,  953.679 ,   90.908 ,    2.323 ,    0.000 ,   -0.516 ,       10 , 	)
  91 	 (   4 ,  810.000 , 1050.000 ,        0 ,  969.663 ,  969.663 ,    0.000 ,  969.663 ,  970.663 ,  117.677 ,    2.323 ,    0.000 ,    5.496 ,       11 , 	)
  84 	 (   2 ,  829.000 , 1056.000 ,        0 ,  984.394 ,  984.394 ,    0.000 ,  984.394 ,  986.394 ,   52.393 ,   24.614 ,    0.000 ,   21.647 ,       12 , 	)
 111 	 (   1 ,  952.469 , 1098.000 ,        0 , 1013.386 , 1013.386 ,    0.000 , 1013.386 , 1014.386 ,  112.386 ,   24.614 ,    0.000 ,    6.365 ,       13 , 	)
  68 	 (   0 ,  879.000 , 1119.000 ,        0 , 1033.189 , 1033.189 ,    0.000 , 1033.189 , 1034.189 ,  158.814 ,   34.186 ,    0.000 ,    0.402 ,       14 , 	)
 113 	 (   0 ,    0.000 , 1440.000 ,        0 , 1074.194 , 1074.194 ,    0.000 , 1074.194 , 1074.194 ,    0.000 ,  365.806 ,    0.000 ,    0.000 ,       15 , 	)

	20 sommets 
	values : ( Cost : 533.049 , TRT : 463.691 , TWT :  14.902 , TD : 534.142 )
	violations : ( VC :       0 , VTW :   0.000 , VTD :   0.000 , VTRT :   0.000 )
	cout global : (   0.000	 )
S(i)	 (   C ,     TW0 ,       TW1 ,       VTW ,       Min ,       A ,       W ,       B ,       D ,       L ,       F ,       E ,       Det ,       [Imp ,       Imp]	)
   0 	 (   0 ,    0.000 , 1440.000 ,        0 ,    0.000 ,  229.651 ,    0.000 ,  229.651 ,  229.651 ,    0.000 ,    0.000 ,  229.651 ,    0.000 ,        0 , 	)
  37 	 (   1 ,  240.000 ,  420.000 ,        0 ,   12.789 ,  242.440 ,    0.000 ,  242.440 ,  243.440 ,    0.000 ,    0.000 ,    2.440 ,   19.268 ,        1 , 	)
  93 	 (   0 ,  267.973 ,  493.000 ,        0 ,  267.973 ,  270.413 ,    0.000 ,  270.413 ,  271.413 ,   26.973 ,    0.000 ,    2.440 ,   -1.447 ,        2 , 	)
  48 	 (   4 ,  240.000 ,  420.000 ,        0 ,  299.287 ,  301.727 ,    0.000 ,  301.727 ,  305.727 ,    0.000 ,    0.000 ,    2.440 ,   17.308 ,        3 , 	)
  32 	 (   5 ,  263.000 ,  461.050 ,        0 ,  323.256 ,  325.696 ,    0.000 ,  325.696 ,  326.696 ,    0.000 ,    0.000 ,    2.440 ,    1.101 ,        4 , 	)
  88 	 (   4 ,  300.000 ,  480.000 ,        0 ,  342.207 ,  344.647 ,    0.000 ,  344.647 ,  345.647 ,   17.950 ,    0.000 ,    2.440 ,    0.000 ,        5 , 	)
  13 	 (   6 ,  300.000 ,  480.000 ,        0 ,  343.207 ,  345.647 ,    0.000 ,  345.647 ,  347.647 ,    0.000 ,    0.000 ,    2.440 ,    0.000 ,        6 , 	)
 104 	 (   2 ,  326.000 ,  506.000 ,        0 ,  361.219 ,  363.659 ,    0.000 ,  363.659 ,  367.659 ,   57.932 ,    0.000 ,    2.440 ,   22.105 ,        7 , 	)
  39 	 (   5 ,  240.000 ,  480.000 ,        0 ,  386.681 ,  389.121 ,    0.000 ,  389.121 ,  392.121 ,    0.000 ,    0.000 ,    2.440 ,    0.000 ,        8 , 	)
  95 	 (   2 ,  311.000 ,  551.000 ,        0 ,  424.189 ,  426.629 ,    0.000 ,  426.629 ,  429.629 ,   34.508 ,    0.000 ,    2.440 ,   11.851 ,        9 , 	)
  20 	 (   6 ,  255.000 ,  480.000 ,        0 ,  445.465 ,  447.905 ,    0.000 ,  447.905 ,  451.905 ,    0.000 ,    0.000 ,    2.440 ,   14.456 ,       10 , 	)
  69 	 (   4 ,  413.000 ,  653.000 ,        0 ,  465.786 ,  468.226 ,    0.000 ,  468.226 ,  470.226 ,  120.580 ,    0.000 ,    2.440 ,    0.000 ,       11 , 	)
  42 	 (   6 ,  244.000 ,  480.000 ,        0 ,  475.223 ,  477.663 ,    0.000 ,  477.663 ,  479.663 ,    0.000 ,    0.000 ,    2.440 ,    1.567 ,       12 , 	)
  98 	 (   4 ,  344.000 ,  524.000 ,        0 ,  513.830 ,  516.270 ,    0.000 ,  516.270 ,  518.270 ,   36.607 ,    0.000 ,    2.440 ,    1.106 ,       13 , 	)
  40 	 (   7 ,  480.000 ,  660.000 ,        0 ,  521.210 ,  523.650 ,    0.000 ,  523.650 ,  526.650 ,    0.000 ,    0.000 ,    2.440 ,    0.035 ,       14 , 	)
  76 	 (   3 ,  433.000 ,  553.000 ,        0 ,  550.560 ,  553.000 ,    0.000 ,  553.000 ,  557.000 ,  101.095 ,    0.000 ,    2.440 ,   16.308 ,       15 , 	)
  17 	 (   7 ,  600.000 ,  720.000 ,        0 ,  582.658 ,  585.098 ,   14.902 ,  600.000 ,  604.000 ,    0.000 ,   33.150 ,    0.000 ,   -0.803 ,       16 , 	)
  96 	 (   4 ,  544.000 ,  784.000 ,        0 ,  616.500 ,  616.500 ,    0.000 ,  616.500 ,  619.500 ,   89.850 ,   33.150 ,    0.000 ,   12.384 ,       17 , 	)
  73 	 (   0 ,  637.264 ,  813.000 ,        0 ,  652.648 ,  652.648 ,    0.000 ,  652.648 ,  656.648 ,   48.648 ,   40.352 ,    0.000 ,   -0.533 ,       18 , 	)
 113 	 (   0 ,    0.000 , 1440.000 ,        0 ,  693.342 ,  693.342 ,    0.000 ,  693.342 ,  693.342 ,    0.000 ,  746.658 ,    0.000 ,    0.000 ,       19 , 	)

	22 sommets 
	values : ( Cost : 557.895 , TRT : 469.470 , TWT :   0.000 , TD : 563.820 )
	violations : ( VC :       0 , VTW :   0.000 , VTD :   0.000 , VTRT :   0.000 )
	cout global : (   0.000	 )
S(i)	 (   C ,     TW0 ,       TW1 ,       VTW ,       Min ,       A ,       W ,       B ,       D ,       L ,       F ,       E ,       Det ,       [Imp ,       Imp]	)
   0 	 (   0 ,    0.000 , 1440.000 ,        0 ,    0.000 ,  532.895 ,    0.000 ,  532.895 ,  532.895 ,    0.000 ,   28.657 ,  532.895 ,    0.000 ,        0 , 	)
  41 	 (   2 ,  480.000 ,  660.000 ,        0 ,   10.279 ,  543.174 ,    0.000 ,  543.174 ,  545.174 ,    0.000 ,   28.657 ,   63.174 ,    0.150 ,        1 , 	)
   4 	 (   3 ,  480.000 ,  660.000 ,        0 ,  504.868 ,  568.042 ,    0.000 ,  568.042 ,  569.042 ,    0.000 ,   28.657 ,   63.174 ,    1.256 ,        2 , 	)
  97 	 (   1 ,  575.000 ,  755.000 ,        0 ,  531.389 ,  594.562 ,    0.000 ,  594.562 ,  596.562 ,   49.389 ,   21.398 ,   19.562 ,    0.015 ,        3 , 	)
  15 	 (   4 ,  480.000 ,  660.000 ,        0 ,  599.011 ,  618.573 ,    0.000 ,  618.573 ,  621.573 ,    0.000 ,   21.398 ,   19.562 ,   15.970 ,        4 , 	)
  10 	 (   7 ,  480.000 ,  720.000 ,        0 ,  610.580 ,  630.142 ,    0.000 ,  630.142 ,  633.142 ,    0.000 ,   21.398 ,   19.562 ,    1.149 ,        5 , 	)
  60 	 (   6 ,  551.000 ,  731.000 ,        0 ,  623.082 ,  642.644 ,    0.000 ,  642.644 ,  643.644 ,   73.602 ,   21.398 ,   19.562 ,    4.796 ,        6 , 	)
  66 	 (   3 ,  534.000 ,  774.000 ,        0 ,  645.077 ,  664.639 ,    0.000 ,  664.639 ,  667.639 ,   31.497 ,   28.657 ,   19.562 ,    0.262 ,        7 , 	)
  71 	 (   0 ,  567.000 ,  747.000 ,        0 ,  657.646 ,  677.208 ,    0.000 ,  677.208 ,  680.208 ,   55.635 ,   28.657 ,   19.562 ,    7.392 ,        8 , 	)
  33 	 (   2 ,  480.000 ,  720.000 ,        0 ,  671.780 ,  691.343 ,    0.000 ,  691.343 ,  693.343 ,    0.000 ,   28.657 ,   19.562 ,    1.647 ,        9 , 	)
  89 	 (   0 ,  556.000 ,  796.000 ,        0 ,  711.117 ,  730.680 ,    0.000 ,  730.680 ,  732.680 ,   37.337 ,   50.385 ,   19.562 ,    0.000 ,       10 , 	)
   2 	 (   1 ,  720.000 ,  840.000 ,        0 ,  713.117 ,  732.680 ,    0.000 ,  732.680 ,  733.680 ,    0.000 ,   50.385 ,   12.680 ,    0.000 ,       11 , 	)
  44 	 (   4 ,  780.000 ,  960.000 ,        0 ,  767.320 ,  780.000 ,    0.000 ,  780.000 ,  783.000 ,    0.000 ,   50.385 ,    0.000 ,    0.000 ,       12 , 	)
  58 	 (   3 ,  783.000 ,  963.000 ,        0 ,  783.000 ,  783.000 ,    0.000 ,  783.000 ,  784.000 ,   49.320 ,   50.385 ,    0.000 ,    0.000 ,       13 , 	)
  30 	 (   7 ,  730.000 ,  896.971 ,        0 ,  795.198 ,  795.198 ,    0.000 ,  795.198 ,  799.198 ,    0.000 ,   50.385 ,    0.000 ,    9.455 ,       14 , 	)
  86 	 (   3 ,  809.000 ,  929.000 ,        0 ,  827.227 ,  827.227 ,    0.000 ,  827.227 ,  831.227 ,   28.029 ,   46.971 ,    0.000 ,    0.380 ,       15 , 	)
  56 	 (   5 ,  720.000 ,  960.000 ,        0 ,  844.237 ,  844.237 ,    0.000 ,  844.237 ,  846.237 ,    0.000 ,   50.385 ,    0.000 ,    3.505 ,       16 , 	)
 100 	 (   2 ,  855.000 , 1095.000 ,        0 ,  860.686 ,  860.686 ,    0.000 ,  860.686 ,  863.686 ,   77.686 ,   50.385 ,    0.000 ,   21.441 ,       17 , 	)
  54 	 (   6 ,  730.000 ,  957.521 ,        0 ,  907.136 ,  907.136 ,    0.000 ,  907.136 ,  911.136 ,    0.000 ,   50.385 ,    0.000 ,   35.341 ,       18 , 	)
 110 	 (   2 ,  810.000 ,  990.000 ,        0 ,  939.615 ,  939.615 ,    0.000 ,  939.615 ,  943.615 ,   28.479 ,   47.521 ,    0.000 ,   10.905 ,       19 , 	)
 112 	 (   0 ,  906.000 , 1146.000 ,        0 ,  979.082 ,  979.082 ,    0.000 ,  979.082 ,  981.082 ,  132.845 ,  144.155 ,    0.000 ,   36.256 ,       20 , 	)
 113 	 (   0 ,    0.000 , 1440.000 ,        0 , 1002.365 , 1002.365 ,    0.000 , 1002.365 , 1002.365 ,    0.000 ,  437.635 ,    0.000 ,    0.000 ,       21 , 	)

	12 sommets 
	values : ( Cost : 440.028 , TRT : 469.375 , TWT : 118.527 , TD : 438.713 )
	violations : ( VC :       0 , VTW :   0.000 , VTD :   0.000 , VTRT :   0.000 )
	cout global : (   0.000	 )
S(i)	 (   C ,     TW0 ,       TW1 ,       VTW ,       Min ,       A ,       W ,       B ,       D ,       L ,       F ,       E ,       Det ,       [Imp ,       Imp]	)
   0 	 (   0 ,    0.000 , 1440.000 ,        0 ,    0.000 ,  278.767 ,    0.000 ,  278.767 ,  278.767 ,    0.000 ,    0.000 ,  278.767 ,    0.000 ,        0 , 	)
  11 	 (   3 ,  240.000 ,  480.000 ,        0 ,   58.405 ,  337.172 ,    0.000 ,  337.172 ,  340.172 ,    0.000 ,    0.000 ,   97.172 ,   42.115 ,        1 , 	)
  67 	 (   0 ,  342.000 ,  582.000 ,        0 ,  293.259 ,  390.432 ,    0.000 ,  390.432 ,  393.432 ,   50.259 ,    0.000 ,   48.432 ,    8.688 ,        2 , 	)
  52 	 (   4 ,  244.000 ,  480.000 ,        0 ,  361.772 ,  410.204 ,    0.000 ,  410.204 ,  414.204 ,    0.000 ,    0.000 ,   48.432 ,    0.000 ,        3 , 	)
  24 	 (   5 ,  240.000 ,  480.000 ,        0 ,  365.772 ,  414.204 ,    0.000 ,  414.204 ,  415.204 ,    0.000 ,    0.000 ,   48.432 ,    0.000 ,        4 , 	)
  46 	 (   6 ,  242.000 ,  480.000 ,        0 ,  379.930 ,  428.362 ,    0.000 ,  428.362 ,  429.362 ,    0.000 ,    0.000 ,   48.432 ,    3.474 ,        5 , 	)
  80 	 (   5 ,  323.000 ,  563.000 ,        0 ,  402.172 ,  450.604 ,    0.000 ,  450.604 ,  451.604 ,   35.400 ,    0.000 ,   48.432 ,   11.969 ,        6 , 	)
 108 	 (   1 ,  347.000 ,  527.000 ,        0 ,  439.455 ,  487.886 ,    0.000 ,  487.886 ,  491.886 ,   73.683 ,    0.000 ,   48.432 ,   45.226 ,        7 , 	)
  31 	 (   2 ,  503.000 ,  711.431 ,        0 ,  475.836 ,  524.268 ,    0.000 ,  524.268 ,  525.268 ,    0.000 ,    0.000 ,   21.268 ,    2.758 ,        8 , 	)
 102 	 (   1 ,  352.000 ,  532.000 ,        0 ,  510.732 ,  532.000 ,    0.000 ,  532.000 ,  533.000 ,  102.638 ,    0.000 ,   21.268 ,    7.636 ,        9 , 	)
  87 	 (   0 ,  702.000 ,  762.000 ,        0 ,  562.205 ,  583.473 ,  118.527 ,  702.000 ,  703.000 ,  176.732 ,   21.268 ,    0.000 ,   38.353 ,       10 , 	)
 113 	 (   0 ,    0.000 , 1440.000 ,        0 ,  748.142 ,  748.142 ,    0.000 ,  748.142 ,  748.142 ,    0.000 ,  691.858 ,    0.000 ,    0.000 ,       11 , 	)

	18 sommets 
	values : ( Cost : 513.012 , TRT : 452.946 , TWT :  29.223 , TD : 541.844 )
	violations : ( VC :       0 , VTW :   0.000 , VTD :   0.000 , VTRT :   0.000 )
	cout global : (   0.000	 )
S(i)	 (   C ,     TW0 ,       TW1 ,       VTW ,       Min ,       A ,       W ,       B ,       D ,       L ,       F ,       E ,       Det ,       [Imp ,       Imp]	)
   0 	 (   0 ,    0.000 , 1440.000 ,        0 ,    0.000 ,  735.008 ,    0.000 ,  735.008 ,  735.008 ,    0.000 ,    0.000 ,  735.008 ,    0.000 ,        0 , 	)
   5 	 (   2 ,  730.000 ,  836.217 ,        0 ,   42.501 ,  777.509 ,    0.000 ,  777.509 ,  779.509 ,    0.000 ,    0.000 ,   47.509 ,    2.255 ,        1 , 	)
  50 	 (   6 ,  720.000 ,  900.000 ,        0 ,  735.475 ,  782.984 ,    0.000 ,  782.984 ,  786.984 ,    0.000 ,    0.000 ,   47.509 ,    2.117 ,        2 , 	)
  61 	 (   4 ,  806.000 ,  866.000 ,        0 ,  765.900 ,  813.409 ,    0.000 ,  813.409 ,  815.409 ,   33.900 ,    0.000 ,    7.409 ,    8.301 ,        3 , 	)
 106 	 (   0 ,  804.000 , 1044.000 ,        0 ,  831.299 ,  838.708 ,    0.000 ,  838.708 ,  842.708 ,   51.724 ,    0.000 ,    7.409 ,    3.586 ,        4 , 	)
  29 	 (   4 ,  720.000 ,  900.000 ,        0 ,  892.591 ,  900.000 ,    0.000 ,  900.000 ,  904.000 ,    0.000 ,    0.000 ,    7.409 ,    0.213 ,        5 , 	)
  18 	 (   6 ,  789.000 ,  959.923 ,        0 ,  912.912 ,  920.321 ,   11.951 ,  932.272 ,  934.272 ,    0.000 ,    0.000 ,   19.360 ,    7.090 ,        6 , 	)
  27 	 (   7 ,  720.000 ,  960.000 ,        0 ,  940.640 ,  960.000 ,    0.000 ,  960.000 ,  961.000 ,    0.000 ,    0.000 ,   19.360 ,    6.189 ,        7 , 	)
  74 	 (   5 ,  872.000 ,  992.000 ,        0 ,  952.179 ,  971.539 ,    0.000 ,  971.539 ,  973.539 ,   37.267 ,   20.461 ,   19.360 ,   -0.001 ,        8 , 	)
  85 	 (   1 ,  778.000 , 1018.000 ,        0 ,  960.511 ,  979.871 ,    0.000 ,  979.871 ,  983.871 ,   75.871 ,   20.699 ,   19.360 ,   -1.342 ,        9 , 	)
  38 	 (   3 , 1020.000 , 1080.000 ,        0 ,  983.368 , 1002.729 ,   17.271 , 1020.000 , 1022.000 ,    0.000 ,    3.428 ,    0.000 ,    0.754 ,       10 , 	)
   1 	 (   5 ,  960.000 , 1140.000 ,        0 , 1029.735 , 1029.735 ,    0.000 , 1029.735 , 1031.735 ,    0.000 ,    3.428 ,   -0.000 ,    0.753 ,       11 , 	)
   3 	 (   7 , 1020.000 , 1140.000 ,        0 , 1063.450 , 1063.450 ,    0.000 , 1063.450 , 1065.450 ,    0.000 ,    0.405 ,   -0.000 ,   18.739 ,       12 , 	)
  83 	 (   6 ,  844.000 , 1084.000 ,        0 , 1080.572 , 1080.572 ,    0.000 , 1080.572 , 1081.572 ,  119.572 ,    0.405 ,   -0.000 ,   -0.640 ,       13 , 	)
  59 	 (   4 , 1055.000 , 1227.000 ,        0 , 1097.553 , 1097.553 ,    0.000 , 1097.553 , 1099.553 ,   32.104 ,    0.405 ,   -0.000 ,    1.641 ,       14 , 	)
  57 	 (   2 , 1016.000 , 1196.000 ,        0 , 1104.330 , 1104.330 ,    0.000 , 1104.330 , 1106.330 ,   72.595 ,    0.405 ,   -0.000 ,    0.095 ,       15 , 	)
  94 	 (   0 , 1076.000 , 1314.000 ,        0 , 1140.812 , 1140.812 ,    0.000 , 1140.812 , 1142.812 ,  118.812 ,  113.188 ,   -0.000 ,   24.991 ,       16 , 	)
 113 	 (   0 ,    0.000 , 1440.000 ,        0 , 1187.954 , 1187.954 ,    0.000 , 1187.954 , 1187.954 ,    0.000 ,  252.046 ,   -0.000 ,    0.000 ,       17 , 	)
