11
	VALUE ALL : ( Cost : 4351.214 , TRT : 4031.790 , TWT : 354.200 , TD : 5959.651 )
	VIOLATIONS TOTAL : ( VC :       0 , VTW :   0.000 , VTD :   0.000 , VTRT :   0.000 )
 	COUT_ALL : (   0.003 )  T2B:   25201

	20 sommets 
	values : ( Cost : 431.454 , TRT : 364.402 , TWT :   0.000 , TD : 610.950 )
	violations : ( VC :       0 , VTW :   0.000 , VTD :   0.000 , VTRT :   0.000 )
	cout global : (   0.000	 )
S(i)	 (   C ,     TW0 ,       TW1 ,       VTW ,       Min ,       A ,       W ,       B ,       D ,       L ,       F ,       E ,       Det ,       [Imp ,       Imp]	)
   0 	 (   0 ,    0.000 , 1440.000 ,        0 ,    0.000 ,  343.546 ,    0.000 ,  343.546 ,  343.546 ,    0.000 ,   13.646 ,  343.546 ,    0.000 ,        0 , 	)
  29 	 (   1 ,  292.000 ,  433.826 ,        0 ,   14.271 ,  357.817 ,    0.000 ,  357.817 ,  358.817 ,    0.000 ,   13.646 ,   65.817 ,    1.047 ,        1 , 	)
  52 	 (   2 ,  312.000 ,  414.474 ,        0 ,  306.210 ,  372.026 ,    0.000 ,  372.026 ,  373.026 ,    0.000 ,   11.623 ,   60.026 ,    9.203 ,        2 , 	)
 118 	 (   1 ,  336.000 ,  456.000 ,        0 ,  330.168 ,  390.194 ,    0.000 ,  390.194 ,  391.194 ,   31.377 ,   11.623 ,   54.194 ,    1.147 ,        3 , 	)
 141 	 (   0 ,  381.000 ,  441.000 ,        0 ,  346.505 ,  400.699 ,    0.000 ,  400.699 ,  401.699 ,   27.673 ,   13.646 ,   19.699 ,    0.000 ,        4 , 	)
  61 	 (   3 ,  300.000 ,  420.000 ,        0 ,  382.000 ,  401.699 ,    0.000 ,  401.699 ,  404.699 ,    0.000 ,   13.646 ,   19.699 ,    0.000 ,        5 , 	)
  50 	 (   6 ,  240.000 ,  480.000 ,        0 ,  401.861 ,  421.560 ,    0.000 ,  421.560 ,  424.560 ,    0.000 ,   13.646 ,   19.699 ,    7.565 ,        6 , 	)
 150 	 (   3 ,  344.000 ,  519.000 ,        0 ,  431.573 ,  451.272 ,    0.000 ,  451.272 ,  454.272 ,   46.573 ,   13.646 ,   19.699 ,    3.441 ,        7 , 	)
  73 	 (   6 ,  240.000 ,  480.000 ,        0 ,  446.655 ,  466.354 ,    0.000 ,  466.354 ,  469.354 ,    0.000 ,   13.646 ,   19.699 ,    4.832 ,        8 , 	)
   3 	 (   7 ,  480.000 ,  720.000 ,        0 ,  470.305 ,  490.005 ,    0.000 ,  490.005 ,  491.005 ,    0.000 ,   13.889 ,   10.005 ,    0.942 ,        9 , 	)
 139 	 (   4 ,  362.000 ,  602.000 ,        0 ,  485.906 ,  495.911 ,    0.000 ,  495.911 ,  498.911 ,   71.350 ,   13.889 ,   10.005 ,    3.004 ,       10 , 	)
  69 	 (   8 ,  480.000 ,  660.000 ,        0 ,  515.721 ,  525.726 ,    0.000 ,  525.726 ,  529.726 ,    0.000 ,   13.889 ,   10.005 ,    5.648 ,       11 , 	)
 162 	 (   5 ,  433.000 ,  553.000 ,        0 ,  529.107 ,  539.111 ,    0.000 ,  539.111 ,  542.111 ,   69.757 ,   13.889 ,   10.005 ,    3.971 ,       12 , 	)
  59 	 (   8 ,  480.000 ,  600.000 ,        0 ,  563.214 ,  573.218 ,    0.000 ,  573.218 ,  576.218 ,    0.000 ,   16.005 ,   10.005 ,    2.242 ,       13 , 	)
  92 	 (   7 ,  613.000 ,  793.000 ,        0 ,  602.995 ,  613.000 ,    0.000 ,  613.000 ,  614.000 ,  121.995 ,   16.005 ,    0.000 ,   10.086 ,       14 , 	)
  51 	 (   8 ,  540.000 ,  720.000 ,        0 ,  634.146 ,  634.146 ,    0.000 ,  634.146 ,  635.146 ,    0.000 ,   85.854 ,    0.000 ,   18.013 ,       15 , 	)
 158 	 (   4 ,  610.000 ,  850.000 ,        0 ,  645.280 ,  645.280 ,    0.000 ,  645.280 ,  649.280 ,  115.555 ,   25.392 ,    0.000 ,    0.862 ,       16 , 	)
 148 	 (   1 ,  590.000 ,  830.000 ,        0 ,  662.280 ,  662.280 ,    0.000 ,  662.280 ,  665.280 ,   86.062 ,   25.392 ,    0.000 ,    4.861 ,       17 , 	)
 140 	 (   0 ,  589.000 ,  769.000 ,        0 ,  675.753 ,  675.753 ,    0.000 ,  675.753 ,  676.753 ,   40.608 ,   25.392 ,    0.000 ,    1.098 ,       18 , 	)
 179 	 (   0 ,    0.000 , 1440.000 ,        0 ,  707.947 ,  707.947 ,    0.000 ,  707.947 ,  707.947 ,    0.000 ,  732.053 ,    0.000 ,    0.000 ,       19 , 	)

	14 sommets 
	values : ( Cost : 411.489 , TRT : 469.293 , TWT : 121.903 , TD : 476.776 )
	violations : ( VC :       0 , VTW :   0.000 , VTD :   0.000 , VTRT :   0.000 )
	cout global : (   0.000	 )
S(i)	 (   C ,     TW0 ,       TW1 ,       VTW ,       Min ,       A ,       W ,       B ,       D ,       L ,       F ,       E ,       Det ,       [Imp ,       Imp]	)
   0 	 (   0 ,    0.000 , 1440.000 ,        0 ,    0.000 ,  300.735 ,    0.000 ,  300.735 ,  300.735 ,    0.000 ,    0.000 ,  300.735 ,    0.000 ,        0 , 	)
   8 	 (   4 ,  300.000 ,  480.000 ,        0 ,   19.074 ,  319.810 ,    0.000 ,  319.810 ,  323.810 ,    0.000 ,    0.000 ,   19.810 ,  -16.389 ,        1 , 	)
  88 	 (   8 ,  300.000 ,  480.000 ,        0 ,  323.611 ,  343.420 ,    0.000 ,  343.420 ,  347.420 ,    0.000 ,    0.000 ,   19.810 ,    2.113 ,        2 , 	)
  97 	 (   4 ,  336.000 ,  568.000 ,        0 ,  341.349 ,  361.159 ,    0.000 ,  361.159 ,  365.159 ,   37.349 ,    0.000 ,   19.810 ,    2.524 ,        3 , 	)
 177 	 (   0 ,  359.000 ,  599.000 ,        0 ,  377.046 ,  396.856 ,    0.000 ,  396.856 ,  400.856 ,   49.435 ,    0.000 ,   19.810 ,    1.275 ,        4 , 	)
  32 	 (   4 ,  240.000 ,  480.000 ,        0 ,  396.190 ,  416.000 ,    0.000 ,  416.000 ,  420.000 ,    0.000 ,    0.000 ,   19.810 ,    0.000 ,        5 , 	)
  39 	 (   7 ,  240.000 ,  420.000 ,        0 ,  400.190 ,  420.000 ,    0.000 ,  420.000 ,  423.000 ,    0.000 ,    0.000 ,   19.810 ,    0.000 ,        6 , 	)
 121 	 (   3 ,  306.000 ,  546.000 ,        0 ,  434.698 ,  454.508 ,    0.000 ,  454.508 ,  458.508 ,   34.508 ,    7.192 ,   19.810 ,    3.443 ,        7 , 	)
  55 	 (   6 ,  240.000 ,  480.000 ,        0 ,  452.999 ,  472.808 ,    7.192 ,  480.000 ,  483.000 ,    0.000 ,    0.000 ,   27.001 ,    0.492 ,        8 , 	)
 128 	 (   3 ,  330.000 ,  510.000 ,        0 ,  461.194 ,  488.195 ,    0.000 ,  488.195 ,  491.195 ,   65.195 ,   21.805 ,   27.001 ,    5.765 ,        9 , 	)
  54 	 (   4 ,  522.000 ,  699.341 ,        0 ,  489.452 ,  516.453 ,   36.258 ,  552.711 ,  553.711 ,    0.000 ,    0.000 ,   30.711 ,   22.674 ,       10 , 	)
 144 	 (   1 ,  376.000 ,  616.000 ,        0 ,  585.289 ,  616.000 ,    0.000 ,  616.000 ,  619.000 ,  133.000 ,    0.000 ,   30.711 ,    5.176 ,       11 , 	)
 143 	 (   0 ,  711.000 ,  771.000 ,        0 ,  601.835 ,  632.547 ,   78.453 ,  711.000 ,  712.000 ,  157.289 ,   30.711 ,    0.000 ,   21.917 ,       12 , 	)
 179 	 (   0 ,    0.000 , 1440.000 ,        0 ,  770.029 ,  770.029 ,    0.000 ,  770.029 ,  770.029 ,    0.000 ,  669.971 ,    0.000 ,    0.000 ,       13 , 	)

	22 sommets 
	values : ( Cost : 445.335 , TRT : 376.838 , TWT :   0.000 , TD : 658.670 )
	violations : ( VC :       0 , VTW :   0.000 , VTD :   0.000 , VTRT :   0.000 )
	cout global : (   0.000	 )
S(i)	 (   C ,     TW0 ,       TW1 ,       VTW ,       Min ,       A ,       W ,       B ,       D ,       L ,       F ,       E ,       Det ,       [Imp ,       Imp]	)
   0 	 (   0 ,    0.000 , 1440.000 ,        0 ,    0.000 ,  585.665 ,    0.000 ,  585.665 ,  585.665 ,    0.000 ,   20.427 ,  585.665 ,    0.000 ,        0 , 	)
  66 	 (   2 ,  480.000 ,  660.000 ,        0 ,    8.458 ,  594.123 ,    0.000 ,  594.123 ,  596.123 ,    0.000 ,   20.427 ,  114.123 ,    0.819 ,        1 , 	)
   4 	 (   3 ,  540.000 ,  720.000 ,        0 ,  519.877 ,  634.001 ,    0.000 ,  634.001 ,  635.001 ,    0.000 ,   20.427 ,   94.001 ,    6.644 ,        2 , 	)
  25 	 (   6 ,  540.000 ,  720.000 ,        0 ,  547.441 ,  641.442 ,    0.000 ,  641.442 ,  644.442 ,    0.000 ,   20.427 ,   94.001 ,    5.702 ,        3 , 	)
 155 	 (   4 ,  515.000 ,  747.000 ,        0 ,  557.696 ,  651.697 ,    0.000 ,  651.697 ,  653.697 ,   55.574 ,   20.427 ,   94.001 ,    1.630 ,        4 , 	)
  93 	 (   3 ,  595.000 ,  775.000 ,        0 ,  580.756 ,  674.756 ,    0.000 ,  674.756 ,  675.756 ,   39.756 ,   20.427 ,   79.756 ,    0.451 ,        5 , 	)
  65 	 (   7 ,  480.000 ,  720.000 ,        0 ,  606.302 ,  686.059 ,    0.000 ,  686.059 ,  690.059 ,    0.000 ,   20.427 ,   79.756 ,    7.929 ,        6 , 	)
   2 	 (   8 ,  540.000 ,  720.000 ,        0 ,  619.817 ,  699.573 ,    0.000 ,  699.573 ,  700.573 ,    0.000 ,   20.427 ,   79.756 ,   10.799 ,        7 , 	)
 154 	 (   4 ,  576.000 ,  756.000 ,        0 ,  645.563 ,  725.320 ,    0.000 ,  725.320 ,  729.320 ,   35.261 ,   30.680 ,   79.756 ,   -2.423 ,        8 , 	)
 114 	 (   1 ,  745.000 ,  865.000 ,        0 ,  665.244 ,  745.000 ,    0.000 ,  745.000 ,  748.000 ,  100.558 ,   42.614 ,    0.000 ,    0.160 ,        9 , 	)
  64 	 (   2 ,  761.000 ,  925.383 ,        0 ,  784.938 ,  784.938 ,    0.000 ,  784.938 ,  785.938 ,    0.000 ,   42.614 ,    0.000 ,   26.698 ,       10 , 	)
  20 	 (   6 ,  732.000 ,  960.000 ,        0 ,  806.192 ,  806.192 ,    0.000 ,  806.192 ,  810.192 ,    0.000 ,   10.514 ,    0.000 ,    2.198 ,       11 , 	)
  91 	 (   5 ,  709.000 ,  889.000 ,        0 ,  826.176 ,  826.176 ,    0.000 ,  826.176 ,  827.176 ,  125.603 ,   10.514 ,    0.000 ,   14.808 ,       12 , 	)
  30 	 (   6 ,  780.000 ,  900.000 ,        0 ,  837.286 ,  837.286 ,    0.000 ,  837.286 ,  838.286 ,    0.000 ,   10.514 ,    0.000 ,    0.886 ,       13 , 	)
 153 	 (   5 ,  833.000 ,  953.000 ,        0 ,  846.424 ,  846.424 ,    0.000 ,  846.424 ,  847.424 ,   60.486 ,   10.514 ,    0.000 ,    1.458 ,       14 , 	)
  53 	 (   6 ,  720.000 ,  900.000 ,        0 ,  857.386 ,  857.386 ,    0.000 ,  857.386 ,  858.386 ,    0.000 ,   13.577 ,    0.000 ,    1.365 ,       15 , 	)
 119 	 (   5 ,  815.000 ,  988.000 ,        0 ,  873.580 ,  873.580 ,    0.000 ,  873.580 ,  874.580 ,   35.294 ,   13.577 ,    0.000 ,    0.001 ,       16 , 	)
  86 	 (   8 ,  792.000 ,  953.986 ,        0 ,  885.637 ,  885.637 ,    0.000 ,  885.637 ,  888.637 ,    0.000 ,   13.577 ,    0.000 ,   -7.118 ,       17 , 	)
 109 	 (   4 ,  839.000 , 1019.000 ,        0 ,  899.615 ,  899.615 ,    0.000 ,  899.615 ,  903.615 ,   89.423 ,   13.577 ,    0.000 ,   10.259 ,       18 , 	)
 142 	 (   3 ,  782.000 , 1022.000 ,        0 ,  927.135 ,  927.135 ,    0.000 ,  927.135 ,  928.135 ,   68.749 ,   19.033 ,    0.000 ,    8.220 ,       19 , 	)
 175 	 (   0 ,  862.000 ,  982.000 ,        0 ,  936.604 ,  936.604 ,    0.000 ,  936.604 ,  939.604 ,   47.967 ,   19.033 ,    0.000 ,    0.644 ,       20 , 	)
 179 	 (   0 ,    0.000 , 1440.000 ,        0 ,  962.504 ,  962.504 ,    0.000 ,  962.504 ,  962.504 ,    0.000 ,  477.496 ,    0.000 ,    0.000 ,       21 , 	)

	26 sommets 
	values : ( Cost : 511.065 , TRT : 428.259 , TWT :   0.000 , TD : 865.525 )
	violations : ( VC :       0 , VTW :   0.000 , VTD :   0.000 , VTRT :   0.000 )
	cout global : (   0.000	 )
S(i)	 (   C ,     TW0 ,       TW1 ,       VTW ,       Min ,       A ,       W ,       B ,       D ,       L ,       F ,       E ,       Det ,       [Imp ,       Imp]	)
   0 	 (   0 ,    0.000 , 1440.000 ,        0 ,    0.000 ,  833.112 ,    0.000 ,  833.112 ,  833.112 ,    0.000 ,   12.291 ,  833.112 ,    0.000 ,        0 , 	)
  14 	 (   2 ,  780.000 ,  960.000 ,        0 ,    2.775 ,  835.887 ,    0.000 ,  835.887 ,  837.887 ,    0.000 ,   12.291 ,   55.887 ,    0.224 ,        1 , 	)
  80 	 (   3 ,  720.000 ,  960.000 ,        0 ,  797.478 ,  853.365 ,    0.000 ,  853.365 ,  854.365 ,    0.000 ,   12.291 ,   55.887 ,    5.662 ,        2 , 	)
  11 	 (   4 ,  720.000 ,  900.000 ,        0 ,  817.118 ,  873.005 ,    0.000 ,  873.005 ,  874.005 ,    0.000 ,   12.291 ,   55.887 ,    9.454 ,        3 , 	)
  47 	 (   6 ,  780.000 ,  960.000 ,        0 ,  832.772 ,  888.659 ,    0.000 ,  888.659 ,  890.659 ,    0.000 ,   12.291 ,   55.887 ,    8.562 ,        4 , 	)
  19 	 (   7 ,  720.000 ,  960.000 ,        0 ,  859.028 ,  914.915 ,    0.000 ,  914.915 ,  915.915 ,    0.000 ,   12.291 ,   55.887 ,    8.052 ,        5 , 	)
 169 	 (   6 ,  871.000 , 1111.000 ,        0 ,  871.598 ,  927.485 ,    0.000 ,  927.485 ,  928.485 ,   73.120 ,   12.291 ,   55.887 ,    0.819 ,        6 , 	)
 103 	 (   4 ,  875.000 , 1115.000 ,        0 ,  880.851 ,  936.738 ,    0.000 ,  936.738 ,  938.738 ,   98.851 ,   12.291 ,   55.887 ,    6.149 ,        7 , 	)
 136 	 (   2 ,  824.000 , 1060.000 ,        0 ,  898.894 ,  954.781 ,    0.000 ,  954.781 ,  956.781 ,   64.122 ,   12.291 ,   55.887 ,    1.614 ,        8 , 	)
 100 	 (   1 ,  819.000 , 1059.000 ,        0 ,  920.738 ,  976.626 ,    0.000 ,  976.626 ,  977.626 ,  102.620 ,   12.291 ,   55.887 ,    3.495 ,        9 , 	)
 108 	 (   0 ,  838.000 , 1018.000 ,        0 ,  926.189 ,  982.077 ,    0.000 ,  982.077 ,  983.077 ,   66.162 ,   12.291 ,   55.887 ,    1.215 ,       10 , 	)
  31 	 (   2 ,  960.000 , 1140.000 ,        0 ,  932.247 ,  988.135 ,    0.000 ,  988.135 ,  990.135 ,    0.000 ,   12.291 ,   28.135 ,    8.900 ,       11 , 	)
  27 	 (   3 ,  960.000 , 1080.000 ,        0 ,  978.692 , 1006.826 ,    0.000 , 1006.826 , 1007.826 ,    0.000 ,   12.291 ,   28.135 ,    4.295 ,       12 , 	)
  36 	 (   5 , 1020.000 , 1200.000 ,        0 ,  993.964 , 1022.098 ,    0.000 , 1022.098 , 1024.098 ,    0.000 ,   12.291 ,    2.098 ,    0.000 ,       13 , 	)
 120 	 (   3 , 1014.000 , 1194.000 ,        0 , 1022.000 , 1024.098 ,    0.000 , 1024.098 , 1026.098 ,   33.964 ,   12.291 ,    2.098 ,    0.000 ,       14 , 	)
  12 	 (   4 ,  960.000 , 1200.000 ,        0 , 1052.943 , 1055.041 ,    0.000 , 1055.041 , 1056.041 ,    0.000 ,   12.291 ,    2.098 ,   -1.882 ,       15 , 	)
  22 	 (   8 ,  960.000 , 1200.000 ,        0 , 1076.226 , 1078.325 ,    0.000 , 1078.325 , 1082.325 ,    0.000 ,   12.291 ,    2.098 ,    1.089 ,       16 , 	)
 116 	 (   7 , 1042.000 , 1271.000 ,        0 , 1088.886 , 1090.984 ,    0.000 , 1090.984 , 1091.984 ,   83.158 ,   12.291 ,    2.098 ,    7.223 ,       17 , 	)
 101 	 (   6 , 1019.000 , 1259.000 ,        0 , 1096.016 , 1098.114 ,    0.000 , 1098.114 , 1099.114 ,   42.073 ,   12.291 ,    2.098 ,   -1.807 ,       18 , 	)
 125 	 (   4 , 1115.000 , 1295.000 ,        0 , 1112.902 , 1115.000 ,    0.000 , 1115.000 , 1117.000 ,   90.902 ,   12.291 ,    0.000 ,   -2.464 ,       19 , 	)
  89 	 (   8 , 1020.000 , 1200.000 ,        0 , 1138.179 , 1138.179 ,    0.000 , 1138.179 , 1142.179 ,    0.000 ,   12.291 ,    0.000 ,   22.385 ,       20 , 	)
 111 	 (   4 , 1046.000 , 1286.000 ,        0 , 1179.286 , 1179.286 ,    0.000 , 1179.286 , 1183.286 ,   96.961 ,   12.291 ,   -0.000 ,    8.561 ,       21 , 	)
  71 	 (   5 , 1020.000 , 1200.000 ,        0 , 1187.709 , 1187.709 ,    0.000 , 1187.709 , 1188.709 ,    0.000 ,   12.291 ,   -0.000 ,    6.644 ,       22 , 	)
 178 	 (   1 , 1093.000 , 1273.000 ,        0 , 1214.568 , 1214.568 ,    0.000 , 1214.568 , 1218.568 ,   72.389 ,   21.611 ,   -0.000 ,    3.175 ,       23 , 	)
 160 	 (   0 , 1058.000 , 1292.000 ,        0 , 1229.913 , 1229.913 ,    0.000 , 1229.913 , 1230.913 ,   41.204 ,   49.796 ,   -0.000 ,  -13.271 ,       24 , 	)
 179 	 (   0 ,    0.000 , 1440.000 ,        0 , 1261.371 , 1261.371 ,    0.000 , 1261.371 , 1261.371 ,    0.000 ,  178.629 ,   -0.000 ,    0.000 ,       25 , 	)

	18 sommets 
	values : ( Cost : 436.814 , TRT : 429.492 , TWT :  67.060 , TD : 603.662 )
	violations : ( VC :       0 , VTW :   0.000 , VTD :   0.000 , VTRT :   0.000 )
	cout global : (   0.000	 )
S(i)	 (   C ,     TW0 ,       TW1 ,       VTW ,       Min ,       A ,       W ,       B ,       D ,       L ,       F ,       E ,       Det ,       [Imp ,       Imp]	)
   0 	 (   0 ,    0.000 , 1440.000 ,        0 ,    0.000 ,  195.037 ,    0.000 ,  195.037 ,  195.037 ,    0.000 ,    0.000 ,  195.037 ,    0.000 ,        0 , 	)
  21 	 (   3 ,  240.000 ,  480.000 ,        0 ,   88.556 ,  283.592 ,    0.000 ,  283.592 ,  286.592 ,    0.000 ,    0.000 ,   43.592 ,   18.507 ,        1 , 	)
  41 	 (   7 ,  240.000 ,  360.000 ,        0 ,  257.785 ,  301.377 ,    0.000 ,  301.377 ,  305.377 ,    0.000 ,    0.000 ,   43.592 ,    7.702 ,        2 , 	)
 110 	 (   4 ,  288.000 ,  528.000 ,        0 ,  277.340 ,  320.932 ,    0.000 ,  320.932 ,  323.932 ,   34.340 ,    0.000 ,   32.932 ,   -1.756 ,        3 , 	)
  75 	 (   5 ,  240.000 ,  480.000 ,        0 ,  292.656 ,  325.589 ,    0.000 ,  325.589 ,  326.589 ,    0.000 ,    0.000 ,   32.932 ,    0.604 ,        4 , 	)
  68 	 (   6 ,  283.000 ,  382.994 ,        0 ,  313.257 ,  346.189 ,    0.000 ,  346.189 ,  347.189 ,    0.000 ,    0.000 ,   32.932 ,    8.287 ,        5 , 	)
  37 	 (   8 ,  240.000 ,  480.000 ,        0 ,  318.864 ,  351.796 ,    0.000 ,  351.796 ,  353.796 ,    0.000 ,    0.000 ,   32.932 ,    0.901 ,        6 , 	)
 157 	 (   7 ,  348.000 ,  408.000 ,        0 ,  341.164 ,  374.096 ,    0.000 ,  374.096 ,  375.096 ,   26.907 ,    0.000 ,   26.096 ,    2.084 ,        7 , 	)
 130 	 (   3 ,  337.000 ,  577.000 ,        0 ,  381.084 ,  407.180 ,    0.000 ,  407.180 ,  411.180 ,  101.803 ,    0.000 ,   26.096 ,    3.440 ,        8 , 	)
 164 	 (   2 ,  371.000 ,  551.000 ,        0 ,  400.523 ,  426.620 ,    0.000 ,  426.620 ,  427.620 ,  100.031 ,    0.000 ,   26.096 ,    4.885 ,        9 , 	)
  60 	 (   6 ,  240.000 ,  480.000 ,        0 ,  413.052 ,  439.148 ,    0.000 ,  439.148 ,  443.148 ,    0.000 ,    0.000 ,   26.096 ,    2.831 ,       10 , 	)
 149 	 (   2 ,  336.000 ,  516.000 ,        0 ,  440.377 ,  466.473 ,    0.000 ,  466.473 ,  470.473 ,   23.325 ,    0.000 ,   26.096 ,   -8.125 ,       11 , 	)
  57 	 (   3 ,  240.000 ,  480.000 ,        0 ,  453.904 ,  480.000 ,    0.000 ,  480.000 ,  481.000 ,    0.000 ,    0.000 ,   26.096 ,   11.773 ,       12 , 	)
  24 	 (   4 ,  480.000 ,  660.000 ,        0 ,  461.104 ,  487.200 ,   22.269 ,  509.469 ,  510.469 ,    0.000 ,    0.000 ,   29.469 ,    1.817 ,       13 , 	)
 126 	 (   2 ,  449.000 ,  629.000 ,        0 ,  483.053 ,  512.523 ,    0.000 ,  512.523 ,  514.523 ,  158.726 ,    0.000 ,   29.469 ,    0.926 ,       14 , 	)
 146 	 (   1 ,  298.000 ,  538.000 ,        0 ,  508.531 ,  538.000 ,    0.000 ,  538.000 ,  539.000 ,   57.000 ,    0.000 ,   29.469 ,    3.150 ,       15 , 	)
 113 	 (   0 ,  612.000 ,  732.000 ,        0 ,  537.740 ,  567.209 ,   44.791 ,  612.000 ,  613.000 ,  101.531 ,   34.469 ,    0.000 ,   23.092 ,       16 , 	)
 179 	 (   0 ,    0.000 , 1440.000 ,        0 ,  624.529 ,  624.529 ,    0.000 ,  624.529 ,  624.529 ,    0.000 ,  815.471 ,    0.000 ,    0.000 ,       17 , 	)

	20 sommets 
	values : ( Cost : 439.291 , TRT : 377.665 , TWT :   7.371 , TD : 576.444 )
	violations : ( VC :       0 , VTW :   0.000 , VTD :   0.000 , VTRT :   0.000 )
	cout global : (   0.000	 )
S(i)	 (   C ,     TW0 ,       TW1 ,       VTW ,       Min ,       A ,       W ,       B ,       D ,       L ,       F ,       E ,       Det ,       [Imp ,       Imp]	)
   0 	 (   0 ,    0.000 , 1440.000 ,        0 ,    0.000 ,  786.611 ,    0.000 ,  786.611 ,  786.611 ,    0.000 ,    0.000 ,  786.611 ,    0.000 ,        0 , 	)
  79 	 (   1 ,  724.000 ,  960.000 ,        0 ,   18.029 ,  804.640 ,    0.000 ,  804.640 ,  805.640 ,    0.000 ,    0.000 ,   80.640 ,    7.295 ,        1 , 	)
  44 	 (   2 ,  734.000 ,  900.000 ,        0 ,  747.897 ,  828.537 ,    0.000 ,  828.537 ,  829.537 ,    0.000 ,    0.000 ,   80.640 ,    2.983 ,        2 , 	)
 168 	 (   1 ,  824.000 , 1004.000 ,        0 ,  766.160 ,  846.800 ,    0.000 ,  846.800 ,  847.800 ,   41.160 ,    0.000 ,   22.800 ,   18.814 ,        3 , 	)
  62 	 (   4 ,  747.000 ,  885.820 ,        0 ,  838.459 ,  861.259 ,    0.000 ,  861.259 ,  864.259 ,    0.000 ,    0.000 ,   22.800 ,    2.787 ,        4 , 	)
  46 	 (   8 ,  720.000 ,  960.000 ,        0 ,  847.738 ,  870.538 ,    0.000 ,  870.538 ,  874.538 ,    0.000 ,    0.000 ,   22.800 ,   -7.889 ,        5 , 	)
 151 	 (   5 ,  876.000 ,  936.000 ,        0 ,  884.750 ,  907.550 ,    0.000 ,  907.550 ,  910.550 ,   43.291 ,    0.000 ,   22.800 ,   -3.111 ,        6 , 	)
 135 	 (   1 ,  824.000 , 1064.000 ,        0 ,  902.066 ,  924.866 ,    0.000 ,  924.866 ,  928.866 ,   50.329 ,    0.000 ,   22.800 ,    0.298 ,        7 , 	)
 133 	 (   0 ,  914.000 ,  974.000 ,        0 ,  909.936 ,  932.736 ,    0.000 ,  932.736 ,  933.736 ,  103.199 ,    0.000 ,   18.736 ,    6.089 ,        8 , 	)
  63 	 (   3 ,  780.000 ,  960.000 ,        0 ,  938.264 ,  957.000 ,    0.000 ,  957.000 ,  960.000 ,    0.000 ,    0.000 ,   18.736 ,    0.000 ,        9 , 	)
   6 	 (   5 ,  720.000 ,  960.000 ,        0 ,  941.264 ,  960.000 ,    0.000 ,  960.000 ,  962.000 ,    0.000 ,    0.000 ,   18.736 ,    0.000 ,       10 , 	)
  26 	 (   8 ,  960.000 , 1200.000 ,        0 ,  971.714 ,  990.450 ,    6.362 ,  996.811 ,  999.811 ,    0.000 ,    0.000 ,   25.098 ,    5.170 ,       11 , 	)
  95 	 (   6 ,  889.000 , 1009.000 ,        0 ,  983.902 , 1009.000 ,    0.000 , 1009.000 , 1011.000 ,   47.000 ,    0.000 ,   25.098 ,    7.298 ,       12 , 	)
 152 	 (   3 ,  892.000 , 1072.000 ,        0 , 1005.768 , 1030.865 ,    0.000 , 1030.865 , 1033.865 ,   70.865 ,   41.135 ,   25.098 ,    0.698 ,       13 , 	)
  42 	 (   5 , 1059.000 , 1169.288 ,        0 , 1051.893 , 1076.991 ,    1.009 , 1078.000 , 1080.000 ,    0.000 ,   55.371 ,   19.000 ,    0.000 ,       14 , 	)
  74 	 (   6 , 1080.000 , 1200.000 ,        0 , 1061.000 , 1080.000 ,    0.000 , 1080.000 , 1081.000 ,    0.000 ,   14.371 ,    0.000 ,    0.000 ,       15 , 	)
 115 	 (   3 , 1088.000 , 1328.000 ,        0 , 1109.948 , 1109.948 ,    0.000 , 1109.948 , 1112.948 ,  110.137 ,   14.371 ,   -0.000 ,   12.295 ,       16 , 	)
 163 	 (   2 , 1110.538 , 1280.000 ,        0 , 1125.833 , 1125.833 ,    0.000 , 1125.833 , 1126.833 ,   44.833 ,   14.371 ,   -0.000 ,    4.090 ,       17 , 	)
 131 	 (   0 , 1141.000 , 1201.000 ,        0 , 1145.629 , 1145.629 ,    0.000 , 1145.629 , 1147.629 ,   65.629 ,   14.371 ,   -0.000 ,    2.247 ,       18 , 	)
 179 	 (   0 ,    0.000 , 1440.000 ,        0 , 1164.275 , 1164.275 ,    0.000 , 1164.275 , 1164.275 ,    0.000 ,  275.725 ,   -0.000 ,    0.000 ,       19 , 	)

	18 sommets 
	values : ( Cost : 422.322 , TRT : 345.535 , TWT :   0.000 , TD : 546.509 )
	violations : ( VC :       0 , VTW :   0.000 , VTD :   0.000 , VTRT :   0.000 )
	cout global : (   0.000	 )
S(i)	 (   C ,     TW0 ,       TW1 ,       VTW ,       Min ,       A ,       W ,       B ,       D ,       L ,       F ,       E ,       Det ,       [Imp ,       Imp]	)
   0 	 (   0 ,    0.000 , 1440.000 ,        0 ,    0.000 ,  248.944 ,    0.000 ,  248.944 ,  248.944 ,    0.000 ,    5.384 ,  248.944 ,    0.000 ,        0 , 	)
  82 	 (   1 ,  240.000 ,  480.000 ,        0 ,   21.116 ,  270.059 ,    0.000 ,  270.059 ,  271.059 ,    0.000 ,    5.384 ,   30.059 ,    1.271 ,        1 , 	)
  77 	 (   3 ,  240.000 ,  480.000 ,        0 ,  258.203 ,  288.262 ,    0.000 ,  288.262 ,  290.262 ,    0.000 ,    5.384 ,   30.059 ,    0.765 ,        2 , 	)
  56 	 (   4 ,  240.000 ,  480.000 ,        0 ,  280.994 ,  311.053 ,    0.000 ,  311.053 ,  312.053 ,    0.000 ,    5.384 ,   30.059 ,   -4.333 ,        3 , 	)
 166 	 (   2 ,  320.000 ,  560.000 ,        0 ,  296.295 ,  326.354 ,    0.000 ,  326.354 ,  328.354 ,   36.092 ,    5.384 ,    6.354 ,   -3.075 ,        4 , 	)
  16 	 (   6 ,  240.000 ,  420.000 ,        0 ,  341.131 ,  347.485 ,    0.000 ,  347.485 ,  351.485 ,    0.000 ,    5.384 ,    6.354 ,   -5.120 ,        5 , 	)
 145 	 (   5 ,  295.000 ,  535.000 ,        0 ,  349.656 ,  356.010 ,    0.000 ,  356.010 ,  357.010 ,   43.956 ,    5.384 ,    6.354 ,    0.982 ,        6 , 	)
 105 	 (   1 ,  307.000 ,  487.000 ,        0 ,  379.253 ,  385.608 ,    0.000 ,  385.608 ,  389.608 ,   34.123 ,    5.384 ,    6.354 ,    0.000 ,        7 , 	)
  34 	 (   2 ,  300.000 ,  480.000 ,        0 ,  383.253 ,  389.608 ,    0.000 ,  389.608 ,  390.608 ,    0.000 ,    5.384 ,    6.354 ,    0.000 ,        8 , 	)
  17 	 (   3 ,  255.000 ,  465.939 ,        0 ,  404.372 ,  410.726 ,    0.000 ,  410.726 ,  411.726 ,    0.000 ,    5.384 ,    6.354 ,    3.244 ,        9 , 	)
 106 	 (   2 ,  297.000 ,  477.000 ,        0 ,  415.433 ,  421.787 ,    0.000 ,  421.787 ,  422.787 ,   10.061 ,    5.384 ,    6.354 ,    0.471 ,       10 , 	)
 123 	 (   1 ,  345.000 ,  581.000 ,        0 ,  434.004 ,  440.358 ,    0.000 ,  440.358 ,  441.358 ,   49.750 ,    5.384 ,    6.354 ,   -3.026 ,       11 , 	)
  78 	 (   3 ,  360.000 ,  480.000 ,        0 ,  449.389 ,  455.744 ,    0.000 ,  455.744 ,  457.744 ,    0.000 ,    5.384 ,    6.354 ,    2.756 ,       12 , 	)
  18 	 (   5 ,  300.000 ,  480.000 ,        0 ,  468.262 ,  474.616 ,    0.000 ,  474.616 ,  476.616 ,    0.000 ,    5.384 ,    6.354 ,    2.353 ,       13 , 	)
 171 	 (   4 ,  487.000 ,  667.000 ,        0 ,  480.646 ,  487.000 ,    0.000 ,  487.000 ,  488.000 ,  215.941 ,   13.661 ,    0.000 ,   20.154 ,       14 , 	)
 107 	 (   2 ,  369.000 ,  549.000 ,        0 ,  531.863 ,  531.863 ,    0.000 ,  531.863 ,  533.863 ,   55.247 ,   13.661 ,    0.000 ,    2.241 ,       15 , 	)
 167 	 (   0 ,  417.000 ,  597.000 ,        0 ,  559.083 ,  559.083 ,    0.000 ,  559.083 ,  561.083 ,  101.339 ,   13.661 ,    0.000 ,   -0.124 ,       16 , 	)
 179 	 (   0 ,    0.000 , 1440.000 ,        0 ,  594.479 ,  594.479 ,    0.000 ,  594.479 ,  594.479 ,    0.000 ,  845.521 ,    0.000 ,    0.000 ,       17 , 	)

	12 sommets 
	values : ( Cost : 284.543 , TRT : 237.942 , TWT :   0.000 , TD : 343.389 )
	violations : ( VC :       0 , VTW :   0.000 , VTD :   0.000 , VTRT :   0.000 )
	cout global : (   0.000	 )
S(i)	 (   C ,     TW0 ,       TW1 ,       VTW ,       Min ,       A ,       W ,       B ,       D ,       L ,       F ,       E ,       Det ,       [Imp ,       Imp]	)
   0 	 (   0 ,    0.000 , 1440.000 ,        0 ,    0.000 ,  791.491 ,    0.000 ,  791.491 ,  791.491 ,    0.000 ,    3.404 ,  791.491 ,    0.000 ,        0 , 	)
  58 	 (   2 ,  781.000 ,  909.841 ,        0 ,   11.529 ,  803.020 ,    0.000 ,  803.020 ,  805.020 ,    0.000 ,    3.404 ,   22.020 ,   19.680 ,        1 , 	)
  83 	 (   3 ,  780.000 ,  960.000 ,        0 ,  808.792 ,  830.812 ,    0.000 ,  830.812 ,  831.812 ,    0.000 ,    3.404 ,   22.020 ,   -1.199 ,        2 , 	)
  45 	 (   7 ,  720.000 ,  960.000 ,        0 ,  819.446 ,  841.465 ,    0.000 ,  841.465 ,  845.465 ,    0.000 ,    3.404 ,   22.020 ,   15.950 ,        3 , 	)
 172 	 (   6 ,  871.000 , 1051.000 ,        0 ,  857.083 ,  879.102 ,    0.000 ,  879.102 ,  880.102 ,   47.290 ,    3.404 ,    8.102 ,    3.849 ,        4 , 	)
 147 	 (   4 ,  893.000 ,  953.000 ,        0 ,  884.898 ,  893.000 ,    0.000 ,  893.000 ,  895.000 ,   87.980 ,    3.404 ,    0.000 ,    3.838 ,        5 , 	)
  38 	 (   8 ,  720.000 ,  960.000 ,        0 ,  927.197 ,  927.197 ,    0.000 ,  927.197 ,  931.197 ,    0.000 ,    3.404 ,    0.000 ,   -0.367 ,        6 , 	)
 134 	 (   4 ,  899.000 , 1139.000 ,        0 ,  939.643 ,  939.643 ,    0.000 ,  939.643 ,  943.643 ,   94.177 ,    3.404 ,    0.000 ,    4.429 ,        7 , 	)
  49 	 (   5 ,  720.000 ,  960.000 ,        0 ,  956.596 ,  956.596 ,    0.000 ,  956.596 ,  957.596 ,    0.000 ,    3.404 ,    0.000 ,    2.882 ,        8 , 	)
 138 	 (   4 ,  911.000 , 1031.000 ,        0 ,  996.883 ,  996.883 ,    0.000 ,  996.883 ,  997.883 ,   39.286 ,   32.149 ,    0.000 ,    8.363 ,        9 , 	)
 127 	 (   0 ,  858.000 , 1038.000 ,        0 , 1005.851 , 1005.851 ,    0.000 , 1005.851 , 1009.851 ,   74.654 ,   32.149 ,    0.000 ,    4.611 ,       10 , 	)
 179 	 (   0 ,    0.000 , 1440.000 ,        0 , 1029.433 , 1029.433 ,    0.000 , 1029.433 , 1029.433 ,    0.000 ,  410.567 ,    0.000 ,    0.000 ,       11 , 	)

	16 sommets 
	values : ( Cost : 254.586 , TRT : 211.418 , TWT :   0.000 , TD : 513.061 )
	violations : ( VC :       0 , VTW :   0.000 , VTD :   0.000 , VTRT :   0.000 )
	cout global : (   0.000	 )
S(i)	 (   C ,     TW0 ,       TW1 ,       VTW ,       Min ,       A ,       W ,       B ,       D ,       L ,       F ,       E ,       Det ,       [Imp ,       Imp]	)
   0 	 (   0 ,    0.000 , 1440.000 ,        0 ,    0.000 ,  272.269 ,    0.000 ,  272.269 ,  272.269 ,    0.000 ,   89.691 ,  272.269 ,    0.000 ,        0 , 	)
  15 	 (   2 ,  240.000 ,  480.000 ,        0 ,   26.952 ,  299.221 ,    0.000 ,  299.221 ,  301.221 ,    0.000 ,   89.691 ,   59.221 ,    1.441 ,        1 , 	)
  67 	 (   3 ,  243.000 ,  480.000 ,        0 ,  246.947 ,  306.168 ,    0.000 ,  306.168 ,  307.168 ,    0.000 ,   64.308 ,   59.221 ,    1.990 ,        2 , 	)
   5 	 (   5 ,  240.000 ,  420.000 ,        0 ,  260.981 ,  320.202 ,    0.000 ,  320.202 ,  322.202 ,    0.000 ,   13.126 ,   59.221 ,   -2.412 ,        3 , 	)
  40 	 (   6 ,  300.000 ,  480.000 ,        0 ,  281.502 ,  340.723 ,    0.000 ,  340.723 ,  341.723 ,    0.000 ,   13.126 ,   40.723 ,   -2.558 ,        4 , 	)
  94 	 (   4 ,  347.000 ,  587.000 ,        0 ,  320.758 ,  361.481 ,    0.000 ,  361.481 ,  363.481 ,   39.279 ,    9.889 ,   14.481 ,    4.943 ,        5 , 	)
  33 	 (   5 ,  240.000 ,  480.000 ,        0 ,  351.850 ,  366.332 ,    0.000 ,  366.332 ,  367.332 ,    0.000 ,    9.889 ,   14.481 ,    0.540 ,        6 , 	)
 104 	 (   3 ,  341.000 ,  581.000 ,        0 ,  355.432 ,  369.914 ,    0.000 ,  369.914 ,  371.914 ,   68.692 ,    9.889 ,   14.481 ,    0.881 ,        7 , 	)
  72 	 (   5 ,  243.000 ,  480.000 ,        0 ,  360.099 ,  374.580 ,    0.000 ,  374.580 ,  376.580 ,    0.000 ,    9.889 ,   14.481 ,    3.081 ,        8 , 	)
  35 	 (   6 ,  240.000 ,  480.000 ,        0 ,  375.828 ,  390.309 ,    0.000 ,  390.309 ,  391.309 ,    0.000 ,    9.889 ,   14.481 ,    4.220 ,        9 , 	)
 156 	 (   5 ,  347.000 ,  527.000 ,        0 ,  382.561 ,  397.042 ,    0.000 ,  397.042 ,  398.042 ,   89.874 ,    9.889 ,   14.481 ,    0.865 ,       10 , 	)
 161 	 (   3 ,  349.000 ,  529.000 ,        0 ,  408.010 ,  422.491 ,    0.000 ,  422.491 ,  424.491 ,   45.911 ,    9.889 ,   14.481 ,   -6.204 ,       11 , 	)
 124 	 (   2 ,  451.000 ,  571.000 ,        0 ,  436.519 ,  451.000 ,    0.000 ,  451.000 ,  452.000 ,   59.691 ,    9.889 ,    0.000 ,   12.189 ,       12 , 	)
 122 	 (   1 ,  400.000 ,  580.000 ,        0 ,  458.835 ,  458.835 ,    0.000 ,  458.835 ,  459.835 ,   91.503 ,    9.889 ,    0.000 ,    0.000 ,       13 , 	)
 129 	 (   0 ,  396.000 ,  576.000 ,        0 ,  459.835 ,  459.835 ,    0.000 ,  459.835 ,  460.835 ,  118.111 ,    9.889 ,    0.000 ,    0.000 ,       14 , 	)
 179 	 (   0 ,    0.000 , 1440.000 ,        0 ,  483.687 ,  483.687 ,    0.000 ,  483.687 ,  483.687 ,    0.000 ,  956.313 ,    0.000 ,    0.000 ,       15 , 	)

	16 sommets 
	values : ( Cost : 377.305 , TRT : 458.934 , TWT : 125.246 , TD : 390.023 )
	violations : ( VC :       0 , VTW :   0.000 , VTD :   0.000 , VTRT :   0.000 )
	cout global : (   0.000	 )
S(i)	 (   C ,     TW0 ,       TW1 ,       VTW ,       Min ,       A ,       W ,       B ,       D ,       L ,       F ,       E ,       Det ,       [Imp ,       Imp]	)
   0 	 (   0 ,    0.000 , 1440.000 ,        0 ,    0.000 ,  454.198 ,    0.000 ,  454.198 ,  454.198 ,    0.000 ,    0.000 ,  454.198 ,    0.000 ,        0 , 	)
  81 	 (   2 ,  240.000 ,  480.000 ,        0 ,   25.802 ,  480.000 ,    0.000 ,  480.000 ,  482.000 ,    0.000 ,    0.000 ,  240.000 ,   15.601 ,        1 , 	)
   9 	 (   6 ,  480.000 ,  660.000 ,        0 ,  257.894 ,  497.894 ,   40.440 ,  538.334 ,  542.334 ,    0.000 ,    0.000 ,   58.334 ,    7.456 ,        2 , 	)
 170 	 (   4 ,  347.000 ,  587.000 ,        0 ,  528.666 ,  587.000 ,    0.000 ,  587.000 ,  589.000 ,  105.000 ,    0.000 ,   58.334 ,   10.580 ,        3 , 	)
  98 	 (   0 ,  584.000 ,  764.000 ,        0 ,  547.101 ,  605.435 ,    0.000 ,  605.435 ,  609.435 ,   63.101 ,   47.386 ,   21.435 ,    1.499 ,        4 , 	)
  84 	 (   4 ,  492.000 ,  713.814 ,        0 ,  598.883 ,  620.317 ,   47.386 ,  667.703 ,  671.703 ,    0.000 ,    0.000 ,   68.820 ,   -0.054 ,        5 , 	)
  87 	 (   7 ,  491.000 ,  714.863 ,        0 ,  606.964 ,  675.784 ,    0.000 ,  675.784 ,  678.784 ,    0.000 ,    0.000 ,   68.820 ,    0.393 ,        6 , 	)
 173 	 (   3 ,  563.000 ,  743.000 ,        0 ,  631.462 ,  700.283 ,    0.000 ,  700.283 ,  704.283 ,   28.580 ,    0.000 ,   68.820 ,   35.079 ,        7 , 	)
 176 	 (   0 ,  564.000 ,  744.000 ,        0 ,  675.180 ,  744.000 ,    0.000 ,  744.000 ,  747.000 ,   65.216 ,    0.000 ,   68.820 ,    0.000 ,        8 , 	)
  10 	 (   4 ,  720.000 ,  960.000 ,        0 ,  678.180 ,  747.000 ,   37.420 ,  784.420 ,  788.420 ,    0.000 ,  140.185 ,   64.420 ,    0.000 ,        9 , 	)
  76 	 (   8 ,  720.000 ,  960.000 ,        0 ,  743.326 ,  807.746 ,    0.000 ,  807.746 ,  811.746 ,    0.000 ,   64.605 ,   64.420 ,    0.548 ,       10 , 	)
  99 	 (   4 ,  784.000 , 1024.000 ,        0 ,  751.395 ,  815.815 ,    0.000 ,  815.815 ,  819.815 ,   27.395 ,   51.453 ,   31.815 ,    0.000 ,       11 , 	)
  23 	 (   8 ,  780.000 ,  960.000 ,        0 ,  788.000 ,  819.815 ,    0.000 ,  819.815 ,  823.815 ,    0.000 ,   51.453 ,   31.815 ,    0.000 ,       12 , 	)
 165 	 (   4 ,  795.000 , 1035.000 ,        0 ,  824.477 ,  856.292 ,    0.000 ,  856.292 ,  860.292 ,   44.547 ,   51.453 ,   31.815 ,    3.840 ,       13 , 	)
 112 	 (   0 ,  880.000 , 1060.000 ,        0 ,  848.185 ,  880.000 ,    0.000 ,  880.000 ,  884.000 ,   56.185 ,   72.815 ,    0.000 ,   -7.653 ,       14 , 	)
 179 	 (   0 ,    0.000 , 1440.000 ,        0 ,  913.132 ,  913.132 ,    0.000 ,  913.132 ,  913.132 ,    0.000 ,  526.868 ,    0.000 ,    0.000 ,       15 , 	)

	18 sommets 
	values : ( Cost : 337.010 , TRT : 332.011 , TWT :  32.620 , TD : 374.642 )
	violations : ( VC :       0 , VTW :   0.000 , VTD :   0.000 , VTRT :   0.000 )
	cout global : (   0.000	 )
S(i)	 (   C ,     TW0 ,       TW1 ,       VTW ,       Min ,       A ,       W ,       B ,       D ,       L ,       F ,       E ,       Det ,       [Imp ,       Imp]	)
   0 	 (   0 ,    0.000 , 1440.000 ,        0 ,    0.000 ,  273.531 ,    0.000 ,  273.531 ,  273.531 ,    0.000 ,    0.000 ,  273.531 ,    0.000 ,        0 , 	)
  43 	 (   2 ,  243.000 ,  420.000 ,        0 ,   22.256 ,  295.786 ,    0.000 ,  295.786 ,  297.786 ,    0.000 ,    0.000 ,   52.786 ,   20.568 ,        1 , 	)
  48 	 (   3 ,  240.000 ,  480.000 ,        0 ,  262.894 ,  315.680 ,    0.000 ,  315.680 ,  316.680 ,    0.000 ,    0.000 ,   52.786 ,  -11.986 ,        2 , 	)
  85 	 (   4 ,  277.000 ,  444.220 ,        0 ,  280.014 ,  332.801 ,    0.000 ,  332.801 ,  333.801 ,    0.000 ,    0.000 ,   52.786 ,   12.746 ,        3 , 	)
 174 	 (   3 ,  336.000 ,  456.000 ,        0 ,  291.795 ,  344.581 ,    0.000 ,  344.581 ,  345.581 ,   10.780 ,    0.000 ,    8.581 ,    7.297 ,        4 , 	)
 132 	 (   1 ,  349.000 ,  469.000 ,        0 ,  340.787 ,  349.368 ,    0.000 ,  349.368 ,  351.368 ,   51.582 ,    0.000 ,    0.368 ,    0.979 ,        5 , 	)
 137 	 (   0 ,  292.000 ,  532.000 ,        0 ,  365.765 ,  366.134 ,    0.000 ,  366.134 ,  367.134 ,   49.453 ,    0.000 ,    0.368 ,    7.530 ,        6 , 	)
   7 	 (   4 ,  240.000 ,  480.000 ,        0 ,  377.843 ,  378.211 ,    0.000 ,  378.211 ,  382.211 ,    0.000 ,    0.000 ,    0.368 ,    0.640 ,        7 , 	)
   1 	 (   8 ,  300.000 ,  480.000 ,        0 ,  390.365 ,  390.734 ,    0.000 ,  390.734 ,  394.734 ,    0.000 ,    0.000 ,    0.368 ,  -11.639 ,        8 , 	)
  96 	 (   4 ,  343.000 ,  583.000 ,        0 ,  423.977 ,  424.346 ,    0.000 ,  424.346 ,  428.346 ,   42.135 ,    0.000 ,    0.368 ,   18.573 ,        9 , 	)
  28 	 (   8 ,  250.000 ,  477.455 ,        0 ,  437.953 ,  438.321 ,    0.000 ,  438.321 ,  442.321 ,    0.000 ,    0.000 ,    0.368 ,   17.276 ,       10 , 	)
  90 	 (   4 ,  398.000 ,  578.000 ,        0 ,  454.938 ,  455.306 ,    0.000 ,  455.306 ,  459.306 ,   60.572 ,    0.000 ,    0.368 ,    5.134 ,       11 , 	)
  70 	 (   8 ,  300.000 ,  480.000 ,        0 ,  479.632 ,  480.000 ,    0.000 ,  480.000 ,  484.000 ,    0.000 ,    0.000 ,    0.368 ,    0.000 ,       12 , 	)
 117 	 (   4 ,  330.000 ,  510.000 ,        0 ,  483.632 ,  484.000 ,    0.000 ,  484.000 ,  488.000 ,   41.679 ,   26.000 ,    0.368 ,    0.000 ,       13 , 	)
  13 	 (   7 ,  480.000 ,  660.000 ,        0 ,  520.896 ,  521.265 ,   30.295 ,  551.559 ,  554.559 ,    0.000 ,    0.000 ,   30.663 ,    0.653 ,       14 , 	)
 159 	 (   3 ,  342.053 ,  560.000 ,        0 ,  529.337 ,  560.000 ,    0.000 ,  560.000 ,  564.000 ,   76.000 ,    0.000 ,   30.663 ,    4.276 ,       15 , 	)
 102 	 (   0 ,  597.000 ,  717.000 ,        0 ,  564.011 ,  594.674 ,    2.326 ,  597.000 ,  600.000 ,   42.441 ,   85.559 ,    0.000 ,    0.314 ,       16 , 	)
 179 	 (   0 ,    0.000 , 1440.000 ,        0 ,  605.542 ,  605.542 ,    0.000 ,  605.542 ,  605.542 ,    0.000 ,  834.458 ,    0.000 ,    0.000 ,       17 , 	)
