16
	VALUE ALL : ( Cost : 6153.150 , TRT : 5818.922 , TWT : 678.493 , TD : 8442.074 )
	VIOLATIONS TOTAL : ( VC :       0 , VTW :   0.000 , VTD :   0.000 , VTRT :   0.000 )
 	COUT_ALL : (   0.005 )  T2B:   13201

	12 sommets 
	values : ( Cost : 213.204 , TRT : 411.160 , TWT : 226.856 , TD : 207.011 )
	violations : ( VC :       0 , VTW :   0.000 , VTD :   0.000 , VTRT :   0.000 )
	cout global : (   0.000	 )
S(i)	 (   C ,     TW0 ,       TW1 ,       VTW ,       Min ,       A ,       W ,       B ,       D ,       L ,       F ,       E ,       Det ,       [Imp ,       Imp]	)
   0 	 (   0 ,    0.000 , 1440.000 ,        0 ,    0.000 ,  456.624 ,    0.000 ,  456.624 ,  456.624 ,    0.000 ,    0.000 ,  456.624 ,    0.000 ,        0 , 	)
  44 	 (   1 ,  300.000 ,  480.000 ,        0 ,    6.529 ,  463.153 ,    0.000 ,  463.153 ,  464.153 ,    0.000 ,    0.000 ,  163.153 ,    0.000 ,        1 , 	)
 100 	 (   3 ,  300.000 ,  480.000 ,        0 ,  301.000 ,  464.153 ,    0.000 ,  464.153 ,  466.153 ,    0.000 ,    0.000 ,  163.153 ,    0.000 ,        2 , 	)
  88 	 (   7 ,  240.000 ,  480.000 ,        0 ,  316.847 ,  480.000 ,    0.000 ,  480.000 ,  484.000 ,    0.000 ,    0.000 ,  163.153 ,    1.412 ,        3 , 	)
 163 	 (   6 ,  352.000 ,  532.000 ,        0 ,  334.718 ,  497.871 ,    0.000 ,  497.871 ,  498.871 ,   33.718 ,   34.129 ,  145.871 ,  -10.352 ,        4 , 	)
 207 	 (   2 ,  407.000 ,  587.000 ,        0 ,  378.981 ,  524.852 ,    0.000 ,  524.852 ,  528.852 ,   40.852 ,   38.933 ,  117.852 ,    5.421 ,        5 , 	)
 219 	 (   0 ,  359.000 ,  599.000 ,        0 ,  426.368 ,  544.220 ,    0.000 ,  544.220 ,  546.220 ,   78.067 ,   38.933 ,  117.852 ,    0.000 ,        6 , 	)
  33 	 (   1 ,  733.000 ,  953.076 ,        0 ,  428.368 ,  546.220 ,  226.856 ,  773.076 ,  774.076 ,    0.000 ,  142.269 ,   40.076 ,    0.000 ,        7 , 	)
 152 	 (   0 ,  798.000 ,  978.000 ,        0 ,  757.924 ,  798.000 ,    0.000 ,  798.000 ,  799.000 ,   23.924 ,   40.076 ,    0.000 ,   14.376 ,        8 , 	)
  87 	 (   4 ,  729.000 ,  959.550 ,        0 ,  817.280 ,  817.280 ,    0.000 ,  817.280 ,  821.280 ,    0.000 ,  142.269 ,    0.000 ,    7.844 ,        9 , 	)
 206 	 (   0 ,  814.000 ,  994.000 ,        0 ,  851.731 ,  851.731 ,    0.000 ,  851.731 ,  855.731 ,   30.450 ,   50.550 ,    0.000 ,    8.336 ,       10 , 	)
 239 	 (   0 ,    0.000 , 1440.000 ,        0 ,  867.784 ,  867.784 ,    0.000 ,  867.784 ,  867.784 ,    0.000 ,  572.216 ,    0.000 ,    0.000 ,       11 , 	)

	14 sommets 
	values : ( Cost : 369.811 , TRT : 319.774 , TWT :  27.720 , TD : 439.856 )
	violations : ( VC :       0 , VTW :   0.000 , VTD :   0.000 , VTRT :   0.000 )
	cout global : (   0.000	 )
S(i)	 (   C ,     TW0 ,       TW1 ,       VTW ,       Min ,       A ,       W ,       B ,       D ,       L ,       F ,       E ,       Det ,       [Imp ,       Imp]	)
   0 	 (   0 ,    0.000 , 1440.000 ,        0 ,    0.000 ,  280.476 ,    0.000 ,  280.476 ,  280.476 ,    0.000 ,    0.000 ,  280.476 ,    0.000 ,        0 , 	)
  91 	 (   1 ,  240.000 ,  480.000 ,        0 ,   17.920 ,  298.395 ,    0.000 ,  298.395 ,  299.395 ,    0.000 ,    0.000 ,   58.395 ,   19.062 ,        1 , 	)
 210 	 (   0 ,  313.000 ,  553.000 ,        0 ,  277.317 ,  335.712 ,    0.000 ,  335.712 ,  336.712 ,   36.317 ,    0.000 ,   22.712 ,    2.689 ,        2 , 	)
  34 	 (   1 ,  267.000 ,  466.571 ,        0 ,  353.695 ,  376.407 ,    0.000 ,  376.407 ,  377.407 ,    0.000 ,    0.000 ,   22.712 ,    7.755 ,        3 , 	)
 117 	 (   2 ,  240.000 ,  420.000 ,        0 ,  397.288 ,  420.000 ,    0.000 ,  420.000 ,  421.000 ,    0.000 ,    0.000 ,   22.712 ,    6.109 ,        4 , 	)
  23 	 (   4 ,  300.000 ,  480.000 ,        0 ,  412.171 ,  434.883 ,    6.401 ,  441.283 ,  443.283 ,    0.000 ,    0.000 ,   29.113 ,    1.783 ,        5 , 	)
  77 	 (   5 ,  240.000 ,  480.000 ,        0 ,  434.944 ,  464.057 ,    0.000 ,  464.057 ,  465.057 ,    0.000 ,    0.000 ,   29.113 ,    5.489 ,        6 , 	)
 142 	 (   3 ,  433.000 ,  553.000 ,        0 ,  458.792 ,  487.905 ,    0.000 ,  487.905 ,  489.905 ,   44.622 ,    0.000 ,   29.113 ,    1.097 ,        7 , 	)
  50 	 (   4 ,  480.000 ,  720.000 ,        0 ,  464.792 ,  493.905 ,    0.000 ,  493.905 ,  494.905 ,    0.000 ,    0.000 ,   13.905 ,    0.353 ,        8 , 	)
 153 	 (   3 ,  395.000 ,  515.000 ,        0 ,  490.502 ,  504.407 ,    0.000 ,  504.407 ,  505.407 ,  127.000 ,    0.000 ,   13.905 ,    0.021 ,        9 , 	)
 196 	 (   2 ,  327.000 ,  567.000 ,        0 ,  496.090 ,  509.995 ,    0.000 ,  509.995 ,  510.995 ,   44.938 ,   51.115 ,   13.905 ,    0.220 ,       10 , 	)
 236 	 (   1 ,  343.000 ,  583.000 ,        0 ,  517.980 ,  531.885 ,    0.000 ,  531.885 ,  532.885 ,  110.885 ,   51.115 ,   13.905 ,    4.424 ,       11 , 	)
 169 	 (   0 ,  571.000 ,  811.000 ,        0 ,  535.775 ,  549.680 ,   21.320 ,  571.000 ,  572.000 ,   76.095 ,   44.905 ,    0.000 ,   -4.924 ,       12 , 	)
 239 	 (   0 ,    0.000 , 1440.000 ,        0 ,  600.250 ,  600.250 ,    0.000 ,  600.250 ,  600.250 ,    0.000 ,  839.750 ,    0.000 ,    0.000 ,       13 , 	)

	10 sommets 
	values : ( Cost : 290.990 , TRT : 329.047 , TWT :  92.257 , TD : 489.493 )
	violations : ( VC :       0 , VTW :   0.000 , VTD :   0.000 , VTRT :   0.000 )
	cout global : (   0.000	 )
S(i)	 (   C ,     TW0 ,       TW1 ,       VTW ,       Min ,       A ,       W ,       B ,       D ,       L ,       F ,       E ,       Det ,       [Imp ,       Imp]	)
   0 	 (   0 ,    0.000 , 1440.000 ,        0 ,    0.000 ,  905.925 ,    0.000 ,  905.925 ,  905.925 ,    0.000 ,    0.000 ,  905.925 ,    0.000 ,        0 , 	)
   6 	 (   3 ,  754.000 ,  950.794 ,        0 ,   18.421 ,  924.346 ,    0.000 ,  924.346 ,  927.346 ,    0.000 ,    0.000 ,  170.346 ,   22.734 ,        1 , 	)
  30 	 (   4 ,  780.000 ,  960.000 ,        0 ,  775.710 ,  946.056 ,    0.000 ,  946.056 ,  947.056 ,    0.000 ,    0.000 ,  166.056 ,   -0.071 ,        2 , 	)
  35 	 (   8 ,  960.000 , 1140.000 ,        0 ,  794.110 ,  960.165 ,    0.000 ,  960.165 ,  964.165 ,    0.000 ,    0.000 ,    0.165 ,    8.482 ,        3 , 	)
 149 	 (   7 ,  866.000 , 1046.000 ,        0 , 1002.561 , 1002.726 ,    0.000 , 1002.726 , 1003.726 ,   55.671 ,    0.000 ,    0.165 ,    1.437 ,        4 , 	)
  70 	 (   8 ,  965.000 , 1200.000 ,        0 , 1013.501 , 1013.666 ,    0.000 , 1013.666 , 1014.666 ,    0.000 ,    0.000 ,    0.165 ,    3.841 ,        5 , 	)
 125 	 (   5 ,  976.000 , 1036.000 ,        0 , 1035.835 , 1036.000 ,    0.000 , 1036.000 , 1039.000 ,  108.654 ,    0.000 ,    0.165 ,   36.361 ,        6 , 	)
 154 	 (   1 , 1085.000 , 1205.000 ,        0 , 1059.102 , 1059.267 ,   25.733 , 1085.000 , 1089.000 ,  120.835 ,    2.165 ,    0.000 ,    4.756 ,        7 , 	)
 189 	 (   0 , 1219.000 , 1279.000 ,        0 , 1152.476 , 1152.476 ,   66.524 , 1219.000 , 1220.000 ,  204.334 ,   48.666 ,    0.000 ,    9.758 ,        8 , 	)
 239 	 (   0 ,    0.000 , 1440.000 ,        0 , 1234.971 , 1234.971 ,    0.000 , 1234.971 , 1234.971 ,    0.000 ,  205.029 ,    0.000 ,    0.000 ,        9 , 	)

	16 sommets 
	values : ( Cost : 418.763 , TRT : 478.605 , TWT : 133.746 , TD : 527.572 )
	violations : ( VC :       0 , VTW :   0.000 , VTD :   0.000 , VTRT :   0.000 )
	cout global : (   0.000	 )
S(i)	 (   C ,     TW0 ,       TW1 ,       VTW ,       Min ,       A ,       W ,       B ,       D ,       L ,       F ,       E ,       Det ,       [Imp ,       Imp]	)
   0 	 (   0 ,    0.000 , 1440.000 ,        0 ,    0.000 ,  306.550 ,    0.000 ,  306.550 ,  306.550 ,    0.000 ,    0.000 ,  306.550 ,    0.000 ,        0 , 	)
   3 	 (   4 ,  300.000 ,  480.000 ,        0 ,    7.634 ,  314.183 ,    0.000 ,  314.183 ,  318.183 ,    0.000 ,    0.000 ,   14.183 ,   -1.915 ,        1 , 	)
 122 	 (   0 ,  345.000 ,  580.000 ,        0 ,  339.725 ,  353.908 ,    0.000 ,  353.908 ,  357.908 ,   35.725 ,    0.000 ,    8.908 ,    7.215 ,        2 , 	)
  86 	 (   1 ,  240.000 ,  480.000 ,        0 ,  369.991 ,  378.899 ,    0.000 ,  378.899 ,  379.899 ,    0.000 ,    0.000 ,    8.908 ,    5.225 ,        3 , 	)
  95 	 (   5 ,  300.000 ,  480.000 ,        0 ,  423.751 ,  432.659 ,    0.000 ,  432.659 ,  436.659 ,    0.000 ,    0.000 ,    8.908 ,    0.000 ,        4 , 	)
   8 	 (   6 ,  265.000 ,  469.773 ,        0 ,  427.751 ,  436.659 ,    0.000 ,  436.659 ,  437.659 ,    0.000 ,    0.000 ,    8.908 ,    0.000 ,        5 , 	)
  96 	 (   7 ,  240.000 ,  480.000 ,        0 ,  436.054 ,  444.962 ,    0.000 ,  444.962 ,  445.962 ,    0.000 ,    0.000 ,    8.908 ,    3.164 ,        6 , 	)
  97 	 (   8 ,  245.000 ,  480.000 ,        0 ,  465.811 ,  474.720 ,    0.000 ,  474.720 ,  475.720 ,    0.000 ,    0.000 ,    8.908 ,   -5.647 ,        7 , 	)
 127 	 (   7 ,  459.000 ,  519.000 ,        0 ,  484.650 ,  493.558 ,    0.000 ,  493.558 ,  494.558 ,   55.898 ,    0.000 ,    8.908 ,    1.020 ,        8 , 	)
 205 	 (   6 ,  397.000 ,  637.000 ,        0 ,  496.059 ,  504.967 ,    0.000 ,  504.967 ,  505.967 ,  125.068 ,    0.000 ,    8.908 ,    5.024 ,        9 , 	)
 216 	 (   5 ,  340.000 ,  520.000 ,        0 ,  511.092 ,  520.000 ,    0.000 ,  520.000 ,  521.000 ,   44.280 ,    0.000 ,    8.908 ,   17.632 ,       10 , 	)
 214 	 (   1 ,  434.000 ,  614.000 ,        0 ,  535.171 ,  544.079 ,    0.000 ,  544.079 ,  548.079 ,  107.420 ,   34.795 ,    8.908 ,    2.341 ,       11 , 	)
 215 	 (   0 ,  373.000 ,  613.000 ,        0 ,  569.297 ,  578.205 ,    0.000 ,  578.205 ,  579.205 ,  132.243 ,   34.795 ,    8.908 ,    0.962 ,       12 , 	)
  47 	 (   3 ,  720.000 ,  900.000 ,        0 ,  577.346 ,  586.254 ,  133.746 ,  720.000 ,  723.000 ,    0.000 ,  180.000 ,    0.000 ,    2.414 ,       13 , 	)
 166 	 (   0 ,  749.938 ,  975.000 ,        0 ,  749.938 ,  749.938 ,    0.000 ,  749.938 ,  752.938 ,   26.938 ,   45.062 ,    0.000 ,   -1.005 ,       14 , 	)
 239 	 (   0 ,    0.000 , 1440.000 ,        0 ,  785.155 ,  785.155 ,    0.000 ,  785.155 ,  785.155 ,    0.000 ,  654.845 ,    0.000 ,    0.000 ,       15 , 	)

	28 sommets 
	values : ( Cost : 568.171 , TRT : 475.196 , TWT :   0.000 , TD : 875.245 )
	violations : ( VC :       0 , VTW :   0.000 , VTD :   0.000 , VTRT :   0.000 )
	cout global : (   0.000	 )
S(i)	 (   C ,     TW0 ,       TW1 ,       VTW ,       Min ,       A ,       W ,       B ,       D ,       L ,       F ,       E ,       Det ,       [Imp ,       Imp]	)
   0 	 (   0 ,    0.000 , 1440.000 ,        0 ,    0.000 ,  595.830 ,    0.000 ,  595.830 ,  595.830 ,    0.000 ,    0.110 ,  595.830 ,    0.000 ,        0 , 	)
  21 	 (   2 ,  540.000 ,  660.000 ,        0 ,   17.920 ,  613.750 ,    0.000 ,  613.750 ,  615.750 ,    0.000 ,    0.110 ,   73.750 ,   12.270 ,        1 , 	)
 101 	 (   3 ,  480.000 ,  720.000 ,        0 ,  548.374 ,  622.124 ,    0.000 ,  622.124 ,  623.124 ,    0.000 ,    0.110 ,   73.750 ,    0.314 ,        2 , 	)
  31 	 (   5 ,  480.000 ,  720.000 ,        0 ,  575.035 ,  648.785 ,    0.000 ,  648.785 ,  650.785 ,    0.000 ,    0.110 ,   73.750 ,    6.188 ,        3 , 	)
  99 	 (   8 ,  540.000 ,  720.000 ,        0 ,  583.637 ,  657.386 ,    0.000 ,  657.386 ,  660.386 ,    0.000 ,    0.110 ,   73.750 ,    1.844 ,        4 , 	)
 220 	 (   7 ,  627.000 ,  807.000 ,        0 ,  596.149 ,  669.898 ,    0.000 ,  669.898 ,  670.898 ,   46.774 ,    0.110 ,   42.898 ,   -3.653 ,        5 , 	)
 218 	 (   4 ,  569.433 ,  794.000 ,        0 ,  641.268 ,  684.166 ,    0.000 ,  684.166 ,  687.166 ,   23.780 ,    0.110 ,   42.898 ,    2.063 ,        6 , 	)
 150 	 (   2 ,  554.000 ,  794.000 ,        0 ,  654.489 ,  697.387 ,    0.000 ,  697.387 ,  699.387 ,   46.602 ,    0.110 ,   42.898 ,    2.704 ,        7 , 	)
 140 	 (   0 ,  628.000 ,  858.000 ,        0 ,  664.688 ,  707.586 ,    0.000 ,  707.586 ,  709.586 ,   91.837 ,    0.110 ,   42.898 ,    7.621 ,        8 , 	)
 110 	 (   4 ,  720.000 ,  960.000 ,        0 ,  690.744 ,  733.642 ,    0.000 ,  733.642 ,  737.642 ,    0.000 ,    0.110 ,   13.642 ,    0.138 ,        9 , 	)
  82 	 (   5 ,  720.000 ,  960.000 ,        0 ,  743.741 ,  757.383 ,    0.000 ,  757.383 ,  758.383 ,    0.000 ,    0.110 ,   13.642 ,    5.665 ,       10 , 	)
  39 	 (   6 ,  720.000 ,  780.000 ,        0 ,  766.248 ,  779.890 ,    0.000 ,  779.890 ,  780.890 ,    0.000 ,    0.110 ,   13.642 ,   20.541 ,       11 , 	)
 158 	 (   5 ,  734.174 ,  817.000 ,        0 ,  780.422 ,  794.064 ,    0.000 ,  794.064 ,  795.064 ,   13.174 ,    2.400 ,   13.642 ,   25.109 ,       12 , 	)
  48 	 (   7 ,  780.000 ,  900.000 ,        0 ,  806.949 ,  820.591 ,    0.000 ,  820.591 ,  822.591 ,    0.000 ,    2.400 ,   13.642 ,   -4.990 ,       13 , 	)
 229 	 (   3 ,  821.000 , 1061.000 ,        0 ,  823.358 ,  837.000 ,    0.000 ,  837.000 ,  841.000 ,   99.358 ,    2.400 ,   13.642 ,    0.000 ,       14 , 	)
 201 	 (   2 ,  841.000 , 1021.000 ,        0 ,  827.358 ,  841.000 ,    0.000 ,  841.000 ,  842.000 ,   82.617 ,    2.400 ,    0.000 ,    0.000 ,       15 , 	)
   4 	 (   3 ,  720.000 ,  960.000 ,        0 ,  845.845 ,  845.845 ,    0.000 ,  845.845 ,  846.845 ,    0.000 ,    2.400 ,    0.000 ,    0.858 ,       16 , 	)
 111 	 (   5 ,  720.000 ,  960.000 ,        0 ,  857.162 ,  857.162 ,    0.000 ,  857.162 ,  859.162 ,    0.000 ,    2.400 ,    0.000 ,    0.000 ,       17 , 	)
 167 	 (   3 ,  806.757 ,  968.000 ,        0 ,  859.162 ,  859.162 ,    0.000 ,  859.162 ,  861.162 ,   36.571 ,    2.400 ,    0.000 ,    0.000 ,       18 , 	)
  29 	 (   4 ,  780.000 ,  960.000 ,        0 ,  878.195 ,  878.195 ,    0.000 ,  878.195 ,  879.195 ,    0.000 ,    2.400 ,    0.000 ,   -0.445 ,       19 , 	)
  24 	 (   7 ,  780.000 ,  960.000 ,        0 ,  891.860 ,  891.860 ,    0.000 ,  891.860 ,  894.860 ,    0.000 ,    2.400 ,    0.000 ,    5.102 ,       20 , 	)
  85 	 (   8 ,  769.000 ,  914.588 ,        0 ,  911.188 ,  911.188 ,    0.000 ,  911.188 ,  912.188 ,    0.000 ,    2.400 ,    0.000 ,    4.374 ,       21 , 	)
 123 	 (   7 ,  860.000 , 1100.000 ,        0 ,  927.600 ,  927.600 ,    0.000 ,  927.600 ,  928.600 ,   80.755 ,    2.400 ,    0.000 ,    0.000 ,       22 , 	)
 204 	 (   6 ,  811.000 ,  931.000 ,        0 ,  928.600 ,  928.600 ,    0.000 ,  928.600 ,  929.600 ,   16.412 ,    2.400 ,    0.000 ,    0.000 ,       23 , 	)
 148 	 (   5 ,  877.000 , 1057.000 ,        0 ,  950.118 ,  950.118 ,    0.000 ,  950.118 ,  951.118 ,   70.923 ,   52.001 ,    0.000 ,   15.440 ,       24 , 	)
 143 	 (   2 ,  907.000 , 1027.000 ,        0 ,  969.859 ,  969.859 ,    0.000 ,  969.859 ,  972.859 ,   74.999 ,   52.001 ,    0.000 ,    9.363 ,       25 , 	)
 230 	 (   0 ,  912.000 , 1152.000 ,        0 , 1050.605 , 1050.605 ,    0.000 , 1050.605 , 1052.605 ,  191.443 ,   63.557 ,    0.000 ,    9.101 ,       26 , 	)
 239 	 (   0 ,    0.000 , 1440.000 ,        0 , 1071.026 , 1071.026 ,    0.000 , 1071.026 , 1071.026 ,    0.000 ,  368.974 ,   -0.000 ,    0.000 ,       27 , 	)

	14 sommets 
	values : ( Cost : 315.194 , TRT : 299.117 , TWT :  28.129 , TD : 390.706 )
	violations : ( VC :       0 , VTW :   0.000 , VTD :   0.000 , VTRT :   0.000 )
	cout global : (   0.000	 )
S(i)	 (   C ,     TW0 ,       TW1 ,       VTW ,       Min ,       A ,       W ,       B ,       D ,       L ,       F ,       E ,       Det ,       [Imp ,       Imp]	)
   0 	 (   0 ,    0.000 , 1440.000 ,        0 ,    0.000 ,  802.449 ,    0.000 ,  802.449 ,  802.449 ,    0.000 ,    0.000 ,  802.449 ,    0.000 ,        0 , 	)
  69 	 (   4 ,  753.000 ,  937.545 ,        0 ,   15.841 ,  818.290 ,    0.000 ,  818.290 ,  822.290 ,    0.000 ,    0.000 ,   65.290 ,   12.896 ,        1 , 	)
  25 	 (   7 ,  720.000 ,  960.000 ,        0 ,  781.686 ,  846.976 ,    0.000 ,  846.976 ,  849.976 ,    0.000 ,    0.000 ,   65.290 ,    7.872 ,        2 , 	)
 188 	 (   3 ,  860.000 ,  980.000 ,        0 ,  806.327 ,  871.617 ,    0.000 ,  871.617 ,  875.617 ,   49.327 ,    0.000 ,   11.617 ,    0.860 ,        3 , 	)
 114 	 (   7 ,  780.000 ,  960.000 ,        0 ,  871.247 ,  882.865 ,    0.000 ,  882.865 ,  886.865 ,    0.000 ,    0.000 ,   11.617 ,    3.869 ,        4 , 	)
 233 	 (   3 ,  852.000 , 1032.000 ,        0 ,  909.780 ,  921.397 ,    0.000 ,  921.397 ,  925.397 ,   34.532 ,    0.000 ,   11.617 ,   12.900 ,        5 , 	)
  72 	 (   4 ,  720.000 ,  960.000 ,        0 ,  948.383 ,  960.000 ,    0.000 ,  960.000 ,  961.000 ,    0.000 ,    0.000 ,   11.617 ,   10.138 ,        6 , 	)
 144 	 (   1 ,  854.000 , 1034.000 ,        0 ,  959.667 ,  971.284 ,    0.000 ,  971.284 ,  974.284 ,  121.308 ,   14.692 ,   11.617 ,    8.553 ,        7 , 	)
 104 	 (   4 , 1020.000 , 1200.000 ,        0 ,  980.254 ,  991.871 ,   28.129 , 1020.000 , 1023.000 ,    0.000 ,    0.564 ,    0.000 ,    0.000 ,        8 , 	)
  62 	 (   6 ,  960.000 , 1140.000 ,        0 , 1023.000 , 1023.000 ,    0.000 , 1023.000 , 1025.000 ,    0.000 ,    0.564 ,    0.000 ,    0.000 ,        9 , 	)
 181 	 (   4 , 1002.000 , 1242.000 ,        0 , 1051.631 , 1051.631 ,    0.000 , 1051.631 , 1053.631 ,   26.631 ,    0.564 ,    0.000 ,    3.276 ,       10 , 	)
 191 	 (   3 ,  823.000 , 1063.000 ,        0 , 1062.436 , 1062.436 ,    0.000 , 1062.436 , 1063.436 ,  101.436 ,    0.564 ,   -0.000 ,    5.940 ,       11 , 	)
 223 	 (   0 , 1052.847 , 1283.000 ,        0 , 1080.471 , 1080.471 ,    0.000 , 1080.471 , 1083.471 ,   57.471 ,   22.529 ,   -0.000 ,    2.723 ,       12 , 	)
 239 	 (   0 ,    0.000 , 1440.000 ,        0 , 1101.565 , 1101.565 ,    0.000 , 1101.565 , 1101.565 ,    0.000 ,  338.435 ,   -0.000 ,    0.000 ,       13 , 	)

	26 sommets 
	values : ( Cost : 478.925 , TRT : 410.094 , TWT :   0.000 , TD : 878.937 )
	violations : ( VC :       0 , VTW :   0.000 , VTD :   0.000 , VTRT :   0.000 )
	cout global : (   0.000	 )
S(i)	 (   C ,     TW0 ,       TW1 ,       VTW ,       Min ,       A ,       W ,       B ,       D ,       L ,       F ,       E ,       Det ,       [Imp ,       Imp]	)
   0 	 (   0 ,    0.000 , 1440.000 ,        0 ,    0.000 ,  267.784 ,    0.000 ,  267.784 ,  267.784 ,    0.000 ,    6.105 ,  267.784 ,    0.000 ,        0 , 	)
  14 	 (   1 ,  300.000 ,  480.000 ,        0 ,   32.407 ,  300.191 ,    0.000 ,  300.191 ,  301.191 ,    0.000 ,    6.105 ,    0.191 ,   -3.841 ,        1 , 	)
  63 	 (   2 ,  240.000 ,  420.000 ,        0 ,  309.805 ,  309.996 ,    0.000 ,  309.996 ,  310.996 ,    0.000 ,    6.105 ,    0.191 ,    2.275 ,        2 , 	)
 102 	 (   3 ,  242.000 ,  420.000 ,        0 ,  328.835 ,  329.026 ,    0.000 ,  329.026 ,  330.026 ,    0.000 ,    6.105 ,    0.191 ,    4.828 ,        3 , 	)
  55 	 (   5 ,  300.000 ,  480.000 ,        0 ,  341.907 ,  342.098 ,    0.000 ,  342.098 ,  344.098 ,    0.000 ,    6.105 ,    0.191 ,    1.375 ,        4 , 	)
 112 	 (   6 ,  240.000 ,  480.000 ,        0 ,  350.823 ,  351.014 ,    0.000 ,  351.014 ,  352.014 ,    0.000 ,    6.105 ,    0.191 ,    8.129 ,        5 , 	)
 133 	 (   5 ,  368.000 ,  608.000 ,        0 ,  372.159 ,  372.350 ,    0.000 ,  372.350 ,  373.350 ,   71.159 ,    6.105 ,    0.191 ,    0.009 ,        6 , 	)
 109 	 (   6 ,  240.000 ,  480.000 ,        0 ,  377.595 ,  377.786 ,    0.000 ,  377.786 ,  378.786 ,    0.000 ,    6.105 ,    0.191 ,    2.312 ,        7 , 	)
 221 	 (   5 ,  350.000 ,  470.000 ,        0 ,  386.518 ,  386.709 ,    0.000 ,  386.709 ,  387.709 ,   56.683 ,    6.105 ,    0.191 ,    2.105 ,        8 , 	)
  46 	 (   7 ,  300.000 ,  480.000 ,        0 ,  398.908 ,  399.098 ,    0.000 ,  399.098 ,  401.098 ,    0.000 ,    6.105 ,    0.191 ,    7.185 ,        9 , 	)
  17 	 (   8 ,  343.000 ,  443.832 ,        0 ,  404.749 ,  404.940 ,    0.000 ,  404.940 ,  405.940 ,    0.000 ,    6.105 ,    0.191 ,   -0.232 ,       10 , 	)
 165 	 (   6 ,  336.000 ,  516.000 ,        0 ,  419.277 ,  419.468 ,    0.000 ,  419.468 ,  421.468 ,   18.370 ,    6.105 ,    0.191 ,    4.815 ,       11 , 	)
 182 	 (   5 ,  353.000 ,  593.000 ,        0 ,  435.504 ,  435.695 ,    0.000 ,  435.695 ,  436.695 ,  124.699 ,    6.105 ,    0.191 ,    0.000 ,       12 , 	)
 231 	 (   4 ,  361.000 ,  601.000 ,        0 ,  436.504 ,  436.695 ,    0.000 ,  436.695 ,  437.695 ,   84.681 ,    6.105 ,    0.191 ,    0.000 ,       13 , 	)
  36 	 (   8 ,  300.000 ,  480.000 ,        0 ,  437.504 ,  437.695 ,    0.000 ,  437.695 ,  441.695 ,    0.000 ,    6.105 ,    0.191 ,    0.000 ,       14 , 	)
 174 	 (   6 ,  360.000 ,  600.000 ,        0 ,  452.657 ,  452.848 ,    0.000 ,  452.848 ,  454.848 ,  108.750 ,    6.105 ,    0.191 ,    3.296 ,       15 , 	)
 136 	 (   5 ,  409.000 ,  469.000 ,        0 ,  462.704 ,  462.895 ,    0.000 ,  462.895 ,  463.895 ,   56.955 ,    6.105 ,    0.191 ,    4.789 ,       16 , 	)
  41 	 (   8 ,  240.000 ,  480.000 ,        0 ,  468.347 ,  468.538 ,    0.000 ,  468.538 ,  471.538 ,    0.000 ,   11.462 ,    0.191 ,    8.592 ,       17 , 	)
 155 	 (   4 ,  335.000 ,  567.000 ,        0 ,  492.939 ,  493.130 ,    0.000 ,  493.130 ,  497.130 ,   51.435 ,   20.332 ,    0.191 ,    2.483 ,       18 , 	)
 160 	 (   1 ,  346.000 ,  586.000 ,        0 ,  516.851 ,  517.042 ,    0.000 ,  517.042 ,  520.042 ,   45.504 ,   20.332 ,    0.191 ,    6.218 ,       19 , 	)
  65 	 (   5 ,  480.000 ,  720.000 ,        0 ,  528.817 ,  529.008 ,    0.000 ,  529.008 ,  533.008 ,    0.000 ,   20.332 ,    0.191 ,    5.420 ,       20 , 	)
 228 	 (   4 ,  380.000 ,  620.000 ,        0 ,  568.262 ,  568.453 ,    0.000 ,  568.453 ,  569.453 ,  189.668 ,   20.332 ,    0.191 ,   -2.869 ,       21 , 	)
 184 	 (   0 ,  580.000 ,  820.000 ,        0 ,  579.809 ,  580.000 ,    0.000 ,  580.000 ,  584.000 ,   46.992 ,   77.592 ,    0.000 ,    0.764 ,       22 , 	)
  71 	 (   4 ,  523.000 ,  682.959 ,        0 ,  605.367 ,  605.367 ,    0.000 ,  605.367 ,  609.367 ,    0.000 ,   77.592 ,    0.000 ,   40.841 ,       23 , 	)
 190 	 (   0 ,  591.000 ,  711.000 ,        0 ,  633.408 ,  633.408 ,    0.000 ,  633.408 ,  637.408 ,   24.041 ,   39.959 ,    0.000 ,   23.592 ,       24 , 	)
 239 	 (   0 ,    0.000 , 1440.000 ,        0 ,  677.878 ,  677.878 ,    0.000 ,  677.878 ,  677.878 ,    0.000 ,  762.122 ,    0.000 ,    0.000 ,       25 , 	)

	20 sommets 
	values : ( Cost : 435.540 , TRT : 384.680 , TWT :  17.206 , TD : 610.968 )
	violations : ( VC :       0 , VTW :   0.000 , VTD :   0.000 , VTRT :   0.000 )
	cout global : (   0.000	 )
S(i)	 (   C ,     TW0 ,       TW1 ,       VTW ,       Min ,       A ,       W ,       B ,       D ,       L ,       F ,       E ,       Det ,       [Imp ,       Imp]	)
   0 	 (   0 ,    0.000 , 1440.000 ,        0 ,    0.000 ,  542.877 ,    0.000 ,  542.877 ,  542.877 ,    0.000 ,    0.000 ,  542.877 ,    0.000 ,        0 , 	)
  27 	 (   3 ,  480.000 ,  720.000 ,        0 ,   23.334 ,  566.211 ,    0.000 ,  566.211 ,  569.211 ,    0.000 ,    0.000 ,   86.211 ,    9.864 ,        1 , 	)
  75 	 (   4 ,  548.000 ,  669.994 ,        0 ,  492.826 ,  579.038 ,    0.000 ,  579.038 ,  580.038 ,    0.000 ,    0.000 ,   31.038 ,   -1.510 ,        2 , 	)
  51 	 (   7 ,  480.000 ,  600.000 ,        0 ,  568.962 ,  600.000 ,    0.000 ,  600.000 ,  603.000 ,    0.000 ,    0.000 ,   31.038 ,    1.345 ,        3 , 	)
 146 	 (   4 ,  609.000 ,  789.000 ,        0 ,  590.852 ,  621.889 ,    0.000 ,  621.889 ,  624.889 ,   52.678 ,   30.896 ,   12.889 ,    1.387 ,        4 , 	)
 170 	 (   1 ,  515.000 ,  687.000 ,        0 ,  625.835 ,  638.725 ,    0.000 ,  638.725 ,  641.725 ,   35.725 ,   30.896 ,   12.889 ,    2.019 ,        5 , 	)
 194 	 (   0 ,  673.000 ,  733.000 ,        0 ,  642.905 ,  655.794 ,   17.206 ,  673.000 ,  674.000 ,   92.962 ,   13.690 ,    0.000 ,   -2.028 ,        6 , 	)
  13 	 (   4 ,  492.000 ,  715.351 ,        0 ,  684.558 ,  684.558 ,    0.000 ,  684.558 ,  688.558 ,    0.000 ,   13.690 ,    0.000 ,    5.761 ,        7 , 	)
  15 	 (   5 ,  480.000 ,  720.000 ,        0 ,  693.144 ,  693.144 ,    0.000 ,  693.144 ,  694.144 ,    0.000 ,   13.690 ,    0.000 ,   -3.346 ,        8 , 	)
 132 	 (   1 ,  565.000 ,  745.000 ,        0 ,  711.861 ,  711.861 ,    0.000 ,  711.861 ,  715.861 ,   23.303 ,   10.835 ,    0.000 ,   12.461 ,        9 , 	)
  52 	 (   5 ,  720.000 ,  900.000 ,        0 ,  728.120 ,  728.120 ,    0.000 ,  728.120 ,  732.120 ,    0.000 ,   10.835 ,    0.000 ,    0.088 ,       10 , 	)
 105 	 (   6 ,  720.000 ,  960.000 ,        0 ,  767.609 ,  767.609 ,    0.000 ,  767.609 ,  768.609 ,    0.000 ,   10.835 ,    0.000 ,   -8.312 ,       11 , 	)
 134 	 (   5 ,  550.000 ,  790.000 ,        0 ,  776.310 ,  776.310 ,    0.000 ,  776.310 ,  777.310 ,   82.165 ,   10.835 ,    0.000 ,    5.169 ,       12 , 	)
  79 	 (   6 ,  720.000 ,  900.000 ,        0 ,  793.183 ,  793.183 ,    0.000 ,  793.183 ,  794.183 ,    0.000 ,   18.842 ,    0.000 ,   28.447 ,       13 , 	)
 171 	 (   2 ,  775.000 , 1013.000 ,        0 ,  820.947 ,  820.947 ,    0.000 ,  820.947 ,  824.947 ,   88.826 ,   18.842 ,    0.000 ,    2.683 ,       14 , 	)
  54 	 (   4 ,  780.000 ,  900.000 ,        0 ,  840.597 ,  840.597 ,    0.000 ,  840.597 ,  842.597 ,    0.000 ,   18.842 ,    0.000 ,   -0.386 ,       15 , 	)
 224 	 (   3 ,  801.000 , 1041.000 ,        0 ,  857.767 ,  857.767 ,    0.000 ,  857.767 ,  858.767 ,   89.158 ,   18.842 ,    0.000 ,    8.696 ,       16 , 	)
 198 	 (   2 ,  851.000 , 1031.000 ,        0 ,  874.274 ,  874.274 ,    0.000 ,  874.274 ,  875.274 ,   80.091 ,   74.941 ,    0.000 ,    0.965 ,       17 , 	)
 173 	 (   0 ,  834.826 , 1043.000 ,        0 ,  908.656 ,  908.656 ,    0.000 ,  908.656 ,  910.656 ,   66.059 ,   74.941 ,    0.000 ,   -4.502 ,       18 , 	)
 239 	 (   0 ,    0.000 , 1440.000 ,        0 ,  927.557 ,  927.557 ,    0.000 ,  927.557 ,  927.557 ,    0.000 ,  512.443 ,    0.000 ,    0.000 ,       19 , 	)

	12 sommets 
	values : ( Cost : 333.039 , TRT : 274.405 , TWT :   0.000 , TD : 427.269 )
	violations : ( VC :       0 , VTW :   0.000 , VTD :   0.000 , VTRT :   0.000 )
	cout global : (   0.000	 )
S(i)	 (   C ,     TW0 ,       TW1 ,       VTW ,       Min ,       A ,       W ,       B ,       D ,       L ,       F ,       E ,       Det ,       [Imp ,       Imp]	)
   0 	 (   0 ,    0.000 , 1440.000 ,        0 ,    0.000 ,  259.829 ,    0.000 ,  259.829 ,  259.829 ,    0.000 ,    8.494 ,  259.829 ,    0.000 ,        0 , 	)
   5 	 (   4 ,  300.000 ,  420.000 ,        0 ,   55.641 ,  315.470 ,    0.000 ,  315.470 ,  319.470 ,    0.000 ,    8.494 ,   15.470 ,    1.057 ,        1 , 	)
  60 	 (   5 ,  300.000 ,  480.000 ,        0 ,  343.757 ,  359.227 ,    0.000 ,  359.227 ,  360.227 ,    0.000 ,    8.494 ,   15.470 ,    2.956 ,        2 , 	)
  93 	 (   6 ,  295.000 ,  440.789 ,        0 ,  349.502 ,  364.971 ,    0.000 ,  364.971 ,  365.971 ,    0.000 ,    8.494 ,   15.470 ,    2.886 ,        3 , 	)
  73 	 (   8 ,  240.000 ,  420.000 ,        0 ,  393.932 ,  409.402 ,    0.000 ,  409.402 ,  411.402 ,    0.000 ,    8.494 ,   15.470 ,   14.263 ,        4 , 	)
 212 	 (   7 ,  433.000 ,  493.000 ,        0 ,  417.976 ,  433.446 ,    0.000 ,  433.446 ,  434.446 ,   67.474 ,    8.494 ,    0.446 ,    5.032 ,        5 , 	)
 192 	 (   5 ,  266.067 ,  487.000 ,        0 ,  441.056 ,  441.502 ,    0.000 ,  441.502 ,  443.502 ,   30.099 ,    8.494 ,    0.446 ,    0.488 ,        6 , 	)
 124 	 (   1 ,  456.000 ,  516.000 ,        0 ,  455.554 ,  456.000 ,    0.000 ,  456.000 ,  460.000 ,  136.530 ,    8.494 ,    0.000 ,    8.156 ,        7 , 	)
  20 	 (   5 ,  240.000 ,  480.000 ,        0 ,  471.506 ,  471.506 ,    0.000 ,  471.506 ,  475.506 ,    0.000 ,    8.494 ,    0.000 ,   26.923 ,        8 , 	)
 179 	 (   4 ,  440.000 ,  680.000 ,        0 ,  508.059 ,  508.059 ,    0.000 ,  508.059 ,  509.059 ,  147.832 ,   17.161 ,    0.000 ,    1.711 ,        9 , 	)
 139 	 (   0 ,  358.000 ,  538.000 ,        0 ,  520.839 ,  520.839 ,    0.000 ,  520.839 ,  524.839 ,   45.333 ,   17.161 ,    0.000 ,    2.753 ,       10 , 	)
 239 	 (   0 ,    0.000 , 1440.000 ,        0 ,  534.234 ,  534.234 ,    0.000 ,  534.234 ,  534.234 ,    0.000 ,  905.766 ,    0.000 ,    0.000 ,       11 , 	)

	14 sommets 
	values : ( Cost : 341.610 , TRT : 361.699 , TWT :  76.849 , TD : 430.694 )
	violations : ( VC :       0 , VTW :   0.000 , VTD :   0.000 , VTRT :   0.000 )
	cout global : (   0.000	 )
S(i)	 (   C ,     TW0 ,       TW1 ,       VTW ,       Min ,       A ,       W ,       B ,       D ,       L ,       F ,       E ,       Det ,       [Imp ,       Imp]	)
   0 	 (   0 ,    0.000 , 1440.000 ,        0 ,    0.000 ,  880.615 ,    0.000 ,  880.615 ,  880.615 ,    0.000 ,    0.000 ,  880.615 ,    0.000 ,        0 , 	)
  12 	 (   2 ,  720.000 ,  900.000 ,        0 ,   11.950 ,  892.565 ,    0.000 ,  892.565 ,  894.565 ,    0.000 ,    0.000 ,  172.565 ,    6.636 ,        1 , 	)
  61 	 (   5 ,  720.000 ,  900.000 ,        0 ,  727.435 ,  900.000 ,    0.000 ,  900.000 ,  903.000 ,    0.000 ,    0.000 ,  172.565 ,   -0.920 ,        2 , 	)
  38 	 (   6 ,  743.000 ,  936.933 ,        0 ,  748.674 ,  921.239 ,   10.279 ,  931.518 ,  932.518 ,    0.000 ,    0.000 ,  182.844 ,    0.366 ,        3 , 	)
 157 	 (   5 ,  766.000 ,  946.000 ,        0 ,  757.741 ,  940.585 ,    0.000 ,  940.585 ,  941.585 ,    8.067 ,    0.000 ,  174.585 ,    0.820 ,        4 , 	)
 131 	 (   3 ,  751.460 ,  981.000 ,        0 ,  773.026 ,  947.611 ,    0.000 ,  947.611 ,  949.611 ,   53.046 ,    0.000 ,  174.585 ,    1.390 ,        5 , 	)
 107 	 (   6 ,  720.000 ,  960.000 ,        0 ,  784.995 ,  959.580 ,    0.000 ,  959.580 ,  962.580 ,    0.000 ,    0.000 ,  174.585 ,   15.947 ,        6 , 	)
 108 	 (   8 ,  960.000 , 1140.000 ,        0 ,  798.541 ,  973.126 ,    0.000 ,  973.126 ,  975.126 ,    0.000 ,    0.000 ,   13.126 ,   19.627 ,        7 , 	)
 180 	 (   5 ,  823.000 , 1003.000 ,        0 ,  989.874 , 1003.000 ,    0.000 , 1003.000 , 1006.000 ,  100.000 ,    0.000 ,   13.126 ,    5.806 ,        8 , 	)
 226 	 (   2 ,  822.000 , 1062.000 ,        0 , 1029.215 , 1042.341 ,    0.000 , 1042.341 , 1045.341 ,   79.762 ,   19.659 ,   13.126 ,    3.333 ,        9 , 	)
  81 	 (   5 ,  960.000 , 1200.000 ,        0 , 1044.304 , 1057.430 ,   66.570 , 1124.000 , 1127.000 ,    0.000 ,   29.126 ,   79.696 ,    0.000 ,       10 , 	)
 227 	 (   3 , 1127.000 , 1247.000 ,        0 , 1047.304 , 1127.000 ,    0.000 , 1127.000 , 1129.000 ,  151.874 ,   29.126 ,    0.000 ,    0.000 ,       11 , 	)
 200 	 (   0 , 1034.000 , 1274.000 ,        0 , 1164.946 , 1164.946 ,    0.000 , 1164.946 , 1167.946 ,   37.946 ,   58.054 ,   -0.000 ,    4.717 ,       12 , 	)
 239 	 (   0 ,    0.000 , 1440.000 ,        0 , 1242.314 , 1242.314 ,    0.000 , 1242.314 , 1242.314 ,    0.000 ,  197.686 ,   -0.000 ,    0.000 ,       13 , 	)

	14 sommets 
	values : ( Cost : 333.111 , TRT : 274.459 , TWT :   0.000 , TD : 441.112 )
	violations : ( VC :       0 , VTW :   0.000 , VTD :   0.000 , VTRT :   0.000 )
	cout global : (   0.000	 )
S(i)	 (   C ,     TW0 ,       TW1 ,       VTW ,       Min ,       A ,       W ,       B ,       D ,       L ,       F ,       E ,       Det ,       [Imp ,       Imp]	)
   0 	 (   0 ,    0.000 , 1440.000 ,        0 ,    0.000 ,  330.871 ,    0.000 ,  330.871 ,  330.871 ,    0.000 ,    4.240 ,  330.871 ,    0.000 ,        0 , 	)
  10 	 (   1 ,  360.000 ,  480.000 ,        0 ,   29.129 ,  360.000 ,    0.000 ,  360.000 ,  361.000 ,    0.000 ,    4.240 ,    0.000 ,   -0.800 ,        1 , 	)
  40 	 (   5 ,  300.000 ,  480.000 ,        0 ,  380.307 ,  380.307 ,    0.000 ,  380.307 ,  384.307 ,    0.000 ,    4.240 ,    0.000 ,   20.521 ,        2 , 	)
  49 	 (   6 ,  326.000 ,  467.795 ,        0 ,  400.156 ,  400.156 ,    0.000 ,  400.156 ,  401.156 ,    0.000 ,    4.240 ,    0.000 ,    4.547 ,        3 , 	)
  37 	 (   8 ,  240.000 ,  420.000 ,        0 ,  415.760 ,  415.760 ,    0.000 ,  415.760 ,  417.760 ,    0.000 ,    4.240 ,    0.000 ,    0.058 ,        4 , 	)
 129 	 (   7 ,  409.147 ,  578.000 ,        0 ,  452.680 ,  452.680 ,    0.000 ,  452.680 ,  453.680 ,   91.680 ,    5.320 ,    0.000 ,    7.074 ,        5 , 	)
 168 	 (   6 ,  458.000 ,  518.000 ,        0 ,  460.493 ,  460.493 ,    0.000 ,  460.493 ,  461.493 ,   59.338 ,    9.873 ,    0.000 ,    9.169 ,        6 , 	)
  28 	 (   7 ,  240.000 ,  480.000 ,        0 ,  470.127 ,  470.127 ,    0.000 ,  470.127 ,  471.127 ,    0.000 ,    9.873 ,    0.000 ,    6.760 ,        7 , 	)
 156 	 (   5 ,  303.000 ,  543.000 ,        0 ,  489.270 ,  489.270 ,    0.000 ,  489.270 ,  491.270 ,   71.510 ,   13.819 ,    0.000 ,   14.703 ,        8 , 	)
 159 	 (   1 ,  413.000 ,  593.000 ,        0 ,  517.488 ,  517.488 ,    0.000 ,  517.488 ,  521.488 ,  133.181 ,   13.819 ,    0.000 ,    8.112 ,        9 , 	)
 147 	 (   0 ,  342.000 ,  582.000 ,        0 ,  530.549 ,  530.549 ,    0.000 ,  530.549 ,  531.549 ,   59.422 ,   51.451 ,    0.000 ,    2.185 ,       10 , 	)
  90 	 (   3 ,  480.000 ,  720.000 ,        0 ,  555.255 ,  555.255 ,    0.000 ,  555.255 ,  558.255 ,    0.000 ,  164.745 ,    0.000 ,    1.708 ,       11 , 	)
 209 	 (   0 ,  534.000 ,  774.000 ,        0 ,  584.236 ,  584.236 ,    0.000 ,  584.236 ,  587.236 ,   25.981 ,   44.019 ,    0.000 ,   -2.598 ,       12 , 	)
 239 	 (   0 ,    0.000 , 1440.000 ,        0 ,  605.330 ,  605.330 ,    0.000 ,  605.330 ,  605.330 ,    0.000 ,  834.670 ,    0.000 ,    0.000 ,       13 , 	)

	18 sommets 
	values : ( Cost : 469.669 , TRT : 450.469 , TWT :  53.335 , TD : 531.550 )
	violations : ( VC :       0 , VTW :   0.000 , VTD :   0.000 , VTRT :   0.000 )
	cout global : (   0.000	 )
S(i)	 (   C ,     TW0 ,       TW1 ,       VTW ,       Min ,       A ,       W ,       B ,       D ,       L ,       F ,       E ,       Det ,       [Imp ,       Imp]	)
   0 	 (   0 ,    0.000 , 1440.000 ,        0 ,    0.000 ,  716.508 ,    0.000 ,  716.508 ,  716.508 ,    0.000 ,    0.000 ,  716.508 ,    0.000 ,        0 , 	)
  89 	 (   2 ,  480.000 ,  720.000 ,        0 ,    3.492 ,  720.000 ,    0.000 ,  720.000 ,  722.000 ,    0.000 ,    0.000 ,  240.000 ,    0.649 ,        1 , 	)
 208 	 (   0 ,  548.000 ,  788.000 ,        0 ,  506.979 ,  746.979 ,    0.000 ,  746.979 ,  748.979 ,   24.979 ,   29.395 ,  198.979 ,    2.561 ,        2 , 	)
   9 	 (   2 ,  780.000 ,  840.000 ,        0 ,  560.910 ,  759.889 ,   29.395 ,  789.284 ,  791.284 ,    0.000 ,    0.000 ,    9.284 ,   -2.117 ,        3 , 	)
   1 	 (   4 ,  720.000 ,  900.000 ,        0 ,  792.549 ,  801.833 ,    0.000 ,  801.833 ,  803.833 ,    0.000 ,    0.000 ,    9.284 ,    2.853 ,        4 , 	)
  19 	 (   7 ,  725.000 ,  960.000 ,        0 ,  808.538 ,  817.823 ,    0.000 ,  817.823 ,  820.823 ,    0.000 ,    0.000 ,    9.284 ,   -1.446 ,        5 , 	)
 138 	 (   4 ,  824.000 , 1004.000 ,        0 ,  847.555 ,  856.839 ,    0.000 ,  856.839 ,  859.839 ,   36.017 ,    0.000 ,    9.284 ,   15.826 ,        6 , 	)
 128 	 (   2 ,  838.264 ,  992.000 ,        0 ,  859.779 ,  869.063 ,    0.000 ,  869.063 ,  871.063 ,   77.779 ,    0.000 ,    9.284 ,    1.780 ,        7 , 	)
 106 	 (   6 ,  720.000 ,  900.000 ,        0 ,  889.165 ,  898.450 ,    0.000 ,  898.450 ,  902.450 ,    0.000 ,    0.000 ,    9.284 ,   30.116 ,        8 , 	)
 120 	 (   4 ,  860.000 , 1100.000 ,        0 ,  940.728 ,  950.012 ,    0.000 ,  950.012 ,  952.012 ,  146.179 ,    0.000 ,    9.284 ,    5.263 ,        9 , 	)
  74 	 (   8 ,  780.000 ,  960.000 ,        0 ,  950.716 ,  960.000 ,    0.000 ,  960.000 ,  964.000 ,    0.000 ,    0.000 ,    9.284 ,   12.244 ,       10 , 	)
 225 	 (   4 ,  821.000 , 1001.000 ,        0 ,  964.688 ,  973.972 ,    0.000 ,  973.972 ,  977.972 ,   71.523 ,   23.483 ,    9.284 ,    5.359 ,       11 , 	)
  98 	 (   8 ,  960.000 , 1200.000 ,        0 ,  983.322 ,  992.606 ,   23.483 , 1016.089 , 1020.089 ,    0.000 ,    0.000 ,   32.768 ,   10.301 ,       12 , 	)
 193 	 (   4 ,  809.515 , 1032.000 ,        0 ,  999.232 , 1032.000 ,    0.000 , 1032.000 , 1036.000 ,   68.000 ,    0.000 ,   32.768 ,    2.548 ,       13 , 	)
  66 	 (   5 ,  967.000 , 1140.000 ,        0 , 1009.634 , 1042.402 ,    0.456 , 1042.857 , 1043.857 ,    0.000 ,   61.089 ,   33.223 ,    9.735 ,       14 , 	)
 185 	 (   4 , 1054.000 , 1174.000 ,        0 , 1042.798 , 1076.021 ,    0.000 , 1076.021 , 1077.021 ,   32.164 ,   53.836 ,   22.021 ,   -0.815 ,       15 , 	)
 217 	 (   0 , 1095.000 , 1275.000 ,        0 , 1072.979 , 1095.000 ,    0.000 , 1095.000 , 1099.000 ,   74.911 ,   61.089 ,    0.000 ,    4.964 ,       16 , 	)
 239 	 (   0 ,    0.000 , 1440.000 ,        0 , 1166.977 , 1166.977 ,    0.000 , 1166.977 , 1166.977 ,    0.000 ,  273.023 ,   -0.000 ,    0.000 ,       17 , 	)

	18 sommets 
	values : ( Cost : 400.368 , TRT : 329.029 , TWT :   0.000 , TD : 659.097 )
	violations : ( VC :       0 , VTW :   0.000 , VTD :   0.000 , VTRT :   0.000 )
	cout global : (   0.000	 )
S(i)	 (   C ,     TW0 ,       TW1 ,       VTW ,       Min ,       A ,       W ,       B ,       D ,       L ,       F ,       E ,       Det ,       [Imp ,       Imp]	)
   0 	 (   0 ,    0.000 , 1440.000 ,        0 ,    0.000 ,  709.684 ,    0.000 ,  709.684 ,  709.684 ,    0.000 ,   12.213 ,  709.684 ,    0.000 ,        0 , 	)
  26 	 (   2 ,  743.000 ,  953.004 ,        0 ,   33.824 ,  743.508 ,    0.000 ,  743.508 ,  745.508 ,    0.000 ,   12.213 ,    0.508 ,    5.528 ,        1 , 	)
  16 	 (   3 ,  780.000 ,  960.000 ,        0 ,  781.393 ,  781.901 ,    0.000 ,  781.901 ,  782.901 ,    0.000 ,    0.508 ,    0.508 ,    5.056 ,        2 , 	)
   2 	 (   6 ,  720.000 ,  960.000 ,        0 ,  807.379 ,  807.887 ,    0.000 ,  807.887 ,  810.887 ,    0.000 ,    0.508 ,    0.508 ,   10.041 ,        3 , 	)
  42 	 (   7 ,  818.000 ,  929.288 ,        0 ,  835.819 ,  836.327 ,    0.000 ,  836.327 ,  837.327 ,    0.000 ,    0.508 ,    0.508 ,    0.748 ,        4 , 	)
 135 	 (   6 ,  845.000 , 1085.000 ,        0 ,  844.927 ,  845.435 ,    0.000 ,  845.435 ,  846.435 ,   62.534 ,    0.508 ,    0.435 ,   15.453 ,        5 , 	)
  45 	 (   8 ,  766.000 ,  932.717 ,        0 ,  859.173 ,  859.608 ,    0.000 ,  859.608 ,  861.608 ,    0.000 ,    0.508 ,    0.435 ,    6.535 ,        6 , 	)
 121 	 (   5 ,  780.000 , 1020.000 ,        0 ,  866.711 ,  867.147 ,    0.000 ,  867.147 ,  870.147 ,   56.259 ,    0.508 ,    0.435 ,    0.520 ,        7 , 	)
 118 	 (   8 ,  780.000 ,  960.000 ,        0 ,  878.442 ,  878.877 ,    0.000 ,  878.877 ,  881.877 ,    0.000 ,    0.508 ,    0.435 ,    5.806 ,        8 , 	)
 145 	 (   6 ,  889.000 , 1009.000 ,        0 ,  888.565 ,  889.000 ,    0.000 ,  889.000 ,  891.000 ,  143.492 ,    0.508 ,    0.000 ,    1.204 ,        9 , 	)
  56 	 (   7 ,  720.000 ,  960.000 ,        0 ,  906.834 ,  906.834 ,    0.000 ,  906.834 ,  907.834 ,    0.000 ,   11.493 ,    0.000 ,    0.000 ,       10 , 	)
 161 	 (   6 ,  901.000 ,  961.000 ,        0 ,  907.834 ,  907.834 ,    0.000 ,  907.834 ,  908.834 ,   70.507 ,   11.493 ,    0.000 ,    0.000 ,       11 , 	)
 237 	 (   3 ,  853.000 , 1093.000 ,        0 ,  937.701 ,  937.701 ,    0.000 ,  937.701 ,  940.701 ,   55.823 ,   12.213 ,    0.000 ,    7.737 ,       12 , 	)
  92 	 (   4 ,  720.000 ,  960.000 ,        0 ,  947.787 ,  947.787 ,    0.000 ,  947.787 ,  948.787 ,    0.000 ,   12.213 ,    0.000 ,    2.140 ,       13 , 	)
 164 	 (   2 ,  939.000 ,  999.000 ,        0 ,  958.725 ,  958.725 ,    0.000 ,  958.725 ,  960.725 ,   97.117 ,   40.275 ,    0.000 ,   10.374 ,       14 , 	)
 211 	 (   1 ,  813.000 , 1053.000 ,        0 , 1007.637 , 1007.637 ,    0.000 , 1007.637 , 1008.637 ,   58.850 ,   45.363 ,    0.000 ,    8.440 ,       15 , 	)
 175 	 (   0 ,  856.000 , 1096.000 ,        0 , 1022.350 , 1022.350 ,    0.000 , 1022.350 , 1023.350 ,  114.516 ,   67.484 ,    0.000 ,    9.568 ,       16 , 	)
 239 	 (   0 ,    0.000 , 1440.000 ,        0 , 1038.713 , 1038.713 ,    0.000 , 1038.713 , 1038.713 ,    0.000 ,  401.287 ,   -0.000 ,    0.000 ,       17 , 	)

	22 sommets 
	values : ( Cost : 425.413 , TRT : 390.255 , TWT :  22.395 , TD : 587.410 )
	violations : ( VC :       0 , VTW :   0.000 , VTD :   0.000 , VTRT :   0.000 )
	cout global : (   0.000	 )
S(i)	 (   C ,     TW0 ,       TW1 ,       VTW ,       Min ,       A ,       W ,       B ,       D ,       L ,       F ,       E ,       Det ,       [Imp ,       Imp]	)
   0 	 (   0 ,    0.000 , 1440.000 ,        0 ,    0.000 ,  264.435 ,    0.000 ,  264.435 ,  264.435 ,    0.000 ,    0.000 ,  264.435 ,    0.000 ,        0 , 	)
  84 	 (   1 ,  240.000 ,  420.000 ,        0 ,   15.570 ,  280.004 ,    0.000 ,  280.004 ,  281.004 ,    0.000 ,    0.000 ,   40.004 ,    0.000 ,        1 , 	)
  80 	 (   3 ,  240.000 ,  420.000 ,        0 ,  241.000 ,  281.004 ,    0.000 ,  281.004 ,  283.004 ,    0.000 ,    0.000 ,   40.004 ,    0.000 ,        2 , 	)
  57 	 (   6 ,  240.000 ,  480.000 ,        0 ,  252.314 ,  292.318 ,    0.000 ,  292.318 ,  295.318 ,    0.000 ,    0.000 ,   40.004 ,    5.701 ,        3 , 	)
  58 	 (   7 ,  300.000 ,  480.000 ,        0 ,  264.307 ,  304.311 ,    0.000 ,  304.311 ,  305.311 ,    0.000 ,    0.000 ,    4.311 ,   -1.184 ,        4 , 	)
 177 	 (   6 ,  318.971 ,  529.000 ,        0 ,  318.971 ,  323.282 ,    0.000 ,  323.282 ,  324.282 ,   17.971 ,    0.000 ,    4.311 ,    5.763 ,        5 , 	)
 176 	 (   3 ,  311.000 ,  551.000 ,        0 ,  333.098 ,  337.409 ,    0.000 ,  337.409 ,  340.409 ,   42.091 ,    0.000 ,    4.311 ,    4.589 ,        6 , 	)
 203 	 (   2 ,  312.000 ,  552.000 ,        0 ,  353.365 ,  357.676 ,    0.000 ,  357.676 ,  358.676 ,   76.671 ,    0.000 ,    4.311 ,    1.384 ,        7 , 	)
  68 	 (   4 ,  240.000 ,  480.000 ,        0 ,  358.231 ,  362.542 ,    0.000 ,  362.542 ,  364.542 ,    0.000 ,    0.000 ,    4.311 ,    4.097 ,        8 , 	)
 199 	 (   2 ,  310.000 ,  550.000 ,        0 ,  364.270 ,  368.581 ,    0.000 ,  368.581 ,  370.581 ,   85.577 ,    0.000 ,    4.311 ,   -0.819 ,        9 , 	)
 116 	 (   6 ,  300.000 ,  480.000 ,        0 ,  381.075 ,  385.386 ,    0.000 ,  385.386 ,  389.386 ,    0.000 ,    0.000 ,    4.311 ,    4.128 ,       10 , 	)
 187 	 (   4 ,  286.000 ,  526.000 ,        0 ,  394.123 ,  398.434 ,    0.000 ,  398.434 ,  400.434 ,   33.892 ,    0.000 ,    4.311 ,    1.696 ,       11 , 	)
 115 	 (   7 ,  300.000 ,  480.000 ,        0 ,  404.768 ,  409.080 ,    0.000 ,  409.080 ,  412.080 ,    0.000 ,    0.000 ,    4.311 ,    2.289 ,       12 , 	)
 235 	 (   3 ,  355.000 ,  593.000 ,        0 ,  433.418 ,  437.729 ,    0.000 ,  437.729 ,  441.729 ,   48.343 ,    0.000 ,    4.311 ,    5.778 ,       13 , 	)
  22 	 (   6 ,  318.000 ,  469.553 ,        0 ,  444.953 ,  449.265 ,    0.000 ,  449.265 ,  452.265 ,    0.000 ,    0.000 ,    4.311 ,    0.506 ,       14 , 	)
  94 	 (   7 ,  300.000 ,  480.000 ,        0 ,  452.841 ,  457.152 ,    0.000 ,  457.152 ,  458.152 ,    0.000 ,    0.000 ,    4.311 ,    5.044 ,       15 , 	)
 234 	 (   4 ,  368.000 ,  548.000 ,        0 ,  470.783 ,  475.095 ,    0.000 ,  475.095 ,  478.095 ,   63.015 ,    0.000 ,    4.311 ,    1.053 ,       16 , 	)
  64 	 (   8 ,  480.000 ,  720.000 ,        0 ,  488.005 ,  492.317 ,    0.000 ,  492.317 ,  496.317 ,    0.000 ,    0.000 ,    4.311 ,    4.953 ,       17 , 	)
 141 	 (   5 ,  384.000 ,  504.000 ,        0 ,  499.689 ,  504.000 ,    0.000 ,  504.000 ,  507.000 ,   51.735 ,   -0.000 ,    4.311 ,    8.108 ,       18 , 	)
 213 	 (   4 ,  369.000 ,  549.000 ,        0 ,  532.272 ,  536.583 ,    0.000 ,  536.583 ,  537.583 ,   78.432 ,   12.417 ,    4.311 ,    2.585 ,       19 , 	)
 183 	 (   0 ,  586.000 ,  826.000 ,        0 ,  559.293 ,  563.605 ,   22.395 ,  586.000 ,  590.000 ,   89.683 ,   48.317 ,    0.000 ,    3.399 ,       20 , 	)
 239 	 (   0 ,    0.000 , 1440.000 ,        0 ,  654.689 ,  654.689 ,    0.000 ,  654.689 ,  654.689 ,    0.000 ,  785.311 ,    0.000 ,    0.000 ,       21 , 	)

	16 sommets 
	values : ( Cost : 360.416 , TRT : 302.989 , TWT :   0.000 , TD : 349.344 )
	violations : ( VC :       0 , VTW :   0.000 , VTD :   0.000 , VTRT :   0.000 )
	cout global : (   0.000	 )
S(i)	 (   C ,     TW0 ,       TW1 ,       VTW ,       Min ,       A ,       W ,       B ,       D ,       L ,       F ,       E ,       Det ,       [Imp ,       Imp]	)
   0 	 (   0 ,    0.000 , 1440.000 ,        0 ,    0.000 ,  199.376 ,    0.000 ,  199.376 ,  199.376 ,    0.000 ,    0.177 ,  199.376 ,    0.000 ,        0 , 	)
  43 	 (   3 ,  240.000 ,  480.000 ,        0 ,   74.495 ,  273.871 ,    0.000 ,  273.871 ,  276.871 ,    0.000 ,    0.177 ,   33.871 ,    6.308 ,        1 , 	)
   7 	 (   5 ,  242.000 ,  420.000 ,        0 ,  270.735 ,  304.605 ,    0.000 ,  304.605 ,  306.605 ,    0.000 ,    0.177 ,   33.871 ,    1.602 ,        2 , 	)
 162 	 (   2 ,  319.000 ,  559.000 ,        0 ,  285.129 ,  319.000 ,    0.000 ,  319.000 ,  322.000 ,   42.129 ,    0.177 ,    0.000 ,   17.773 ,        3 , 	)
  78 	 (   3 ,  300.000 ,  480.000 ,        0 ,  339.465 ,  339.465 ,    0.000 ,  339.465 ,  340.465 ,    0.000 ,    0.177 ,    0.000 ,    2.726 ,        4 , 	)
  59 	 (   7 ,  240.000 ,  420.000 ,        0 ,  344.923 ,  344.923 ,    0.000 ,  344.923 ,  348.923 ,    0.000 ,    0.177 ,    0.000 ,    2.389 ,        5 , 	)
 103 	 (   8 ,  287.000 ,  441.866 ,        0 ,  356.290 ,  356.290 ,    0.000 ,  356.290 ,  357.290 ,    0.000 ,    0.177 ,    0.000 ,   -2.814 ,        6 , 	)
 197 	 (   7 ,  332.000 ,  564.000 ,        0 ,  378.382 ,  378.382 ,    0.000 ,  378.382 ,  379.382 ,   37.917 ,    0.177 ,    0.000 ,    2.128 ,        7 , 	)
 222 	 (   6 ,  357.000 ,  477.000 ,        0 ,  394.552 ,  394.552 ,    0.000 ,  394.552 ,  395.552 ,   37.262 ,    0.177 ,    0.000 ,    8.215 ,        8 , 	)
 178 	 (   2 ,  297.000 ,  536.000 ,        0 ,  401.206 ,  401.206 ,    0.000 ,  401.206 ,  405.206 ,   52.283 ,    0.177 ,    0.000 ,    0.000 ,        9 , 	)
 126 	 (   0 ,  350.000 ,  470.000 ,        0 ,  405.206 ,  405.206 ,    0.000 ,  405.206 ,  407.206 ,   98.601 ,    0.177 ,    0.000 ,    0.000 ,       10 , 	)
 119 	 (   1 ,  240.000 ,  420.000 ,        0 ,  419.823 ,  419.823 ,    0.000 ,  419.823 ,  420.823 ,    0.000 ,    0.177 ,    0.000 ,    1.348 ,       11 , 	)
  76 	 (   5 ,  300.000 ,  480.000 ,        0 ,  446.845 ,  446.845 ,    0.000 ,  446.845 ,  450.845 ,    0.000 ,   22.766 ,    0.000 ,    8.845 ,       12 , 	)
 238 	 (   4 ,  313.000 ,  493.000 ,        0 ,  470.234 ,  470.234 ,    0.000 ,  470.234 ,  471.234 ,   49.411 ,   22.766 ,    0.000 ,  -14.756 ,       13 , 	)
 195 	 (   0 ,  394.000 ,  574.000 ,        0 ,  482.587 ,  482.587 ,    0.000 ,  482.587 ,  486.587 ,   31.742 ,   90.258 ,    0.000 ,   13.255 ,       14 , 	)
 239 	 (   0 ,    0.000 , 1440.000 ,        0 ,  502.365 ,  502.365 ,    0.000 ,  502.365 ,  502.365 ,    0.000 ,  937.635 ,    0.000 ,    0.000 ,       15 , 	)

	16 sommets 
	values : ( Cost : 398.926 , TRT : 327.944 , TWT :   0.000 , TD : 595.809 )
	violations : ( VC :       0 , VTW :   0.000 , VTD :   0.000 , VTRT :   0.000 )
	cout global : (   0.000	 )
S(i)	 (   C ,     TW0 ,       TW1 ,       VTW ,       Min ,       A ,       W ,       B ,       D ,       L ,       F ,       E ,       Det ,       [Imp ,       Imp]	)
   0 	 (   0 ,    0.000 , 1440.000 ,        0 ,    0.000 , 1021.505 ,    0.000 , 1021.505 , 1021.505 ,    0.000 ,    4.932 , 1021.505 ,    0.000 ,        0 , 	)
 113 	 (   3 ,  960.000 , 1200.000 ,        0 ,    5.280 , 1026.786 ,    0.000 , 1026.786 , 1029.786 ,    0.000 ,    4.932 ,   66.786 ,    4.798 ,        1 , 	)
  53 	 (   4 ,  960.000 , 1200.000 ,        0 ,  973.267 , 1040.053 ,    0.000 , 1040.053 , 1041.053 ,    0.000 ,    4.932 ,   66.786 ,    3.701 ,        2 , 	)
  32 	 (   6 ,  960.000 , 1200.000 ,        0 ,  984.509 , 1051.295 ,    0.000 , 1051.295 , 1053.295 ,    0.000 ,    4.932 ,   66.786 ,   11.768 ,        3 , 	)
  83 	 (   7 , 1012.000 , 1163.777 ,        0 , 1002.989 , 1069.775 ,    0.000 , 1069.775 , 1070.775 ,    0.000 ,    4.932 ,   57.775 ,    0.117 ,        4 , 	)
 151 	 (   5 , 1052.000 , 1292.000 ,        0 , 1023.781 , 1081.556 ,    0.000 , 1081.556 , 1083.556 ,   28.262 ,    4.932 ,   29.556 ,   -1.805 ,        5 , 	)
  67 	 (   6 ,  975.000 , 1200.000 ,        0 , 1070.877 , 1100.434 ,    0.000 , 1100.434 , 1101.434 ,    0.000 ,    4.932 ,   29.556 ,   -0.172 ,        6 , 	)
 232 	 (   3 , 1110.000 , 1290.000 ,        0 , 1080.444 , 1110.000 ,    0.000 , 1110.000 , 1113.000 ,   80.214 ,    4.932 ,    0.000 ,   -0.850 ,        7 , 	)
  18 	 (   7 , 1020.000 , 1140.000 ,        0 , 1135.068 , 1135.068 ,    0.000 , 1135.068 , 1139.068 ,    0.000 ,    4.932 ,    0.000 ,   -0.080 ,        8 , 	)
 172 	 (   6 , 1063.000 , 1303.000 ,        0 , 1142.055 , 1142.055 ,    0.000 , 1142.055 , 1143.055 ,  101.002 ,    2.529 ,    0.000 ,    4.160 ,        9 , 	)
  11 	 (   8 ,  960.000 , 1200.000 ,        0 , 1153.452 , 1153.452 ,    0.000 , 1153.452 , 1155.452 ,    0.000 ,    2.529 ,    0.000 ,   11.919 ,       10 , 	)
 202 	 (   7 , 1160.000 , 1220.000 ,        0 , 1174.902 , 1174.902 ,    0.000 , 1174.902 , 1175.902 ,  104.126 ,    2.529 ,    0.000 ,   -2.078 ,       11 , 	)
 130 	 (   5 , 1045.000 , 1285.000 ,        0 , 1205.944 , 1205.944 ,    0.000 , 1205.944 , 1207.944 ,   50.492 ,    2.529 ,   -0.000 ,   20.254 ,       12 , 	)
 137 	 (   1 , 1057.320 , 1233.000 ,        0 , 1225.538 , 1225.538 ,    0.000 , 1225.538 , 1229.538 ,   86.471 ,    2.529 ,   -0.000 ,   10.177 ,       13 , 	)
 186 	 (   0 , 1153.000 , 1273.000 ,        0 , 1246.675 , 1246.675 ,    0.000 , 1246.675 , 1247.675 ,  145.241 ,   26.325 ,   -0.000 ,   21.929 ,       14 , 	)
 239 	 (   0 ,    0.000 , 1440.000 ,        0 , 1349.450 , 1349.450 ,    0.000 , 1349.450 , 1349.450 ,    0.000 ,   90.550 ,   -0.000 ,    0.000 ,       15 , 	)
