11
	VALUE ALL : ( Cost : 4057.101 , TRT : 4224.840 , TWT : 774.388 , TD : 5798.778 )
	VIOLATIONS TOTAL : ( VC :       0 , VTW :   0.000 , VTD :   0.000 , VTRT :   0.000 )
 	COUT_ALL : (   0.003 )  T2B:   48001

	10 sommets 
	values : ( Cost : 228.981 , TRT : 302.914 , TWT : 108.747 , TD : 380.962 )
	violations : ( VC :       0 , VTW :   0.000 , VTD :   0.000 , VTRT :   0.000 )
	cout global : (   0.000	 )
S(i)	 (   C ,     TW0 ,       TW1 ,       VTW ,       Min ,       A ,       W ,       B ,       D ,       L ,       F ,       E ,       Det ,       [Imp ,       Imp]	)
   0 	 (   0 ,    0.000 , 1440.000 ,        0 ,    0.000 ,  825.183 ,    0.000 ,  825.183 ,  825.183 ,    0.000 ,    0.000 ,  825.183 ,    0.000 ,        0 , 	)
  51 	 (   4 ,  755.000 ,  874.323 ,        0 ,   21.270 ,  846.453 ,    0.000 ,  846.453 ,  850.453 ,    0.000 ,    0.000 ,   91.453 ,    6.180 ,        1 , 	)
  63 	 (   6 ,  840.000 ,  960.000 ,        0 ,  772.183 ,  863.635 ,    0.000 ,  863.635 ,  865.635 ,    0.000 ,    0.000 ,   23.635 ,   25.870 ,        2 , 	)
 136 	 (   2 ,  854.000 ,  914.000 ,        0 ,  890.365 ,  914.000 ,    0.000 ,  914.000 ,  918.000 ,   63.547 ,    0.000 ,   23.635 ,    5.597 ,        3 , 	)
  48 	 (   5 ,  960.000 , 1200.000 ,        0 ,  897.174 ,  920.809 ,   94.212 , 1015.021 , 1018.021 ,    0.000 ,    0.000 ,   55.021 ,    4.875 ,        4 , 	)
  42 	 (   7 , 1030.000 , 1138.270 ,        0 ,  978.178 , 1033.199 ,    0.000 , 1033.199 , 1035.199 ,    0.000 ,    0.000 ,    3.199 ,   14.098 ,        5 , 	)
 148 	 (   5 ,  989.000 , 1109.000 ,        0 , 1059.436 , 1062.635 ,    0.000 , 1062.635 , 1064.635 ,  197.000 ,    0.000 ,    3.199 ,    0.000 ,        6 , 	)
 133 	 (   2 , 1019.000 , 1259.000 ,        0 , 1061.436 , 1064.635 ,    0.000 , 1064.635 , 1067.635 ,   46.614 ,   17.735 ,    3.199 ,    0.000 ,        7 , 	)
 127 	 (   0 , 1109.000 , 1169.000 ,        0 , 1091.265 , 1094.465 ,   14.535 , 1109.000 , 1111.000 ,   73.801 ,    3.199 ,    0.000 ,  -20.593 ,        8 , 	)
 171 	 (   0 ,    0.000 , 1440.000 ,        0 , 1128.096 , 1128.096 ,    0.000 , 1128.096 , 1128.096 ,    0.000 ,  311.904 ,    0.000 ,    0.000 ,        9 , 	)

	18 sommets 
	values : ( Cost : 402.169 , TRT : 396.037 , TWT :  53.654 , TD : 526.162 )
	violations : ( VC :       0 , VTW :   0.000 , VTD :   0.000 , VTRT :   0.000 )
	cout global : (   0.000	 )
S(i)	 (   C ,     TW0 ,       TW1 ,       VTW ,       Min ,       A ,       W ,       B ,       D ,       L ,       F ,       E ,       Det ,       [Imp ,       Imp]	)
   0 	 (   0 ,    0.000 , 1440.000 ,        0 ,    0.000 ,  776.684 ,    0.000 ,  776.684 ,  776.684 ,    0.000 ,    0.000 ,  776.684 ,    0.000 ,        0 , 	)
  57 	 (   4 ,  720.000 ,  900.000 ,        0 ,   21.706 ,  798.390 ,    0.000 ,  798.390 ,  802.390 ,    0.000 ,    0.000 ,   78.390 ,   15.983 ,        1 , 	)
  59 	 (   7 ,  780.000 ,  960.000 ,        0 ,  746.175 ,  824.565 ,    0.000 ,  824.565 ,  827.565 ,    0.000 ,    0.000 ,   44.565 ,   -6.205 ,        2 , 	)
 142 	 (   3 ,  798.000 , 1038.000 ,        0 ,  807.086 ,  851.652 ,    0.000 ,  851.652 ,  855.652 ,   49.262 ,    0.000 ,   44.565 ,   -5.454 ,        3 , 	)
 144 	 (   0 ,  825.000 , 1060.000 ,        0 ,  817.881 ,  862.447 ,    0.000 ,  862.447 ,  865.447 ,   34.881 ,    0.000 ,   37.447 ,    0.000 ,        4 , 	)
  60 	 (   1 ,  732.000 ,  953.298 ,        0 ,  833.598 ,  871.045 ,    0.000 ,  871.045 ,  872.045 ,    0.000 ,    0.000 ,   37.447 ,   11.162 ,        5 , 	)
  35 	 (   2 ,  720.000 ,  900.000 ,        0 ,  853.414 ,  890.860 ,    0.000 ,  890.860 ,  891.860 ,    0.000 ,    0.000 ,   37.447 ,    2.162 ,        6 , 	)
 145 	 (   1 ,  799.000 ,  979.000 ,        0 ,  862.462 ,  899.908 ,    0.000 ,  899.908 ,  900.908 ,   27.863 ,    0.000 ,   37.447 ,   -3.060 ,        7 , 	)
  20 	 (   4 ,  840.000 ,  960.000 ,        0 ,  911.650 ,  949.096 ,    0.000 ,  949.096 ,  952.096 ,    0.000 ,    0.000 ,   37.447 ,    3.553 ,        8 , 	)
  64 	 (   7 ,  780.000 ,  960.000 ,        0 ,  921.814 ,  959.261 ,    0.000 ,  959.261 ,  962.261 ,    0.000 ,    0.000 ,   37.447 ,    0.499 ,        9 , 	)
 120 	 (   6 ,  888.000 , 1008.000 ,        0 ,  936.056 ,  973.503 ,    0.000 ,  973.503 ,  974.503 ,   81.643 ,    0.000 ,   37.447 ,    0.303 ,       10 , 	)
 105 	 (   3 ,  862.845 , 1016.000 ,        0 ,  940.001 ,  977.447 ,    0.000 ,  977.447 ,  980.447 ,   25.351 ,    0.000 ,   37.447 ,    4.823 ,       11 , 	)
  18 	 (   4 ,  960.000 , 1140.000 ,        0 ,  946.244 ,  983.690 ,    0.000 ,  983.690 ,  984.690 ,    0.000 ,    0.000 ,   23.690 ,    0.406 ,       12 , 	)
  75 	 (   8 ,  960.000 , 1200.000 ,        0 ,  965.196 ,  988.886 ,    0.000 ,  988.886 ,  992.886 ,    0.000 ,    0.000 ,   23.690 ,    7.814 ,       13 , 	)
 149 	 (   5 ,  864.000 , 1044.000 ,        0 , 1020.310 , 1044.000 ,    0.000 , 1044.000 , 1047.000 ,   81.739 ,    0.000 ,   23.690 ,    0.895 ,       14 , 	)
 103 	 (   4 , 1089.000 , 1209.000 ,        0 , 1026.279 , 1049.969 ,   39.031 , 1089.000 , 1090.000 ,  104.310 ,   27.690 ,    0.000 ,    1.876 ,       15 , 	)
 160 	 (   0 , 1114.000 , 1294.000 ,        0 , 1099.377 , 1099.377 ,   14.623 , 1114.000 , 1118.000 ,  121.114 ,   40.886 ,    0.000 ,    8.951 ,       16 , 	)
 171 	 (   0 ,    0.000 , 1440.000 ,        0 , 1172.721 , 1172.721 ,    0.000 , 1172.721 , 1172.721 ,    0.000 ,  267.279 ,    0.000 ,    0.000 ,       17 , 	)

	18 sommets 
	values : ( Cost : 400.574 , TRT : 467.875 , TWT : 124.692 , TD : 516.326 )
	violations : ( VC :       0 , VTW :   0.000 , VTD :   0.000 , VTRT :   0.000 )
	cout global : (   0.000	 )
S(i)	 (   C ,     TW0 ,       TW1 ,       VTW ,       Min ,       A ,       W ,       B ,       D ,       L ,       F ,       E ,       Det ,       [Imp ,       Imp]	)
   0 	 (   0 ,    0.000 , 1440.000 ,        0 ,    0.000 ,  453.445 ,    0.000 ,  453.445 ,  453.445 ,    0.000 ,    0.000 ,  453.445 ,    0.000 ,        0 , 	)
  11 	 (   3 ,  300.000 ,  480.000 ,        0 ,   15.347 ,  468.792 ,    0.000 ,  468.792 ,  471.792 ,    0.000 ,    0.000 ,  168.792 ,   13.680 ,        1 , 	)
  33 	 (   4 ,  300.000 ,  480.000 ,        0 ,  311.208 ,  480.000 ,    0.000 ,  480.000 ,  481.000 ,    0.000 ,    0.000 ,  168.792 ,   -0.008 ,        2 , 	)
  96 	 (   1 ,  332.685 ,  562.000 ,        0 ,  333.677 ,  502.470 ,    0.000 ,  502.470 ,  505.470 ,   30.677 ,   13.907 ,  168.792 ,    8.948 ,        3 , 	)
  19 	 (   2 ,  480.000 ,  660.000 ,        0 ,  367.660 ,  536.453 ,   13.907 ,  550.359 ,  551.359 ,    0.000 ,    0.000 ,   70.359 ,   -1.314 ,        4 , 	)
  32 	 (   6 ,  540.000 ,  720.000 ,        0 ,  492.220 ,  562.580 ,    0.000 ,  562.580 ,  566.580 ,    0.000 ,    0.000 ,   22.580 ,    1.695 ,        5 , 	)
 118 	 (   5 ,  394.000 ,  574.000 ,        0 ,  551.420 ,  574.000 ,    0.000 ,  574.000 ,  575.000 ,   93.000 ,    0.000 ,   22.580 ,    4.412 ,        6 , 	)
 104 	 (   4 ,  508.531 ,  735.000 ,        0 ,  570.708 ,  593.288 ,    0.000 ,  593.288 ,  594.288 ,   41.929 ,   32.071 ,   22.580 ,   14.399 ,        7 , 	)
 117 	 (   0 ,  587.000 ,  823.000 ,        0 ,  601.190 ,  623.770 ,    0.000 ,  623.770 ,  627.770 ,   57.190 ,   41.810 ,   22.580 ,    4.792 ,        8 , 	)
  50 	 (   4 ,  493.000 ,  719.166 ,        0 ,  614.235 ,  636.815 ,   59.686 ,  696.502 ,  700.502 ,    0.000 ,    0.000 ,   82.266 ,  -14.344 ,        9 , 	)
  46 	 (   8 ,  480.000 ,  720.000 ,        0 ,  637.734 ,  720.000 ,    0.000 ,  720.000 ,  724.000 ,    0.000 ,    0.000 ,   82.266 ,    7.936 ,       10 , 	)
 135 	 (   4 ,  589.000 ,  769.000 ,        0 ,  676.005 ,  758.271 ,    0.000 ,  758.271 ,  762.271 ,   57.770 ,   10.729 ,   82.266 ,   -0.430 ,       11 , 	)
   1 	 (   5 ,  720.000 ,  960.000 ,        0 ,  684.479 ,  766.745 ,   51.098 ,  817.844 ,  818.844 ,    0.000 ,    1.689 ,   97.844 ,   -0.820 ,       12 , 	)
  39 	 (   8 ,  840.000 ,  960.000 ,        0 ,  742.156 ,  840.000 ,    0.000 ,  840.000 ,  843.000 ,    0.000 ,    1.689 ,    0.000 ,   -3.126 ,       13 , 	)
 131 	 (   4 ,  613.000 ,  853.000 ,        0 ,  851.311 ,  851.311 ,    0.000 ,  851.311 ,  855.311 ,  127.311 ,    1.689 ,    0.000 ,    5.578 ,       14 , 	)
  86 	 (   3 ,  773.000 , 1013.000 ,        0 ,  860.793 ,  860.793 ,    0.000 ,  860.793 ,  861.793 ,   41.950 ,   29.050 ,    0.000 ,   12.768 ,       15 , 	)
 124 	 (   0 ,  909.000 , 1089.000 ,        0 ,  909.499 ,  909.499 ,    0.000 ,  909.499 ,  912.499 ,   66.498 ,   63.501 ,    0.000 ,   16.730 ,       16 , 	)
 171 	 (   0 ,    0.000 , 1440.000 ,        0 ,  921.320 ,  921.320 ,    0.000 ,  921.320 ,  921.320 ,    0.000 ,  518.680 ,    0.000 ,    0.000 ,       17 , 	)

	8 sommets 
	values : ( Cost : 311.358 , TRT : 351.608 , TWT : 101.505 , TD : 379.123 )
	violations : ( VC :       0 , VTW :   0.000 , VTD :   0.000 , VTRT :   0.000 )
	cout global : (   0.000	 )
S(i)	 (   C ,     TW0 ,       TW1 ,       VTW ,       Min ,       A ,       W ,       B ,       D ,       L ,       F ,       E ,       Det ,       [Imp ,       Imp]	)
   0 	 (   0 ,    0.000 , 1440.000 ,        0 ,    0.000 ,  674.130 ,    0.000 ,  674.130 ,  674.130 ,    0.000 ,    0.000 ,  674.130 ,    0.000 ,        0 , 	)
  36 	 (   4 ,  549.000 ,  720.000 ,        0 ,    8.605 ,  682.735 ,    0.000 ,  682.735 ,  686.735 ,    0.000 ,    0.000 ,  133.735 ,   -4.356 ,        1 , 	)
  22 	 (   7 ,  480.000 ,  720.000 ,        0 ,  586.265 ,  720.000 ,    0.000 ,  720.000 ,  723.000 ,    0.000 ,    0.000 ,  133.735 ,    6.589 ,        2 , 	)
  66 	 (   8 ,  720.000 ,  960.000 ,        0 ,  612.354 ,  746.089 ,   35.567 ,  781.656 ,  782.656 ,    0.000 ,    0.000 ,   61.656 ,    0.131 ,        3 , 	)
 121 	 (   4 ,  670.000 ,  790.000 ,        0 ,  728.344 ,  790.000 ,    0.000 ,  790.000 ,  794.000 ,  103.265 ,    0.000 ,   61.656 ,    7.902 ,        4 , 	)
 107 	 (   1 ,  637.000 ,  877.000 ,        0 ,  792.859 ,  854.515 ,    0.000 ,  854.515 ,  857.515 ,  131.515 ,   22.485 ,   61.656 ,    7.044 ,        5 , 	)
 151 	 (   0 ,  927.000 , 1047.000 ,        0 ,  799.406 ,  861.062 ,   65.938 ,  927.000 ,  928.000 ,  144.344 ,   76.656 ,    0.000 ,    0.050 ,        6 , 	)
 171 	 (   0 ,    0.000 , 1440.000 ,        0 , 1025.738 , 1025.738 ,    0.000 , 1025.738 , 1025.738 ,    0.000 ,  414.262 ,   -0.000 ,    0.000 ,        7 , 	)

	20 sommets 
	values : ( Cost : 528.560 , TRT : 475.116 , TWT :  27.702 , TD : 566.068 )
	violations : ( VC :       0 , VTW :   0.000 , VTD :   0.000 , VTRT :   0.000 )
	cout global : (   0.000	 )
S(i)	 (   C ,     TW0 ,       TW1 ,       VTW ,       Min ,       A ,       W ,       B ,       D ,       L ,       F ,       E ,       Det ,       [Imp ,       Imp]	)
   0 	 (   0 ,    0.000 , 1440.000 ,        0 ,    0.000 ,  727.423 ,    0.000 ,  727.423 ,  727.423 ,    0.000 ,    0.000 ,  727.423 ,    0.000 ,        0 , 	)
  72 	 (   3 ,  720.000 ,  960.000 ,        0 ,   63.098 ,  790.520 ,    0.000 ,  790.520 ,  793.520 ,    0.000 ,    0.000 ,   70.520 ,   -1.461 ,        1 , 	)
  31 	 (   5 ,  720.000 ,  900.000 ,        0 ,  730.652 ,  801.172 ,    0.000 ,  801.172 ,  803.172 ,    0.000 ,    0.000 ,   70.520 ,    2.154 ,        2 , 	)
 116 	 (   3 ,  750.803 ,  979.000 ,        0 ,  761.455 ,  831.975 ,    0.000 ,  831.975 ,  833.975 ,   28.803 ,    0.000 ,   70.520 ,   10.537 ,        3 , 	)
 157 	 (   0 ,  792.000 , 1032.000 ,        0 ,  774.285 ,  844.805 ,    0.000 ,  844.805 ,  847.805 ,   51.285 ,    0.000 ,   52.805 ,    4.119 ,        4 , 	)
  55 	 (   4 ,  726.000 ,  960.000 ,        0 ,  798.268 ,  851.073 ,    0.000 ,  851.073 ,  855.073 ,    0.000 ,    0.000 ,   52.805 ,    1.452 ,        5 , 	)
  65 	 (   8 ,  780.000 ,  960.000 ,        0 ,  805.322 ,  858.127 ,    0.000 ,  858.127 ,  862.127 ,    0.000 ,    0.000 ,   52.805 ,    0.602 ,        6 , 	)
 140 	 (   4 ,  822.000 , 1002.000 ,        0 ,  841.415 ,  894.220 ,    0.000 ,  894.220 ,  898.220 ,   39.147 ,    0.000 ,   52.805 ,   16.229 ,        7 , 	)
  71 	 (   5 ,  900.000 ,  960.000 ,        0 ,  873.805 ,  926.611 ,    0.000 ,  926.611 ,  927.611 ,    0.000 ,    0.000 ,   26.611 ,   -5.202 ,        8 , 	)
  38 	 (   7 ,  720.000 ,  960.000 ,        0 ,  905.738 ,  932.348 ,    0.000 ,  932.348 ,  934.348 ,    0.000 ,    0.000 ,   26.611 ,    3.233 ,        9 , 	)
 150 	 (   3 ,  877.000 , 1057.000 ,        0 ,  916.838 ,  943.449 ,    0.000 ,  943.449 ,  947.449 ,   81.322 ,    0.000 ,   26.611 ,    7.883 ,       10 , 	)
  82 	 (   5 ,  720.000 ,  960.000 ,        0 ,  933.389 ,  960.000 ,    0.000 ,  960.000 ,  962.000 ,    0.000 ,    0.000 ,   26.611 ,  -10.644 ,       11 , 	)
 156 	 (   4 ,  950.698 , 1094.000 ,        0 ,  968.225 ,  994.835 ,    0.000 ,  994.835 ,  995.835 ,   67.225 ,   16.119 ,   26.611 ,    5.056 ,       12 , 	)
 167 	 (   2 ,  914.000 , 1034.000 ,        0 ,  991.271 , 1017.881 ,    0.000 , 1017.881 , 1019.881 ,   55.881 ,   16.119 ,   26.611 ,   -1.347 ,       13 , 	)
 123 	 (   0 ,  861.000 , 1101.000 ,        0 ,  996.568 , 1023.179 ,    0.000 , 1023.179 , 1025.179 ,   88.831 ,   77.821 ,   26.611 ,    3.041 ,       14 , 	)
  47 	 (   3 ,  960.000 , 1140.000 ,        0 , 1001.880 , 1028.490 ,   27.702 , 1056.192 , 1059.192 ,    0.000 ,   83.808 ,   54.313 ,    2.888 ,       15 , 	)
  78 	 (   7 ,  960.000 , 1200.000 ,        0 , 1017.101 , 1071.414 ,    0.000 , 1071.414 , 1075.414 ,    0.000 ,  120.000 ,   54.313 ,    0.195 ,       16 , 	)
 163 	 (   3 , 1111.000 , 1291.000 ,        0 , 1079.868 , 1134.180 ,    0.000 , 1134.180 , 1138.180 ,   58.767 ,   98.233 ,   23.180 ,   16.322 ,       17 , 	)
 132 	 (   0 , 1154.000 , 1274.000 ,        0 , 1130.820 , 1154.000 ,    0.000 , 1154.000 , 1157.000 ,   94.808 ,  120.000 ,    0.000 ,   10.488 ,       18 , 	)
 171 	 (   0 ,    0.000 , 1440.000 ,        0 , 1202.538 , 1202.538 ,    0.000 , 1202.538 , 1202.538 ,    0.000 ,  237.462 ,    0.000 ,    0.000 ,       19 , 	)

	16 sommets 
	values : ( Cost : 343.234 , TRT : 459.562 , TWT : 169.492 , TD : 600.250 )
	violations : ( VC :       0 , VTW :   0.000 , VTD :   0.000 , VTRT :   0.000 )
	cout global : (   0.000	 )
S(i)	 (   C ,     TW0 ,       TW1 ,       VTW ,       Min ,       A ,       W ,       B ,       D ,       L ,       F ,       E ,       Det ,       [Imp ,       Imp]	)
   0 	 (   0 ,    0.000 , 1440.000 ,        0 ,    0.000 ,  422.671 ,    0.000 ,  422.671 ,  422.671 ,    0.000 ,    0.000 ,  422.671 ,    0.000 ,        0 , 	)
  14 	 (   4 ,  252.000 ,  473.523 ,        0 ,   14.197 ,  436.868 ,    0.000 ,  436.868 ,  440.868 ,    0.000 ,    0.000 ,  184.868 ,   11.253 ,        1 , 	)
  52 	 (   5 ,  300.000 ,  480.000 ,        0 ,  268.166 ,  453.035 ,    0.000 ,  453.035 ,  454.035 ,    0.000 ,    0.000 ,  153.035 ,    0.039 ,        2 , 	)
  99 	 (   1 ,  322.000 ,  502.000 ,        0 ,  313.350 ,  466.385 ,    0.000 ,  466.385 ,  470.385 ,   25.517 ,    0.000 ,  144.385 ,    5.968 ,        3 , 	)
  62 	 (   2 ,  300.000 ,  480.000 ,        0 ,  335.615 ,  480.000 ,    0.000 ,  480.000 ,  481.000 ,    0.000 ,    0.000 ,  144.385 ,    6.173 ,        4 , 	)
 147 	 (   1 ,  438.000 ,  678.000 ,        0 ,  399.762 ,  544.147 ,    0.000 ,  544.147 ,  545.147 ,   63.147 ,   58.227 ,  106.147 ,   -6.940 ,        5 , 	)
  24 	 (   3 ,  480.000 ,  720.000 ,        0 ,  460.065 ,  566.211 ,   58.227 ,  624.438 ,  626.438 ,    0.000 ,    0.000 ,  144.438 ,   10.084 ,        6 , 	)
 137 	 (   2 ,  454.000 ,  634.000 ,        0 ,  489.562 ,  634.000 ,    0.000 ,  634.000 ,  635.000 ,  179.965 ,    0.000 ,  144.438 ,    4.289 ,        7 , 	)
  69 	 (   6 ,  720.000 ,  840.000 ,        0 ,  504.366 ,  648.805 ,   72.768 ,  721.573 ,  725.573 ,    0.000 ,    0.000 ,    1.573 ,    4.189 ,        8 , 	)
 109 	 (   4 ,  566.000 ,  806.000 ,        0 ,  738.865 ,  740.438 ,    0.000 ,  740.438 ,  742.438 ,  114.000 ,    0.000 ,    1.573 ,    2.974 ,        9 , 	)
  61 	 (   6 ,  780.000 ,  960.000 ,        0 ,  748.042 ,  749.615 ,   38.496 ,  788.111 ,  790.111 ,    0.000 ,   54.309 ,    8.111 ,    1.509 ,       10 , 	)
  80 	 (   8 ,  780.000 ,  900.000 ,        0 ,  829.259 ,  837.371 ,    0.000 ,  837.371 ,  839.371 ,    0.000 ,   54.309 ,    8.111 ,    4.781 ,       11 , 	)
 146 	 (   6 ,  843.000 , 1083.000 ,        0 ,  834.889 ,  843.000 ,    0.000 ,  843.000 ,  845.000 ,   52.889 ,   34.959 ,    0.000 ,    1.459 ,       12 , 	)
 154 	 (   2 ,  833.000 , 1013.000 ,        0 ,  858.264 ,  858.264 ,    0.000 ,  858.264 ,  862.264 ,  132.691 ,   34.959 ,    0.000 ,   13.044 ,       13 , 	)
 165 	 (   0 ,  798.782 ,  969.000 ,        0 ,  871.412 ,  871.412 ,    0.000 ,  871.412 ,  873.412 ,   32.041 ,   34.959 ,    0.000 ,    0.269 ,       14 , 	)
 171 	 (   0 ,    0.000 , 1440.000 ,        0 ,  882.234 ,  882.234 ,    0.000 ,  882.234 ,  882.234 ,    0.000 ,  557.766 ,    0.000 ,    0.000 ,       15 , 	)

	18 sommets 
	values : ( Cost : 271.187 , TRT : 254.689 , TWT :  10.789 , TD : 389.845 )
	violations : ( VC :       0 , VTW :   0.000 , VTD :   0.000 , VTRT :   0.000 )
	cout global : (   0.000	 )
S(i)	 (   C ,     TW0 ,       TW1 ,       VTW ,       Min ,       A ,       W ,       B ,       D ,       L ,       F ,       E ,       Det ,       [Imp ,       Imp]	)
   0 	 (   0 ,    0.000 , 1440.000 ,        0 ,    0.000 ,  830.529 ,    0.000 ,  830.529 ,  830.529 ,    0.000 ,    0.000 ,  830.529 ,    0.000 ,        0 , 	)
  67 	 (   2 ,  720.000 ,  960.000 ,        0 ,   20.045 ,  850.574 ,    0.000 ,  850.574 ,  852.574 ,    0.000 ,    0.000 ,  130.574 ,   20.954 ,        1 , 	)
  76 	 (   6 ,  780.000 ,  960.000 ,        0 ,  739.156 ,  869.730 ,    0.000 ,  869.730 ,  873.730 ,    0.000 ,    0.000 ,   89.730 ,    0.000 ,        2 , 	)
  27 	 (   8 ,  720.000 ,  960.000 ,        0 ,  784.000 ,  873.730 ,    0.000 ,  873.730 ,  875.730 ,    0.000 ,    0.000 ,   89.730 ,    0.000 ,        3 , 	)
 161 	 (   4 ,  805.750 , 1022.000 ,        0 ,  807.750 ,  897.480 ,    0.000 ,  897.480 ,  901.480 ,   23.750 ,    0.000 ,   89.730 ,   -1.691 ,        4 , 	)
 112 	 (   2 ,  805.000 , 1045.000 ,        0 ,  830.382 ,  920.112 ,    0.000 ,  920.112 ,  922.112 ,   44.382 ,    0.000 ,   89.730 ,   -4.361 ,        5 , 	)
 152 	 (   0 ,  836.000 , 1076.000 ,        0 ,  840.838 ,  930.568 ,    0.000 ,  930.568 ,  932.568 ,   77.994 ,    0.000 ,   89.730 ,   -1.858 ,        6 , 	)
   8 	 (   4 ,  806.000 ,  941.103 ,        0 ,  849.864 ,  939.594 ,    0.000 ,  939.594 ,  943.594 ,    0.000 ,    0.000 ,   89.730 ,    9.863 ,        7 , 	)
  21 	 (   6 ,  900.000 ,  960.000 ,        0 ,  868.271 ,  958.002 ,    0.000 ,  958.002 ,  960.002 ,    0.000 ,    0.000 ,   58.001 ,   -1.491 ,        8 , 	)
  43 	 (   7 ,  960.000 , 1080.000 ,        0 ,  910.998 ,  969.000 ,    0.000 ,  969.000 ,  970.000 ,    0.000 ,    0.000 ,    9.000 ,    0.000 ,        9 , 	)
  93 	 (   3 ,  910.000 ,  970.000 ,        0 ,  961.000 ,  970.000 ,    0.000 ,  970.000 ,  974.000 ,   26.406 ,    0.000 ,    9.000 ,    0.000 ,       10 , 	)
   6 	 (   4 ,  960.000 , 1140.000 ,        0 ,  987.821 ,  996.821 ,   10.789 , 1007.611 , 1008.611 ,    0.000 ,   10.871 ,   19.789 ,   -4.012 ,       11 , 	)
 128 	 (   3 , 1013.000 , 1193.000 ,        0 ,  993.211 , 1013.000 ,    0.000 , 1013.000 , 1014.000 ,   43.000 ,   10.871 ,    0.000 ,    2.137 ,       12 , 	)
   2 	 (   7 ,  970.000 , 1197.047 ,        0 , 1019.713 , 1019.713 ,    0.000 , 1019.713 , 1023.713 ,    0.000 ,   10.871 ,    0.000 ,    2.459 ,       13 , 	)
  91 	 (   6 ,  994.000 , 1226.000 ,        0 , 1048.377 , 1048.377 ,    0.000 , 1048.377 , 1049.377 ,   39.766 ,   10.871 ,   -0.000 ,    5.465 ,       14 , 	)
 106 	 (   4 ,  942.886 , 1071.000 ,        0 , 1058.131 , 1058.131 ,    0.000 , 1058.131 , 1060.131 ,   98.129 ,   10.871 ,   -0.000 ,    0.000 ,       15 , 	)
  87 	 (   0 , 1049.000 , 1229.000 ,        0 , 1060.131 , 1060.131 ,    0.000 , 1060.131 , 1064.131 ,   36.418 ,   38.582 ,   -0.000 ,    0.000 ,       16 , 	)
 171 	 (   0 ,    0.000 , 1440.000 ,        0 , 1085.218 , 1085.218 ,    0.000 , 1085.218 , 1085.218 ,    0.000 ,  354.782 ,   -0.000 ,    0.000 ,       17 , 	)

	26 sommets 
	values : ( Cost : 384.385 , TRT : 467.103 , TWT : 132.092 , TD : 935.228 )
	violations : ( VC :       0 , VTW :   0.000 , VTD :   0.000 , VTRT :   0.000 )
	cout global : (   0.000	 )
S(i)	 (   C ,     TW0 ,       TW1 ,       VTW ,       Min ,       A ,       W ,       B ,       D ,       L ,       F ,       E ,       Det ,       [Imp ,       Imp]	)
   0 	 (   0 ,    0.000 , 1440.000 ,        0 ,    0.000 ,  710.868 ,    0.000 ,  710.868 ,  710.868 ,    0.000 ,    0.000 ,  710.868 ,    0.000 ,        0 , 	)
  77 	 (   2 ,  540.000 ,  720.000 ,        0 ,    9.132 ,  720.000 ,    0.000 ,  720.000 ,  722.000 ,    0.000 ,    0.000 ,  180.000 ,   -3.990 ,        1 , 	)
 162 	 (   0 ,  616.000 ,  796.000 ,        0 ,  570.026 ,  750.026 ,    0.000 ,  750.026 ,  752.026 ,   28.026 ,   36.298 ,  134.026 ,   -6.569 ,        2 , 	)
  29 	 (   1 ,  720.000 ,  840.000 ,        0 ,  629.245 ,  763.271 ,   36.298 ,  799.569 ,  800.569 ,    0.000 ,    0.000 ,   79.569 ,    0.000 ,        3 , 	)
  13 	 (   4 ,  780.000 ,  900.000 ,        0 ,  721.000 ,  800.569 ,    0.000 ,  800.569 ,  803.569 ,    0.000 ,    0.000 ,   20.569 ,    0.000 ,        4 , 	)
  79 	 (   8 ,  720.000 ,  960.000 ,        0 ,  787.056 ,  807.626 ,    0.000 ,  807.626 ,  811.626 ,    0.000 ,    0.000 ,   20.569 ,   -0.162 ,        5 , 	)
 164 	 (   4 ,  811.000 , 1051.000 ,        0 ,  835.241 ,  855.811 ,    0.000 ,  855.811 ,  859.811 ,   44.185 ,    0.000 ,   20.569 ,   12.015 ,        6 , 	)
  44 	 (   5 ,  727.000 ,  960.000 ,        0 ,  857.692 ,  878.262 ,    0.000 ,  878.262 ,  879.262 ,    0.000 ,    0.000 ,   20.569 ,    4.644 ,        7 , 	)
  30 	 (   6 ,  720.000 ,  960.000 ,        0 ,  871.017 ,  891.586 ,    0.000 ,  891.586 ,  892.586 ,    0.000 ,    0.000 ,   20.569 ,    7.011 ,        8 , 	)
  68 	 (   8 ,  720.000 ,  900.000 ,        0 ,  879.431 ,  900.000 ,    0.000 ,  900.000 ,  902.000 ,    0.000 ,    0.000 ,   20.569 ,    4.273 ,        9 , 	)
  98 	 (   5 ,  859.000 , 1099.000 ,        0 ,  889.183 ,  909.753 ,    0.000 ,  909.753 ,  912.753 ,  106.183 ,   18.386 ,   20.569 ,    0.000 ,       10 , 	)
 114 	 (   4 ,  793.000 ,  973.000 ,        0 ,  892.183 ,  912.753 ,    0.000 ,  912.753 ,  913.753 ,  112.183 ,   18.386 ,   20.569 ,    0.000 ,       11 , 	)
 153 	 (   2 ,  746.546 ,  968.000 ,        0 ,  904.520 ,  925.089 ,    0.000 ,  925.089 ,  927.089 ,   23.089 ,   18.386 ,   20.569 ,    0.000 ,       12 , 	)
   4 	 (   4 ,  724.000 ,  960.000 ,        0 ,  909.117 ,  929.686 ,   18.386 ,  948.073 ,  950.073 ,    0.000 ,    0.000 ,   38.956 ,    0.241 ,       13 , 	)
 129 	 (   3 ,  815.000 ,  995.000 ,        0 ,  914.081 ,  953.037 ,    0.000 ,  953.037 ,  954.037 ,   73.775 ,    0.000 ,   38.956 ,   -0.795 ,       14 , 	)
  74 	 (   4 ,  780.000 ,  960.000 ,        0 ,  921.044 ,  960.000 ,    0.000 ,  960.000 ,  961.000 ,    0.000 ,    0.000 ,   38.956 ,    0.562 ,       15 , 	)
  49 	 (   8 ,  960.000 , 1140.000 ,        0 ,  929.853 ,  968.808 ,    7.056 ,  975.865 ,  979.865 ,    0.000 ,    0.000 ,   15.865 ,    1.782 ,       16 , 	)
  89 	 (   6 ,  825.000 , 1005.000 ,        0 ,  989.135 , 1005.000 ,    0.000 , 1005.000 , 1007.000 ,   54.927 ,    0.000 ,   15.865 ,    5.740 ,       17 , 	)
  17 	 (   7 ,  960.000 , 1080.000 ,        0 , 1001.593 , 1017.458 ,    5.446 , 1022.904 , 1023.904 ,    0.000 ,    0.000 ,   21.311 ,    1.699 ,       18 , 	)
   7 	 (   8 ,  960.000 , 1200.000 ,        0 , 1006.786 , 1028.096 ,    0.000 , 1028.096 , 1029.096 ,    0.000 ,    0.000 ,   21.311 ,    0.723 ,       19 , 	)
 159 	 (   7 ,  862.000 , 1042.000 ,        0 , 1020.689 , 1042.000 ,    0.000 , 1042.000 , 1043.000 ,   81.000 ,    0.000 ,   21.311 ,   -1.529 ,       20 , 	)
 102 	 (   6 ,  988.692 , 1137.000 ,        0 , 1031.478 , 1052.789 ,    0.000 , 1052.789 , 1053.789 ,   28.885 ,   27.115 ,   21.311 ,    0.422 ,       21 , 	)
 115 	 (   5 ,  904.000 , 1084.000 ,        0 , 1035.114 , 1056.425 ,    0.000 , 1056.425 , 1057.425 ,  163.839 ,   27.575 ,   21.311 ,    2.332 ,       22 , 	)
  92 	 (   4 , 1029.000 , 1269.000 ,        0 , 1059.785 , 1081.095 ,    0.000 , 1081.095 , 1082.095 ,   51.999 ,   40.001 ,   21.311 ,    0.000 ,       23 , 	)
 134 	 (   0 , 1147.000 , 1267.000 ,        0 , 1060.785 , 1082.095 ,   64.905 , 1147.000 , 1151.000 ,  167.135 ,   63.865 ,    0.000 ,    0.000 ,       24 , 	)
 171 	 (   0 ,    0.000 , 1440.000 ,        0 , 1177.971 , 1177.971 ,    0.000 , 1177.971 , 1177.971 ,    0.000 ,  262.029 ,    0.000 ,    0.000 ,       25 , 	)

	20 sommets 
	values : ( Cost : 368.121 , TRT : 327.379 , TWT :  12.596 , TD : 539.747 )
	violations : ( VC :       0 , VTW :   0.000 , VTD :   0.000 , VTRT :   0.000 )
	cout global : (   0.000	 )
S(i)	 (   C ,     TW0 ,       TW1 ,       VTW ,       Min ,       A ,       W ,       B ,       D ,       L ,       F ,       E ,       Det ,       [Imp ,       Imp]	)
   0 	 (   0 ,    0.000 , 1440.000 ,        0 ,    0.000 ,  319.771 ,    0.000 ,  319.771 ,  319.771 ,    0.000 ,    0.000 ,  319.771 ,    0.000 ,        0 , 	)
  41 	 (   4 ,  300.000 ,  480.000 ,        0 ,    9.875 ,  329.647 ,    0.000 ,  329.647 ,  333.647 ,    0.000 ,    0.000 ,   29.647 ,    1.045 ,        1 , 	)
   9 	 (   6 ,  240.000 ,  420.000 ,        0 ,  325.571 ,  355.217 ,    0.000 ,  355.217 ,  357.217 ,    0.000 ,    0.000 ,   29.647 ,    5.702 ,        2 , 	)
  70 	 (   7 ,  300.000 ,  480.000 ,        0 ,  343.084 ,  372.731 ,    0.000 ,  372.731 ,  373.731 ,    0.000 ,    0.000 ,   29.647 ,   -1.950 ,        3 , 	)
 126 	 (   3 ,  337.000 ,  569.000 ,        0 ,  350.388 ,  380.035 ,    0.000 ,  380.035 ,  384.035 ,   46.388 ,    0.000 ,   29.647 ,    4.620 ,        4 , 	)
 155 	 (   2 ,  340.000 ,  574.000 ,        0 ,  387.605 ,  417.251 ,    0.000 ,  417.251 ,  418.251 ,   43.520 ,    0.000 ,   29.647 ,    0.000 ,        5 , 	)
  54 	 (   5 ,  260.000 ,  461.329 ,        0 ,  388.605 ,  418.251 ,    0.000 ,  418.251 ,  421.251 ,    0.000 ,    0.000 ,   29.647 ,    0.000 ,        6 , 	)
  34 	 (   7 ,  240.000 ,  480.000 ,        0 ,  408.311 ,  437.958 ,    0.000 ,  437.958 ,  439.958 ,    0.000 ,    0.000 ,   29.647 ,    0.000 ,        7 , 	)
  94 	 (   5 ,  362.000 ,  602.000 ,        0 ,  410.311 ,  439.958 ,    0.000 ,  439.958 ,  441.958 ,   82.741 ,    0.000 ,   29.647 ,    0.000 ,        8 , 	)
 139 	 (   2 ,  297.000 ,  477.000 ,        0 ,  424.771 ,  454.417 ,    0.000 ,  454.417 ,  457.417 ,   33.166 ,    0.000 ,   29.647 ,    3.018 ,        9 , 	)
  58 	 (   4 ,  360.000 ,  480.000 ,        0 ,  438.206 ,  467.853 ,    0.000 ,  467.853 ,  469.853 ,    0.000 ,    0.000 ,   29.647 ,    3.247 ,       10 , 	)
  23 	 (   6 ,  360.000 ,  480.000 ,        0 ,  450.353 ,  480.000 ,    0.000 ,  480.000 ,  482.000 ,    0.000 ,    0.000 ,   29.647 ,    9.193 ,       11 , 	)
  73 	 (   7 ,  480.000 ,  720.000 ,        0 ,  468.599 ,  498.246 ,    0.682 ,  498.928 ,  499.928 ,    0.000 ,    0.000 ,   18.928 ,    0.629 ,       12 , 	)
 108 	 (   5 ,  387.559 ,  533.000 ,        0 ,  490.941 ,  509.869 ,    0.000 ,  509.869 ,  511.869 ,   27.869 ,    0.000 ,   18.928 ,    2.779 ,       13 , 	)
  56 	 (   7 ,  480.000 ,  720.000 ,        0 ,  499.562 ,  518.489 ,    0.000 ,  518.489 ,  520.489 ,    0.000 ,    0.000 ,   18.928 ,   -0.468 ,       14 , 	)
 143 	 (   5 ,  412.000 ,  592.000 ,        0 ,  505.689 ,  524.617 ,    0.000 ,  524.617 ,  526.617 ,   54.765 ,    0.000 ,   18.928 ,    3.512 ,       15 , 	)
 141 	 (   3 ,  533.000 ,  773.000 ,        0 ,  532.745 ,  551.673 ,    0.000 ,  551.673 ,  553.673 ,   31.183 ,    0.000 ,   18.673 ,    0.247 ,       16 , 	)
 119 	 (   1 ,  325.000 ,  565.000 ,        0 ,  546.327 ,  565.000 ,    0.000 ,  565.000 ,  567.000 ,  125.042 ,    0.000 ,   18.673 ,   -1.411 ,       17 , 	)
 158 	 (   0 ,  595.000 ,  835.000 ,        0 ,  564.413 ,  583.086 ,   11.914 ,  595.000 ,  596.000 ,   95.072 ,   77.928 ,    0.000 ,    4.508 ,       18 , 	)
 171 	 (   0 ,    0.000 , 1440.000 ,        0 ,  647.150 ,  647.150 ,    0.000 ,  647.150 ,  647.150 ,    0.000 ,  792.850 ,    0.000 ,    0.000 ,       19 , 	)

	16 sommets 
	values : ( Cost : 333.971 , TRT : 291.106 , TWT :   0.000 , TD : 342.287 )
	violations : ( VC :       0 , VTW :   0.000 , VTD :   0.000 , VTRT :   0.000 )
	cout global : (   0.000	 )
S(i)	 (   C ,     TW0 ,       TW1 ,       VTW ,       Min ,       A ,       W ,       B ,       D ,       L ,       F ,       E ,       Det ,       [Imp ,       Imp]	)
   0 	 (   0 ,    0.000 , 1440.000 ,        0 ,    0.000 ,  266.601 ,    0.000 ,  266.601 ,  266.601 ,    0.000 ,    3.064 ,  266.601 ,    0.000 ,        0 , 	)
  10 	 (   4 ,  240.000 ,  480.000 ,        0 ,   51.611 ,  318.212 ,    0.000 ,  318.212 ,  322.212 ,    0.000 ,    3.064 ,   78.212 ,    3.468 ,        1 , 	)
  25 	 (   5 ,  300.000 ,  480.000 ,        0 ,  258.346 ,  336.558 ,    0.000 ,  336.558 ,  337.558 ,    0.000 ,    3.064 ,   36.558 ,   -3.181 ,        2 , 	)
  95 	 (   1 ,  366.000 ,  606.000 ,        0 ,  329.442 ,  366.000 ,    0.000 ,  366.000 ,  370.000 ,   43.788 ,    3.064 ,    0.000 ,    0.000 ,        3 , 	)
  37 	 (   5 ,  253.000 ,  472.998 ,        0 ,  370.000 ,  370.000 ,    0.000 ,  370.000 ,  374.000 ,    0.000 ,    3.064 ,    0.000 ,    0.000 ,        4 , 	)
 110 	 (   4 ,  335.242 ,  550.000 ,        0 ,  379.995 ,  379.995 ,    0.000 ,  379.995 ,  380.995 ,   42.437 ,    3.064 ,    0.000 ,    2.018 ,        5 , 	)
   3 	 (   6 ,  240.000 ,  480.000 ,        0 ,  383.261 ,  383.261 ,    0.000 ,  383.261 ,  385.261 ,    0.000 ,    3.064 ,    0.000 ,    0.535 ,        6 , 	)
 122 	 (   2 ,  321.000 ,  501.000 ,        0 ,  408.717 ,  408.717 ,    0.000 ,  408.717 ,  412.717 ,   34.717 ,    3.064 ,    0.000 ,    2.915 ,        7 , 	)
  15 	 (   6 ,  240.000 ,  480.000 ,        0 ,  416.689 ,  416.689 ,    0.000 ,  416.689 ,  420.689 ,    0.000 ,    3.064 ,    0.000 ,    0.514 ,        8 , 	)
  88 	 (   4 ,  305.000 ,  545.000 ,        0 ,  428.620 ,  428.620 ,    0.000 ,  428.620 ,  430.620 ,   43.359 ,    3.064 ,    0.000 ,    0.000 ,        9 , 	)
  26 	 (   7 ,  240.000 ,  480.000 ,        0 ,  430.620 ,  430.620 ,    0.000 ,  430.620 ,  433.620 ,    0.000 ,    3.064 ,    0.000 ,    0.000 ,       10 , 	)
 100 	 (   3 ,  359.000 ,  539.000 ,        0 ,  453.257 ,  453.257 ,    0.000 ,  453.257 ,  457.257 ,   32.568 ,    3.064 ,    0.000 ,   31.174 ,       11 , 	)
  83 	 (   5 ,  240.000 ,  480.000 ,        0 ,  476.936 ,  476.936 ,    0.000 ,  476.936 ,  478.936 ,    0.000 ,    3.064 ,    0.000 ,   33.786 ,       12 , 	)
 168 	 (   3 ,  320.000 ,  560.000 ,        0 ,  526.077 ,  526.077 ,    0.000 ,  526.077 ,  528.077 ,   47.141 ,   33.923 ,    0.000 ,    6.034 ,       13 , 	)
 111 	 (   0 ,  351.000 ,  591.000 ,        0 ,  531.896 ,  531.896 ,    0.000 ,  531.896 ,  534.896 ,   98.277 ,   59.104 ,    0.000 ,   -5.508 ,       14 , 	)
 171 	 (   0 ,    0.000 , 1440.000 ,        0 ,  557.707 ,  557.707 ,    0.000 ,  557.707 ,  557.707 ,    0.000 ,  882.293 ,    0.000 ,    0.000 ,       15 , 	)

	22 sommets 
	values : ( Cost : 484.561 , TRT : 431.450 , TWT :  33.119 , TD : 622.780 )
	violations : ( VC :       0 , VTW :   0.000 , VTD :   0.000 , VTRT :   0.000 )
	cout global : (   0.000	 )
S(i)	 (   C ,     TW0 ,       TW1 ,       VTW ,       Min ,       A ,       W ,       B ,       D ,       L ,       F ,       E ,       Det ,       [Imp ,       Imp]	)
   0 	 (   0 ,    0.000 , 1440.000 ,        0 ,    0.000 ,  207.521 ,    0.000 ,  207.521 ,  207.521 ,    0.000 ,    0.000 ,  207.521 ,    0.000 ,        0 , 	)
  85 	 (   4 ,  240.000 ,  480.000 ,        0 ,   83.915 ,  291.436 ,    0.000 ,  291.436 ,  295.436 ,    0.000 ,    0.000 ,   51.436 ,    0.000 ,        1 , 	)
  16 	 (   5 ,  240.000 ,  360.000 ,        0 ,  244.000 ,  295.436 ,    0.000 ,  295.436 ,  296.436 ,    0.000 ,    0.000 ,   51.436 ,    0.000 ,        2 , 	)
   5 	 (   6 ,  240.000 ,  300.000 ,        0 ,  248.564 ,  300.000 ,    0.000 ,  300.000 ,  301.000 ,    0.000 ,    0.000 ,   51.436 ,    2.072 ,        3 , 	)
  90 	 (   5 ,  259.748 ,  351.000 ,        0 ,  268.312 ,  319.748 ,    0.000 ,  319.748 ,  320.748 ,   18.748 ,    3.428 ,   51.436 ,    3.172 ,        4 , 	)
  53 	 (   7 ,  240.000 ,  480.000 ,        0 ,  278.159 ,  329.595 ,    3.428 ,  333.023 ,  335.023 ,    0.000 ,    0.000 ,   54.864 ,    5.244 ,        5 , 	)
 101 	 (   6 ,  300.000 ,  420.000 ,        0 ,  321.148 ,  376.012 ,    0.000 ,  376.012 ,  377.012 ,   79.576 ,    0.000 ,   54.864 ,    8.541 ,        6 , 	)
  84 	 (   7 ,  240.000 ,  420.000 ,        0 ,  330.556 ,  385.420 ,    0.000 ,  385.420 ,  386.420 ,    0.000 ,    0.000 ,   54.864 ,    4.889 ,        7 , 	)
 170 	 (   3 ,  318.000 ,  558.000 ,        0 ,  340.572 ,  395.436 ,    0.000 ,  395.436 ,  399.436 ,  100.000 ,    0.000 ,   54.864 ,    3.695 ,        8 , 	)
 138 	 (   1 ,  328.000 ,  568.000 ,        0 ,  352.788 ,  407.652 ,    0.000 ,  407.652 ,  409.652 ,   72.629 ,   19.409 ,   54.864 ,    0.000 ,        9 , 	)
  28 	 (   2 ,  240.000 ,  480.000 ,        0 ,  354.788 ,  409.652 ,   19.409 ,  429.061 ,  430.061 ,    0.000 ,    0.000 ,   74.273 ,    0.000 ,       10 , 	)
 169 	 (   1 ,  289.000 ,  469.000 ,        0 ,  369.689 ,  443.962 ,    0.000 ,  443.962 ,  444.962 ,   57.542 ,    0.000 ,   74.273 ,    0.991 ,       11 , 	)
 113 	 (   0 ,  275.000 ,  515.000 ,        0 ,  375.078 ,  449.351 ,    0.000 ,  449.351 ,  450.351 ,   19.290 ,    0.000 ,   74.273 ,    0.525 ,       12 , 	)
  12 	 (   1 ,  240.000 ,  480.000 ,        0 ,  397.712 ,  471.985 ,    0.000 ,  471.985 ,  472.985 ,    0.000 ,    0.000 ,   74.273 ,    1.989 ,       13 , 	)
  40 	 (   4 ,  240.000 ,  480.000 ,        0 ,  405.727 ,  480.000 ,    0.000 ,  480.000 ,  483.000 ,    0.000 ,    0.000 ,   74.273 ,    9.960 ,       14 , 	)
  81 	 (   5 ,  480.000 ,  720.000 ,        0 ,  415.475 ,  489.748 ,   10.282 ,  500.030 ,  501.030 ,    0.000 ,   10.908 ,   20.030 ,    0.105 ,       15 , 	)
  97 	 (   4 ,  298.000 ,  538.000 ,        0 ,  507.062 ,  527.092 ,    0.000 ,  527.092 ,  528.092 ,   54.108 ,   10.908 ,   20.030 ,    8.829 ,       16 , 	)
 125 	 (   1 ,  403.000 ,  583.000 ,        0 ,  539.461 ,  559.491 ,    0.000 ,  559.491 ,  562.491 ,   76.491 ,   23.509 ,   20.030 ,    9.362 ,       17 , 	)
  45 	 (   3 ,  480.000 ,  660.000 ,        0 ,  551.544 ,  571.574 ,    0.000 ,  571.574 ,  573.574 ,    0.000 ,   24.030 ,   20.030 ,   -4.175 ,       18 , 	)
 166 	 (   2 ,  609.000 ,  789.000 ,        0 ,  588.970 ,  609.000 ,    0.000 ,  609.000 ,  610.000 ,  107.970 ,   24.030 ,    0.000 ,    0.000 ,       19 , 	)
 130 	 (   0 ,  522.000 ,  757.000 ,        0 ,  610.000 ,  610.000 ,    0.000 ,  610.000 ,  612.000 ,   36.426 ,   58.574 ,    0.000 ,    0.000 ,       20 , 	)
 171 	 (   0 ,    0.000 , 1440.000 ,        0 ,  638.971 ,  638.971 ,    0.000 ,  638.971 ,  638.971 ,    0.000 ,  801.029 ,    0.000 ,    0.000 ,       21 , 	)
