12
	VALUE ALL : ( Cost : 4705.888 , TRT : 4609.400 , TWT : 687.138 , TD : 5654.421 )
	VIOLATIONS TOTAL : ( VC :       0 , VTW :   0.000 , VTD :   0.000 , VTRT :   0.000 )
 	COUT_ALL : (   0.004 )  T2B:   17401

	22 sommets 
	values : ( Cost : 477.243 , TRT : 444.171 , TWT :  45.342 , TD : 577.164 )
	violations : ( VC :       0 , VTW :   0.000 , VTD :   0.000 , VTRT :   0.000 )
	cout global : (   0.000	 )
S(i)	 (   C ,     TW0 ,       TW1 ,       VTW ,       Min ,       A ,       W ,       B ,       D ,       L ,       F ,       E ,       Det ,       [Imp ,       Imp]	)
   0 	 (   0 ,    0.000 , 1440.000 ,        0 ,    0.000 ,  192.710 ,    0.000 ,  192.710 ,  192.710 ,    0.000 ,    0.000 ,  192.710 ,    0.000 ,        0 , 	)
  30 	 (   1 ,  240.000 ,  360.000 ,        0 ,   80.859 ,  273.568 ,    0.000 ,  273.568 ,  274.568 ,    0.000 ,    0.000 ,   33.568 ,   -4.863 ,        1 , 	)
 112 	 (   0 ,  253.026 ,  393.000 ,        0 ,  253.026 ,  286.595 ,    0.000 ,  286.595 ,  287.595 ,   12.026 ,    0.000 ,   33.568 ,    1.409 ,        2 , 	)
   1 	 (   1 ,  240.000 ,  420.000 ,        0 ,  262.050 ,  295.619 ,    0.000 ,  295.619 ,  296.619 ,    0.000 ,    0.000 ,   33.568 ,    8.403 ,        3 , 	)
  52 	 (   2 ,  240.000 ,  480.000 ,        0 ,  273.539 ,  307.108 ,    0.000 ,  307.108 ,  308.108 ,    0.000 ,    0.000 ,   33.568 ,   -1.967 ,        4 , 	)
  83 	 (   1 ,  283.000 ,  519.000 ,        0 ,  298.735 ,  332.303 ,    0.000 ,  332.303 ,  333.303 ,   35.684 ,    0.000 ,   33.568 ,    3.612 ,        5 , 	)
 134 	 (   0 ,  292.000 ,  532.000 ,        0 ,  304.962 ,  338.530 ,    0.000 ,  338.530 ,  339.530 ,   30.423 ,    0.000 ,   33.568 ,   -1.480 ,        6 , 	)
   9 	 (   1 ,  300.000 ,  360.000 ,        0 ,  315.566 ,  349.135 ,    0.000 ,  349.135 ,  350.135 ,    0.000 ,    0.000 ,   33.568 ,    0.402 ,        7 , 	)
  33 	 (   5 ,  248.000 ,  475.423 ,        0 ,  326.605 ,  360.173 ,    0.000 ,  360.173 ,  364.173 ,    0.000 ,    0.000 ,   33.568 ,   16.842 ,        8 , 	)
 115 	 (   1 ,  315.000 ,  495.000 ,        0 ,  346.181 ,  379.750 ,    0.000 ,  379.750 ,  383.750 ,   15.577 ,    0.000 ,   33.568 ,    0.370 ,        9 , 	)
  27 	 (   3 ,  256.000 ,  474.064 ,        0 ,  368.338 ,  401.907 ,    0.000 ,  401.907 ,  403.907 ,    0.000 ,    0.000 ,   33.568 ,    0.000 ,       10 , 	)
  91 	 (   2 ,  327.339 ,  432.000 ,        0 ,  370.338 ,  403.907 ,    0.000 ,  403.907 ,  404.907 ,   53.772 ,    0.000 ,   33.568 ,    0.000 ,       11 , 	)
  74 	 (   4 ,  300.000 ,  480.000 ,        0 ,  375.420 ,  408.989 ,    0.000 ,  408.989 ,  410.989 ,    0.000 ,    0.000 ,   33.568 ,   -1.633 ,       12 , 	)
   4 	 (   8 ,  240.000 ,  420.000 ,        0 ,  384.056 ,  417.625 ,    0.000 ,  417.625 ,  421.625 ,    0.000 ,    0.000 ,   33.568 ,    4.305 ,       13 , 	)
 109 	 (   6 ,  334.000 ,  514.000 ,        0 ,  425.251 ,  458.820 ,    0.000 ,  458.820 ,  460.820 ,   54.913 ,    0.000 ,   33.568 ,    4.235 ,       14 , 	)
 156 	 (   4 ,  381.000 ,  561.000 ,        0 ,  439.723 ,  473.292 ,    0.000 ,  473.292 ,  475.292 ,   62.303 ,    0.000 ,   33.568 ,    0.814 ,       15 , 	)
  29 	 (   5 ,  240.000 ,  480.000 ,        0 ,  446.432 ,  480.000 ,    0.000 ,  480.000 ,  481.000 ,    0.000 ,    0.000 ,   33.568 ,    1.316 ,       16 , 	)
  80 	 (   8 ,  480.000 ,  720.000 ,        0 ,  452.932 ,  486.500 ,   13.538 ,  500.038 ,  503.038 ,    0.000 ,    0.000 ,   20.038 ,    2.523 ,       17 , 	)
  86 	 (   4 ,  363.000 ,  543.000 ,        0 ,  522.962 ,  543.000 ,    0.000 ,  543.000 ,  547.000 ,  121.375 ,    0.000 ,   20.038 ,    6.575 ,       18 , 	)
 111 	 (   3 ,  329.000 ,  569.000 ,        0 ,  543.091 ,  563.129 ,    0.000 ,  563.129 ,  564.129 ,   82.129 ,    5.871 ,   20.038 ,    0.546 ,       19 , 	)
 162 	 (   0 ,  612.000 ,  792.000 ,        0 ,  560.158 ,  580.196 ,   31.804 ,  612.000 ,  615.000 ,  108.962 ,   25.038 ,    0.000 ,   26.791 ,       20 , 	)
 165 	 (   0 ,    0.000 , 1440.000 ,        0 ,  636.881 ,  636.881 ,    0.000 ,  636.881 ,  636.881 ,    0.000 ,  803.119 ,    0.000 ,    0.000 ,       21 , 	)

	20 sommets 
	values : ( Cost : 537.965 , TRT : 478.745 , TWT :  30.260 , TD : 634.464 )
	violations : ( VC :       0 , VTW :   0.000 , VTD :   0.000 , VTRT :   0.000 )
	cout global : (   0.000	 )
S(i)	 (   C ,     TW0 ,       TW1 ,       VTW ,       Min ,       A ,       W ,       B ,       D ,       L ,       F ,       E ,       Det ,       [Imp ,       Imp]	)
   0 	 (   0 ,    0.000 , 1440.000 ,        0 ,    0.000 ,  394.566 ,    0.000 ,  394.566 ,  394.566 ,    0.000 ,    0.000 ,  394.566 ,    0.000 ,        0 , 	)
  16 	 (   2 ,  240.000 ,  480.000 ,        0 ,   31.979 ,  426.545 ,    0.000 ,  426.545 ,  428.545 ,    0.000 ,    0.000 ,  186.545 ,    2.833 ,        1 , 	)
  20 	 (   3 ,  240.000 ,  480.000 ,        0 ,  249.790 ,  436.335 ,    0.000 ,  436.335 ,  437.335 ,    0.000 ,    0.000 ,  186.545 ,    0.000 ,        2 , 	)
  23 	 (   6 ,  240.000 ,  480.000 ,        0 ,  250.790 ,  437.335 ,    0.000 ,  437.335 ,  440.335 ,    0.000 ,    0.000 ,  186.545 ,    0.000 ,        3 , 	)
 102 	 (   5 ,  277.000 ,  517.000 ,        0 ,  272.315 ,  458.860 ,    0.000 ,  458.860 ,  459.860 ,   21.525 ,    0.000 ,  181.860 ,   15.658 ,        4 , 	)
  59 	 (   7 ,  360.000 ,  480.000 ,        0 ,  298.140 ,  480.000 ,    0.000 ,  480.000 ,  482.000 ,    0.000 ,    0.000 ,  120.000 ,    0.237 ,        5 , 	)
  98 	 (   5 ,  380.000 ,  560.000 ,        0 ,  397.206 ,  517.206 ,    0.000 ,  517.206 ,  519.206 ,   88.661 ,   42.794 ,  120.000 ,    4.892 ,        6 , 	)
  73 	 (   7 ,  540.000 ,  660.000 ,        0 ,  405.816 ,  525.816 ,   30.260 ,  556.076 ,  558.076 ,    0.000 ,   35.827 ,   16.076 ,    4.829 ,        7 , 	)
 141 	 (   5 ,  411.000 ,  647.000 ,        0 ,  546.823 ,  562.899 ,    0.000 ,  562.899 ,  564.899 ,   80.899 ,   23.124 ,   16.076 ,    0.000 ,        8 , 	)
  57 	 (   6 ,  544.000 ,  720.000 ,        0 ,  548.823 ,  564.899 ,    0.000 ,  564.899 ,  565.899 ,    0.000 ,   23.124 ,   16.076 ,    0.000 ,        9 , 	)
 105 	 (   3 ,  393.000 ,  633.000 ,        0 ,  580.696 ,  596.772 ,    0.000 ,  596.772 ,  599.772 ,  156.437 ,    1.794 ,   16.076 ,   12.065 ,       10 , 	)
 155 	 (   1 ,  594.000 ,  714.000 ,        0 ,  589.876 ,  605.952 ,    0.000 ,  605.952 ,  607.952 ,   47.876 ,    1.794 ,   11.952 ,    0.293 ,       11 , 	)
 139 	 (   0 ,  646.000 ,  766.000 ,        0 ,  653.153 ,  665.105 ,    0.000 ,  665.105 ,  666.105 ,   99.206 ,    1.794 ,   11.952 ,   19.088 ,       12 , 	)
  41 	 (   3 ,  540.000 ,  720.000 ,        0 ,  672.221 ,  684.173 ,    0.000 ,  684.173 ,  687.173 ,    0.000 ,   35.827 ,   11.952 ,   14.036 ,       13 , 	)
 123 	 (   0 ,  559.162 ,  766.000 ,        0 ,  691.383 ,  703.335 ,    0.000 ,  703.335 ,  706.335 ,   16.162 ,   26.838 ,   11.952 ,    3.751 ,       14 , 	)
   3 	 (   4 ,  720.000 ,  960.000 ,        0 ,  760.402 ,  772.353 ,    0.000 ,  772.353 ,  776.353 ,    0.000 ,  167.042 ,   11.952 ,    0.912 ,       15 , 	)
  42 	 (   8 ,  780.000 ,  960.000 ,        0 ,  781.006 ,  792.958 ,    0.000 ,  792.958 ,  796.958 ,    0.000 ,   38.344 ,   11.952 ,   13.592 ,       16 , 	)
 124 	 (   4 ,  841.000 , 1081.000 ,        0 ,  829.048 ,  841.000 ,    0.000 ,  841.000 ,  845.000 ,   44.042 ,   38.344 ,    0.000 ,   14.161 ,       17 , 	)
  85 	 (   0 ,  811.000 , 1051.000 ,        0 ,  856.010 ,  856.010 ,    0.000 ,  856.010 ,  860.010 ,   79.656 ,   38.344 ,    0.000 ,    6.581 ,       18 , 	)
 165 	 (   0 ,    0.000 , 1440.000 ,        0 ,  873.311 ,  873.311 ,    0.000 ,  873.311 ,  873.311 ,    0.000 ,  566.689 ,    0.000 ,    0.000 ,       19 , 	)

	16 sommets 
	values : ( Cost : 368.279 , TRT : 306.902 , TWT :   0.000 , TD : 466.830 )
	violations : ( VC :       0 , VTW :   0.000 , VTD :   0.000 , VTRT :   0.000 )
	cout global : (   0.000	 )
S(i)	 (   C ,     TW0 ,       TW1 ,       VTW ,       Min ,       A ,       W ,       B ,       D ,       L ,       F ,       E ,       Det ,       [Imp ,       Imp]	)
   0 	 (   0 ,    0.000 , 1440.000 ,        0 ,    0.000 ,  279.446 ,    0.000 ,  279.446 ,  279.446 ,    0.000 ,    3.461 ,  279.446 ,    0.000 ,        0 , 	)
  26 	 (   3 ,  240.000 ,  480.000 ,        0 ,    4.538 ,  283.984 ,    0.000 ,  283.984 ,  286.984 ,    0.000 ,    3.461 ,   43.984 ,    3.911 ,        1 , 	)
  48 	 (   5 ,  300.000 ,  420.000 ,        0 ,  256.016 ,  300.000 ,    0.000 ,  300.000 ,  302.000 ,    0.000 ,    3.461 ,    0.000 ,    0.298 ,        2 , 	)
 130 	 (   3 ,  335.215 ,  511.000 ,        0 ,  335.215 ,  335.215 ,    0.000 ,  335.215 ,  337.215 ,   33.215 ,    3.461 ,    0.000 ,    5.679 ,        3 , 	)
 108 	 (   0 ,  345.000 ,  585.000 ,        0 ,  359.836 ,  359.836 ,    0.000 ,  359.836 ,  362.836 ,   72.852 ,    3.461 ,    0.000 ,    0.000 ,        4 , 	)
  66 	 (   2 ,  300.000 ,  480.000 ,        0 ,  362.836 ,  362.836 ,    0.000 ,  362.836 ,  364.836 ,    0.000 ,    3.461 ,    0.000 ,    0.000 ,        5 , 	)
  71 	 (   3 ,  300.000 ,  480.000 ,        0 ,  402.264 ,  402.264 ,    0.000 ,  402.264 ,  403.264 ,    0.000 ,    3.461 ,    0.000 ,   34.071 ,        6 , 	)
  47 	 (   5 ,  240.000 ,  480.000 ,        0 ,  440.575 ,  440.575 ,    0.000 ,  440.575 ,  442.575 ,    0.000 ,    3.461 ,    0.000 ,    4.887 ,        7 , 	)
 148 	 (   3 ,  383.000 ,  563.000 ,        0 ,  447.735 ,  447.735 ,    0.000 ,  447.735 ,  449.735 ,   82.899 ,    3.461 ,    0.000 ,    2.813 ,        8 , 	)
  37 	 (   7 ,  240.000 ,  480.000 ,        0 ,  464.417 ,  464.417 ,    0.000 ,  464.417 ,  468.417 ,    0.000 ,    3.461 ,    0.000 ,    3.789 ,        9 , 	)
   7 	 (   8 ,  300.000 ,  480.000 ,        0 ,  476.539 ,  476.539 ,    0.000 ,  476.539 ,  477.539 ,    0.000 ,    3.461 ,    0.000 ,    3.785 ,       10 , 	)
 153 	 (   7 ,  427.000 ,  547.000 ,        0 ,  481.771 ,  481.771 ,    0.000 ,  481.771 ,  482.771 ,   78.508 ,   10.075 ,    0.000 ,    1.085 ,       11 , 	)
 129 	 (   5 ,  318.000 ,  558.000 ,        0 ,  520.481 ,  520.481 ,    0.000 ,  520.481 ,  522.481 ,   77.906 ,   10.075 ,    0.000 ,    0.000 ,       12 , 	)
 119 	 (   1 ,  316.000 ,  556.000 ,        0 ,  522.481 ,  522.481 ,    0.000 ,  522.481 ,  526.481 ,   54.065 ,   10.075 ,    0.000 ,    0.000 ,       13 , 	)
  89 	 (   0 ,  435.000 ,  555.000 ,        0 ,  544.925 ,  544.925 ,    0.000 ,  544.925 ,  545.925 ,   67.386 ,   10.075 ,    0.000 ,    3.984 ,       14 , 	)
 165 	 (   0 ,    0.000 , 1440.000 ,        0 ,  586.347 ,  586.347 ,    0.000 ,  586.347 ,  586.347 ,    0.000 ,  853.653 ,    0.000 ,    0.000 ,       15 , 	)

	16 sommets 
	values : ( Cost : 339.376 , TRT : 398.959 , TWT : 103.789 , TD : 562.023 )
	violations : ( VC :       0 , VTW :   0.000 , VTD :   0.000 , VTRT :   0.000 )
	cout global : (   0.000	 )
S(i)	 (   C ,     TW0 ,       TW1 ,       VTW ,       Min ,       A ,       W ,       B ,       D ,       L ,       F ,       E ,       Det ,       [Imp ,       Imp]	)
   0 	 (   0 ,    0.000 , 1440.000 ,        0 ,    0.000 ,  762.312 ,    0.000 ,  762.312 ,  762.312 ,    0.000 ,    0.000 ,  762.312 ,    0.000 ,        0 , 	)
  14 	 (   4 ,  720.000 ,  960.000 ,        0 ,   11.157 ,  773.469 ,    0.000 ,  773.469 ,  777.469 ,    0.000 ,    0.000 ,   53.469 ,   14.808 ,        1 , 	)
  10 	 (   8 ,  733.000 ,  951.777 ,        0 ,  738.053 ,  791.523 ,    0.000 ,  791.523 ,  795.523 ,    0.000 ,    0.000 ,   53.469 ,    2.343 ,        2 , 	)
  92 	 (   4 ,  799.000 ,  979.000 ,        0 ,  765.276 ,  818.745 ,    0.000 ,  818.745 ,  822.745 ,   23.223 ,    0.000 ,   19.745 ,    3.383 ,        3 , 	)
  45 	 (   7 ,  780.000 ,  840.000 ,        0 ,  820.255 ,  840.000 ,    0.000 ,  840.000 ,  843.000 ,    0.000 ,   -0.000 ,   19.745 ,    0.000 ,        4 , 	)
  96 	 (   3 ,  852.000 , 1032.000 ,        0 ,  823.255 ,  843.000 ,    9.000 ,  852.000 ,  856.000 ,   74.531 ,   31.559 ,    0.000 ,    0.000 ,        5 , 	)
  64 	 (   4 ,  840.000 ,  900.000 ,        0 ,  861.453 ,  861.453 ,   31.559 ,  893.012 ,  894.012 ,    0.000 ,    0.000 ,   31.559 ,    5.529 ,        6 , 	)
  70 	 (   7 ,  840.000 ,  960.000 ,        0 ,  894.984 ,  926.544 ,    0.000 ,  926.544 ,  929.544 ,    0.000 ,    0.000 ,   31.559 ,    5.528 ,        7 , 	)
 146 	 (   6 ,  898.000 ,  958.000 ,        0 ,  905.638 ,  937.197 ,    0.000 ,  937.197 ,  938.197 ,   43.185 ,    0.000 ,   31.559 ,   -0.035 ,        8 , 	)
 127 	 (   3 ,  826.000 ,  942.000 ,        0 ,  910.441 ,  942.000 ,    0.000 ,  942.000 ,  945.000 ,   99.000 ,    0.000 ,   31.559 ,    1.278 ,        9 , 	)
  11 	 (   4 ,  960.000 , 1200.000 ,        0 ,  923.392 ,  954.951 ,   47.705 , 1002.656 , 1003.656 ,    0.000 ,    0.000 ,   42.656 ,    9.217 ,       10 , 	)
  76 	 (   8 , 1020.000 , 1200.000 ,        0 ,  991.682 , 1034.338 ,    0.000 , 1034.338 , 1038.338 ,    0.000 ,    0.000 ,   14.338 ,    1.311 ,       11 , 	)
 152 	 (   5 ,  892.029 , 1094.000 ,        0 , 1046.206 , 1060.544 ,    0.000 , 1060.544 , 1063.544 ,  131.000 ,   -0.000 ,   14.338 ,   10.694 ,       12 , 	)
  93 	 (   4 , 1086.000 , 1266.000 ,        0 , 1056.138 , 1070.475 ,   15.525 , 1086.000 , 1087.000 ,   82.344 ,   18.260 ,    0.000 ,    3.123 ,       13 , 	)
 158 	 (   0 , 1088.000 , 1328.000 ,        0 , 1147.077 , 1147.077 ,    0.000 , 1147.077 , 1151.077 ,  108.740 ,   18.260 ,   -0.000 ,   15.389 ,       14 , 	)
 165 	 (   0 ,    0.000 , 1440.000 ,        0 , 1161.271 , 1161.271 ,    0.000 , 1161.271 , 1161.271 ,    0.000 ,  278.729 ,   -0.000 ,    0.000 ,       15 , 	)

	8 sommets 
	values : ( Cost : 135.160 , TRT : 115.624 , TWT :   0.000 , TD : 138.279 )
	violations : ( VC :       0 , VTW :   0.000 , VTD :   0.000 , VTRT :   0.000 )
	cout global : (   0.000	 )
S(i)	 (   C ,     TW0 ,       TW1 ,       VTW ,       Min ,       A ,       W ,       B ,       D ,       L ,       F ,       E ,       Det ,       [Imp ,       Imp]	)
   0 	 (   0 ,    0.000 , 1440.000 ,        0 ,    0.000 ,  830.704 ,    0.000 ,  830.704 ,  830.704 ,    0.000 ,   23.808 ,  830.704 ,    0.000 ,        0 , 	)
  25 	 (   2 ,  840.000 ,  960.000 ,        0 ,    9.296 ,  840.000 ,    0.000 ,  840.000 ,  842.000 ,    0.000 ,   23.808 ,    0.000 ,    2.200 ,        1 , 	)
   6 	 (   5 ,  723.000 ,  960.000 ,        0 ,  850.754 ,  850.754 ,    0.000 ,  850.754 ,  853.754 ,    0.000 ,   23.808 ,    0.000 ,   10.718 ,        2 , 	)
  12 	 (   7 ,  780.000 ,  900.000 ,        0 ,  876.192 ,  876.192 ,    0.000 ,  876.192 ,  878.192 ,    0.000 ,   23.808 ,    0.000 ,    6.523 ,        3 , 	)
 107 	 (   5 ,  867.595 , 1065.000 ,        0 ,  889.711 ,  889.711 ,    0.000 ,  889.711 ,  891.711 ,   47.711 ,   55.289 ,    0.000 ,   -2.886 ,        4 , 	)
  88 	 (   2 ,  831.000 , 1011.000 ,        0 ,  902.843 ,  902.843 ,    0.000 ,  902.843 ,  905.843 ,   49.089 ,   55.911 ,    0.000 ,    7.662 ,        5 , 	)
  94 	 (   0 ,  809.224 , 1011.000 ,        0 ,  919.671 ,  919.671 ,    0.000 ,  919.671 ,  921.671 ,   41.480 ,   67.520 ,    0.000 ,   14.487 ,        6 , 	)
 165 	 (   0 ,    0.000 , 1440.000 ,        0 ,  946.328 ,  946.328 ,    0.000 ,  946.328 ,  946.328 ,    0.000 ,  493.672 ,    0.000 ,    0.000 ,        7 , 	)

	12 sommets 
	values : ( Cost : 415.343 , TRT : 451.167 , TWT : 106.879 , TD : 474.725 )
	violations : ( VC :       0 , VTW :   0.000 , VTD :   0.000 , VTRT :   0.000 )
	cout global : (   0.000	 )
S(i)	 (   C ,     TW0 ,       TW1 ,       VTW ,       Min ,       A ,       W ,       B ,       D ,       L ,       F ,       E ,       Det ,       [Imp ,       Imp]	)
   0 	 (   0 ,    0.000 , 1440.000 ,        0 ,    0.000 ,  376.532 ,    0.000 ,  376.532 ,  376.532 ,    0.000 ,    0.000 ,  376.532 ,    0.000 ,        0 , 	)
  61 	 (   4 ,  240.000 ,  420.000 ,        0 ,   31.282 ,  407.814 ,    0.000 ,  407.814 ,  411.814 ,    0.000 ,    0.000 ,  167.814 ,   18.931 ,        1 , 	)
  19 	 (   8 ,  420.000 ,  480.000 ,        0 ,  312.186 ,  480.000 ,    0.000 ,  480.000 ,  484.000 ,    0.000 ,    0.000 ,   60.000 ,   17.764 ,        2 , 	)
 143 	 (   4 ,  374.000 ,  614.000 ,        0 ,  454.109 ,  514.109 ,    0.000 ,  514.109 ,  518.109 ,  102.295 ,   68.625 ,   60.000 ,    0.000 ,        3 , 	)
  40 	 (   7 ,  480.000 ,  660.000 ,        0 ,  458.109 ,  518.109 ,   68.625 ,  586.734 ,  589.734 ,    0.000 ,    0.000 ,  106.734 ,    0.000 ,        4 , 	)
 122 	 (   4 ,  527.000 ,  763.000 ,        0 ,  520.363 ,  627.097 ,    0.000 ,  627.097 ,  630.097 ,   37.363 ,    0.000 ,  100.097 ,    8.993 ,        5 , 	)
  72 	 (   8 ,  480.000 ,  660.000 ,        0 ,  542.959 ,  643.056 ,    0.000 ,  643.056 ,  647.056 ,    0.000 ,    0.000 ,  100.097 ,    3.564 ,        6 , 	)
 101 	 (   4 ,  496.000 ,  676.000 ,        0 ,  575.903 ,  676.000 ,    0.000 ,  676.000 ,  680.000 ,  192.000 ,    0.000 ,  100.097 ,    3.432 ,        7 , 	)
  24 	 (   5 ,  720.000 ,  840.000 ,        0 ,  586.750 ,  686.847 ,   36.030 ,  722.877 ,  723.877 ,    0.000 ,    0.000 ,    2.877 ,    2.838 ,        8 , 	)
 154 	 (   1 ,  550.000 ,  730.000 ,        0 ,  727.123 ,  730.000 ,    0.000 ,  730.000 ,  734.000 ,   82.944 ,    0.000 ,    2.877 ,    7.067 ,        9 , 	)
 106 	 (   0 ,  784.000 ,  964.000 ,        0 ,  778.899 ,  781.776 ,    2.224 ,  784.000 ,  785.000 ,   60.123 ,   64.877 ,    0.000 ,  -14.529 ,       10 , 	)
 165 	 (   0 ,    0.000 , 1440.000 ,        0 ,  827.699 ,  827.699 ,    0.000 ,  827.699 ,  827.699 ,    0.000 ,  612.301 ,    0.000 ,    0.000 ,       11 , 	)

	14 sommets 
	values : ( Cost : 445.989 , TRT : 435.949 , TWT :  76.619 , TD : 556.551 )
	violations : ( VC :       0 , VTW :   0.000 , VTD :   0.000 , VTRT :   0.000 )
	cout global : (   0.000	 )
S(i)	 (   C ,     TW0 ,       TW1 ,       VTW ,       Min ,       A ,       W ,       B ,       D ,       L ,       F ,       E ,       Det ,       [Imp ,       Imp]	)
   0 	 (   0 ,    0.000 , 1440.000 ,        0 ,    0.000 ,  815.656 ,    0.000 ,  815.656 ,  815.656 ,    0.000 ,    0.000 ,  815.656 ,    0.000 ,        0 , 	)
  79 	 (   1 ,  724.000 ,  900.000 ,        0 ,   10.868 ,  826.524 ,    0.000 ,  826.524 ,  827.524 ,    0.000 ,    0.000 ,  102.524 ,    5.135 ,        1 , 	)
   5 	 (   2 ,  780.000 ,  840.000 ,        0 ,  737.476 ,  840.000 ,    0.000 ,  840.000 ,  841.000 ,    0.000 ,    0.000 ,   60.000 ,   -1.236 ,        2 , 	)
  54 	 (   5 ,  720.000 ,  900.000 ,        0 ,  791.336 ,  851.336 ,    9.370 ,  860.706 ,  863.706 ,    0.000 ,    0.000 ,   69.370 ,    8.641 ,        3 , 	)
  44 	 (   8 ,  720.000 ,  960.000 ,        0 ,  808.274 ,  877.644 ,    0.000 ,  877.644 ,  880.644 ,    0.000 ,    0.000 ,   69.370 ,    4.978 ,        4 , 	)
  87 	 (   7 ,  839.000 ,  899.000 ,        0 ,  829.630 ,  899.000 ,    0.000 ,  899.000 ,  900.000 ,   58.000 ,    0.000 ,   60.000 ,    0.801 ,        5 , 	)
 126 	 (   4 ,  796.000 , 1036.000 ,        0 ,  850.262 ,  910.262 ,    0.000 ,  910.262 ,  913.262 ,   29.618 ,   15.262 ,   60.000 ,    0.000 ,        6 , 	)
 161 	 (   3 ,  826.000 ,  946.000 ,        0 ,  853.262 ,  913.262 ,    0.000 ,  913.262 ,  914.262 ,   85.738 ,   15.262 ,   60.000 ,    0.000 ,        7 , 	)
  53 	 (   6 ,  960.000 , 1140.000 ,        0 ,  890.050 ,  950.050 ,   67.249 , 1017.299 , 1020.299 ,    0.000 ,   26.992 ,   57.299 ,   68.135 ,        8 , 	)
 136 	 (   3 ,  897.000 , 1137.000 ,        0 , 1052.709 , 1110.008 ,    0.000 , 1110.008 , 1113.008 ,  246.302 ,   26.992 ,   57.299 ,   18.527 ,        9 , 	)
 135 	 (   0 , 1124.000 , 1304.000 ,        0 , 1066.701 , 1124.000 ,    0.000 , 1124.000 , 1127.000 ,  103.701 ,   29.816 ,    0.000 ,   16.602 ,       10 , 	)
  69 	 (   1 , 1027.000 , 1200.000 ,        0 , 1170.184 , 1170.184 ,    0.000 , 1170.184 , 1171.184 ,    0.000 ,   29.816 ,   -0.000 ,   26.553 ,       11 , 	)
 151 	 (   0 , 1117.000 , 1237.000 ,        0 , 1204.377 , 1204.377 ,    0.000 , 1204.377 , 1205.377 ,   33.192 ,   32.623 ,   -0.000 ,   29.614 ,       12 , 	)
 165 	 (   0 ,    0.000 , 1440.000 ,        0 , 1251.605 , 1251.605 ,    0.000 , 1251.605 , 1251.605 ,    0.000 ,  188.395 ,   -0.000 ,    0.000 ,       13 , 	)

	16 sommets 
	values : ( Cost : 303.110 , TRT : 456.914 , TWT : 195.011 , TD : 420.555 )
	violations : ( VC :       0 , VTW :   0.000 , VTD :   0.000 , VTRT :   0.000 )
	cout global : (   0.000	 )
S(i)	 (   C ,     TW0 ,       TW1 ,       VTW ,       Min ,       A ,       W ,       B ,       D ,       L ,       F ,       E ,       Det ,       [Imp ,       Imp]	)
   0 	 (   0 ,    0.000 , 1440.000 ,        0 ,    0.000 ,  403.723 ,    0.000 ,  403.723 ,  403.723 ,    0.000 ,    0.000 ,  403.723 ,    0.000 ,        0 , 	)
  13 	 (   1 ,  300.000 ,  480.000 ,        0 ,   10.193 ,  413.916 ,    0.000 ,  413.916 ,  414.916 ,    0.000 ,    0.000 ,  113.916 ,    1.781 ,        1 , 	)
  81 	 (   4 ,  353.000 ,  427.411 ,        0 ,  312.087 ,  426.003 ,    0.000 ,  426.003 ,  429.003 ,    0.000 ,    0.000 ,   73.003 ,    4.891 ,        2 , 	)
 163 	 (   1 ,  379.000 ,  439.000 ,        0 ,  364.589 ,  437.592 ,    0.000 ,  437.592 ,  440.592 ,    8.589 ,    0.000 ,   58.592 ,    1.942 ,        3 , 	)
  82 	 (   3 ,  316.000 ,  469.104 ,        0 ,  410.511 ,  469.104 ,    0.000 ,  469.104 ,  471.104 ,    0.000 ,    0.000 ,   58.592 ,   23.742 ,        4 , 	)
 164 	 (   1 ,  371.000 ,  491.000 ,        0 ,  432.408 ,  491.000 ,    0.000 ,  491.000 ,  493.000 ,   19.896 ,    0.000 ,   58.592 ,   21.729 ,        5 , 	)
  39 	 (   4 ,  480.000 ,  720.000 ,        0 ,  448.384 ,  506.977 ,    0.899 ,  507.876 ,  510.876 ,    0.000 ,    0.000 ,   27.876 ,   13.312 ,        6 , 	)
  35 	 (   8 ,  488.000 ,  719.824 ,        0 ,  493.078 ,  520.954 ,    0.000 ,  520.954 ,  524.954 ,    0.000 ,    0.000 ,   27.876 ,    6.712 ,        7 , 	)
  95 	 (   7 ,  359.000 ,  599.000 ,        0 ,  506.040 ,  533.916 ,    0.000 ,  533.916 ,  534.916 ,  119.000 ,    0.000 ,   27.876 ,    3.505 ,        8 , 	)
  46 	 (   8 ,  480.000 ,  660.000 ,        0 ,  532.939 ,  560.815 ,   40.974 ,  601.789 ,  602.789 ,    0.000 ,    0.000 ,   68.850 ,    5.155 ,        9 , 	)
 117 	 (   4 ,  575.000 ,  755.000 ,        0 ,  539.105 ,  607.954 ,    0.000 ,  607.954 ,  611.954 ,   83.000 ,    0.000 ,   32.954 ,    3.105 ,       10 , 	)
 121 	 (   1 ,  612.000 ,  792.000 ,        0 ,  602.699 ,  635.653 ,    0.000 ,  635.653 ,  638.653 ,  124.777 ,    8.223 ,   23.653 ,    5.456 ,       11 , 	)
 128 	 (   0 ,  574.000 ,  754.000 ,        0 ,  634.329 ,  657.983 ,    0.000 ,  657.983 ,  658.983 ,   55.194 ,   70.806 ,   23.653 ,   25.778 ,       12 , 	)
  78 	 (   3 ,  840.000 ,  900.000 ,        0 ,  663.208 ,  686.862 ,  153.138 ,  840.000 ,  843.000 ,    0.000 ,   60.000 ,    0.000 ,    9.323 ,       13 , 	)
 160 	 (   0 ,  853.098 ,  924.000 ,        0 ,  853.098 ,  853.098 ,    0.000 ,  853.098 ,  856.098 ,   10.098 ,   10.902 ,    0.000 ,    6.192 ,       14 , 	)
 165 	 (   0 ,    0.000 , 1440.000 ,        0 ,  860.636 ,  860.636 ,    0.000 ,  860.636 ,  860.636 ,    0.000 ,  579.364 ,    0.000 ,    0.000 ,       15 , 	)

	16 sommets 
	values : ( Cost : 348.999 , TRT : 292.405 , TWT :   0.000 , TD : 421.359 )
	violations : ( VC :       0 , VTW :   0.000 , VTD :   0.000 , VTRT :   0.000 )
	cout global : (   0.000	 )
S(i)	 (   C ,     TW0 ,       TW1 ,       VTW ,       Min ,       A ,       W ,       B ,       D ,       L ,       F ,       E ,       Det ,       [Imp ,       Imp]	)
   0 	 (   0 ,    0.000 , 1440.000 ,        0 ,    0.000 ,  205.380 ,    0.000 ,  205.380 ,  205.380 ,    0.000 ,   18.211 ,  205.380 ,    0.000 ,        0 , 	)
  21 	 (   4 ,  240.000 ,  420.000 ,        0 ,   48.495 ,  253.874 ,    0.000 ,  253.874 ,  257.874 ,    0.000 ,   18.211 ,   13.874 ,   57.917 ,        1 , 	)
  68 	 (   5 ,  240.000 ,  420.000 ,        0 ,  275.303 ,  289.177 ,    0.000 ,  289.177 ,  290.177 ,    0.000 ,   18.211 ,   13.874 ,    0.872 ,        2 , 	)
 103 	 (   1 ,  306.000 ,  546.000 ,        0 ,  292.126 ,  306.000 ,    0.000 ,  306.000 ,  310.000 ,   48.126 ,   18.211 ,    0.000 ,    0.000 ,        3 , 	)
  43 	 (   2 ,  240.000 ,  480.000 ,        0 ,  310.000 ,  310.000 ,    0.000 ,  310.000 ,  311.000 ,    0.000 ,   18.211 ,    0.000 ,    0.000 ,        4 , 	)
  56 	 (   3 ,  300.000 ,  480.000 ,        0 ,  317.230 ,  317.230 ,    0.000 ,  317.230 ,  318.230 ,    0.000 ,   18.211 ,    0.000 ,   -0.221 ,        5 , 	)
 125 	 (   2 ,  286.000 ,  526.000 ,        0 ,  334.359 ,  334.359 ,    0.000 ,  334.359 ,  335.359 ,   23.359 ,    1.431 ,    0.000 ,    6.862 ,        6 , 	)
 150 	 (   1 ,  279.000 ,  513.000 ,        0 ,  359.235 ,  359.235 ,    0.000 ,  359.235 ,  360.235 ,   69.058 ,    1.431 ,    0.000 ,   -0.970 ,        7 , 	)
  50 	 (   4 ,  240.000 ,  420.000 ,        0 ,  372.220 ,  372.220 ,    0.000 ,  372.220 ,  375.220 ,    0.000 ,    1.431 ,    0.000 ,   12.079 ,        8 , 	)
  22 	 (   8 ,  240.000 ,  420.000 ,        0 ,  380.928 ,  380.928 ,    0.000 ,  380.928 ,  384.928 ,    0.000 ,    1.431 ,    0.000 ,   -1.361 ,        9 , 	)
 138 	 (   7 ,  331.035 ,  561.000 ,        0 ,  396.799 ,  396.799 ,    0.000 ,  396.799 ,  397.799 ,   78.569 ,    1.431 ,    0.000 ,    2.535 ,       10 , 	)
  63 	 (   8 ,  240.000 ,  420.000 ,        0 ,  401.789 ,  401.789 ,    0.000 ,  401.789 ,  402.789 ,    0.000 ,   18.211 ,    0.000 ,   -2.127 ,       11 , 	)
 145 	 (   7 ,  303.000 ,  483.000 ,        0 ,  434.260 ,  434.260 ,    0.000 ,  434.260 ,  435.260 ,   31.471 ,   48.740 ,    0.000 ,   11.791 ,       12 , 	)
 104 	 (   3 ,  310.000 ,  550.000 ,        0 ,  453.372 ,  453.372 ,    0.000 ,  453.372 ,  457.372 ,   68.444 ,   61.556 ,    0.000 ,   22.131 ,       13 , 	)
 132 	 (   0 ,  334.000 ,  574.000 ,        0 ,  477.552 ,  477.552 ,    0.000 ,  477.552 ,  480.552 ,  102.332 ,   80.668 ,    0.000 ,    8.108 ,       14 , 	)
 165 	 (   0 ,    0.000 , 1440.000 ,        0 ,  497.785 ,  497.785 ,    0.000 ,  497.785 ,  497.785 ,    0.000 ,  942.215 ,    0.000 ,    0.000 ,       15 , 	)

	16 sommets 
	values : ( Cost : 573.890 , TRT : 461.496 , TWT :   0.000 , TD : 432.350 )
	violations : ( VC :       0 , VTW :   0.000 , VTD :   0.000 , VTRT :   0.000 )
	cout global : (   0.000	 )
S(i)	 (   C ,     TW0 ,       TW1 ,       VTW ,       Min ,       A ,       W ,       B ,       D ,       L ,       F ,       E ,       Det ,       [Imp ,       Imp]	)
   0 	 (   0 ,    0.000 , 1440.000 ,        0 ,    0.000 ,  634.739 ,    0.000 ,  634.739 ,  634.739 ,    0.000 ,   11.329 ,  634.739 ,    0.000 ,        0 , 	)
  58 	 (   2 ,  480.000 ,  720.000 ,        0 ,   31.820 ,  666.559 ,    0.000 ,  666.559 ,  668.559 ,    0.000 ,   11.329 ,  186.559 ,   38.428 ,        1 , 	)
   2 	 (   5 ,  730.000 ,  960.000 ,        0 ,  545.419 ,  731.977 ,    0.000 ,  731.977 ,  734.977 ,    0.000 ,   11.329 ,    1.977 ,   37.354 ,        2 , 	)
 140 	 (   3 ,  583.000 ,  823.000 ,        0 ,  758.002 ,  759.979 ,    0.000 ,  759.979 ,  761.979 ,   91.420 ,    1.977 ,    1.977 ,    1.276 ,        3 , 	)
  28 	 (   4 ,  780.000 ,  960.000 ,        0 ,  805.989 ,  807.966 ,    0.000 ,  807.966 ,  808.966 ,    0.000 ,    1.977 ,    1.977 ,   47.159 ,        4 , 	)
  84 	 (   1 ,  847.000 , 1027.000 ,        0 ,  845.023 ,  847.000 ,    0.000 ,  847.000 ,  850.000 ,  112.023 ,    1.977 ,    0.000 ,    0.000 ,        5 , 	)
 110 	 (   0 ,  826.000 , 1063.000 ,        0 ,  850.000 ,  850.000 ,    0.000 ,  850.000 ,  851.000 ,   41.034 ,   11.329 ,    0.000 ,    0.000 ,        6 , 	)
  75 	 (   1 ,  792.000 ,  954.456 ,        0 ,  854.911 ,  854.911 ,    0.000 ,  854.911 ,  855.911 ,    0.000 ,   11.329 ,    0.000 ,    3.489 ,        7 , 	)
 157 	 (   0 ,  861.000 ,  981.000 ,        0 ,  881.456 ,  881.456 ,    0.000 ,  881.456 ,  882.456 ,   25.544 ,   11.329 ,    0.000 ,   17.975 ,        8 , 	)
  18 	 (   4 ,  780.000 ,  960.000 ,        0 ,  891.744 ,  891.744 ,    0.000 ,  891.744 ,  895.744 ,    0.000 ,   11.329 ,    0.000 ,    0.601 ,        9 , 	)
   8 	 (   7 ,  737.000 ,  951.482 ,        0 ,  917.586 ,  917.586 ,    0.000 ,  917.586 ,  920.586 ,    0.000 ,   11.329 ,    0.000 ,   -0.793 ,       10 , 	)
  67 	 (   8 ,  720.000 ,  960.000 ,        0 ,  948.671 ,  948.671 ,    0.000 ,  948.671 ,  949.671 ,    0.000 ,   11.329 ,    0.000 ,    0.000 ,       11 , 	)
 100 	 (   4 ,  884.000 , 1064.000 ,        0 ,  949.671 ,  949.671 ,    0.000 ,  949.671 ,  953.671 ,   53.927 ,   25.220 ,    0.000 ,    0.000 ,       12 , 	)
  90 	 (   1 ,  809.000 ,  989.000 ,        0 ,  963.780 ,  963.780 ,    0.000 ,  963.780 ,  966.780 ,   43.195 ,   25.220 ,    0.000 ,   16.543 ,       13 , 	)
 149 	 (   0 ,  803.000 , 1043.000 ,        0 , 1014.878 , 1014.878 ,    0.000 , 1014.878 , 1015.878 ,   65.208 ,   28.122 ,    0.000 ,   30.707 ,       14 , 	)
 165 	 (   0 ,    0.000 , 1440.000 ,        0 , 1096.235 , 1096.235 ,    0.000 , 1096.235 , 1096.235 ,    0.000 ,  343.765 ,    0.000 ,    0.000 ,       15 , 	)

	16 sommets 
	values : ( Cost : 401.786 , TRT : 467.333 , TWT : 129.238 , TD : 537.668 )
	violations : ( VC :       0 , VTW :   0.000 , VTD :   0.000 , VTRT :   0.000 )
	cout global : (   0.000	 )
S(i)	 (   C ,     TW0 ,       TW1 ,       VTW ,       Min ,       A ,       W ,       B ,       D ,       L ,       F ,       E ,       Det ,       [Imp ,       Imp]	)
   0 	 (   0 ,    0.000 , 1440.000 ,        0 ,    0.000 ,  636.002 ,    0.000 ,  636.002 ,  636.002 ,    0.000 ,    0.000 ,  636.002 ,    0.000 ,        0 , 	)
  49 	 (   1 ,  600.000 ,  660.000 ,        0 ,   23.998 ,  660.000 ,    0.000 ,  660.000 ,  661.000 ,    0.000 ,    0.000 ,   60.000 ,   19.100 ,        1 , 	)
  51 	 (   5 ,  780.000 ,  960.000 ,        0 ,  661.311 ,  721.311 ,   65.335 ,  786.647 ,  790.647 ,    0.000 ,    0.000 ,    6.647 ,    5.781 ,        2 , 	)
  55 	 (   7 ,  780.000 ,  960.000 ,        0 ,  794.330 ,  800.977 ,    0.000 ,  800.977 ,  802.977 ,    0.000 ,    0.000 ,    6.647 ,    5.956 ,        3 , 	)
 131 	 (   6 ,  668.186 ,  840.000 ,        0 ,  802.244 ,  808.891 ,    0.000 ,  808.891 ,  809.891 ,  147.891 ,    0.000 ,    6.647 ,    1.366 ,        4 , 	)
  60 	 (   7 ,  766.000 ,  923.881 ,        0 ,  806.749 ,  813.395 ,    0.000 ,  813.395 ,  814.395 ,    0.000 ,    0.000 ,    6.647 ,    3.416 ,        5 , 	)
 133 	 (   3 ,  827.000 , 1007.000 ,        0 ,  821.827 ,  828.474 ,    0.000 ,  828.474 ,  832.474 ,   37.827 ,    0.000 ,    1.474 ,   13.403 ,        6 , 	)
  34 	 (   7 ,  780.000 ,  840.000 ,        0 ,  838.526 ,  840.000 ,    0.000 ,  840.000 ,  844.000 ,    0.000 ,    0.000 ,    1.474 ,    6.481 ,        7 , 	)
 142 	 (   6 ,  842.000 ,  962.000 ,        0 ,  878.663 ,  880.137 ,    0.000 ,  880.137 ,  881.137 ,   65.741 ,    9.259 ,    1.474 ,   13.005 ,        8 , 	)
 116 	 (   2 ,  829.891 ,  967.000 ,        0 ,  902.423 ,  903.896 ,    0.000 ,  903.896 ,  907.896 ,   59.896 ,   18.069 ,    1.474 ,    3.344 ,        9 , 	)
 137 	 (   0 ,  887.000 , 1067.000 ,        0 ,  925.434 ,  926.908 ,    0.000 ,  926.908 ,  928.908 ,  123.931 ,   18.069 ,    1.474 ,   -6.317 ,       10 , 	)
  38 	 (   4 ,  960.000 , 1140.000 ,        0 ,  933.968 ,  935.441 ,   63.903 ,  999.344 , 1003.344 ,    0.000 ,  140.656 ,   39.344 ,    1.295 ,       11 , 	)
  32 	 (   6 , 1020.000 , 1200.000 ,        0 ,  986.898 , 1026.242 ,    0.000 , 1026.242 , 1028.242 ,    0.000 ,   36.376 ,    6.242 ,   10.605 ,       12 , 	)
 120 	 (   2 , 1021.000 , 1201.000 ,        0 , 1038.726 , 1044.968 ,    0.000 , 1044.968 , 1048.968 ,   41.624 ,   30.242 ,    6.242 ,   22.848 ,       13 , 	)
 114 	 (   0 , 1089.000 , 1269.000 ,        0 , 1082.758 , 1089.000 ,    0.000 , 1089.000 , 1091.000 ,   60.758 ,   30.242 ,    0.000 ,   -1.011 ,       14 , 	)
 165 	 (   0 ,    0.000 , 1440.000 ,        0 , 1103.335 , 1103.335 ,    0.000 , 1103.335 , 1103.335 ,    0.000 ,  336.665 ,    0.000 ,    0.000 ,       15 , 	)

	16 sommets 
	values : ( Cost : 358.748 , TRT : 299.735 , TWT :   0.000 , TD : 432.453 )
	violations : ( VC :       0 , VTW :   0.000 , VTD :   0.000 , VTRT :   0.000 )
	cout global : (   0.000	 )
S(i)	 (   C ,     TW0 ,       TW1 ,       VTW ,       Min ,       A ,       W ,       B ,       D ,       L ,       F ,       E ,       Det ,       [Imp ,       Imp]	)
   0 	 (   0 ,    0.000 , 1440.000 ,        0 ,    0.000 ,  701.382 ,    0.000 ,  701.382 ,  701.382 ,    0.000 ,    8.425 ,  701.382 ,    0.000 ,        0 , 	)
  15 	 (   2 ,  485.000 ,  720.000 ,        0 ,   10.193 ,  711.575 ,    0.000 ,  711.575 ,  713.575 ,    0.000 ,    8.425 ,  226.575 ,    3.671 ,        1 , 	)
  97 	 (   0 ,  581.000 ,  761.000 ,        0 ,  522.079 ,  748.654 ,    0.000 ,  748.654 ,  750.654 ,   35.079 ,   12.346 ,  167.654 ,   12.995 ,        2 , 	)
  36 	 (   4 ,  720.000 ,  900.000 ,        0 ,  604.106 ,  771.760 ,    0.000 ,  771.760 ,  775.760 ,    0.000 ,   35.951 ,   51.760 ,    1.605 ,        3 , 	)
  62 	 (   5 ,  720.000 ,  900.000 ,        0 ,  727.916 ,  779.676 ,    0.000 ,  779.676 ,  780.676 ,    0.000 ,   35.951 ,   51.760 ,    0.011 ,        4 , 	)
  77 	 (   7 ,  720.000 ,  960.000 ,        0 ,  735.961 ,  787.721 ,    0.000 ,  787.721 ,  789.721 ,    0.000 ,   22.077 ,   51.760 ,    0.921 ,        5 , 	)
  65 	 (   8 ,  720.000 ,  840.000 ,        0 ,  742.577 ,  794.337 ,    0.000 ,  794.337 ,  795.337 ,    0.000 ,   22.077 ,   51.760 ,    2.648 ,        6 , 	)
 159 	 (   6 ,  812.000 ,  992.000 ,        0 ,  764.416 ,  816.176 ,    0.000 ,  816.176 ,  818.176 ,   26.455 ,   22.077 ,    4.176 ,    0.246 ,        7 , 	)
  17 	 (   8 ,  739.000 ,  958.574 ,        0 ,  817.008 ,  821.184 ,    0.000 ,  821.184 ,  823.184 ,    0.000 ,   22.077 ,    4.176 ,    5.771 ,        8 , 	)
 147 	 (   7 ,  765.000 ,  941.000 ,        0 ,  846.632 ,  850.808 ,    0.000 ,  850.808 ,  851.808 ,   55.471 ,   22.077 ,    4.176 ,    1.927 ,        9 , 	)
 144 	 (   6 ,  766.000 , 1002.000 ,        0 ,  855.423 ,  859.598 ,    0.000 ,  859.598 ,  860.598 ,   78.923 ,   22.077 ,    4.176 ,    0.000 ,       10 , 	)
 118 	 (   2 ,  788.000 , 1028.000 ,        0 ,  856.423 ,  860.598 ,    0.000 ,  860.598 ,  864.598 ,   84.838 ,   35.951 ,    4.176 ,    0.000 ,       11 , 	)
  31 	 (   5 ,  748.000 ,  946.285 ,        0 ,  878.002 ,  882.177 ,    0.000 ,  882.177 ,  885.177 ,    0.000 ,   35.951 ,    4.176 ,    2.638 ,       12 , 	)
  99 	 (   3 ,  900.000 , 1020.000 ,        0 ,  895.824 ,  900.000 ,    0.000 ,  900.000 ,  902.000 ,   76.816 ,   35.951 ,    0.000 ,   26.156 ,       13 , 	)
 113 	 (   0 ,  876.000 ,  996.000 ,        0 ,  960.049 ,  960.049 ,    0.000 ,  960.049 ,  963.049 ,   74.871 ,   35.951 ,    0.000 ,   34.857 ,       14 , 	)
 165 	 (   0 ,    0.000 , 1440.000 ,        0 , 1001.117 , 1001.117 ,    0.000 , 1001.117 , 1001.117 ,    0.000 ,  438.883 ,    0.000 ,    0.000 ,       15 , 	)
