12
	VALUE ALL : ( Cost : 4287.298 , TRT : 3869.899 , TWT : 300.367 , TD : 5374.415 )
	VIOLATIONS TOTAL : ( VC :       0 , VTW :   0.000 , VTD :   0.000 , VTRT :   0.000 )
 	COUT_ALL : (   0.003 )  T2B:   33601

	20 sommets 
	values : ( Cost : 477.336 , TRT : 380.899 , TWT :   0.000 , TD : 730.300 )
	violations : ( VC :       0 , VTW :   0.000 , VTD :   0.000 , VTRT :   0.000 )
	cout global : (   0.000	 )
S(i)	 (   C ,     TW0 ,       TW1 ,       VTW ,       Min ,       A ,       W ,       B ,       D ,       L ,       F ,       E ,       Det ,       [Imp ,       Imp]	)
   0 	 (   0 ,    0.000 , 1440.000 ,        0 ,    0.000 ,  765.083 ,    0.000 ,  765.083 ,  765.083 ,    0.000 ,    7.204 ,  765.083 ,    0.000 ,        0 , 	)
  46 	 (   1 ,  780.000 ,  960.000 ,        0 ,   14.917 ,  780.000 ,    0.000 ,  780.000 ,  781.000 ,    0.000 ,    7.204 ,    0.000 ,   -1.720 ,        1 , 	)
  70 	 (   2 ,  780.000 ,  960.000 ,        0 ,  798.617 ,  798.617 ,    0.000 ,  798.617 ,  799.617 ,    0.000 ,    0.127 ,    0.000 ,   -2.900 ,        2 , 	)
  36 	 (   4 ,  720.000 ,  960.000 ,        0 ,  807.538 ,  807.538 ,    0.000 ,  807.538 ,  809.538 ,    0.000 ,    0.127 ,    0.000 ,    0.782 ,        3 , 	)
  23 	 (   5 ,  720.000 ,  960.000 ,        0 ,  816.412 ,  816.412 ,    0.000 ,  816.412 ,  817.412 ,    0.000 ,    0.127 ,    0.000 ,    1.859 ,        4 , 	)
 146 	 (   4 ,  815.000 ,  995.000 ,        0 ,  822.796 ,  822.796 ,    0.000 ,  822.796 ,  823.796 ,   23.179 ,    0.127 ,    0.000 ,    8.909 ,        5 , 	)
  99 	 (   3 ,  760.000 , 1000.000 ,        0 ,  846.873 ,  846.873 ,    0.000 ,  846.873 ,  847.873 ,   29.461 ,    0.127 ,    0.000 ,    0.000 ,        6 , 	)
   2 	 (   4 ,  780.000 ,  900.000 ,        0 ,  847.873 ,  847.873 ,    0.000 ,  847.873 ,  848.873 ,    0.000 ,    0.127 ,    0.000 ,    0.000 ,        7 , 	)
 122 	 (   3 ,  831.000 , 1011.000 ,        0 ,  848.873 ,  848.873 ,    0.000 ,  848.873 ,  849.873 ,   67.873 ,    0.127 ,    0.000 ,    0.000 ,        8 , 	)
  47 	 (   4 ,  780.000 ,  960.000 ,        0 ,  875.166 ,  875.166 ,    0.000 ,  875.166 ,  876.166 ,    0.000 ,    7.204 ,    0.000 ,   -0.062 ,        9 , 	)
  52 	 (   5 ,  720.000 ,  900.000 ,        0 ,  883.286 ,  883.286 ,    0.000 ,  883.286 ,  884.286 ,    0.000 ,    7.204 ,    0.000 ,    6.295 ,       10 , 	)
  78 	 (   4 ,  808.193 ,  974.000 ,        0 ,  891.212 ,  891.212 ,    0.000 ,  891.212 ,  892.212 ,   42.339 ,    7.204 ,    0.000 ,    3.360 ,       11 , 	)
  20 	 (   6 ,  720.000 ,  960.000 ,        0 ,  913.423 ,  913.423 ,    0.000 ,  913.423 ,  915.423 ,    0.000 ,    7.204 ,    0.000 ,    6.030 ,       12 , 	)
 123 	 (   5 ,  811.459 , 1043.000 ,        0 ,  922.321 ,  922.321 ,    0.000 ,  922.321 ,  923.321 ,   46.155 ,    0.628 ,    0.000 ,    4.182 ,       13 , 	)
 128 	 (   4 ,  794.000 , 1034.000 ,        0 ,  952.373 ,  952.373 ,    0.000 ,  952.373 ,  953.373 ,   68.086 ,    0.628 ,    0.000 ,   38.026 ,       14 , 	)
 112 	 (   2 ,  938.000 , 1118.000 ,        0 ,  994.355 ,  994.355 ,    0.000 ,  994.355 ,  996.355 ,  184.817 ,    0.628 ,    0.000 ,   14.104 ,       15 , 	)
  51 	 (   3 ,  960.000 , 1140.000 ,        0 , 1003.557 , 1003.557 ,    0.000 , 1003.557 , 1004.557 ,    0.000 ,    0.628 ,    0.000 ,   -5.571 ,       16 , 	)
  96 	 (   1 ,  839.000 , 1079.000 ,        0 , 1071.796 , 1071.796 ,    0.000 , 1071.796 , 1073.796 ,  156.372 ,    0.628 ,    0.000 ,   58.635 ,       17 , 	)
 127 	 (   0 , 1033.000 , 1273.000 ,        0 , 1116.574 , 1116.574 ,    0.000 , 1116.574 , 1117.574 ,  112.017 ,   24.983 ,   -0.000 ,   26.923 ,       18 , 	)
 153 	 (   0 ,    0.000 , 1440.000 ,        0 , 1145.982 , 1145.982 ,    0.000 , 1145.982 , 1145.982 ,    0.000 ,  294.018 ,   -0.000 ,    0.000 ,       19 , 	)

	12 sommets 
	values : ( Cost : 289.443 , TRT : 249.626 , TWT :   0.000 , TD : 268.568 )
	violations : ( VC :       0 , VTW :   0.000 , VTD :   0.000 , VTRT :   0.000 )
	cout global : (   0.000	 )
S(i)	 (   C ,     TW0 ,       TW1 ,       VTW ,       Min ,       A ,       W ,       B ,       D ,       L ,       F ,       E ,       Det ,       [Imp ,       Imp]	)
   0 	 (   0 ,    0.000 , 1440.000 ,        0 ,    0.000 ,  783.150 ,    0.000 ,  783.150 ,  783.150 ,    0.000 ,    2.269 ,  783.150 ,    0.000 ,        0 , 	)
  32 	 (   4 ,  720.000 ,  960.000 ,        0 ,   20.472 ,  803.623 ,    0.000 ,  803.623 ,  807.623 ,    0.000 ,    2.269 ,   83.623 ,   31.981 ,        1 , 	)
  55 	 (   8 ,  780.000 ,  840.000 ,        0 ,  745.544 ,  829.167 ,    0.000 ,  829.167 ,  833.167 ,    0.000 ,    2.269 ,   49.167 ,   10.096 ,        2 , 	)
 108 	 (   4 ,  881.000 , 1121.000 ,        0 ,  831.833 ,  881.000 ,    0.000 ,  881.000 ,  885.000 ,   73.377 ,    2.269 ,    0.000 ,    0.000 ,        3 , 	)
  54 	 (   5 ,  780.000 ,  960.000 ,        0 ,  885.000 ,  885.000 ,    0.000 ,  885.000 ,  886.000 ,    0.000 ,    2.269 ,    0.000 ,    0.000 ,        4 , 	)
 131 	 (   1 ,  831.833 ,  972.000 ,        0 ,  886.000 ,  886.000 ,    0.000 ,  886.000 ,  890.000 ,   52.833 ,    2.269 ,    0.000 ,    0.000 ,        5 , 	)
 130 	 (   0 ,  921.000 , 1101.000 ,        0 ,  932.131 ,  932.131 ,    0.000 ,  932.131 ,  933.131 ,   46.131 ,    2.269 ,    0.000 ,   -8.567 ,        6 , 	)
  14 	 (   4 ,  787.000 ,  960.000 ,        0 ,  941.714 ,  941.714 ,    0.000 ,  941.714 ,  945.714 ,    0.000 ,    2.269 ,    0.000 ,    4.438 ,        7 , 	)
  71 	 (   7 ,  780.000 ,  960.000 ,        0 ,  957.631 ,  957.631 ,    0.000 ,  957.631 ,  960.631 ,    0.000 ,    2.269 ,    0.000 ,   -2.219 ,        8 , 	)
  90 	 (   3 ,  878.000 ,  998.000 ,        0 ,  978.841 ,  978.841 ,    0.000 ,  978.841 ,  982.841 ,   33.126 ,    2.269 ,    0.000 ,   26.844 ,        9 , 	)
 147 	 (   0 ,  846.000 , 1026.000 ,        0 , 1023.731 , 1023.731 ,    0.000 , 1023.731 , 1026.731 ,   63.100 ,    2.269 ,    0.000 ,    8.022 ,       10 , 	)
 153 	 (   0 ,    0.000 , 1440.000 ,        0 , 1032.777 , 1032.777 ,    0.000 , 1032.777 , 1032.777 ,    0.000 ,  407.223 ,   -0.000 ,    0.000 ,       11 , 	)

	14 sommets 
	values : ( Cost : 237.902 , TRT : 208.874 , TWT :   0.000 , TD : 381.220 )
	violations : ( VC :       0 , VTW :   0.000 , VTD :   0.000 , VTRT :   0.000 )
	cout global : (   0.000	 )
S(i)	 (   C ,     TW0 ,       TW1 ,       VTW ,       Min ,       A ,       W ,       B ,       D ,       L ,       F ,       E ,       Det ,       [Imp ,       Imp]	)
   0 	 (   0 ,    0.000 , 1440.000 ,        0 ,    0.000 ,  283.837 ,    0.000 ,  283.837 ,  283.837 ,    0.000 ,   17.009 ,  283.837 ,    0.000 ,        0 , 	)
  34 	 (   3 ,  245.000 ,  480.000 ,        0 ,   14.521 ,  298.358 ,    0.000 ,  298.358 ,  301.358 ,    0.000 ,   17.009 ,   53.358 ,    2.410 ,        1 , 	)
  41 	 (   7 ,  300.000 ,  480.000 ,        0 ,  263.493 ,  316.851 ,    0.000 ,  316.851 ,  320.851 ,    0.000 ,   17.009 ,   16.851 ,    4.119 ,        2 , 	)
  63 	 (   8 ,  301.000 ,  430.546 ,        0 ,  318.166 ,  335.017 ,    0.000 ,  335.017 ,  336.017 ,    0.000 ,   17.009 ,   16.851 ,   21.429 ,        3 , 	)
 110 	 (   5 ,  343.000 ,  523.000 ,        0 ,  344.870 ,  361.721 ,    0.000 ,  361.721 ,  364.721 ,   60.363 ,   17.009 ,   16.851 ,   -0.319 ,        4 , 	)
 117 	 (   1 ,  334.709 ,  566.000 ,        0 ,  361.623 ,  378.474 ,    0.000 ,  378.474 ,  382.474 ,   57.623 ,   17.009 ,   16.851 ,    7.211 ,        5 , 	)
  76 	 (   4 ,  301.000 ,  480.000 ,        0 ,  375.323 ,  392.174 ,    0.000 ,  392.174 ,  395.174 ,    0.000 ,   17.009 ,   16.851 ,    1.126 ,        6 , 	)
  25 	 (   5 ,  240.000 ,  420.000 ,        0 ,  386.140 ,  402.991 ,    0.000 ,  402.991 ,  403.991 ,    0.000 ,   17.009 ,   16.851 ,   11.383 ,        7 , 	)
 139 	 (   4 ,  413.000 ,  473.000 ,        0 ,  396.149 ,  413.000 ,    0.000 ,  413.000 ,  414.000 ,   76.983 ,   23.795 ,    0.000 ,    3.457 ,        8 , 	)
  11 	 (   7 ,  338.000 ,  450.574 ,        0 ,  426.779 ,  426.779 ,    0.000 ,  426.779 ,  429.779 ,    0.000 ,   23.795 ,    0.000 ,   12.048 ,        9 , 	)
  87 	 (   4 ,  425.000 ,  485.000 ,        0 ,  461.205 ,  461.205 ,    0.000 ,  461.205 ,  464.205 ,   31.426 ,   23.795 ,    0.000 ,    0.685 ,       10 , 	)
 101 	 (   3 ,  320.000 ,  500.000 ,        0 ,  474.316 ,  474.316 ,    0.000 ,  474.316 ,  475.316 ,   70.325 ,   25.499 ,    0.000 ,   -0.125 ,       11 , 	)
 152 	 (   0 ,  414.000 ,  534.000 ,        0 ,  479.675 ,  479.675 ,    0.000 ,  479.675 ,  482.675 ,   84.501 ,   25.499 ,    0.000 ,    5.595 ,       12 , 	)
 153 	 (   0 ,    0.000 , 1440.000 ,        0 ,  492.711 ,  492.711 ,    0.000 ,  492.711 ,  492.711 ,    0.000 ,  947.289 ,    0.000 ,    0.000 ,       13 , 	)

	20 sommets 
	values : ( Cost : 497.555 , TRT : 435.442 , TWT :  19.341 , TD : 564.773 )
	violations : ( VC :       0 , VTW :   0.000 , VTD :   0.000 , VTRT :   0.000 )
	cout global : (   0.000	 )
S(i)	 (   C ,     TW0 ,       TW1 ,       VTW ,       Min ,       A ,       W ,       B ,       D ,       L ,       F ,       E ,       Det ,       [Imp ,       Imp]	)
   0 	 (   0 ,    0.000 , 1440.000 ,        0 ,    0.000 ,  780.605 ,    0.000 ,  780.605 ,  780.605 ,    0.000 ,    0.000 ,  780.605 ,    0.000 ,        0 , 	)
  16 	 (   1 ,  725.000 ,  960.000 ,        0 ,   12.551 ,  793.156 ,    0.000 ,  793.156 ,  794.156 ,    0.000 ,    0.000 ,   68.156 ,   12.529 ,        1 , 	)
  64 	 (   5 ,  720.000 ,  960.000 ,        0 ,  736.014 ,  804.170 ,    0.000 ,  804.170 ,  808.170 ,    0.000 ,    0.000 ,   68.156 ,    2.380 ,        2 , 	)
  43 	 (   7 ,  720.000 ,  840.000 ,        0 ,  768.674 ,  836.830 ,    0.000 ,  836.830 ,  838.830 ,    0.000 ,    0.000 ,   68.156 ,   22.247 ,        3 , 	)
  92 	 (   6 ,  823.000 , 1003.000 ,        0 ,  797.968 ,  866.125 ,    0.000 ,  866.125 ,  867.125 ,   71.968 ,    0.000 ,   43.125 ,    9.284 ,        4 , 	)
  40 	 (   7 ,  720.000 ,  900.000 ,        0 ,  846.698 ,  889.823 ,    0.000 ,  889.823 ,  890.823 ,    0.000 ,    0.000 ,   43.125 ,    3.640 ,        5 , 	)
 119 	 (   5 ,  763.846 ,  954.000 ,        0 ,  852.475 ,  895.600 ,    0.000 ,  895.600 ,  897.600 ,   56.770 ,    0.000 ,   43.125 ,    3.097 ,        6 , 	)
 140 	 (   1 ,  916.000 , 1156.000 ,        0 ,  876.395 ,  919.520 ,    0.000 ,  919.520 ,  923.520 ,  111.350 ,    0.000 ,    3.520 ,    3.881 ,        7 , 	)
 116 	 (   0 ,  777.000 , 1006.000 ,        0 ,  955.480 ,  959.000 ,    0.000 ,  959.000 ,  960.000 ,   68.177 ,    0.000 ,    3.520 ,    0.000 ,        8 , 	)
  66 	 (   1 ,  720.000 ,  960.000 ,        0 ,  956.480 ,  960.000 ,    0.000 ,  960.000 ,  961.000 ,    0.000 ,   -0.000 ,    3.520 ,    0.000 ,        9 , 	)
  74 	 (   5 ,  960.000 , 1200.000 ,        0 ,  965.050 ,  968.570 ,   17.459 ,  986.029 ,  990.029 ,    0.000 ,    0.000 ,   20.979 ,    0.821 ,       10 , 	)
 142 	 (   4 ,  766.000 , 1006.000 ,        0 ,  985.021 , 1006.000 ,    0.000 , 1006.000 , 1007.000 ,   45.000 ,    0.000 ,   20.979 ,   12.489 ,       11 , 	)
   5 	 (   5 ,  960.000 , 1200.000 ,        0 , 1026.004 , 1046.983 ,    1.881 , 1048.864 , 1049.864 ,    0.000 ,   73.029 ,   22.860 ,   -3.121 ,       12 , 	)
  81 	 (   4 , 1001.000 , 1241.000 ,        0 , 1047.500 , 1070.360 ,    0.000 , 1070.360 , 1071.360 ,   20.496 ,   34.504 ,   22.860 ,   10.436 ,       13 , 	)
 150 	 (   0 , 1099.000 , 1339.000 ,        0 , 1076.140 , 1099.000 ,    0.000 , 1099.000 , 1103.000 ,  108.971 ,   73.029 ,    0.000 ,   14.650 ,       14 , 	)
  61 	 (   4 ,  960.000 , 1200.000 ,        0 , 1120.105 , 1120.105 ,    0.000 , 1120.105 , 1124.105 ,    0.000 ,   75.895 ,   -0.000 ,    0.000 ,       15 , 	)
  57 	 (   7 ,  967.000 , 1200.000 ,        0 , 1124.105 , 1124.105 ,    0.000 , 1124.105 , 1127.105 ,    0.000 ,   63.971 ,   -0.000 ,    0.000 ,       16 , 	)
 133 	 (   4 , 1058.000 , 1238.000 ,        0 , 1160.117 , 1160.117 ,    0.000 , 1160.117 , 1163.117 ,   33.013 ,   54.987 ,   -0.000 ,    0.853 ,       17 , 	)
 137 	 (   0 , 1048.000 , 1288.000 ,        0 , 1173.133 , 1173.133 ,    0.000 , 1173.133 , 1177.133 ,   49.029 ,   63.971 ,   -0.000 ,   12.295 ,       18 , 	)
 153 	 (   0 ,    0.000 , 1440.000 ,        0 , 1216.047 , 1216.047 ,    0.000 , 1216.047 , 1216.047 ,    0.000 ,  223.953 ,   -0.000 ,    0.000 ,       19 , 	)

	16 sommets 
	values : ( Cost : 438.321 , TRT : 437.453 , TWT :  73.888 , TD : 514.996 )
	violations : ( VC :       0 , VTW :   0.000 , VTD :   0.000 , VTRT :   0.000 )
	cout global : (   0.000	 )
S(i)	 (   C ,     TW0 ,       TW1 ,       VTW ,       Min ,       A ,       W ,       B ,       D ,       L ,       F ,       E ,       Det ,       [Imp ,       Imp]	)
   0 	 (   0 ,    0.000 , 1440.000 ,        0 ,    0.000 ,  613.572 ,    0.000 ,  613.572 ,  613.572 ,    0.000 ,    0.000 ,  613.572 ,    0.000 ,        0 , 	)
  45 	 (   1 ,  488.000 ,  660.000 ,        0 ,   16.789 ,  630.361 ,    0.000 ,  630.361 ,  631.361 ,    0.000 ,    0.000 ,  142.361 ,    9.260 ,        1 , 	)
 121 	 (   0 ,  573.000 ,  693.000 ,        0 ,  520.386 ,  662.747 ,    0.000 ,  662.747 ,  663.747 ,   31.386 ,    0.000 ,   89.747 ,   22.092 ,        2 , 	)
  17 	 (   3 ,  480.000 ,  720.000 ,        0 ,  587.800 ,  677.547 ,    0.000 ,  677.547 ,  680.547 ,    0.000 ,    0.000 ,   89.747 ,    3.203 ,        3 , 	)
  67 	 (   4 ,  480.000 ,  720.000 ,        0 ,  620.076 ,  709.823 ,    0.000 ,  709.823 ,  710.823 ,    0.000 ,    0.000 ,   89.747 ,    0.000 ,        4 , 	)
  65 	 (   6 ,  480.000 ,  720.000 ,        0 ,  621.076 ,  710.823 ,    0.000 ,  710.823 ,  712.823 ,    0.000 ,    0.000 ,   89.747 ,    0.000 ,        5 , 	)
  93 	 (   3 ,  583.000 ,  823.000 ,        0 ,  643.233 ,  732.980 ,    0.000 ,  732.980 ,  735.980 ,   52.433 ,    0.000 ,   89.747 ,   25.735 ,        6 , 	)
  42 	 (   5 ,  720.000 ,  900.000 ,        0 ,  672.047 ,  761.793 ,    0.000 ,  761.793 ,  763.793 ,    0.000 ,    0.000 ,   41.793 ,   14.187 ,        7 , 	)
 143 	 (   4 ,  604.000 ,  844.000 ,        0 ,  759.562 ,  801.356 ,    0.000 ,  801.356 ,  802.356 ,   90.533 ,    0.000 ,   41.793 ,   25.206 ,        8 , 	)
  53 	 (   8 ,  720.000 ,  840.000 ,        0 ,  798.207 ,  840.000 ,    0.000 ,  840.000 ,  844.000 ,    0.000 ,    0.000 ,   41.793 ,   17.486 ,        9 , 	)
 118 	 (   6 ,  860.000 , 1100.000 ,        0 ,  817.311 ,  859.105 ,    0.895 ,  860.000 ,  862.000 ,   96.207 ,   15.175 ,    0.000 ,   10.045 ,       10 , 	)
 141 	 (   4 ,  670.000 ,  910.000 ,        0 ,  871.904 ,  871.904 ,    0.000 ,  871.904 ,  873.904 ,  159.081 ,   15.175 ,    0.000 ,    1.299 ,       11 , 	)
 129 	 (   0 ,  743.884 ,  897.000 ,        0 ,  881.825 ,  881.825 ,    0.000 ,  881.825 ,  885.825 ,   37.825 ,   15.175 ,    0.000 ,    1.766 ,       12 , 	)
  69 	 (   4 ,  960.000 , 1140.000 ,        0 ,  903.477 ,  903.477 ,   72.992 ,  976.469 ,  980.469 ,    0.000 ,  163.531 ,   16.469 ,   10.516 ,       13 , 	)
 145 	 (   0 , 1028.000 , 1268.000 ,        0 , 1011.531 , 1028.000 ,    0.000 , 1028.000 , 1032.000 ,   47.531 ,   79.469 ,    0.000 ,   16.389 ,       14 , 	)
 153 	 (   0 ,    0.000 , 1440.000 ,        0 , 1051.025 , 1051.025 ,    0.000 , 1051.025 , 1051.025 ,    0.000 ,  388.975 ,   -0.000 ,    0.000 ,       15 , 	)

	14 sommets 
	values : ( Cost : 402.971 , TRT : 365.243 , TWT :  34.257 , TD : 293.947 )
	violations : ( VC :       0 , VTW :   0.000 , VTD :   0.000 , VTRT :   0.000 )
	cout global : (   0.000	 )
S(i)	 (   C ,     TW0 ,       TW1 ,       VTW ,       Min ,       A ,       W ,       B ,       D ,       L ,       F ,       E ,       Det ,       [Imp ,       Imp]	)
   0 	 (   0 ,    0.000 , 1440.000 ,        0 ,    0.000 ,  282.647 ,    0.000 ,  282.647 ,  282.647 ,    0.000 ,    0.000 ,  282.647 ,    0.000 ,        0 , 	)
  35 	 (   4 ,  243.000 ,  420.000 ,        0 ,   32.599 ,  315.246 ,    0.000 ,  315.246 ,  319.246 ,    0.000 ,    0.000 ,   72.246 ,   31.179 ,        1 , 	)
 111 	 (   0 ,  350.000 ,  470.000 ,        0 ,  285.486 ,  357.732 ,    0.000 ,  357.732 ,  361.732 ,   38.486 ,    0.000 ,    7.732 ,    0.000 ,        2 , 	)
  58 	 (   2 ,  360.000 ,  420.000 ,        0 ,  354.000 ,  361.732 ,    0.000 ,  361.732 ,  363.732 ,    0.000 ,    0.000 ,    1.732 ,    0.000 ,        3 , 	)
  26 	 (   5 ,  240.000 ,  480.000 ,        0 ,  373.047 ,  374.780 ,    0.000 ,  374.780 ,  377.780 ,    0.000 ,    0.000 ,    1.732 ,   11.851 ,        4 , 	)
 102 	 (   2 ,  321.000 ,  561.000 ,        0 ,  405.374 ,  407.106 ,    0.000 ,  407.106 ,  410.106 ,   29.326 ,    0.000 ,    1.732 ,    0.731 ,        5 , 	)
   9 	 (   5 ,  240.000 ,  420.000 ,        0 ,  418.268 ,  420.000 ,    0.000 ,  420.000 ,  423.000 ,    0.000 ,    0.000 ,    1.732 ,   -0.786 ,        6 , 	)
  85 	 (   2 ,  324.000 ,  504.000 ,        0 ,  445.759 ,  447.491 ,    0.000 ,  447.491 ,  450.491 ,   24.491 ,   56.509 ,    1.732 ,   19.662 ,        7 , 	)
 134 	 (   0 ,  441.641 ,  634.000 ,        0 ,  492.451 ,  494.183 ,    0.000 ,  494.183 ,  496.183 ,  130.451 ,   81.549 ,    1.732 ,   26.875 ,        8 , 	)
  60 	 (   1 ,  540.000 ,  600.000 ,        0 ,  507.908 ,  509.640 ,   34.257 ,  543.897 ,  544.897 ,    0.000 ,   56.103 ,    3.897 ,    0.038 ,        9 , 	)
 136 	 (   0 ,  580.000 ,  695.000 ,        0 ,  576.103 ,  580.000 ,    0.000 ,  580.000 ,  581.000 ,   35.103 ,   58.897 ,    0.000 ,  -14.771 ,       10 , 	)
   4 	 (   1 ,  480.000 ,  720.000 ,        0 ,  590.894 ,  590.894 ,    0.000 ,  590.894 ,  591.894 ,    0.000 ,  129.106 ,    0.000 ,   23.647 ,       11 , 	)
  80 	 (   0 ,  600.000 ,  840.000 ,        0 ,  627.983 ,  627.983 ,    0.000 ,  627.983 ,  628.983 ,   36.089 ,  155.911 ,    0.000 ,   20.691 ,       12 , 	)
 153 	 (   0 ,    0.000 , 1440.000 ,        0 ,  647.889 ,  647.889 ,    0.000 ,  647.889 ,  647.889 ,    0.000 ,  792.111 ,    0.000 ,    0.000 ,       13 , 	)

	14 sommets 
	values : ( Cost : 302.934 , TRT : 277.859 , TWT :  20.089 , TD : 437.354 )
	violations : ( VC :       0 , VTW :   0.000 , VTD :   0.000 , VTRT :   0.000 )
	cout global : (   0.000	 )
S(i)	 (   C ,     TW0 ,       TW1 ,       VTW ,       Min ,       A ,       W ,       B ,       D ,       L ,       F ,       E ,       Det ,       [Imp ,       Imp]	)
   0 	 (   0 ,    0.000 , 1440.000 ,        0 ,    0.000 ,  321.980 ,    0.000 ,  321.980 ,  321.980 ,    0.000 ,    0.000 ,  321.980 ,    0.000 ,        0 , 	)
  19 	 (   3 ,  240.000 ,  480.000 ,        0 ,    8.741 ,  330.721 ,    0.000 ,  330.721 ,  333.721 ,    0.000 ,    0.000 ,   90.721 ,    7.524 ,        1 , 	)
   8 	 (   7 ,  300.000 ,  480.000 ,        0 ,  272.462 ,  363.183 ,    0.000 ,  363.183 ,  367.183 ,    0.000 ,    0.000 ,   63.183 ,   14.930 ,        2 , 	)
  95 	 (   4 ,  372.000 ,  552.000 ,        0 ,  339.494 ,  402.677 ,    0.000 ,  402.677 ,  405.677 ,   68.956 ,    0.000 ,   30.677 ,   -0.755 ,        3 , 	)
  75 	 (   5 ,  240.000 ,  420.000 ,        0 ,  388.598 ,  419.275 ,    0.000 ,  419.275 ,  420.275 ,    0.000 ,    0.000 ,   30.677 ,   25.781 ,        4 , 	)
  39 	 (   6 ,  240.000 ,  480.000 ,        0 ,  405.647 ,  436.323 ,    0.000 ,  436.323 ,  437.323 ,    0.000 ,    0.000 ,   30.677 ,    2.297 ,        5 , 	)
  84 	 (   2 ,  354.000 ,  592.000 ,        0 ,  410.356 ,  441.032 ,    0.000 ,  441.032 ,  445.032 ,   73.850 ,    0.000 ,   30.677 ,    3.814 ,        6 , 	)
 151 	 (   1 ,  272.105 ,  504.000 ,        0 ,  434.928 ,  465.605 ,    0.000 ,  465.605 ,  466.605 ,   45.329 ,    0.000 ,   30.677 ,    5.470 ,        7 , 	)
  15 	 (   4 ,  240.000 ,  480.000 ,        0 ,  449.323 ,  480.000 ,    0.000 ,  480.000 ,  483.000 ,    0.000 ,   -0.000 ,   30.677 ,    8.644 ,        8 , 	)
  48 	 (   7 ,  480.000 ,  720.000 ,        0 ,  456.956 ,  487.633 ,   20.089 ,  507.723 ,  510.723 ,    0.000 ,   14.350 ,   27.723 ,    3.712 ,        9 , 	)
 115 	 (   6 ,  394.000 ,  574.000 ,        0 ,  521.892 ,  549.615 ,    0.000 ,  549.615 ,  550.615 ,  112.292 ,   14.350 ,   27.723 ,    2.238 ,       10 , 	)
  91 	 (   3 ,  334.000 ,  574.000 ,        0 ,  531.928 ,  559.650 ,    0.000 ,  559.650 ,  562.650 ,   76.650 ,   14.350 ,   27.723 ,    6.980 ,       11 , 	)
 124 	 (   0 ,  571.000 ,  811.000 ,        0 ,  543.277 ,  571.000 ,    0.000 ,  571.000 ,  574.000 ,   60.277 ,   58.723 ,    0.000 ,    7.029 ,       12 , 	)
 153 	 (   0 ,    0.000 , 1440.000 ,        0 ,  599.840 ,  599.840 ,    0.000 ,  599.840 ,  599.840 ,    0.000 ,  840.160 ,    0.000 ,    0.000 ,       13 , 	)

	6 sommets 
	values : ( Cost : 111.248 , TRT :  97.645 , TWT :   0.000 , TD :  58.332 )
	violations : ( VC :       0 , VTW :   0.000 , VTD :   0.000 , VTRT :   0.000 )
	cout global : (   0.000	 )
S(i)	 (   C ,     TW0 ,       TW1 ,       VTW ,       Min ,       A ,       W ,       B ,       D ,       L ,       F ,       E ,       Det ,       [Imp ,       Imp]	)
   0 	 (   0 ,    0.000 , 1440.000 ,        0 ,    0.000 ,  749.323 ,    0.000 ,  749.323 ,  749.323 ,    0.000 ,  135.759 ,  749.323 ,    0.000 ,        0 , 	)
  50 	 (   3 ,  720.000 ,  900.000 ,        0 ,   14.917 ,  764.241 ,    0.000 ,  764.241 ,  767.241 ,    0.000 ,  135.759 ,   44.241 ,   14.330 ,        1 , 	)
 126 	 (   0 ,  783.000 ,  963.000 ,        0 ,  753.708 ,  797.949 ,    0.000 ,  797.949 ,  800.949 ,   30.708 ,   51.292 ,   14.949 ,    7.854 ,        2 , 	)
  31 	 (   4 ,  780.000 ,  960.000 ,        0 ,  791.427 ,  806.376 ,    0.000 ,  806.376 ,  810.376 ,    0.000 ,  153.624 ,   14.949 ,    0.774 ,        3 , 	)
 107 	 (   0 ,  838.000 , 1018.000 ,        0 ,  823.051 ,  838.000 ,    0.000 ,  838.000 ,  842.000 ,   27.624 ,   46.376 ,    0.000 ,    4.185 ,        4 , 	)
 153 	 (   0 ,    0.000 , 1440.000 ,        0 ,  846.968 ,  846.968 ,    0.000 ,  846.968 ,  846.968 ,    0.000 ,  593.032 ,    0.000 ,    0.000 ,        5 , 	)

	16 sommets 
	values : ( Cost : 409.712 , TRT : 338.054 , TWT :   0.000 , TD : 557.027 )
	violations : ( VC :       0 , VTW :   0.000 , VTD :   0.000 , VTRT :   0.000 )
	cout global : (   0.000	 )
S(i)	 (   C ,     TW0 ,       TW1 ,       VTW ,       Min ,       A ,       W ,       B ,       D ,       L ,       F ,       E ,       Det ,       [Imp ,       Imp]	)
   0 	 (   0 ,    0.000 , 1440.000 ,        0 ,    0.000 ,  704.055 ,    0.000 ,  704.055 ,  704.055 ,    0.000 ,   15.105 ,  704.055 ,    0.000 ,        0 , 	)
  44 	 (   2 ,  720.000 ,  900.000 ,        0 ,   40.995 ,  745.050 ,    0.000 ,  745.050 ,  747.050 ,    0.000 ,   15.105 ,   25.050 ,   28.395 ,        1 , 	)
  49 	 (   6 ,  729.000 ,  958.606 ,        0 ,  752.417 ,  777.467 ,    0.000 ,  777.467 ,  781.467 ,    0.000 ,   15.105 ,   25.050 ,   13.782 ,        2 , 	)
  33 	 (   7 ,  780.000 ,  960.000 ,        0 ,  775.363 ,  800.414 ,    0.000 ,  800.414 ,  801.414 ,    0.000 ,   15.105 ,   20.414 ,    0.139 ,        3 , 	)
 125 	 (   3 ,  812.000 ,  992.000 ,        0 ,  791.586 ,  812.000 ,    0.000 ,  812.000 ,  816.000 ,   30.533 ,   15.105 ,    0.000 ,    9.120 ,        4 , 	)
  38 	 (   5 ,  722.000 ,  960.000 ,        0 ,  830.980 ,  830.980 ,    0.000 ,  830.980 ,  832.980 ,    0.000 ,   15.105 ,    0.000 ,   10.227 ,        5 , 	)
 120 	 (   3 ,  777.000 , 1017.000 ,        0 ,  842.397 ,  842.397 ,    0.000 ,  842.397 ,  844.397 ,   95.347 ,   15.105 ,    0.000 ,   -7.125 ,        6 , 	)
  73 	 (   4 ,  840.000 ,  900.000 ,        0 ,  884.895 ,  884.895 ,    0.000 ,  884.895 ,  885.895 ,    0.000 ,   15.105 ,    0.000 ,   13.553 ,        7 , 	)
 109 	 (   3 ,  853.000 , 1093.000 ,        0 ,  897.459 ,  897.459 ,    0.000 ,  897.459 ,  898.459 ,   96.045 ,   10.787 ,    0.000 ,    4.615 ,        8 , 	)
  22 	 (   7 ,  720.000 ,  960.000 ,        0 ,  912.515 ,  912.515 ,    0.000 ,  912.515 ,  916.515 ,    0.000 ,   10.787 ,    0.000 ,   11.153 ,        9 , 	)
 114 	 (   5 ,  895.000 , 1015.000 ,        0 ,  925.545 ,  925.545 ,    0.000 ,  925.545 ,  927.545 ,   92.565 ,   10.787 ,    0.000 ,    0.031 ,       10 , 	)
  10 	 (   6 ,  722.000 ,  960.000 ,        0 ,  944.363 ,  944.363 ,    0.000 ,  944.363 ,  945.363 ,    0.000 ,   10.787 ,    0.000 ,    0.699 ,       11 , 	)
 149 	 (   5 ,  873.553 ,  988.000 ,        0 ,  962.108 ,  962.108 ,    0.000 ,  962.108 ,  963.108 ,   76.213 ,   10.787 ,    0.000 ,    9.152 ,       12 , 	)
  86 	 (   4 ,  832.000 , 1012.000 ,        0 ,  996.141 ,  996.141 ,    0.000 ,  996.141 ,  997.141 ,   50.777 ,   15.859 ,    0.000 ,   35.430 ,       13 , 	)
  98 	 (   0 ,  849.000 , 1089.000 ,        0 , 1032.062 , 1032.062 ,    0.000 , 1032.062 , 1036.062 ,  115.547 ,   52.453 ,    0.000 ,   -0.583 ,       14 , 	)
 153 	 (   0 ,    0.000 , 1440.000 ,        0 , 1042.109 , 1042.109 ,    0.000 , 1042.109 , 1042.109 ,    0.000 ,  397.891 ,    0.000 ,    0.000 ,       15 , 	)

	14 sommets 
	values : ( Cost : 328.240 , TRT : 305.309 , TWT :  36.512 , TD : 460.312 )
	violations : ( VC :       0 , VTW :   0.000 , VTD :   0.000 , VTRT :   0.000 )
	cout global : (   0.000	 )
S(i)	 (   C ,     TW0 ,       TW1 ,       VTW ,       Min ,       A ,       W ,       B ,       D ,       L ,       F ,       E ,       Det ,       [Imp ,       Imp]	)
   0 	 (   0 ,    0.000 , 1440.000 ,        0 ,    0.000 ,  315.726 ,    0.000 ,  315.726 ,  315.726 ,    0.000 ,    0.000 ,  315.726 ,    0.000 ,        0 , 	)
  27 	 (   1 ,  240.000 ,  420.000 ,        0 ,   32.599 ,  348.326 ,    0.000 ,  348.326 ,  349.326 ,    0.000 ,    0.000 ,  108.326 ,    3.970 ,        1 , 	)
  24 	 (   5 ,  300.000 ,  480.000 ,        0 ,  252.383 ,  360.709 ,    0.000 ,  360.709 ,  364.709 ,    0.000 ,    0.000 ,   60.709 ,   12.044 ,        2 , 	)
  56 	 (   6 ,  300.000 ,  480.000 ,        0 ,  315.315 ,  376.024 ,    0.000 ,  376.024 ,  377.024 ,    0.000 ,    0.000 ,   60.709 ,    0.827 ,        3 , 	)
   6 	 (   7 ,  300.000 ,  480.000 ,        0 ,  336.563 ,  397.272 ,    0.000 ,  397.272 ,  398.272 ,    0.000 ,    0.000 ,   60.709 ,    8.233 ,        4 , 	)
  18 	 (   8 ,  366.000 ,  480.000 ,        0 ,  369.162 ,  429.871 ,    0.000 ,  429.871 ,  430.871 ,    0.000 ,    0.000 ,   60.709 ,    0.188 ,        5 , 	)
 103 	 (   7 ,  296.000 ,  536.000 ,        0 ,  373.445 ,  434.154 ,    0.000 ,  434.154 ,  435.154 ,   84.829 ,    0.000 ,   60.709 ,   -0.950 ,        6 , 	)
  82 	 (   6 ,  390.000 ,  570.000 ,        0 ,  387.401 ,  448.110 ,    0.000 ,  448.110 ,  449.110 ,   49.838 ,    0.000 ,   58.110 ,    0.817 ,        7 , 	)
 132 	 (   5 ,  433.000 ,  613.000 ,        0 ,  401.823 ,  459.932 ,    0.000 ,  459.932 ,  460.932 ,   82.908 ,    0.000 ,   26.932 ,    1.777 ,        8 , 	)
 100 	 (   1 ,  439.000 ,  679.000 ,        0 ,  454.766 ,  481.698 ,    0.000 ,  481.698 ,  485.698 ,  116.989 ,    0.000 ,   26.932 ,   15.414 ,        9 , 	)
  94 	 (   0 ,  457.000 ,  517.000 ,        0 ,  490.068 ,  517.000 ,    0.000 ,  517.000 ,  518.000 ,   86.129 ,    0.000 ,   26.932 ,   -6.226 ,       10 , 	)
  68 	 (   3 ,  540.000 ,  720.000 ,        0 ,  501.936 ,  528.868 ,   36.512 ,  565.380 ,  568.380 ,    0.000 ,  154.620 ,   25.380 ,   16.995 ,       11 , 	)
 144 	 (   0 ,  608.000 ,  788.000 ,        0 ,  582.620 ,  608.000 ,    0.000 ,  608.000 ,  611.000 ,   39.620 ,   40.380 ,    0.000 ,   -4.535 ,       12 , 	)
 153 	 (   0 ,    0.000 , 1440.000 ,        0 ,  621.035 ,  621.035 ,    0.000 ,  621.035 ,  621.035 ,    0.000 ,  818.965 ,    0.000 ,    0.000 ,       13 , 	)

	14 sommets 
	values : ( Cost : 413.524 , TRT : 372.270 , TWT :  39.350 , TD : 668.129 )
	violations : ( VC :       0 , VTW :   0.000 , VTD :   0.000 , VTRT :   0.000 )
	cout global : (   0.000	 )
S(i)	 (   C ,     TW0 ,       TW1 ,       VTW ,       Min ,       A ,       W ,       B ,       D ,       L ,       F ,       E ,       Det ,       [Imp ,       Imp]	)
   0 	 (   0 ,    0.000 , 1440.000 ,        0 ,    0.000 ,  291.663 ,    0.000 ,  291.663 ,  291.663 ,    0.000 ,    0.000 ,  291.663 ,    0.000 ,        0 , 	)
  30 	 (   2 ,  240.000 ,  480.000 ,        0 ,   40.584 ,  332.247 ,    0.000 ,  332.247 ,  334.247 ,    0.000 ,    0.000 ,   92.247 ,   17.036 ,        1 , 	)
  62 	 (   6 ,  240.000 ,  480.000 ,        0 ,  261.550 ,  353.797 ,    0.000 ,  353.797 ,  357.797 ,    0.000 ,    0.000 ,   92.247 ,    1.562 ,        2 , 	)
  37 	 (   7 ,  272.000 ,  473.902 ,        0 ,  273.050 ,  365.298 ,    0.000 ,  365.298 ,  366.298 ,    0.000 ,    0.000 ,   92.247 ,    2.764 ,        3 , 	)
 106 	 (   5 ,  317.000 ,  557.000 ,        0 ,  290.536 ,  382.783 ,    0.000 ,  382.783 ,  384.783 ,   48.536 ,    0.000 ,   65.783 ,  -12.262 ,        4 , 	)
  21 	 (   6 ,  244.000 ,  480.000 ,        0 ,  375.350 ,  441.134 ,    0.000 ,  441.134 ,  442.134 ,    0.000 ,    0.000 ,   65.783 ,   69.223 ,        5 , 	)
  97 	 (   5 ,  344.000 ,  524.000 ,        0 ,  413.217 ,  479.000 ,    0.000 ,  479.000 ,  480.000 ,   36.866 ,    0.000 ,   65.783 ,    0.000 ,        6 , 	)
  12 	 (   7 ,  300.000 ,  480.000 ,        0 ,  414.217 ,  480.000 ,    0.000 ,  480.000 ,  482.000 ,    0.000 ,   -0.000 ,   65.783 ,    0.000 ,        7 , 	)
   7 	 (   8 ,  511.000 ,  641.079 ,        0 ,  432.994 ,  498.777 ,   19.086 ,  517.864 ,  518.864 ,    0.000 ,    0.000 ,    6.864 ,    0.627 ,        8 , 	)
 113 	 (   7 ,  500.000 ,  560.000 ,        0 ,  532.716 ,  539.580 ,    0.000 ,  539.580 ,  540.580 ,  173.282 ,    0.000 ,    6.864 ,   18.564 ,        9 , 	)
 138 	 (   3 ,  400.000 ,  640.000 ,        0 ,  550.241 ,  557.105 ,    0.000 ,  557.105 ,  561.105 ,  199.308 ,    0.000 ,    6.864 ,    1.774 ,       10 , 	)
  88 	 (   1 ,  407.000 ,  587.000 ,        0 ,  580.136 ,  587.000 ,    0.000 ,  587.000 ,  589.000 ,  105.000 ,    0.000 ,    6.864 ,    8.566 ,       11 , 	)
  83 	 (   0 ,  624.000 ,  684.000 ,        0 ,  596.873 ,  603.737 ,   20.263 ,  624.000 ,  625.000 ,  105.136 ,    6.864 ,    0.000 ,   12.576 ,       12 , 	)
 153 	 (   0 ,    0.000 , 1440.000 ,        0 ,  663.933 ,  663.933 ,    0.000 ,  663.933 ,  663.933 ,    0.000 ,  776.067 ,    0.000 ,    0.000 ,       13 , 	)

	16 sommets 
	values : ( Cost : 378.112 , TRT : 401.225 , TWT :  76.930 , TD : 439.459 )
	violations : ( VC :       0 , VTW :   0.000 , VTD :   0.000 , VTRT :   0.000 )
	cout global : (   0.000	 )
S(i)	 (   C ,     TW0 ,       TW1 ,       VTW ,       Min ,       A ,       W ,       B ,       D ,       L ,       F ,       E ,       Det ,       [Imp ,       Imp]	)
   0 	 (   0 ,    0.000 , 1440.000 ,        0 ,    0.000 ,  289.473 ,    0.000 ,  289.473 ,  289.473 ,    0.000 ,    0.000 ,  289.473 ,    0.000 ,        0 , 	)
  72 	 (   3 ,  240.000 ,  360.000 ,        0 ,   14.665 ,  304.138 ,    0.000 ,  304.138 ,  307.138 ,    0.000 ,    0.000 ,   64.138 ,    4.207 ,        1 , 	)
 148 	 (   0 ,  265.000 ,  385.000 ,        0 ,  251.448 ,  315.586 ,    0.000 ,  315.586 ,  318.586 ,    8.448 ,    0.000 ,   50.586 ,    0.000 ,        2 , 	)
  13 	 (   4 ,  300.000 ,  420.000 ,        0 ,  268.000 ,  318.586 ,    0.000 ,  318.586 ,  322.586 ,    0.000 ,    0.000 ,   18.586 ,    0.000 ,        3 , 	)
   1 	 (   8 ,  240.000 ,  420.000 ,        0 ,  346.702 ,  365.289 ,    0.000 ,  365.289 ,  369.289 ,    0.000 ,    0.000 ,   18.586 ,   15.832 ,        4 , 	)
  89 	 (   4 ,  375.000 ,  495.000 ,        0 ,  359.738 ,  378.324 ,    0.000 ,  378.324 ,  382.324 ,   55.738 ,    0.000 ,    3.324 ,    2.859 ,        5 , 	)
  29 	 (   8 ,  240.000 ,  480.000 ,        0 ,  424.624 ,  427.948 ,    0.000 ,  427.948 ,  431.948 ,    0.000 ,    0.000 ,    3.324 ,   31.802 ,        6 , 	)
  77 	 (   4 ,  299.000 ,  539.000 ,        0 ,  450.999 ,  454.323 ,    0.000 ,  454.323 ,  458.323 ,   85.035 ,    0.000 ,    3.324 ,  -12.729 ,        7 , 	)
  28 	 (   7 ,  240.000 ,  480.000 ,        0 ,  476.676 ,  480.000 ,    0.000 ,  480.000 ,  483.000 ,    0.000 ,    0.000 ,    3.324 ,    7.432 ,        8 , 	)
 105 	 (   3 ,  336.000 ,  576.000 ,        0 ,  493.925 ,  497.249 ,    0.000 ,  497.249 ,  501.249 ,   65.301 ,    6.798 ,    3.324 ,    4.450 ,        9 , 	)
  59 	 (   4 ,  480.000 ,  660.000 ,        0 ,  510.574 ,  513.898 ,    6.798 ,  520.695 ,  521.695 ,    0.000 ,    0.000 ,   10.122 ,   13.963 ,       10 , 	)
 104 	 (   1 ,  369.000 ,  549.000 ,        0 ,  538.878 ,  549.000 ,    0.000 ,  549.000 ,  552.000 ,   66.000 ,    0.000 ,   10.122 ,   -8.351 ,       11 , 	)
   3 	 (   2 ,  600.000 ,  720.000 ,        0 ,  559.893 ,  570.015 ,   70.132 ,  640.147 ,  641.147 ,    0.000 ,   79.853 ,   40.147 ,    4.866 ,       12 , 	)
 135 	 (   1 ,  647.000 ,  767.000 ,        0 ,  606.853 ,  647.000 ,    0.000 ,  647.000 ,  648.000 ,  125.305 ,   44.367 ,    0.000 ,    3.650 ,       13 , 	)
  79 	 (   0 ,  629.983 ,  799.000 ,        0 ,  674.780 ,  674.780 ,    0.000 ,  674.780 ,  675.780 ,   33.633 ,   44.367 ,    0.000 ,    5.615 ,       14 , 	)
 153 	 (   0 ,    0.000 , 1440.000 ,        0 ,  690.698 ,  690.698 ,    0.000 ,  690.698 ,  690.698 ,    0.000 ,  749.302 ,    0.000 ,    0.000 ,       15 , 	)
