2
	VALUE ALL : ( Cost : 150.910 , TRT : 566.011 , TWT : 398.545 , TD : 183.332 )
	VIOLATIONS TOTAL : ( VC :       0 , VTW :   0.000 , VTD :   0.000 , VTRT :   0.000 )
 	COUT_ALL : (   0.000 )  T2B:   45001

	8 sommets 
	values : ( Cost :  40.908 , TRT : 156.195 , TWT : 107.438 , TD :  32.194 )
	violations : ( VC :       0 , VTW :   0.000 , VTD :   0.000 , VTRT :   0.000 )
	cout global : (   0.000	 )
S(i)	 (   C ,     TW0 ,       TW1 ,       VTW ,       Min ,       A ,       W ,       B ,       D ,       L ,       F ,       E ,       Det ,       [Imp ,       Imp]	)
   0 	 (   0 ,    0.000 , 1440.000 ,        0 ,    0.000 ,  891.721 ,    0.000 ,  891.721 ,  891.721 ,    0.000 ,    0.000 ,  891.721 ,    0.000 ,        0 , 	)
   5 	 (   4 ,  780.000 ,  960.000 ,        0 ,    2.051 ,  893.772 ,    0.000 ,  893.772 ,  897.772 ,    0.000 ,    0.000 ,  113.772 ,    0.963 ,        1 , 	)
   8 	 (   5 ,  720.000 ,  900.000 ,        0 ,  786.228 ,  900.000 ,    0.000 ,  900.000 ,  901.000 ,    0.000 ,    0.000 ,  113.772 ,    1.527 ,        2 , 	)
  18 	 (   4 ,  741.000 ,  921.000 ,        0 ,  797.442 ,  911.214 ,    0.000 ,  911.214 ,  912.214 ,   10.214 ,    9.786 ,  113.772 ,    0.000 ,        3 , 	)
  15 	 (   0 ,  805.000 ,  985.000 ,        0 ,  798.442 ,  912.214 ,    0.000 ,  912.214 ,  916.214 ,   14.442 ,   15.558 ,  107.214 ,    0.000 ,        4 , 	)
   9 	 (   4 , 1014.000 , 1147.462 ,        0 ,  812.811 ,  920.025 ,  107.438 , 1027.462 , 1031.462 ,    0.000 ,  120.000 ,   13.462 ,    0.931 ,        5 , 	)
  19 	 (   0 , 1039.000 , 1159.000 ,        0 , 1025.538 , 1039.000 ,    0.000 , 1039.000 , 1043.000 ,    7.538 ,   13.462 ,    0.000 ,    6.749 ,        6 , 	)
  21 	 (   0 ,    0.000 , 1440.000 ,        0 , 1047.917 , 1047.917 ,    0.000 , 1047.917 , 1047.917 ,    0.000 ,  392.083 ,   -0.000 ,    0.000 ,        7 , 	)

	16 sommets 
	values : ( Cost : 110.002 , TRT : 409.816 , TWT : 291.108 , TD : 151.138 )
	violations : ( VC :       0 , VTW :   0.000 , VTD :   0.000 , VTRT :   0.000 )
	cout global : (   0.000	 )
S(i)	 (   C ,     TW0 ,       TW1 ,       VTW ,       Min ,       A ,       W ,       B ,       D ,       L ,       F ,       E ,       Det ,       [Imp ,       Imp]	)
   0 	 (   0 ,    0.000 , 1440.000 ,        0 ,    0.000 ,  392.398 ,    0.000 ,  392.398 ,  392.398 ,    0.000 ,    0.000 ,  392.398 ,    0.000 ,        0 , 	)
  10 	 (   1 ,  256.000 ,  405.369 ,        0 ,    3.555 ,  395.953 ,    0.000 ,  395.953 ,  396.953 ,    0.000 ,    0.000 ,  139.953 ,   10.445 ,        1 , 	)
   3 	 (   4 ,  240.000 ,  480.000 ,        0 ,  268.807 ,  408.760 ,    0.000 ,  408.760 ,  411.760 ,    0.000 ,    0.000 ,  139.953 ,    6.416 ,        2 , 	)
  20 	 (   3 ,  296.000 ,  416.000 ,        0 ,  276.047 ,  416.000 ,    0.000 ,  416.000 ,  417.000 ,   19.047 ,   -0.000 ,  120.000 ,    2.064 ,        3 , 	)
   1 	 (   5 ,  240.000 ,  480.000 ,        0 ,  301.136 ,  421.136 ,    9.423 ,  430.559 ,  432.559 ,    0.000 ,    0.000 ,  129.423 ,    1.342 ,        4 , 	)
  13 	 (   2 ,  261.000 ,  501.000 ,        0 ,  307.338 ,  436.760 ,    0.000 ,  436.760 ,  439.760 ,   25.000 ,   -0.000 ,  129.423 ,   -1.222 ,        5 , 	)
   2 	 (   5 ,  420.000 ,  480.000 ,        0 ,  314.872 ,  444.295 ,   16.074 ,  460.369 ,  463.369 ,    0.000 ,    0.000 ,   40.369 ,   -2.783 ,        6 , 	)
  11 	 (   3 ,  266.000 ,  506.000 ,        0 ,  426.189 ,  466.559 ,    0.000 ,  466.559 ,  468.559 ,   34.000 ,    0.000 ,   40.369 ,    7.850 ,        7 , 	)
   4 	 (   6 ,  480.000 ,  660.000 ,        0 ,  435.670 ,  476.039 ,    5.459 ,  481.498 ,  484.498 ,    0.000 ,    0.000 ,    1.498 ,    4.007 ,        8 , 	)
  14 	 (   3 ,  492.631 ,  689.000 ,        0 ,  492.631 ,  494.129 ,    0.000 ,  494.129 ,  497.129 ,    9.631 ,    0.000 ,    1.498 ,    0.000 ,        9 , 	)
   6 	 (   6 ,  480.000 ,  720.000 ,        0 ,  495.631 ,  497.129 ,    0.000 ,  497.129 ,  500.129 ,    0.000 ,    0.000 ,    1.498 ,    0.000 ,       10 , 	)
  12 	 (   3 ,  438.111 ,  524.000 ,        0 ,  502.871 ,  504.369 ,    0.000 ,  504.369 ,  507.369 ,   41.000 ,    0.000 ,    1.498 ,    1.784 ,       11 , 	)
  16 	 (   0 ,  498.000 ,  738.000 ,        0 ,  511.133 ,  512.632 ,    0.000 ,  512.632 ,  515.632 ,   12.502 ,    8.498 ,    1.498 ,   -5.632 ,       12 , 	)
   7 	 (   3 ,  780.000 ,  960.000 ,        0 ,  518.350 ,  519.849 ,  260.151 ,  780.000 ,  783.000 ,    0.000 ,  180.000 ,    0.000 ,    6.056 ,       13 , 	)
  17 	 (   0 ,  792.958 ,  990.000 ,        0 ,  792.958 ,  792.958 ,    0.000 ,  792.958 ,  795.958 ,    9.958 ,   17.042 ,    0.000 ,    9.576 ,       14 , 	)
  21 	 (   0 ,    0.000 , 1440.000 ,        0 ,  802.214 ,  802.214 ,    0.000 ,  802.214 ,  802.214 ,    0.000 ,  637.786 ,    0.000 ,    0.000 ,       15 , 	)
