7
	VALUE ALL : ( Cost : 2456.133 , TRT : 2392.095 , TWT : 333.378 , TD : 3546.209 )
	VIOLATIONS TOTAL : ( VC :       0 , VTW :   0.000 , VTD :   0.000 , VTRT :   0.000 )
 	COUT_ALL : (   0.002 )  T2B:   48601

	16 sommets 
	values : ( Cost : 344.455 , TRT : 286.989 , TWT :   0.000 , TD : 404.196 )
	violations : ( VC :       0 , VTW :   0.000 , VTD :   0.000 , VTRT :   0.000 )
	cout global : (   0.000	 )
S(i)	 (   C ,     TW0 ,       TW1 ,       VTW ,       Min ,       A ,       W ,       B ,       D ,       L ,       F ,       E ,       Det ,       [Imp ,       Imp]	)
   0 	 (   0 ,    0.000 , 1440.000 ,        0 ,    0.000 ,  242.779 ,    0.000 ,  242.779 ,  242.779 ,    0.000 ,   32.695 ,  242.779 ,    0.000 ,        0 , 	)
  11 	 (   1 ,  240.000 ,  480.000 ,        0 ,   23.189 ,  265.968 ,    0.000 ,  265.968 ,  266.968 ,    0.000 ,   32.695 ,   25.968 ,    0.353 ,        1 , 	)
  19 	 (   2 ,  240.000 ,  420.000 ,        0 ,  249.835 ,  275.803 ,    0.000 ,  275.803 ,  276.803 ,    0.000 ,   32.695 ,   25.968 ,    0.752 ,        2 , 	)
  46 	 (   3 ,  240.000 ,  420.000 ,        0 ,  259.035 ,  285.003 ,    0.000 ,  285.003 ,  286.003 ,    0.000 ,   22.026 ,   25.968 ,    1.587 ,        3 , 	)
  64 	 (   2 ,  299.000 ,  539.000 ,        0 ,  273.032 ,  299.000 ,    0.000 ,  299.000 ,  300.000 ,   32.032 ,   17.383 ,    0.000 ,   19.853 ,        4 , 	)
  72 	 (   1 ,  304.000 ,  484.000 ,        0 ,  339.777 ,  339.777 ,    0.000 ,  339.777 ,  340.777 ,   62.974 ,   17.383 ,    0.000 ,    9.505 ,        5 , 	)
  99 	 (   0 ,  270.259 ,  499.000 ,        0 ,  346.620 ,  346.620 ,    0.000 ,  346.620 ,  347.620 ,   60.617 ,   17.383 ,    0.000 ,    0.174 ,        6 , 	)
   4 	 (   3 ,  248.000 ,  419.532 ,        0 ,  356.227 ,  356.227 ,    0.000 ,  356.227 ,  359.227 ,    0.000 ,   32.695 ,    0.000 ,    0.150 ,        7 , 	)
   8 	 (   6 ,  240.000 ,  420.000 ,        0 ,  371.937 ,  371.937 ,    0.000 ,  371.937 ,  374.937 ,    0.000 ,   27.652 ,    0.000 ,   19.370 ,        8 , 	)
  49 	 (   8 ,  240.000 ,  480.000 ,        0 ,  401.695 ,  401.695 ,    0.000 ,  401.695 ,  403.695 ,    0.000 ,   27.652 ,    0.000 ,    0.820 ,        9 , 	)
  57 	 (   5 ,  333.000 ,  453.000 ,        0 ,  413.575 ,  413.575 ,    0.000 ,  413.575 ,  416.575 ,   54.348 ,   27.652 ,    0.000 ,    0.268 ,       10 , 	)
  61 	 (   2 ,  336.000 ,  516.000 ,        0 ,  431.293 ,  431.293 ,    0.000 ,  431.293 ,  434.293 ,   56.356 ,   32.695 ,    0.000 ,   10.444 ,       11 , 	)
  52 	 (   5 ,  240.000 ,  480.000 ,        0 ,  447.305 ,  447.305 ,    0.000 ,  447.305 ,  450.305 ,    0.000 ,   32.695 ,    0.000 ,    0.000 ,       12 , 	)
 105 	 (   2 ,  297.000 ,  537.000 ,        0 ,  477.702 ,  477.702 ,    0.000 ,  477.702 ,  480.702 ,   27.398 ,   45.602 ,    0.000 ,    4.664 ,       13 , 	)
 102 	 (   0 ,  406.000 ,  586.000 ,        0 ,  514.167 ,  514.167 ,    0.000 ,  514.167 ,  516.167 ,  110.471 ,   71.833 ,    0.000 ,   26.401 ,       14 , 	)
 107 	 (   0 ,    0.000 , 1440.000 ,        0 ,  529.768 ,  529.768 ,    0.000 ,  529.768 ,  529.768 ,    0.000 ,  910.232 ,    0.000 ,    0.000 ,       15 , 	)

	12 sommets 
	values : ( Cost : 257.553 , TRT : 267.465 , TWT :  55.817 , TD : 301.562 )
	violations : ( VC :       0 , VTW :   0.000 , VTD :   0.000 , VTRT :   0.000 )
	cout global : (   0.000	 )
S(i)	 (   C ,     TW0 ,       TW1 ,       VTW ,       Min ,       A ,       W ,       B ,       D ,       L ,       F ,       E ,       Det ,       [Imp ,       Imp]	)
   0 	 (   0 ,    0.000 , 1440.000 ,        0 ,    0.000 ,  841.456 ,    0.000 ,  841.456 ,  841.456 ,    0.000 ,    0.000 ,  841.456 ,    0.000 ,        0 , 	)
  29 	 (   2 ,  780.000 ,  960.000 ,        0 ,   12.520 ,  853.977 ,    0.000 ,  853.977 ,  855.977 ,    0.000 ,    0.000 ,   73.977 ,   15.296 ,        1 , 	)
  36 	 (   5 ,  840.000 ,  900.000 ,        0 ,  790.258 ,  864.235 ,    0.000 ,  864.235 ,  867.235 ,    0.000 ,    0.000 ,   24.235 ,    0.601 ,        2 , 	)
  14 	 (   7 ,  720.000 ,  900.000 ,        0 ,  863.006 ,  887.241 ,    0.000 ,  887.241 ,  889.241 ,    0.000 ,    0.000 ,   24.235 ,    1.092 ,        3 , 	)
   6 	 (   8 ,  720.000 ,  900.000 ,        0 ,  875.765 ,  900.000 ,    0.000 ,  900.000 ,  901.000 ,    0.000 ,    0.000 ,   24.235 ,   13.246 ,        4 , 	)
  89 	 (   5 ,  881.000 ,  995.000 ,        0 ,  899.996 ,  924.231 ,    0.000 ,  924.231 ,  927.231 ,   56.996 ,   11.647 ,   24.235 ,    1.523 ,        5 , 	)
  59 	 (   4 ,  781.000 ,  961.000 ,        0 ,  911.581 ,  935.816 ,    0.000 ,  935.816 ,  936.816 ,   34.816 ,   11.647 ,   24.235 ,    5.246 ,        6 , 	)
  67 	 (   2 ,  776.000 , 1015.000 ,        0 ,  929.220 ,  953.454 ,    0.000 ,  953.454 ,  955.454 ,   64.214 ,   11.647 ,   24.235 ,    0.123 ,        7 , 	)
  82 	 (   0 ,  843.000 , 1083.000 ,        0 ,  943.095 ,  967.330 ,    0.000 ,  967.330 ,  969.330 ,  111.353 ,   11.647 ,   24.235 ,    7.356 ,        8 , 	)
  15 	 (   1 , 1020.000 , 1200.000 ,        0 ,  972.766 ,  997.001 ,   55.817 , 1052.817 , 1053.817 ,    0.000 ,  147.183 ,   32.817 ,   36.492 ,        9 , 	)
  68 	 (   0 , 1088.000 , 1268.000 ,        0 , 1055.183 , 1088.000 ,    0.000 , 1088.000 , 1089.000 ,   34.183 ,   56.817 ,    0.000 ,    0.438 ,       10 , 	)
 107 	 (   0 ,    0.000 , 1440.000 ,        0 , 1108.922 , 1108.922 ,    0.000 , 1108.922 , 1108.922 ,    0.000 ,  331.078 ,   -0.000 ,    0.000 ,       11 , 	)

	22 sommets 
	values : ( Cost : 412.955 , TRT : 415.356 , TWT :  54.864 , TD : 629.970 )
	violations : ( VC :       0 , VTW :   0.000 , VTD :   0.000 , VTRT :   0.000 )
	cout global : (   0.000	 )
S(i)	 (   C ,     TW0 ,       TW1 ,       VTW ,       Min ,       A ,       W ,       B ,       D ,       L ,       F ,       E ,       Det ,       [Imp ,       Imp]	)
   0 	 (   0 ,    0.000 , 1440.000 ,        0 ,    0.000 ,  282.759 ,    0.000 ,  282.759 ,  282.759 ,    0.000 ,    0.000 ,  282.759 ,    0.000 ,        0 , 	)
  47 	 (   3 ,  240.000 ,  480.000 ,        0 ,   13.984 ,  296.744 ,    0.000 ,  296.744 ,  299.744 ,    0.000 ,    0.000 ,   56.744 ,   17.341 ,        1 , 	)
 100 	 (   0 ,  291.000 ,  531.000 ,        0 ,  267.064 ,  323.808 ,    0.000 ,  323.808 ,  326.808 ,   24.064 ,    0.000 ,   32.808 ,    5.108 ,        2 , 	)
  25 	 (   3 ,  240.000 ,  360.000 ,        0 ,  316.045 ,  348.853 ,    0.000 ,  348.853 ,  351.853 ,    0.000 ,    0.000 ,   32.808 ,    0.000 ,        3 , 	)
  35 	 (   5 ,  241.000 ,  480.000 ,        0 ,  319.045 ,  351.853 ,    0.000 ,  351.853 ,  353.853 ,    0.000 ,    0.000 ,   32.808 ,    0.000 ,        4 , 	)
   3 	 (   8 ,  240.000 ,  420.000 ,        0 ,  352.017 ,  384.825 ,    0.000 ,  384.825 ,  387.825 ,    0.000 ,    0.000 ,   32.808 ,    4.502 ,        5 , 	)
  78 	 (   5 ,  274.058 ,  446.000 ,        0 ,  359.605 ,  392.413 ,    0.000 ,  392.413 ,  395.413 ,   40.560 ,    0.000 ,   32.808 ,    2.082 ,        6 , 	)
  26 	 (   8 ,  294.000 ,  427.408 ,        0 ,  376.068 ,  408.875 ,    0.000 ,  408.875 ,  411.875 ,    0.000 ,    0.000 ,   32.808 ,   11.886 ,        7 , 	)
  88 	 (   6 ,  355.000 ,  535.000 ,        0 ,  390.480 ,  423.288 ,    0.000 ,  423.288 ,  425.288 ,   69.435 ,    0.000 ,   32.808 ,    5.965 ,        8 , 	)
  79 	 (   3 ,  323.000 ,  443.000 ,        0 ,  399.626 ,  432.433 ,    0.000 ,  432.433 ,  435.433 ,   20.558 ,    0.000 ,   32.808 ,    0.000 ,        9 , 	)
  20 	 (   6 ,  300.000 ,  480.000 ,        0 ,  402.626 ,  435.433 ,    0.000 ,  435.433 ,  438.433 ,    0.000 ,    0.000 ,   32.808 ,    0.000 ,       10 , 	)
  56 	 (   3 ,  273.435 ,  504.000 ,        0 ,  414.527 ,  447.335 ,    0.000 ,  447.335 ,  450.335 ,   59.510 ,    0.000 ,   32.808 ,   -0.009 ,       11 , 	)
   2 	 (   6 ,  240.000 ,  480.000 ,        0 ,  447.192 ,  480.000 ,    0.000 ,  480.000 ,  483.000 ,    0.000 ,    0.000 ,   32.808 ,   15.693 ,       12 , 	)
  55 	 (   3 ,  368.000 ,  548.000 ,        0 ,  478.968 ,  511.775 ,    0.000 ,  511.775 ,  514.775 ,   28.775 ,    7.245 ,   32.808 ,    2.192 ,       13 , 	)
  42 	 (   4 ,  518.000 ,  689.999 ,        0 ,  499.667 ,  532.474 ,    7.245 ,  539.720 ,  540.720 ,    0.000 ,    0.000 ,   21.720 ,    7.297 ,       14 , 	)
  39 	 (   5 ,  480.000 ,  660.000 ,        0 ,  522.846 ,  544.565 ,    0.000 ,  544.565 ,  545.565 ,    0.000 ,    0.000 ,   21.720 ,    5.141 ,       15 , 	)
  73 	 (   2 ,  360.000 ,  600.000 ,        0 ,  533.714 ,  555.433 ,    0.000 ,  555.433 ,  558.433 ,  117.000 ,    0.000 ,   21.720 ,   -1.777 ,       16 , 	)
  27 	 (   5 ,  578.000 ,  690.073 ,        0 ,  559.744 ,  581.464 ,   38.592 ,  620.056 ,  623.056 ,    0.000 ,    0.000 ,   42.056 ,    0.562 ,       17 , 	)
  95 	 (   4 ,  602.000 ,  722.000 ,        0 ,  581.664 ,  623.720 ,    0.000 ,  623.720 ,  624.720 ,   83.000 ,    0.000 ,   21.720 ,   -0.010 ,       18 , 	)
  80 	 (   1 ,  664.000 ,  724.000 ,        0 ,  633.253 ,  654.973 ,    9.027 ,  664.000 ,  667.000 ,   40.944 ,    0.877 ,    0.000 ,   32.069 ,       19 , 	)
  92 	 (   0 ,  578.000 ,  758.000 ,        0 ,  691.689 ,  691.689 ,    0.000 ,  691.689 ,  692.689 ,  146.123 ,    0.877 ,    0.000 ,    3.508 ,       20 , 	)
 107 	 (   0 ,    0.000 , 1440.000 ,        0 ,  698.116 ,  698.116 ,    0.000 ,  698.116 ,  698.116 ,    0.000 ,  741.884 ,    0.000 ,    0.000 ,       21 , 	)

	14 sommets 
	values : ( Cost : 290.329 , TRT : 234.292 , TWT :   0.000 , TD : 515.196 )
	violations : ( VC :       0 , VTW :   0.000 , VTD :   0.000 , VTRT :   0.000 )
	cout global : (   0.000	 )
S(i)	 (   C ,     TW0 ,       TW1 ,       VTW ,       Min ,       A ,       W ,       B ,       D ,       L ,       F ,       E ,       Det ,       [Imp ,       Imp]	)
   0 	 (   0 ,    0.000 , 1440.000 ,        0 ,    0.000 , 1016.620 ,    0.000 , 1016.620 , 1016.620 ,    0.000 ,   20.095 , 1016.620 ,    0.000 ,        0 , 	)
  53 	 (   1 ,  971.000 , 1196.607 ,        0 ,    9.266 , 1025.886 ,    0.000 , 1025.886 , 1026.886 ,    0.000 ,   20.095 ,   54.886 ,   18.336 ,        1 , 	)
  13 	 (   2 , 1020.000 , 1200.000 ,        0 ,  993.126 , 1048.012 ,    0.000 , 1048.012 , 1049.012 ,    0.000 ,    0.707 ,   28.012 ,    3.786 ,        2 , 	)
  10 	 (   4 , 1020.000 , 1200.000 ,        0 , 1036.673 , 1064.685 ,    0.000 , 1064.685 , 1066.685 ,    0.000 ,    0.707 ,   28.012 ,   19.888 ,        3 , 	)
  41 	 (   5 , 1080.000 , 1200.000 ,        0 , 1051.988 , 1080.000 ,    0.000 , 1080.000 , 1081.000 ,    0.000 ,    0.707 ,    0.000 ,   -0.991 ,        4 , 	)
 106 	 (   4 , 1045.000 , 1225.000 ,        0 , 1099.179 , 1099.179 ,    0.000 , 1099.179 , 1100.179 ,   72.293 ,    0.707 ,    0.000 ,    0.496 ,        5 , 	)
  66 	 (   3 , 1054.000 , 1286.000 ,        0 , 1112.130 , 1112.130 ,    0.000 , 1112.130 , 1113.130 ,   63.118 ,   20.095 ,   -0.000 ,    0.000 ,        6 , 	)
   7 	 (   4 ,  960.000 , 1140.000 ,        0 , 1119.905 , 1119.905 ,    0.000 , 1119.905 , 1120.905 ,    0.000 ,   20.095 ,   -0.000 ,    7.398 ,        7 , 	)
  32 	 (   6 ,  984.000 , 1190.950 ,        0 , 1139.799 , 1139.799 ,    0.000 , 1139.799 , 1141.799 ,    0.000 ,   23.209 ,   -0.000 ,   24.136 ,        8 , 	)
  63 	 (   4 , 1122.000 , 1362.000 ,        0 , 1187.917 , 1187.917 ,    0.000 , 1187.917 , 1189.917 ,  121.232 ,   23.209 ,   -0.000 ,    0.000 ,        9 , 	)
  94 	 (   3 , 1137.959 , 1353.000 ,        0 , 1189.917 , 1189.917 ,    0.000 , 1189.917 , 1190.917 ,  108.917 ,   23.209 ,   -0.000 ,    0.000 ,       10 , 	)
  60 	 (   2 , 1005.000 , 1241.000 ,        0 , 1197.695 , 1197.695 ,    0.000 , 1197.695 , 1198.695 ,   76.791 ,   23.209 ,   -0.000 ,   -0.286 ,       11 , 	)
  85 	 (   0 , 1125.000 , 1245.000 ,        0 , 1214.644 , 1214.644 ,    0.000 , 1214.644 , 1216.644 ,   72.846 ,   30.356 ,   -0.000 ,   14.992 ,       12 , 	)
 107 	 (   0 ,    0.000 , 1440.000 ,        0 , 1250.912 , 1250.912 ,    0.000 , 1250.912 , 1250.912 ,    0.000 ,  189.088 ,   -0.000 ,    0.000 ,       13 , 	)

	18 sommets 
	values : ( Cost : 392.269 , TRT : 477.858 , TWT : 158.919 , TD : 621.724 )
	violations : ( VC :       0 , VTW :   0.000 , VTD :   0.000 , VTRT :   0.000 )
	cout global : (   0.000	 )
S(i)	 (   C ,     TW0 ,       TW1 ,       VTW ,       Min ,       A ,       W ,       B ,       D ,       L ,       F ,       E ,       Det ,       [Imp ,       Imp]	)
   0 	 (   0 ,    0.000 , 1440.000 ,        0 ,    0.000 ,  402.541 ,    0.000 ,  402.541 ,  402.541 ,    0.000 ,    0.000 ,  402.541 ,    0.000 ,        0 , 	)
  38 	 (   1 ,  300.000 ,  480.000 ,        0 ,   21.925 ,  424.465 ,    0.000 ,  424.465 ,  425.465 ,    0.000 ,    0.000 ,  124.465 ,   21.128 ,        1 , 	)
  18 	 (   2 ,  360.000 ,  480.000 ,        0 ,  312.259 ,  436.725 ,    0.000 ,  436.725 ,  437.725 ,    0.000 ,    0.000 ,   76.725 ,    0.000 ,        2 , 	)
  91 	 (   1 ,  318.453 ,  528.000 ,        0 ,  367.193 ,  443.918 ,    0.000 ,  443.918 ,  444.918 ,   18.453 ,    0.000 ,   76.725 ,    0.000 ,        3 , 	)
   5 	 (   2 ,  240.000 ,  480.000 ,        0 ,  368.193 ,  444.918 ,    0.000 ,  444.918 ,  445.918 ,    0.000 ,    0.000 ,   76.725 ,    0.000 ,        4 , 	)
  31 	 (   5 ,  240.000 ,  480.000 ,        0 ,  402.995 ,  479.720 ,    0.000 ,  479.720 ,  482.720 ,    0.000 ,    0.000 ,   76.725 ,   21.405 ,        5 , 	)
  51 	 (   8 ,  480.000 ,  660.000 ,        0 ,  429.759 ,  506.483 ,    0.000 ,  506.483 ,  509.483 ,    0.000 ,    0.000 ,   26.483 ,    2.624 ,        6 , 	)
  84 	 (   5 ,  399.000 ,  639.000 ,        0 ,  540.177 ,  566.661 ,    0.000 ,  566.661 ,  569.661 ,   83.941 ,    0.000 ,   26.483 ,    0.000 ,        7 , 	)
 104 	 (   2 ,  567.000 ,  807.000 ,        0 ,  543.177 ,  569.661 ,    0.000 ,  569.661 ,  572.661 ,   60.177 ,    0.000 ,    2.661 ,    0.000 ,        8 , 	)
  58 	 (   1 ,  427.000 ,  607.000 ,        0 ,  604.339 ,  607.000 ,    0.000 ,  607.000 ,  608.000 ,  161.082 ,    0.000 ,    2.661 ,    0.000 ,        9 , 	)
  71 	 (   0 ,  485.000 ,  665.000 ,        0 ,  605.339 ,  608.000 ,    0.000 ,  608.000 ,  609.000 ,  170.275 ,   36.725 ,    2.661 ,    0.000 ,       10 , 	)
  50 	 (   1 ,  780.000 ,  960.000 ,        0 ,  618.420 ,  621.081 ,  158.919 ,  780.000 ,  781.000 ,    0.000 ,  142.196 ,    0.000 ,   -0.847 ,       11 , 	)
   9 	 (   2 ,  720.000 ,  960.000 ,        0 ,  787.079 ,  787.079 ,    0.000 ,  787.079 ,  788.079 ,    0.000 ,   25.058 ,    0.000 ,    1.022 ,       12 , 	)
 103 	 (   1 ,  796.920 , 1004.000 ,        0 ,  798.942 ,  798.942 ,    0.000 ,  798.942 ,  799.942 ,   17.942 ,   25.058 ,    0.000 ,    3.392 ,       13 , 	)
  34 	 (   2 ,  722.000 ,  960.000 ,        0 ,  817.804 ,  817.804 ,    0.000 ,  817.804 ,  818.804 ,    0.000 ,   90.114 ,    0.000 ,    1.818 ,       14 , 	)
  62 	 (   1 ,  838.000 , 1078.000 ,        0 ,  854.965 ,  854.965 ,    0.000 ,  854.965 ,  855.965 ,   66.886 ,   65.032 ,    0.000 ,    1.391 ,       15 , 	)
  87 	 (   0 ,  831.000 , 1011.000 ,        0 ,  861.771 ,  861.771 ,    0.000 ,  861.771 ,  862.771 ,   42.968 ,   65.032 ,    0.000 ,    8.841 ,       16 , 	)
 107 	 (   0 ,    0.000 , 1440.000 ,        0 ,  880.399 ,  880.399 ,    0.000 ,  880.399 ,  880.399 ,    0.000 ,  559.601 ,    0.000 ,    0.000 ,       17 , 	)

	22 sommets 
	values : ( Cost : 455.033 , TRT : 435.766 , TWT :  55.636 , TD : 755.923 )
	violations : ( VC :       0 , VTW :   0.000 , VTD :   0.000 , VTRT :   0.000 )
	cout global : (   0.000	 )
S(i)	 (   C ,     TW0 ,       TW1 ,       VTW ,       Min ,       A ,       W ,       B ,       D ,       L ,       F ,       E ,       Det ,       [Imp ,       Imp]	)
   0 	 (   0 ,    0.000 , 1440.000 ,        0 ,    0.000 ,  575.153 ,    0.000 ,  575.153 ,  575.153 ,    0.000 ,    0.000 ,  575.153 ,    0.000 ,        0 , 	)
  45 	 (   1 ,  540.000 ,  720.000 ,        0 ,   25.069 ,  600.222 ,    0.000 ,  600.222 ,  601.222 ,    0.000 ,    0.000 ,   60.222 ,   32.497 ,        1 , 	)
  24 	 (   2 ,  480.000 ,  720.000 ,        0 ,  557.242 ,  617.464 ,    0.000 ,  617.464 ,  618.464 ,    0.000 ,    0.000 ,   60.222 ,   -0.000 ,        2 , 	)
  43 	 (   5 ,  482.000 ,  720.000 ,        0 ,  566.103 ,  626.325 ,    0.000 ,  626.325 ,  629.325 ,    0.000 ,    0.000 ,   60.222 ,    2.623 ,        3 , 	)
  22 	 (   7 ,  540.000 ,  660.000 ,        0 ,  599.778 ,  660.000 ,    0.000 ,  660.000 ,  662.000 ,    0.000 ,    0.000 ,   60.222 ,   11.563 ,        4 , 	)
  96 	 (   4 ,  655.000 ,  775.000 ,        0 ,  625.181 ,  685.403 ,    0.000 ,  685.403 ,  688.403 ,   56.078 ,    4.774 ,   30.403 ,    0.000 ,        5 , 	)
  98 	 (   3 ,  595.000 ,  823.000 ,        0 ,  668.044 ,  698.447 ,    0.000 ,  698.447 ,  699.447 ,   97.226 ,    4.774 ,   30.403 ,    1.430 ,        6 , 	)
  77 	 (   2 ,  574.000 ,  814.000 ,        0 ,  687.308 ,  717.711 ,    0.000 ,  717.711 ,  718.711 ,   99.247 ,   23.289 ,   30.403 ,    0.000 ,        7 , 	)
  75 	 (   0 ,  581.802 ,  742.000 ,        0 ,  688.308 ,  718.711 ,    0.000 ,  718.711 ,  720.711 ,   56.711 ,   23.289 ,   30.403 ,    0.000 ,        8 , 	)
  48 	 (   1 ,  780.000 ,  960.000 ,        0 ,  693.961 ,  724.364 ,   55.636 ,  780.000 ,  781.000 ,    0.000 ,   18.453 ,    0.000 ,    0.048 ,        9 , 	)
  21 	 (   3 ,  780.000 ,  960.000 ,        0 ,  800.035 ,  800.035 ,    0.000 ,  800.035 ,  802.035 ,    0.000 ,   18.453 ,    0.000 ,   12.154 ,       10 , 	)
  37 	 (   6 ,  720.000 ,  900.000 ,        0 ,  821.262 ,  821.262 ,    0.000 ,  821.262 ,  824.262 ,    0.000 ,   18.453 ,    0.000 ,    0.612 ,       11 , 	)
  74 	 (   4 ,  806.459 , 1028.000 ,        0 ,  830.105 ,  830.105 ,    0.000 ,  830.105 ,  832.105 ,   28.071 ,   18.453 ,    0.000 ,    5.734 ,       12 , 	)
  17 	 (   8 ,  720.000 ,  960.000 ,        0 ,  856.083 ,  856.083 ,    0.000 ,  856.083 ,  860.083 ,    0.000 ,   18.453 ,    0.000 ,   16.214 ,       13 , 	)
 101 	 (   7 ,  847.000 , 1087.000 ,        0 ,  890.488 ,  890.488 ,    0.000 ,  890.488 ,  891.488 ,  109.488 ,   15.655 ,    0.000 ,   20.969 ,       14 , 	)
  40 	 (   8 ,  720.000 ,  960.000 ,        0 ,  909.538 ,  909.538 ,    0.000 ,  909.538 ,  910.538 ,    0.000 ,   15.655 ,    0.000 ,    1.407 ,       15 , 	)
  90 	 (   5 ,  823.000 , 1003.000 ,        0 ,  921.847 ,  921.847 ,    0.000 ,  921.847 ,  924.847 ,   97.584 ,   15.655 ,    0.000 ,    7.835 ,       16 , 	)
  30 	 (   6 ,  729.000 ,  959.787 ,        0 ,  929.582 ,  929.582 ,    0.000 ,  929.582 ,  930.582 ,    0.000 ,   15.655 ,    0.000 ,    7.365 ,       17 , 	)
  93 	 (   5 ,  796.000 , 1036.000 ,        0 ,  961.746 ,  961.746 ,    0.000 ,  961.746 ,  962.746 ,   51.208 ,   15.655 ,    0.000 ,   10.753 ,       18 , 	)
  83 	 (   4 ,  811.000 ,  991.000 ,        0 ,  972.547 ,  972.547 ,    0.000 ,  972.547 ,  973.547 ,   41.965 ,   15.655 ,    0.000 ,    7.206 ,       19 , 	)
  70 	 (   0 ,  823.000 , 1063.000 ,        0 ,  978.429 ,  978.429 ,    0.000 ,  978.429 ,  982.429 ,  118.345 ,   15.655 ,    0.000 ,   -0.014 ,       20 , 	)
 107 	 (   0 ,    0.000 , 1440.000 ,        0 , 1010.919 , 1010.919 ,    0.000 , 1010.919 , 1010.919 ,    0.000 ,  429.081 ,    0.000 ,    0.000 ,       21 , 	)

	16 sommets 
	values : ( Cost : 303.539 , TRT : 274.368 , TWT :   8.143 , TD : 317.638 )
	violations : ( VC :       0 , VTW :   0.000 , VTD :   0.000 , VTRT :   0.000 )
	cout global : (   0.000	 )
S(i)	 (   C ,     TW0 ,       TW1 ,       VTW ,       Min ,       A ,       W ,       B ,       D ,       L ,       F ,       E ,       Det ,       [Imp ,       Imp]	)
   0 	 (   0 ,    0.000 , 1440.000 ,        0 ,    0.000 ,  647.944 ,    0.000 ,  647.944 ,  647.944 ,    0.000 ,    0.000 ,  647.944 ,    0.000 ,        0 , 	)
  23 	 (   3 ,  480.000 ,  660.000 ,        0 ,   12.056 ,  660.000 ,    0.000 ,  660.000 ,  663.000 ,    0.000 ,    0.000 ,  180.000 ,    1.391 ,        1 , 	)
  28 	 (   5 ,  528.000 ,  681.006 ,        0 ,  494.259 ,  674.259 ,    6.747 ,  681.006 ,  683.006 ,    0.000 ,    0.000 ,  153.006 ,   21.127 ,        2 , 	)
  81 	 (   3 ,  654.000 ,  714.000 ,        0 ,  560.994 ,  714.000 ,    0.000 ,  714.000 ,  716.000 ,   30.994 ,    0.000 ,   60.000 ,    2.285 ,        3 , 	)
  16 	 (   6 ,  720.000 ,  960.000 ,        0 ,  680.320 ,  740.320 ,    1.396 ,  741.717 ,  744.717 ,    0.000 ,   27.461 ,   21.717 ,   10.489 ,        4 , 	)
  69 	 (   3 ,  753.000 ,  993.000 ,        0 ,  738.710 ,  760.426 ,    0.000 ,  760.426 ,  763.426 ,   15.710 ,   26.290 ,    7.426 ,    1.738 ,        5 , 	)
  76 	 (   0 ,  556.000 ,  796.000 ,        0 ,  761.113 ,  768.539 ,    0.000 ,  768.539 ,  771.539 ,  105.539 ,   27.461 ,    7.426 ,    0.001 ,        6 , 	)
  33 	 (   2 ,  720.000 ,  900.000 ,        0 ,  775.487 ,  782.914 ,    0.000 ,  782.914 ,  784.914 ,    0.000 ,   62.017 ,    7.426 ,    6.730 ,        7 , 	)
  12 	 (   6 ,  780.000 ,  960.000 ,        0 ,  787.957 ,  795.383 ,    0.000 ,  795.383 ,  799.383 ,    0.000 ,   39.030 ,    7.426 ,    5.711 ,        8 , 	)
  86 	 (   4 ,  751.259 ,  980.000 ,        0 ,  816.457 ,  823.883 ,    0.000 ,  823.883 ,  825.883 ,   38.970 ,   39.030 ,    7.426 ,    0.841 ,        9 , 	)
   1 	 (   8 ,  780.000 ,  960.000 ,        0 ,  825.228 ,  832.654 ,    0.000 ,  832.654 ,  836.654 ,    0.000 ,   43.383 ,    7.426 ,    7.705 ,       10 , 	)
  65 	 (   4 ,  865.000 , 1045.000 ,        0 ,  857.574 ,  865.000 ,    0.000 ,  865.000 ,  869.000 ,   65.617 ,   31.037 ,    0.000 ,   12.045 ,       11 , 	)
  54 	 (   0 ,  839.000 , 1019.000 ,        0 ,  880.617 ,  880.617 ,    0.000 ,  880.617 ,  884.617 ,   43.963 ,   31.037 ,    0.000 ,   -1.402 ,       12 , 	)
  44 	 (   1 ,  720.000 ,  960.000 ,        0 ,  897.983 ,  897.983 ,    0.000 ,  897.983 ,  898.983 ,    0.000 ,   62.017 ,    0.000 ,   -4.038 ,       13 , 	)
  97 	 (   0 ,  754.000 ,  994.000 ,        0 ,  915.829 ,  915.829 ,    0.000 ,  915.829 ,  916.829 ,   16.846 ,   28.154 ,    0.000 ,    9.500 ,       14 , 	)
 107 	 (   0 ,    0.000 , 1440.000 ,        0 ,  922.311 ,  922.311 ,    0.000 ,  922.311 ,  922.311 ,    0.000 ,  517.689 ,    0.000 ,    0.000 ,       15 , 	)
