7
	VALUE ALL : ( Cost : 2714.312 , TRT : 2614.716 , TWT : 339.880 , TD : 3599.366 )
	VIOLATIONS TOTAL : ( VC :       0 , VTW :   0.000 , VTD :   0.000 , VTRT :   0.000 )
 	COUT_ALL : (   0.002 )  T2B:   52201

	12 sommets 
	values : ( Cost : 312.326 , TRT : 330.008 , TWT :  67.177 , TD : 268.181 )
	violations : ( VC :       0 , VTW :   0.000 , VTD :   0.000 , VTRT :   0.000 )
	cout global : (   0.000	 )
S(i)	 (   C ,     TW0 ,       TW1 ,       VTW ,       Min ,       A ,       W ,       B ,       D ,       L ,       F ,       E ,       Det ,       [Imp ,       Imp]	)
   0 	 (   0 ,    0.000 , 1440.000 ,        0 ,    0.000 ,  394.886 ,    0.000 ,  394.886 ,  394.886 ,    0.000 ,    0.000 ,  394.886 ,    0.000 ,        0 , 	)
  15 	 (   3 ,  240.000 ,  480.000 ,        0 ,   18.637 ,  413.523 ,    0.000 ,  413.523 ,  416.523 ,    0.000 ,    0.000 ,  173.523 ,   14.931 ,        1 , 	)
  69 	 (   0 ,  300.000 ,  540.000 ,        0 ,  271.718 ,  445.241 ,    0.000 ,  445.241 ,  448.241 ,   28.718 ,    0.000 ,  145.241 ,  -12.841 ,        2 , 	)
  53 	 (   4 ,  240.000 ,  480.000 ,        0 ,  334.759 ,  480.000 ,    0.000 ,  480.000 ,  484.000 ,    0.000 ,    0.000 ,  145.241 ,   10.884 ,        3 , 	)
 107 	 (   0 ,  303.000 ,  543.000 ,        0 ,  368.778 ,  514.019 ,    0.000 ,  514.019 ,  518.019 ,   30.019 ,   28.981 ,  145.241 ,   14.875 ,        4 , 	)
   7 	 (   3 ,  541.000 ,  720.000 ,        0 ,  384.872 ,  530.113 ,   67.177 ,  597.289 ,  600.289 ,    0.000 ,   39.888 ,   56.289 ,    0.000 ,        5 , 	)
  33 	 (   6 ,  540.000 ,  660.000 ,        0 ,  544.000 ,  600.289 ,    0.000 ,  600.289 ,  603.289 ,    0.000 ,   39.888 ,   56.289 ,    0.000 ,        6 , 	)
  30 	 (   7 ,  480.000 ,  660.000 ,        0 ,  563.823 ,  620.112 ,    0.000 ,  620.112 ,  621.112 ,    0.000 ,   39.888 ,   56.289 ,    9.782 ,        7 , 	)
  61 	 (   4 ,  656.000 ,  776.000 ,        0 ,  599.711 ,  656.000 ,    0.000 ,  656.000 ,  659.000 ,   55.711 ,   56.289 ,    0.000 ,    2.432 ,        8 , 	)
  84 	 (   3 ,  536.000 ,  776.000 ,        0 ,  669.735 ,  669.735 ,    0.000 ,  669.735 ,  670.735 ,   48.623 ,   66.377 ,    0.000 ,    4.311 ,        9 , 	)
  87 	 (   0 ,  693.000 ,  873.000 ,        0 ,  708.401 ,  708.401 ,    0.000 ,  708.401 ,  711.401 ,  105.111 ,  136.889 ,    0.000 ,    9.068 ,       10 , 	)
 109 	 (   0 ,    0.000 , 1440.000 ,        0 ,  724.894 ,  724.894 ,    0.000 ,  724.894 ,  724.894 ,    0.000 ,  715.106 ,    0.000 ,    0.000 ,       11 , 	)

	18 sommets 
	values : ( Cost : 382.615 , TRT : 323.680 , TWT :   0.000 , TD : 504.800 )
	violations : ( VC :       0 , VTW :   0.000 , VTD :   0.000 , VTRT :   0.000 )
	cout global : (   0.000	 )
S(i)	 (   C ,     TW0 ,       TW1 ,       VTW ,       Min ,       A ,       W ,       B ,       D ,       L ,       F ,       E ,       Det ,       [Imp ,       Imp]	)
   0 	 (   0 ,    0.000 , 1440.000 ,        0 ,    0.000 ,  691.674 ,    0.000 ,  691.674 ,  691.674 ,    0.000 ,   16.010 ,  691.674 ,    0.000 ,        0 , 	)
  19 	 (   4 ,  720.000 ,  840.000 ,        0 ,   28.326 ,  720.000 ,    0.000 ,  720.000 ,  724.000 ,    0.000 ,   16.010 ,    0.000 ,   -0.432 ,        1 , 	)
  46 	 (   7 ,  720.000 ,  960.000 ,        0 ,  751.383 ,  751.383 ,    0.000 ,  751.383 ,  754.383 ,    0.000 ,   16.010 ,    0.000 ,   26.695 ,        2 , 	)
   6 	 (   8 ,  720.000 ,  960.000 ,        0 ,  780.902 ,  780.902 ,    0.000 ,  780.902 ,  781.902 ,    0.000 ,   16.010 ,    0.000 ,    2.402 ,        3 , 	)
  73 	 (   4 ,  757.000 ,  929.000 ,        0 ,  787.959 ,  787.959 ,    0.000 ,  787.959 ,  791.959 ,   63.959 ,   16.010 ,    0.000 ,    1.523 ,        4 , 	)
  16 	 (   5 ,  780.000 ,  840.000 ,        0 ,  823.990 ,  823.990 ,    0.000 ,  823.990 ,  824.990 ,    0.000 ,   16.010 ,    0.000 ,    7.152 ,        5 , 	)
  54 	 (   6 ,  720.000 ,  900.000 ,        0 ,  836.644 ,  836.644 ,    0.000 ,  836.644 ,  837.644 ,    0.000 ,   24.347 ,    0.000 ,    0.000 ,        6 , 	)
  60 	 (   5 ,  796.000 , 1036.000 ,        0 ,  837.644 ,  837.644 ,    0.000 ,  837.644 ,  838.644 ,   55.742 ,   16.499 ,    0.000 ,    0.000 ,        7 , 	)
 108 	 (   4 ,  731.501 ,  929.000 ,        0 ,  849.144 ,  849.144 ,    0.000 ,  849.144 ,  850.144 ,   11.501 ,   16.499 ,    0.000 ,   15.350 ,        8 , 	)
 100 	 (   1 ,  827.000 , 1067.000 ,        0 ,  864.885 ,  864.885 ,    0.000 ,  864.885 ,  867.885 ,  110.502 ,   24.347 ,    0.000 ,    1.512 ,        9 , 	)
   2 	 (   4 ,  720.000 ,  960.000 ,        0 ,  876.826 ,  876.826 ,    0.000 ,  876.826 ,  879.826 ,    0.000 ,   24.347 ,    0.000 ,    0.000 ,       10 , 	)
  31 	 (   8 ,  720.000 ,  960.000 ,        0 ,  879.826 ,  879.826 ,    0.000 ,  879.826 ,  883.826 ,    0.000 ,   24.347 ,    0.000 ,    0.000 ,       11 , 	)
  70 	 (   7 ,  817.336 ,  938.000 ,        0 ,  897.644 ,  897.644 ,    0.000 ,  897.644 ,  898.644 ,   72.653 ,    9.159 ,    0.000 ,    1.453 ,       12 , 	)
  10 	 (   8 ,  720.000 ,  960.000 ,        0 ,  919.581 ,  919.581 ,    0.000 ,  919.581 ,  920.581 ,    0.000 ,    9.159 ,    0.000 ,   25.505 ,       13 , 	)
  64 	 (   7 ,  774.000 , 1014.000 ,        0 ,  947.454 ,  947.454 ,    0.000 ,  947.454 ,  948.454 ,   26.873 ,    9.159 ,    0.000 ,    5.589 ,       14 , 	)
  85 	 (   3 ,  783.000 , 1023.000 ,        0 ,  954.667 ,  954.667 ,    0.000 ,  954.667 ,  958.667 ,   70.841 ,    9.159 ,    0.000 ,    3.403 ,       15 , 	)
  56 	 (   0 ,  852.000 , 1032.000 ,        0 ,  972.556 ,  972.556 ,    0.000 ,  972.556 ,  975.556 ,   92.729 ,   40.271 ,    0.000 ,   -0.461 ,       16 , 	)
 109 	 (   0 ,    0.000 , 1440.000 ,        0 , 1015.355 , 1015.355 ,    0.000 , 1015.355 , 1015.355 ,    0.000 ,  424.645 ,    0.000 ,    0.000 ,       17 , 	)

	12 sommets 
	values : ( Cost : 323.363 , TRT : 273.536 , TWT :   8.406 , TD : 256.353 )
	violations : ( VC :       0 , VTW :   0.000 , VTD :   0.000 , VTRT :   0.000 )
	cout global : (   0.000	 )
S(i)	 (   C ,     TW0 ,       TW1 ,       VTW ,       Min ,       A ,       W ,       B ,       D ,       L ,       F ,       E ,       Det ,       [Imp ,       Imp]	)
   0 	 (   0 ,    0.000 , 1440.000 ,        0 ,    0.000 ,  930.149 ,    0.000 ,  930.149 ,  930.149 ,    0.000 ,    0.000 ,  930.149 ,    0.000 ,        0 , 	)
  17 	 (   1 ,  720.000 ,  960.000 ,        0 ,   29.851 ,  960.000 ,    0.000 ,  960.000 ,  961.000 ,    0.000 ,    0.000 ,  240.000 ,   16.121 ,        1 , 	)
  71 	 (   0 ,  760.000 , 1000.000 ,        0 ,  740.825 ,  980.825 ,    0.000 ,  980.825 ,  981.825 ,   19.825 ,   19.175 ,  220.825 ,    1.354 ,        2 , 	)
  51 	 (   2 ,  960.000 , 1140.000 ,        0 ,  766.204 ,  987.029 ,    8.406 ,  995.435 ,  997.435 ,    0.000 ,   60.000 ,   35.435 ,    4.395 ,        3 , 	)
 105 	 (   0 , 1013.000 , 1251.000 ,        0 , 1002.875 , 1038.310 ,    0.000 , 1038.310 , 1040.310 ,   40.875 ,   60.000 ,   25.310 ,    4.997 ,        4 , 	)
  12 	 (   1 , 1004.000 , 1164.526 ,        0 , 1034.700 , 1060.010 ,    0.000 , 1060.010 , 1061.010 ,    0.000 ,   60.000 ,   25.310 ,   26.302 ,        5 , 	)
  50 	 (   4 ,  960.000 , 1140.000 ,        0 , 1052.659 , 1077.969 ,    0.000 , 1077.969 , 1080.969 ,    0.000 ,   56.010 ,   25.310 ,    1.192 ,        6 , 	)
  26 	 (   8 ,  972.000 , 1200.000 ,        0 , 1061.632 , 1086.941 ,    0.000 , 1086.941 , 1090.941 ,    0.000 ,   49.128 ,   25.310 ,    0.269 ,        7 , 	)
 104 	 (   5 ,  996.000 , 1228.000 ,        0 , 1091.532 , 1116.841 ,    0.000 , 1116.841 , 1119.841 ,   35.872 ,   20.210 ,   25.310 ,   23.189 ,        8 , 	)
  66 	 (   4 , 1139.000 , 1199.000 ,        0 , 1113.690 , 1139.000 ,    0.000 , 1139.000 , 1140.000 ,   77.990 ,   20.210 ,    0.000 ,   -1.731 ,        9 , 	)
  80 	 (   0 , 1078.000 , 1258.000 ,        0 , 1172.732 , 1172.732 ,    0.000 , 1172.732 , 1176.732 ,   81.790 ,   20.210 ,   -0.000 ,   17.177 ,       10 , 	)
 109 	 (   0 ,    0.000 , 1440.000 ,        0 , 1203.685 , 1203.685 ,    0.000 , 1203.685 , 1203.685 ,    0.000 ,  236.315 ,   -0.000 ,    0.000 ,       11 , 	)

	22 sommets 
	values : ( Cost : 467.762 , TRT : 469.383 , TWT :  73.682 , TD : 619.110 )
	violations : ( VC :       0 , VTW :   0.000 , VTD :   0.000 , VTRT :   0.000 )
	cout global : (   0.000	 )
S(i)	 (   C ,     TW0 ,       TW1 ,       VTW ,       Min ,       A ,       W ,       B ,       D ,       L ,       F ,       E ,       Det ,       [Imp ,       Imp]	)
   0 	 (   0 ,    0.000 , 1440.000 ,        0 ,    0.000 ,  200.724 ,    0.000 ,  200.724 ,  200.724 ,    0.000 ,    0.000 ,  200.724 ,    0.000 ,        0 , 	)
  32 	 (   1 ,  244.000 ,  480.000 ,        0 ,   45.908 ,  246.632 ,    0.000 ,  246.632 ,  247.632 ,    0.000 ,    0.000 ,    2.632 ,    7.782 ,        1 , 	)
  21 	 (   5 ,  240.000 ,  480.000 ,        0 ,  257.971 ,  260.603 ,    0.000 ,  260.603 ,  264.603 ,    0.000 ,    0.000 ,    2.632 ,    0.000 ,        2 , 	)
  47 	 (   8 ,  240.000 ,  480.000 ,        0 ,  261.971 ,  264.603 ,    0.000 ,  264.603 ,  267.603 ,    0.000 ,    0.000 ,    2.632 ,    0.000 ,        3 , 	)
 101 	 (   5 ,  288.000 ,  528.000 ,        0 ,  287.777 ,  290.409 ,    0.000 ,  290.409 ,  293.409 ,   22.806 ,    0.000 ,    2.409 ,   39.129 ,        4 , 	)
  75 	 (   1 ,  305.000 ,  545.000 ,        0 ,  338.206 ,  340.615 ,    0.000 ,  340.615 ,  344.615 ,   76.012 ,    0.000 ,    2.409 ,    0.000 ,        5 , 	)
  86 	 (   0 ,  344.000 ,  524.000 ,        0 ,  342.206 ,  344.615 ,    0.000 ,  344.615 ,  345.615 ,   96.983 ,    0.000 ,    0.615 ,    0.000 ,        6 , 	)
  37 	 (   4 ,  240.000 ,  480.000 ,        0 ,  345.000 ,  345.615 ,    0.000 ,  345.615 ,  349.615 ,    0.000 ,    0.000 ,    0.615 ,    0.000 ,        7 , 	)
   4 	 (   8 ,  240.000 ,  420.000 ,        0 ,  361.335 ,  361.950 ,    0.000 ,  361.950 ,  365.950 ,    0.000 ,    0.000 ,    0.615 ,   -0.080 ,        8 , 	)
  58 	 (   4 ,  256.214 ,  449.000 ,        0 ,  377.550 ,  378.165 ,    0.000 ,  378.165 ,  382.165 ,   12.214 ,    0.000 ,    0.615 ,    7.526 ,        9 , 	)
   8 	 (   5 ,  300.000 ,  480.000 ,        0 ,  393.132 ,  393.747 ,    0.000 ,  393.747 ,  394.747 ,    0.000 ,    0.000 ,    0.615 ,    0.959 ,       10 , 	)
  62 	 (   4 ,  313.056 ,  514.000 ,        0 ,  406.188 ,  406.803 ,    0.000 ,  406.803 ,  407.803 ,   12.056 ,    0.000 ,    0.615 ,   11.574 ,       11 , 	)
   3 	 (   5 ,  240.000 ,  480.000 ,        0 ,  417.527 ,  418.142 ,    0.000 ,  418.142 ,  419.142 ,    0.000 ,    0.000 ,    0.615 ,    7.326 ,       12 , 	)
  91 	 (   1 ,  332.000 ,  572.000 ,        0 ,  445.608 ,  446.223 ,    0.000 ,  446.223 ,  450.223 ,   96.608 ,    0.000 ,    0.615 ,   13.717 ,       13 , 	)
  34 	 (   2 ,  309.000 ,  479.098 ,        0 ,  460.543 ,  461.158 ,    0.000 ,  461.158 ,  462.158 ,    0.000 ,    0.000 ,    0.615 ,    0.000 ,       14 , 	)
  57 	 (   1 ,  289.000 ,  529.000 ,        0 ,  461.543 ,  462.158 ,    0.000 ,  462.158 ,  463.158 ,   43.016 ,    0.000 ,    0.615 ,    0.000 ,       15 , 	)
  38 	 (   2 ,  240.000 ,  480.000 ,        0 ,  479.385 ,  480.000 ,    0.000 ,  480.000 ,  481.000 ,    0.000 ,   -0.000 ,    0.615 ,   -4.640 ,       16 , 	)
   5 	 (   4 ,  480.000 ,  720.000 ,        0 ,  489.518 ,  490.133 ,    3.479 ,  493.612 ,  495.612 ,    0.000 ,    0.000 ,    4.094 ,    6.917 ,       17 , 	)
  88 	 (   3 ,  390.000 ,  510.000 ,        0 ,  505.906 ,  510.000 ,    0.000 ,  510.000 ,  511.000 ,   47.842 ,    0.000 ,    4.094 ,   -1.011 ,       18 , 	)
  92 	 (   2 ,  391.000 ,  571.000 ,        0 ,  551.091 ,  555.185 ,    0.000 ,  555.185 ,  556.185 ,   74.185 ,   15.815 ,    4.094 ,   -1.695 ,       19 , 	)
  59 	 (   0 ,  633.000 ,  813.000 ,        0 ,  558.703 ,  562.797 ,   70.203 ,  633.000 ,  635.000 ,  137.388 ,   25.612 ,    0.000 ,   10.191 ,       20 , 	)
 109 	 (   0 ,    0.000 , 1440.000 ,        0 ,  670.107 ,  670.107 ,    0.000 ,  670.107 ,  670.107 ,    0.000 ,  769.893 ,    0.000 ,    0.000 ,       21 , 	)

	20 sommets 
	values : ( Cost : 414.565 , TRT : 345.703 , TWT :   0.000 , TD : 522.189 )
	violations : ( VC :       0 , VTW :   0.000 , VTD :   0.000 , VTRT :   0.000 )
	cout global : (   0.000	 )
S(i)	 (   C ,     TW0 ,       TW1 ,       VTW ,       Min ,       A ,       W ,       B ,       D ,       L ,       F ,       E ,       Det ,       [Imp ,       Imp]	)
   0 	 (   0 ,    0.000 , 1440.000 ,        0 ,    0.000 ,  311.489 ,    0.000 ,  311.489 ,  311.489 ,    0.000 ,    1.334 ,  311.489 ,    0.000 ,        0 , 	)
  45 	 (   1 ,  240.000 ,  480.000 ,        0 ,   37.358 ,  348.847 ,    0.000 ,  348.847 ,  349.847 ,    0.000 ,    1.334 ,  108.847 ,    2.156 ,        1 , 	)
  23 	 (   2 ,  240.000 ,  480.000 ,        0 ,  263.607 ,  372.454 ,    0.000 ,  372.454 ,  373.454 ,    0.000 ,    1.334 ,  108.847 ,    9.606 ,        2 , 	)
  22 	 (   3 ,  282.000 ,  383.996 ,        0 ,  272.815 ,  381.662 ,    0.000 ,  381.662 ,  382.662 ,    0.000 ,    1.334 ,   99.662 ,    0.000 ,        3 , 	)
  28 	 (   4 ,  276.000 ,  452.824 ,        0 ,  283.000 ,  382.662 ,    0.000 ,  382.662 ,  383.662 ,    0.000 ,    1.334 ,   99.662 ,    0.000 ,        4 , 	)
  76 	 (   3 ,  350.000 ,  410.000 ,        0 ,  309.004 ,  408.666 ,    0.000 ,  408.666 ,  409.666 ,   26.004 ,    1.334 ,   58.666 ,   14.145 ,        5 , 	)
  99 	 (   2 ,  339.000 ,  579.000 ,        0 ,  368.417 ,  427.083 ,    0.000 ,  427.083 ,  428.083 ,   77.236 ,   20.980 ,   58.666 ,    3.623 ,        6 , 	)
  20 	 (   3 ,  240.000 ,  480.000 ,        0 ,  376.212 ,  434.878 ,    0.000 ,  434.878 ,  435.878 ,    0.000 ,   20.980 ,   58.666 ,    6.480 ,        7 , 	)
  82 	 (   2 ,  368.000 ,  488.000 ,        0 ,  384.487 ,  443.153 ,    0.000 ,  443.153 ,  444.153 ,   59.491 ,   20.980 ,   58.666 ,    2.523 ,        8 , 	)
  40 	 (   4 ,  300.000 ,  480.000 ,        0 ,  400.353 ,  459.020 ,    0.000 ,  459.020 ,  461.020 ,    0.000 ,   20.980 ,   58.666 ,    1.577 ,        9 , 	)
  74 	 (   3 ,  312.000 ,  552.000 ,        0 ,  421.295 ,  479.962 ,    0.000 ,  479.962 ,  480.962 ,   44.083 ,   18.488 ,   58.666 ,   17.467 ,       10 , 	)
  77 	 (   2 ,  423.000 ,  663.000 ,        0 ,  434.307 ,  492.973 ,    0.000 ,  492.973 ,  493.973 ,  119.519 ,   18.488 ,   58.666 ,    0.087 ,       11 , 	)
  94 	 (   0 ,  327.820 ,  551.000 ,        0 ,  452.865 ,  511.532 ,    0.000 ,  511.532 ,  513.532 ,   50.512 ,   18.488 ,   58.666 ,   10.123 ,       12 , 	)
  43 	 (   2 ,  489.000 ,  719.136 ,        0 ,  470.583 ,  529.250 ,    0.000 ,  529.250 ,  531.250 ,    0.000 ,   55.121 ,   40.250 ,    1.497 ,       13 , 	)
  35 	 (   6 ,  480.000 ,  600.000 ,        0 ,  504.629 ,  544.879 ,    0.000 ,  544.879 ,  548.879 ,    0.000 ,   40.250 ,   40.250 ,    5.886 ,       14 , 	)
  97 	 (   4 ,  571.000 ,  751.000 ,        0 ,  530.750 ,  571.000 ,    0.000 ,  571.000 ,  573.000 ,   39.750 ,   40.250 ,    0.000 ,    3.586 ,       15 , 	)
  41 	 (   8 ,  481.000 ,  720.000 ,        0 ,  587.344 ,  587.344 ,    0.000 ,  587.344 ,  591.344 ,    0.000 ,   47.744 ,    0.000 ,   15.004 ,       16 , 	)
  89 	 (   4 ,  511.302 ,  713.000 ,        0 ,  610.135 ,  610.135 ,    0.000 ,  610.135 ,  614.135 ,   61.256 ,   47.744 ,    0.000 ,   -1.958 ,       17 , 	)
  95 	 (   0 ,  598.000 ,  778.000 ,        0 ,  635.681 ,  635.681 ,    0.000 ,  635.681 ,  639.681 ,   44.337 ,   68.663 ,    0.000 ,    3.455 ,       18 , 	)
 109 	 (   0 ,    0.000 , 1440.000 ,        0 ,  657.192 ,  657.192 ,    0.000 ,  657.192 ,  657.192 ,    0.000 ,  782.808 ,    0.000 ,    0.000 ,       19 , 	)

	18 sommets 
	values : ( Cost : 383.742 , TRT : 467.761 , TWT : 143.233 , TD : 632.854 )
	violations : ( VC :       0 , VTW :   0.000 , VTD :   0.000 , VTRT :   0.000 )
	cout global : (   0.000	 )
S(i)	 (   C ,     TW0 ,       TW1 ,       VTW ,       Min ,       A ,       W ,       B ,       D ,       L ,       F ,       E ,       Det ,       [Imp ,       Imp]	)
   0 	 (   0 ,    0.000 , 1440.000 ,        0 ,    0.000 ,  437.932 ,    0.000 ,  437.932 ,  437.932 ,    0.000 ,    0.000 ,  437.932 ,    0.000 ,        0 , 	)
  36 	 (   4 ,  258.000 ,  466.280 ,        0 ,   28.349 ,  466.280 ,    0.000 ,  466.280 ,  470.280 ,    0.000 ,    0.000 ,  208.280 ,   11.514 ,        1 , 	)
  90 	 (   0 ,  307.000 ,  487.000 ,        0 ,  278.720 ,  487.000 ,    0.000 ,  487.000 ,  491.000 ,   16.720 ,    0.000 ,  180.000 ,   13.568 ,        2 , 	)
  24 	 (   2 ,  480.000 ,  600.000 ,        0 ,  324.680 ,  504.680 ,   95.320 ,  600.000 ,  602.000 ,    0.000 ,    0.000 ,  120.000 ,    0.000 ,        3 , 	)
  18 	 (   5 ,  480.000 ,  720.000 ,        0 ,  482.000 ,  602.000 ,   14.387 ,  616.387 ,  619.387 ,    0.000 ,    0.000 ,  134.387 ,    0.000 ,        4 , 	)
  39 	 (   6 ,  480.000 ,  720.000 ,        0 ,  510.923 ,  645.310 ,    0.000 ,  645.310 ,  646.310 ,    0.000 ,    0.000 ,  134.387 ,   -0.378 ,        5 , 	)
  72 	 (   3 ,  558.000 ,  798.000 ,        0 ,  523.766 ,  658.153 ,    0.000 ,  658.153 ,  661.153 ,   38.766 ,    0.000 ,  100.153 ,   10.602 ,        6 , 	)
  49 	 (   4 ,  660.000 ,  720.000 ,        0 ,  583.956 ,  684.110 ,    0.000 ,  684.110 ,  685.110 ,    0.000 ,    0.000 ,   24.110 ,    0.212 ,        7 , 	)
 103 	 (   3 ,  671.787 ,  750.000 ,        0 ,  671.787 ,  695.897 ,    0.000 ,  695.897 ,  696.897 ,   10.787 ,    0.000 ,   24.110 ,   19.389 ,        8 , 	)
  78 	 (   1 ,  526.292 ,  720.000 ,        0 ,  694.766 ,  718.876 ,    0.000 ,  718.876 ,  720.876 ,  116.876 ,    0.000 ,   24.110 ,    0.000 ,        9 , 	)
  27 	 (   5 ,  720.000 ,  840.000 ,        0 ,  696.766 ,  720.876 ,    0.000 ,  720.876 ,  724.876 ,    0.000 ,    0.000 ,    0.876 ,    0.000 ,       10 , 	)
   1 	 (   7 ,  720.000 ,  960.000 ,        0 ,  742.924 ,  743.800 ,    0.000 ,  743.800 ,  745.800 ,    0.000 ,    0.000 ,    0.876 ,    5.791 ,       11 , 	)
  11 	 (   8 ,  720.000 ,  960.000 ,        0 ,  759.125 ,  760.001 ,    0.000 ,  760.001 ,  761.001 ,    0.000 ,    0.000 ,    0.876 ,   11.093 ,       12 , 	)
  93 	 (   7 ,  607.000 ,  787.000 ,        0 ,  786.124 ,  787.000 ,    0.000 ,  787.000 ,  788.000 ,  140.690 ,    0.000 ,    0.876 ,   -4.341 ,       13 , 	)
  81 	 (   3 ,  817.000 ,  997.000 ,        0 ,  795.578 ,  796.454 ,   20.546 ,  817.000 ,  821.000 ,   92.124 ,   26.108 ,    0.000 ,    2.979 ,       14 , 	)
  55 	 (   1 ,  815.000 , 1055.000 ,        0 ,  844.692 ,  844.692 ,    0.000 ,  844.692 ,  846.692 ,   98.892 ,   26.108 ,    0.000 ,    1.630 ,       15 , 	)
  65 	 (   0 ,  879.000 , 1119.000 ,        0 ,  866.020 ,  866.020 ,   12.980 ,  879.000 ,  880.000 ,  117.999 ,  120.001 ,    0.000 ,   19.493 ,       16 , 	)
 109 	 (   0 ,    0.000 , 1440.000 ,        0 ,  905.692 ,  905.692 ,    0.000 ,  905.692 ,  905.692 ,    0.000 ,  534.308 ,    0.000 ,    0.000 ,       17 , 	)

	20 sommets 
	values : ( Cost : 429.939 , TRT : 404.644 , TWT :  47.382 , TD : 795.880 )
	violations : ( VC :       0 , VTW :   0.000 , VTD :   0.000 , VTRT :   0.000 )
	cout global : (   0.000	 )
S(i)	 (   C ,     TW0 ,       TW1 ,       VTW ,       Min ,       A ,       W ,       B ,       D ,       L ,       F ,       E ,       Det ,       [Imp ,       Imp]	)
   0 	 (   0 ,    0.000 , 1440.000 ,        0 ,    0.000 ,  655.075 ,    0.000 ,  655.075 ,  655.075 ,    0.000 ,    0.000 ,  655.075 ,    0.000 ,        0 , 	)
  42 	 (   1 ,  480.000 ,  720.000 ,        0 ,   35.107 ,  690.182 ,    0.000 ,  690.182 ,  691.182 ,    0.000 ,    0.000 ,  210.182 ,   14.659 ,        1 , 	)
   9 	 (   3 ,  480.000 ,  720.000 ,        0 ,  509.818 ,  720.000 ,    0.000 ,  720.000 ,  722.000 ,    0.000 ,   -0.000 ,  210.182 ,    0.000 ,        2 , 	)
  25 	 (   7 ,  720.000 ,  960.000 ,        0 ,  511.818 ,  722.000 ,   25.728 ,  747.728 ,  751.728 ,    0.000 ,    0.000 ,   27.728 ,    0.000 ,        3 , 	)
  96 	 (   6 ,  537.000 ,  777.000 ,        0 ,  732.454 ,  760.182 ,    0.000 ,  760.182 ,  761.182 ,   69.000 ,    0.000 ,   27.728 ,    3.181 ,        4 , 	)
  48 	 (   7 ,  720.000 ,  960.000 ,        0 ,  754.546 ,  782.274 ,   20.881 ,  803.155 ,  804.155 ,    0.000 ,    0.000 ,   48.609 ,    5.572 ,        5 , 	)
  63 	 (   5 ,  602.000 ,  842.000 ,        0 ,  764.279 ,  812.888 ,    0.000 ,  812.888 ,  814.888 ,   90.888 ,    0.000 ,   48.609 ,   -0.337 ,        6 , 	)
  44 	 (   6 ,  840.000 ,  960.000 ,        0 ,  811.259 ,  859.868 ,    0.000 ,  859.868 ,  860.868 ,    0.000 ,    0.000 ,   19.868 ,    0.000 ,        7 , 	)
 102 	 (   5 ,  828.000 , 1068.000 ,        0 ,  841.000 ,  860.868 ,    0.000 ,  860.868 ,  861.868 ,   56.713 ,    0.000 ,   19.868 ,    0.000 ,        8 , 	)
  52 	 (   7 ,  720.000 ,  900.000 ,        0 ,  874.720 ,  894.588 ,    0.000 ,  894.588 ,  896.588 ,    0.000 ,    0.000 ,   19.868 ,    1.946 ,        9 , 	)
  14 	 (   8 ,  720.000 ,  900.000 ,        0 ,  880.132 ,  900.000 ,    0.000 ,  900.000 ,  901.000 ,    0.000 ,    0.000 ,   19.868 ,    1.895 ,       10 , 	)
  98 	 (   7 ,  883.174 , 1074.000 ,        0 ,  888.795 ,  908.662 ,    0.000 ,  908.662 ,  909.662 ,   47.795 ,    3.996 ,   19.868 ,    0.000 ,       11 , 	)
  29 	 (   8 ,  780.000 ,  960.000 ,        0 ,  889.795 ,  909.662 ,    0.773 ,  910.435 ,  911.435 ,    0.000 ,    3.223 ,   20.641 ,    0.000 ,       12 , 	)
  79 	 (   4 ,  932.000 , 1112.000 ,        0 ,  911.359 ,  932.000 ,    0.000 ,  932.000 ,  936.000 ,  180.272 ,    3.223 ,    0.000 ,   -1.572 ,       13 , 	)
  13 	 (   8 ,  720.000 ,  960.000 ,        0 ,  942.529 ,  942.529 ,    0.000 ,  942.529 ,  946.529 ,    0.000 ,    3.223 ,    0.000 ,   14.030 ,       14 , 	)
  68 	 (   7 ,  747.079 ,  971.000 ,        0 ,  967.777 ,  967.777 ,    0.000 ,  967.777 ,  968.777 ,   66.777 ,    3.223 ,    0.000 ,    0.013 ,       15 , 	)
  83 	 (   6 ,  820.000 , 1055.000 ,        0 ,  995.951 ,  995.951 ,    0.000 ,  995.951 ,  996.951 ,   84.516 ,    9.484 ,    0.000 ,    2.582 ,       16 , 	)
 106 	 (   4 ,  788.000 , 1028.000 ,        0 , 1012.845 , 1012.845 ,    0.000 , 1012.845 , 1014.845 ,  116.257 ,   12.743 ,    0.000 ,    5.485 ,       17 , 	)
  67 	 (   0 ,  877.000 , 1117.000 ,        0 , 1030.192 , 1030.192 ,    0.000 , 1030.192 , 1034.192 ,   83.662 ,   86.808 ,   -0.000 ,   27.381 ,       18 , 	)
 109 	 (   0 ,    0.000 , 1440.000 ,        0 , 1059.720 , 1059.720 ,    0.000 , 1059.720 , 1059.720 ,    0.000 ,  380.280 ,   -0.000 ,    0.000 ,       19 , 	)
