6
	VALUE ALL : ( Cost : 2139.517 , TRT : 2185.408 , TWT : 390.749 , TD : 2734.237 )
	VIOLATIONS TOTAL : ( VC :       0 , VTW :   0.000 , VTD :   0.000 , VTRT :   0.000 )
 	COUT_ALL : (   0.002 )  T2B:   21601

	14 sommets 
	values : ( Cost : 325.274 , TRT : 274.567 , TWT :   0.000 , TD : 416.681 )
	violations : ( VC :       0 , VTW :   0.000 , VTD :   0.000 , VTRT :   0.000 )
	cout global : (   0.000	 )
S(i)	 (   C ,     TW0 ,       TW1 ,       VTW ,       Min ,       A ,       W ,       B ,       D ,       L ,       F ,       E ,       Det ,       [Imp ,       Imp]	)
   0 	 (   0 ,    0.000 , 1440.000 ,        0 ,    0.000 ,  265.685 ,    0.000 ,  265.685 ,  265.685 ,    0.000 ,   30.786 ,  265.685 ,    0.000 ,        0 , 	)
  26 	 (   2 ,  240.000 ,  420.000 ,        0 ,    4.696 ,  270.381 ,    0.000 ,  270.381 ,  272.381 ,    0.000 ,   30.786 ,   30.381 ,    7.006 ,        1 , 	)
  39 	 (   6 ,  240.000 ,  420.000 ,        0 ,  251.892 ,  282.273 ,    0.000 ,  282.273 ,  286.273 ,    0.000 ,   30.786 ,   30.381 ,    0.000 ,        2 , 	)
  36 	 (   7 ,  240.000 ,  420.000 ,        0 ,  255.892 ,  286.273 ,    0.000 ,  286.273 ,  287.273 ,    0.000 ,   30.786 ,   30.381 ,    0.000 ,        3 , 	)
  68 	 (   5 ,  292.000 ,  520.000 ,        0 ,  288.226 ,  318.608 ,    0.000 ,  318.608 ,  320.608 ,   46.226 ,   30.786 ,   26.608 ,  -10.724 ,        4 , 	)
  18 	 (   6 ,  245.000 ,  480.000 ,        0 ,  314.577 ,  341.185 ,    0.000 ,  341.185 ,  342.185 ,    0.000 ,   30.786 ,   26.608 ,    1.703 ,        5 , 	)
  81 	 (   2 ,  333.000 ,  573.000 ,        0 ,  322.409 ,  349.017 ,    0.000 ,  349.017 ,  353.017 ,   62.744 ,   30.786 ,   16.017 ,   11.119 ,        6 , 	)
  33 	 (   6 ,  300.000 ,  420.000 ,        0 ,  373.197 ,  389.214 ,    0.000 ,  389.214 ,  393.214 ,    0.000 ,   30.786 ,   16.017 ,   -0.902 ,        7 , 	)
  60 	 (   5 ,  340.000 ,  520.000 ,        0 ,  383.933 ,  399.950 ,    0.000 ,  399.950 ,  400.950 ,   57.765 ,   36.235 ,   16.017 ,    6.868 ,        8 , 	)
  20 	 (   8 ,  420.000 ,  480.000 ,        0 ,  403.983 ,  420.000 ,    0.000 ,  420.000 ,  423.000 ,    0.000 ,   39.151 ,    0.000 ,    3.195 ,        9 , 	)
  62 	 (   5 ,  431.675 ,  507.000 ,        0 ,  431.675 ,  431.675 ,    0.000 ,  431.675 ,  434.675 ,    8.675 ,   15.325 ,    0.000 ,    9.783 ,       10 , 	)
  75 	 (   1 ,  340.519 ,  522.000 ,        0 ,  452.062 ,  452.062 ,    0.000 ,  452.062 ,  456.062 ,   58.849 ,   39.151 ,    0.000 ,   -0.705 ,       11 , 	)
  78 	 (   0 ,  405.000 ,  585.000 ,        0 ,  469.695 ,  469.695 ,    0.000 ,  469.695 ,  470.695 ,  182.423 ,   64.577 ,    0.000 ,   22.744 ,       12 , 	)
  85 	 (   0 ,    0.000 , 1440.000 ,        0 ,  540.252 ,  540.252 ,    0.000 ,  540.252 ,  540.252 ,    0.000 ,  899.748 ,    0.000 ,    0.000 ,       13 , 	)

	16 sommets 
	values : ( Cost : 334.389 , TRT : 312.689 , TWT :  33.269 , TD : 537.732 )
	violations : ( VC :       0 , VTW :   0.000 , VTD :   0.000 , VTRT :   0.000 )
	cout global : (   0.000	 )
S(i)	 (   C ,     TW0 ,       TW1 ,       VTW ,       Min ,       A ,       W ,       B ,       D ,       L ,       F ,       E ,       Det ,       [Imp ,       Imp]	)
   0 	 (   0 ,    0.000 , 1440.000 ,        0 ,    0.000 ,  788.274 ,    0.000 ,  788.274 ,  788.274 ,    0.000 ,    0.000 ,  788.274 ,    0.000 ,        0 , 	)
  40 	 (   3 ,  720.000 ,  960.000 ,        0 ,    4.696 ,  792.970 ,    0.000 ,  792.970 ,  795.970 ,    0.000 ,    0.000 ,   72.970 ,    7.709 ,        1 , 	)
  25 	 (   5 ,  780.000 ,  960.000 ,        0 ,  752.562 ,  825.532 ,    0.000 ,  825.532 ,  827.532 ,    0.000 ,    0.000 ,   45.532 ,   -1.193 ,        2 , 	)
   5 	 (   7 ,  720.000 ,  840.000 ,        0 ,  794.468 ,  840.000 ,    0.000 ,  840.000 ,  842.000 ,    0.000 ,    0.000 ,   45.532 ,    0.374 ,        3 , 	)
   8 	 (   8 ,  720.000 ,  960.000 ,        0 ,  835.071 ,  880.602 ,   15.705 ,  896.308 ,  897.308 ,    0.000 ,    0.000 ,   61.237 ,   16.563 ,        4 , 	)
  67 	 (   6 ,  899.000 , 1079.000 ,        0 ,  846.279 ,  907.516 ,    0.000 ,  907.516 ,  909.516 ,   79.984 ,    0.000 ,    8.516 ,    1.099 ,        5 , 	)
  50 	 (   5 ,  820.000 , 1060.000 ,        0 ,  929.366 ,  937.882 ,    0.000 ,  937.882 ,  938.882 ,   40.574 ,    0.000 ,    8.516 ,    0.000 ,        6 , 	)
  47 	 (   3 ,  782.000 ,  962.000 ,        0 ,  930.366 ,  938.882 ,    0.000 ,  938.882 ,  940.882 ,   96.882 ,    0.000 ,    8.516 ,    0.000 ,        7 , 	)
  82 	 (   0 ,  829.000 , 1069.000 ,        0 ,  948.454 ,  956.970 ,    0.000 ,  956.970 ,  959.970 ,  161.000 ,    0.000 ,    8.516 ,    0.000 ,        8 , 	)
  19 	 (   1 ,  720.000 ,  960.000 ,        0 ,  951.454 ,  959.970 ,    0.030 ,  960.000 ,  961.000 ,    0.000 ,    0.000 ,    8.546 ,    0.000 ,        9 , 	)
  13 	 (   5 ,  960.000 , 1140.000 ,        0 ,  961.766 ,  970.312 ,    6.925 ,  977.237 ,  981.237 ,    0.000 ,    0.000 ,   15.471 ,   15.954 ,       10 , 	)
  61 	 (   4 ,  776.000 , 1016.000 ,        0 , 1000.529 , 1016.000 ,    0.000 , 1016.000 , 1017.000 ,   55.000 ,    0.000 ,   15.471 ,    5.526 ,       11 , 	)
  21 	 (   5 ,  960.000 , 1200.000 ,        0 , 1009.232 , 1024.703 ,   10.609 , 1035.312 , 1036.312 ,    0.000 ,   17.397 ,   26.080 ,    2.653 ,       12 , 	)
  55 	 (   1 , 1004.125 , 1225.000 ,        0 , 1018.760 , 1044.840 ,    0.000 , 1044.840 , 1048.840 ,   63.603 ,   17.397 ,   26.080 ,    3.880 ,       13 , 	)
  63 	 (   0 , 1077.000 , 1257.000 ,        0 , 1050.920 , 1077.000 ,    0.000 , 1077.000 , 1078.000 ,   40.688 ,   90.312 ,    0.000 ,   20.060 ,       14 , 	)
  85 	 (   0 ,    0.000 , 1440.000 ,        0 , 1100.963 , 1100.963 ,    0.000 , 1100.963 , 1100.963 ,    0.000 ,  339.037 ,   -0.000 ,    0.000 ,       15 , 	)

	20 sommets 
	values : ( Cost : 373.666 , TRT : 464.566 , TWT : 141.614 , TD : 492.286 )
	violations : ( VC :       0 , VTW :   0.000 , VTD :   0.000 , VTRT :   0.000 )
	cout global : (   0.000	 )
S(i)	 (   C ,     TW0 ,       TW1 ,       VTW ,       Min ,       A ,       W ,       B ,       D ,       L ,       F ,       E ,       Det ,       [Imp ,       Imp]	)
   0 	 (   0 ,    0.000 , 1440.000 ,        0 ,    0.000 ,  453.451 ,    0.000 ,  453.451 ,  453.451 ,    0.000 ,    0.000 ,  453.451 ,    0.000 ,        0 , 	)
  32 	 (   4 ,  360.000 ,  480.000 ,        0 ,   26.549 ,  480.000 ,    0.000 ,  480.000 ,  484.000 ,    0.000 ,    0.000 ,  120.000 ,    1.059 ,        1 , 	)
   3 	 (   6 ,  480.000 ,  720.000 ,        0 ,  378.224 ,  498.224 ,   41.628 ,  539.852 ,  541.852 ,    0.000 ,    0.000 ,   59.852 ,    7.865 ,        2 , 	)
  45 	 (   4 ,  515.000 ,  755.000 ,        0 ,  498.690 ,  558.542 ,    0.000 ,  558.542 ,  560.542 ,   16.690 ,    0.000 ,   43.542 ,   25.410 ,        3 , 	)
  28 	 (   5 ,  540.000 ,  720.000 ,        0 ,  543.911 ,  587.453 ,    0.000 ,  587.453 ,  588.453 ,    0.000 ,    0.000 ,   43.542 ,   10.145 ,        4 , 	)
  70 	 (   4 ,  567.311 ,  791.000 ,        0 ,  571.221 ,  614.763 ,    0.000 ,  614.763 ,  615.763 ,   26.311 ,    0.000 ,   43.542 ,    1.146 ,        5 , 	)
  74 	 (   0 ,  398.735 ,  623.000 ,        0 ,  579.458 ,  623.000 ,    0.000 ,  623.000 ,  627.000 ,  139.000 ,    0.000 ,   43.542 ,    0.000 ,        6 , 	)
  14 	 (   1 ,  720.000 ,  960.000 ,        0 ,  583.458 ,  627.000 ,   99.986 ,  726.986 ,  727.986 ,    0.000 ,   38.467 ,    6.986 ,    0.000 ,        7 , 	)
  30 	 (   5 ,  722.000 ,  900.000 ,        0 ,  754.018 ,  761.005 ,    0.000 ,  761.005 ,  765.005 ,    0.000 ,   30.986 ,    6.986 ,   23.278 ,        8 , 	)
  56 	 (   4 ,  790.000 , 1030.000 ,        0 ,  783.014 ,  790.000 ,    0.000 ,  790.000 ,  791.000 ,   62.014 ,   30.986 ,    0.000 ,    0.000 ,        9 , 	)
  10 	 (   8 ,  720.000 ,  960.000 ,        0 ,  791.000 ,  791.000 ,    0.000 ,  791.000 ,  795.000 ,    0.000 ,   35.504 ,    0.000 ,    0.000 ,       10 , 	)
  72 	 (   4 ,  834.000 ,  954.000 ,        0 ,  837.501 ,  837.501 ,    0.000 ,  837.501 ,  841.501 ,   72.496 ,   10.834 ,    0.000 ,    0.000 ,       11 , 	)
  24 	 (   5 ,  731.000 ,  950.874 ,        0 ,  841.501 ,  841.501 ,    0.000 ,  841.501 ,  842.501 ,    0.000 ,   10.834 ,    0.000 ,    0.000 ,       12 , 	)
  12 	 (   8 ,  780.000 ,  960.000 ,        0 ,  849.409 ,  849.409 ,    0.000 ,  849.409 ,  852.409 ,    0.000 ,   10.834 ,    0.000 ,    1.907 ,       13 , 	)
  66 	 (   7 ,  785.000 ,  965.000 ,        0 ,  860.533 ,  860.533 ,    0.000 ,  860.533 ,  861.533 ,   18.032 ,   10.834 ,    0.000 ,    0.000 ,       14 , 	)
  11 	 (   8 ,  720.000 ,  900.000 ,        0 ,  861.533 ,  861.533 ,    0.000 ,  861.533 ,  862.533 ,    0.000 ,   10.834 ,    0.000 ,    0.000 ,       15 , 	)
  52 	 (   4 ,  787.000 , 1027.000 ,        0 ,  870.166 ,  870.166 ,    0.000 ,  870.166 ,  874.166 ,   75.166 ,   10.834 ,    0.000 ,    2.155 ,       16 , 	)
  54 	 (   1 ,  802.050 , 1014.000 ,        0 ,  888.083 ,  888.083 ,    0.000 ,  888.083 ,  891.083 ,   35.674 ,   15.326 ,    0.000 ,    2.244 ,       17 , 	)
  53 	 (   0 ,  791.000 ,  971.000 ,        0 ,  909.435 ,  909.435 ,    0.000 ,  909.435 ,  910.435 ,   46.902 ,   48.098 ,    0.000 ,    0.157 ,       18 , 	)
  85 	 (   0 ,    0.000 , 1440.000 ,        0 ,  918.017 ,  918.017 ,    0.000 ,  918.017 ,  918.017 ,    0.000 ,  521.983 ,    0.000 ,    0.000 ,       19 , 	)

	14 sommets 
	values : ( Cost : 268.128 , TRT : 417.190 , TWT : 187.590 , TD : 303.524 )
	violations : ( VC :       0 , VTW :   0.000 , VTD :   0.000 , VTRT :   0.000 )
	cout global : (   0.000	 )
S(i)	 (   C ,     TW0 ,       TW1 ,       VTW ,       Min ,       A ,       W ,       B ,       D ,       L ,       F ,       E ,       Det ,       [Imp ,       Imp]	)
   0 	 (   0 ,    0.000 , 1440.000 ,        0 ,    0.000 ,  249.635 ,    0.000 ,  249.635 ,  249.635 ,    0.000 ,    0.000 ,  249.635 ,    0.000 ,        0 , 	)
   9 	 (   4 ,  252.000 ,  475.219 ,        0 ,    7.470 ,  257.105 ,    0.000 ,  257.105 ,  261.105 ,    0.000 ,    0.000 ,    5.105 ,    1.774 ,        1 , 	)
   4 	 (   7 ,  240.000 ,  480.000 ,        0 ,  281.302 ,  286.408 ,    0.000 ,  286.408 ,  289.408 ,    0.000 ,    0.000 ,    5.105 ,    6.202 ,        2 , 	)
  23 	 (   8 ,  240.000 ,  300.000 ,        0 ,  294.895 ,  300.000 ,    0.000 ,  300.000 ,  301.000 ,    0.000 ,    0.000 ,    5.105 ,    5.177 ,        3 , 	)
  51 	 (   4 ,  325.000 ,  505.000 ,        0 ,  315.038 ,  320.143 ,    4.857 ,  325.000 ,  329.000 ,   63.895 ,    5.105 ,    0.000 ,    3.938 ,        4 , 	)
  65 	 (   3 ,  270.797 ,  381.000 ,        0 ,  343.592 ,  343.592 ,    0.000 ,  343.592 ,  344.592 ,   42.592 ,   37.408 ,    0.000 ,   -3.416 ,        5 , 	)
  46 	 (   0 ,  369.000 ,  609.000 ,        0 ,  369.909 ,  369.909 ,    0.000 ,  369.909 ,  372.909 ,   80.502 ,   89.498 ,    0.000 ,    4.263 ,        6 , 	)
   1 	 (   2 ,  300.000 ,  480.000 ,        0 ,  381.102 ,  381.102 ,   98.898 ,  480.000 ,  482.000 ,    0.000 ,    0.000 ,   98.898 ,    1.646 ,        7 , 	)
  43 	 (   0 ,  365.000 ,  545.000 ,        0 ,  415.267 ,  514.165 ,    0.000 ,  514.165 ,  516.165 ,   32.165 ,   30.835 ,   98.898 ,    0.000 ,        8 , 	)
   2 	 (   3 ,  600.000 ,  720.000 ,        0 ,  417.267 ,  516.165 ,   83.835 ,  600.000 ,  603.000 ,    0.000 ,   99.823 ,    0.000 ,    0.000 ,        9 , 	)
  27 	 (   4 ,  497.000 ,  712.403 ,        0 ,  612.580 ,  612.580 ,    0.000 ,  612.580 ,  613.580 ,    0.000 ,   30.226 ,    0.000 ,   14.559 ,       10 , 	)
  69 	 (   3 ,  568.000 ,  748.000 ,        0 ,  648.177 ,  648.177 ,    0.000 ,  648.177 ,  649.177 ,   34.597 ,   30.226 ,    0.000 ,    3.223 ,       11 , 	)
  44 	 (   0 ,  632.991 ,  803.000 ,        0 ,  652.774 ,  652.774 ,    0.000 ,  652.774 ,  655.774 ,   49.774 ,   30.226 ,    0.000 ,    3.968 ,       12 , 	)
  85 	 (   0 ,    0.000 , 1440.000 ,        0 ,  666.826 ,  666.826 ,    0.000 ,  666.826 ,  666.826 ,    0.000 ,  773.174 ,    0.000 ,    0.000 ,       13 , 	)

	12 sommets 
	values : ( Cost : 409.293 , TRT : 331.739 , TWT :   0.000 , TD : 337.947 )
	violations : ( VC :       0 , VTW :   0.000 , VTD :   0.000 , VTRT :   0.000 )
	cout global : (   0.000	 )
S(i)	 (   C ,     TW0 ,       TW1 ,       VTW ,       Min ,       A ,       W ,       B ,       D ,       L ,       F ,       E ,       Det ,       [Imp ,       Imp]	)
   0 	 (   0 ,    0.000 , 1440.000 ,        0 ,    0.000 ,  773.347 ,    0.000 ,  773.347 ,  773.347 ,    0.000 ,   26.114 ,  773.347 ,    0.000 ,        0 , 	)
  17 	 (   1 ,  762.000 ,  939.041 ,        0 ,   43.550 ,  816.897 ,    0.000 ,  816.897 ,  817.897 ,    0.000 ,   26.114 ,   54.897 ,    5.609 ,        1 , 	)
  42 	 (   3 ,  742.000 ,  893.460 ,        0 ,  769.198 ,  824.095 ,    0.000 ,  824.095 ,  826.095 ,    0.000 ,   26.114 ,   54.897 ,    5.660 ,        2 , 	)
  38 	 (   7 ,  733.000 ,  959.227 ,        0 ,  782.123 ,  837.020 ,    0.000 ,  837.020 ,  841.020 ,    0.000 ,   26.114 ,   54.897 ,    2.158 ,        3 , 	)
  80 	 (   3 ,  829.000 , 1009.000 ,        0 ,  831.895 ,  886.792 ,    0.000 ,  886.792 ,  890.792 ,   45.773 ,   26.114 ,   54.897 ,    0.000 ,        4 , 	)
  84 	 (   1 ,  890.000 ,  950.000 ,        0 ,  835.895 ,  890.792 ,    0.000 ,  890.792 ,  892.792 ,   64.698 ,   26.114 ,    0.792 ,    0.000 ,        5 , 	)
  41 	 (   2 ,  720.000 ,  960.000 ,        0 ,  933.093 ,  933.886 ,    0.000 ,  933.886 ,  934.886 ,    0.000 ,   26.114 ,    0.792 ,   -8.525 ,        6 , 	)
  59 	 (   1 ,  950.000 , 1010.000 ,        0 ,  949.208 ,  950.000 ,    0.000 ,  950.000 ,  951.000 ,  132.103 ,   54.897 ,    0.000 ,    2.498 ,        7 , 	)
  83 	 (   0 ,  818.000 , 1058.000 ,        0 ,  987.422 ,  987.422 ,    0.000 ,  987.422 ,  988.422 ,   52.536 ,   70.578 ,    0.000 ,   18.444 ,        8 , 	)
  29 	 (   4 ,  960.000 , 1200.000 ,        0 , 1023.251 , 1023.251 ,    0.000 , 1023.251 , 1027.251 ,    0.000 ,  176.749 ,    0.000 ,   15.577 ,        9 , 	)
  71 	 (   0 , 1048.000 , 1288.000 ,        0 , 1070.088 , 1070.088 ,    0.000 , 1070.088 , 1074.088 ,   42.837 ,   71.163 ,   -0.000 ,   53.161 ,       10 , 	)
  85 	 (   0 ,    0.000 , 1440.000 ,        0 , 1105.086 , 1105.086 ,    0.000 , 1105.086 , 1105.086 ,    0.000 ,  334.914 ,   -0.000 ,    0.000 ,       11 , 	)

	20 sommets 
	values : ( Cost : 428.767 , TRT : 384.656 , TWT :  28.275 , TD : 646.068 )
	violations : ( VC :       0 , VTW :   0.000 , VTD :   0.000 , VTRT :   0.000 )
	cout global : (   0.000	 )
S(i)	 (   C ,     TW0 ,       TW1 ,       VTW ,       Min ,       A ,       W ,       B ,       D ,       L ,       F ,       E ,       Det ,       [Imp ,       Imp]	)
   0 	 (   0 ,    0.000 , 1440.000 ,        0 ,    0.000 ,  424.056 ,    0.000 ,  424.056 ,  424.056 ,    0.000 ,    0.000 ,  424.056 ,    0.000 ,        0 , 	)
  35 	 (   1 ,  240.000 ,  480.000 ,        0 ,   13.514 ,  437.570 ,    0.000 ,  437.570 ,  438.570 ,    0.000 ,    0.000 ,  197.570 ,   23.710 ,        1 , 	)
   7 	 (   3 ,  240.000 ,  480.000 ,        0 ,  269.789 ,  467.359 ,    0.000 ,  467.359 ,  469.359 ,    0.000 ,    0.000 ,  197.570 ,   18.182 ,        2 , 	)
  37 	 (   4 ,  300.000 ,  480.000 ,        0 ,  282.430 ,  480.000 ,    0.000 ,  480.000 ,  481.000 ,    0.000 ,    0.000 ,  180.000 ,    0.006 ,        3 , 	)
   6 	 (   5 ,  480.000 ,  600.000 ,        0 ,  304.596 ,  484.596 ,   14.535 ,  499.132 ,  500.132 ,    0.000 ,    0.000 ,   19.132 ,    2.169 ,        4 , 	)
  49 	 (   3 ,  310.000 ,  550.000 ,        0 ,  492.737 ,  511.868 ,    0.000 ,  511.868 ,  513.868 ,   42.510 ,    0.000 ,   19.132 ,   -0.978 ,        5 , 	)
  77 	 (   2 ,  323.000 ,  563.000 ,        0 ,  508.636 ,  527.768 ,    0.000 ,  527.768 ,  528.768 ,   89.198 ,    0.000 ,   19.132 ,   10.053 ,        6 , 	)
  79 	 (   1 ,  329.384 ,  557.000 ,        0 ,  537.868 ,  557.000 ,    0.000 ,  557.000 ,  558.000 ,   76.000 ,    0.000 ,   19.132 ,    8.531 ,        7 , 	)
  31 	 (   2 ,  540.000 ,  720.000 ,        0 ,  553.839 ,  572.971 ,   13.740 ,  586.711 ,  587.711 ,    0.000 ,    9.288 ,   32.871 ,    3.368 ,        8 , 	)
  48 	 (   1 ,  518.923 ,  702.000 ,        0 ,  558.972 ,  591.844 ,    0.000 ,  591.844 ,  592.844 ,   91.712 ,    9.288 ,   32.871 ,    4.346 ,        9 , 	)
  22 	 (   4 ,  540.000 ,  720.000 ,        0 ,  564.102 ,  596.974 ,    0.000 ,  596.974 ,  599.974 ,    0.000 ,   38.729 ,   32.871 ,    1.602 ,       10 , 	)
  15 	 (   7 ,  600.000 ,  720.000 ,        0 ,  591.477 ,  624.349 ,    0.000 ,  624.349 ,  627.349 ,    0.000 ,   14.603 ,   24.349 ,    1.559 ,       11 , 	)
  73 	 (   6 ,  574.000 ,  807.000 ,        0 ,  610.633 ,  634.982 ,    0.000 ,  634.982 ,  635.982 ,   47.271 ,   14.603 ,   24.349 ,    7.068 ,       12 , 	)
  57 	 (   3 ,  629.980 ,  795.000 ,        0 ,  638.047 ,  662.396 ,    0.000 ,  662.396 ,  665.396 ,   35.047 ,   14.603 ,   24.349 ,   16.129 ,       13 , 	)
  16 	 (   5 ,  480.000 ,  720.000 ,        0 ,  654.581 ,  678.930 ,    0.000 ,  678.930 ,  680.930 ,    0.000 ,   14.603 ,   24.349 ,    1.416 ,       14 , 	)
  58 	 (   3 ,  536.000 ,  776.000 ,        0 ,  684.079 ,  708.428 ,    0.000 ,  708.428 ,  710.428 ,   27.498 ,   14.603 ,   24.349 ,   -8.466 ,       15 , 	)
  34 	 (   6 ,  720.000 ,  780.000 ,        0 ,  695.651 ,  720.000 ,    0.000 ,  720.000 ,  723.000 ,    0.000 ,   14.603 ,    0.000 ,   11.180 ,       16 , 	)
  76 	 (   3 ,  770.435 ,  910.000 ,        0 ,  770.435 ,  770.435 ,    0.000 ,  770.435 ,  773.435 ,   47.435 ,   14.603 ,    0.000 ,    2.413 ,       17 , 	)
  64 	 (   0 ,  678.000 ,  858.000 ,        0 ,  789.371 ,  789.371 ,    0.000 ,  789.371 ,  792.371 ,  189.397 ,   14.603 ,    0.000 ,   20.735 ,       18 , 	)
  85 	 (   0 ,    0.000 , 1440.000 ,        0 ,  808.713 ,  808.713 ,    0.000 ,  808.713 ,  808.713 ,    0.000 ,  631.287 ,    0.000 ,    0.000 ,       19 , 	)
