6
	VALUE ALL : ( Cost : 1133.446 , TRT : 1419.374 , TWT : 355.159 , TD : 2133.041 )
	VIOLATIONS TOTAL : ( VC :       0 , VTW :   0.000 , VTD :   0.000 , VTRT :   0.000 )
 	COUT_ALL : (   0.001 )  T2B:   54001

	16 sommets 
	values : ( Cost : 120.314 , TRT : 118.462 , TWT :   0.000 , TD : 269.882 )
	violations : ( VC :       0 , VTW :   0.000 , VTD :   0.000 , VTRT :   0.000 )
	cout global : (   0.000	 )
S(i)	 (   C ,     TW0 ,       TW1 ,       VTW ,       Min ,       A ,       W ,       B ,       D ,       L ,       F ,       E ,       Det ,       [Imp ,       Imp]	)
   0 	 (   0 ,    0.000 , 1440.000 ,        0 ,    0.000 ,  775.166 ,    0.000 ,  775.166 ,  775.166 ,    0.000 ,   53.711 ,  775.166 ,    0.000 ,        0 , 	)
  11 	 (   1 ,  720.000 ,  900.000 ,        0 ,    1.857 ,  777.023 ,    0.000 ,  777.023 ,  778.023 ,    0.000 ,   53.711 ,   57.023 ,    1.176 ,        1 , 	)
  18 	 (   5 ,  780.000 ,  960.000 ,        0 ,  722.977 ,  780.000 ,    0.000 ,  780.000 ,  784.000 ,    0.000 ,   27.151 ,    0.000 ,    1.349 ,        2 , 	)
  40 	 (   7 ,  733.000 ,  952.009 ,        0 ,  788.721 ,  788.721 ,    0.000 ,  788.721 ,  790.721 ,    0.000 ,   27.151 ,    0.000 ,    3.829 ,        3 , 	)
  12 	 (   8 ,  758.000 ,  930.144 ,        0 ,  810.749 ,  810.749 ,    0.000 ,  810.749 ,  811.749 ,    0.000 ,   24.809 ,    0.000 ,   -0.626 ,        4 , 	)
  62 	 (   7 ,  745.446 ,  967.000 ,        0 ,  816.872 ,  816.872 ,    0.000 ,  816.872 ,  817.872 ,   38.849 ,   23.459 ,    0.000 ,    0.000 ,        5 , 	)
  69 	 (   3 ,  808.512 , 1030.000 ,        0 ,  817.872 ,  817.872 ,    0.000 ,  817.872 ,  821.872 ,   33.872 ,   23.459 ,    0.000 ,    0.000 ,        6 , 	)
  91 	 (   1 ,  797.000 ,  977.000 ,        0 ,  827.912 ,  827.912 ,    0.000 ,  827.912 ,  829.912 ,   37.191 ,   23.459 ,    0.000 ,    0.000 ,        7 , 	)
  13 	 (   5 ,  791.000 ,  895.335 ,        0 ,  835.694 ,  835.694 ,    0.000 ,  835.694 ,  839.694 ,    0.000 ,   23.459 ,    0.000 ,    1.637 ,        8 , 	)
   9 	 (   6 ,  720.000 ,  900.000 ,        0 ,  844.344 ,  844.344 ,    0.000 ,  844.344 ,  845.344 ,    0.000 ,   23.459 ,    0.000 ,    1.624 ,        9 , 	)
   3 	 (   7 ,  720.000 ,  960.000 ,        0 ,  847.856 ,  847.856 ,    0.000 ,  847.856 ,  848.856 ,    0.000 ,   23.459 ,    0.000 ,    2.456 ,       10 , 	)
  63 	 (   6 ,  842.000 ,  962.000 ,        0 ,  871.289 ,  871.289 ,    0.000 ,  871.289 ,  872.289 ,   59.541 ,   23.459 ,    0.000 ,    0.000 ,       11 , 	)
  64 	 (   2 ,  866.000 ,  926.000 ,        0 ,  872.289 ,  872.289 ,    0.000 ,  872.289 ,  876.289 ,   32.595 ,   33.223 ,    0.000 ,    0.000 ,       12 , 	)
  54 	 (   1 ,  770.000 , 1010.000 ,        0 ,  877.912 ,  877.912 ,    0.000 ,  877.912 ,  878.912 ,   29.056 ,   33.223 ,    0.000 ,    0.703 ,       13 , 	)
  60 	 (   0 ,  747.845 ,  973.000 ,        0 ,  884.121 ,  884.121 ,    0.000 ,  884.121 ,  885.121 ,   38.777 ,   33.223 ,    0.000 ,   -1.347 ,       14 , 	)
 103 	 (   0 ,    0.000 , 1440.000 ,        0 ,  893.628 ,  893.628 ,    0.000 ,  893.628 ,  893.628 ,    0.000 ,  546.372 ,    0.000 ,    0.000 ,       15 , 	)

	12 sommets 
	values : ( Cost :  99.104 , TRT : 126.611 , TWT :  32.097 , TD : 173.192 )
	violations : ( VC :       0 , VTW :   0.000 , VTD :   0.000 , VTRT :   0.000 )
	cout global : (   0.000	 )
S(i)	 (   C ,     TW0 ,       TW1 ,       VTW ,       Min ,       A ,       W ,       B ,       D ,       L ,       F ,       E ,       Det ,       [Imp ,       Imp]	)
   0 	 (   0 ,    0.000 , 1440.000 ,        0 ,    0.000 ,  386.635 ,    0.000 ,  386.635 ,  386.635 ,    0.000 ,    0.000 ,  386.635 ,    0.000 ,        0 , 	)
  20 	 (   1 ,  309.000 ,  419.757 ,        0 ,    8.290 ,  394.925 ,    0.000 ,  394.925 ,  395.925 ,    0.000 ,    0.000 ,   85.925 ,    6.234 ,        1 , 	)
  15 	 (   2 ,  240.000 ,  420.000 ,        0 ,  315.671 ,  401.596 ,    0.000 ,  401.596 ,  402.596 ,    0.000 ,    0.000 ,   85.925 ,    3.320 ,        2 , 	)
   7 	 (   6 ,  240.000 ,  480.000 ,        0 ,  319.399 ,  405.324 ,    0.000 ,  405.324 ,  409.324 ,    0.000 ,    0.000 ,   85.925 ,    0.969 ,        3 , 	)
  17 	 (   8 ,  260.000 ,  466.645 ,        0 ,  326.232 ,  412.156 ,    0.000 ,  412.156 ,  414.156 ,    0.000 ,    0.000 ,   85.925 ,    2.566 ,        4 , 	)
  68 	 (   6 ,  315.000 ,  495.000 ,        0 ,  354.586 ,  440.511 ,    0.000 ,  440.511 ,  442.511 ,   26.355 ,    0.000 ,   85.925 ,    3.851 ,        5 , 	)
  66 	 (   5 ,  266.887 ,  490.000 ,        0 ,  360.075 ,  446.000 ,    0.000 ,  446.000 ,  447.000 ,   43.404 ,    0.000 ,   85.925 ,    0.000 ,        6 , 	)
  58 	 (   1 ,  329.000 ,  569.000 ,        0 ,  361.075 ,  447.000 ,    0.000 ,  447.000 ,  451.000 ,   37.676 ,    0.000 ,   85.925 ,    0.000 ,        7 , 	)
  71 	 (   0 ,  391.000 ,  451.000 ,        0 ,  365.075 ,  451.000 ,    0.000 ,  451.000 ,  452.000 ,   55.075 ,    0.000 ,   60.000 ,    0.000 ,        8 , 	)
   1 	 (   2 ,  480.000 ,  720.000 ,        0 ,  398.221 ,  458.221 ,   32.097 ,  490.318 ,  492.318 ,    0.000 ,  229.682 ,   10.318 ,    1.566 ,        9 , 	)
  52 	 (   0 ,  503.000 ,  743.000 ,        0 ,  492.682 ,  503.000 ,    0.000 ,  503.000 ,  505.000 ,   10.682 ,   18.318 ,    0.000 ,    8.634 ,       10 , 	)
 103 	 (   0 ,    0.000 , 1440.000 ,        0 ,  513.246 ,  513.246 ,    0.000 ,  513.246 ,  513.246 ,    0.000 ,  926.754 ,    0.000 ,    0.000 ,       11 , 	)

	18 sommets 
	values : ( Cost : 227.773 , TRT : 282.410 , TWT :  67.152 , TD : 314.636 )
	violations : ( VC :       0 , VTW :   0.000 , VTD :   0.000 , VTRT :   0.000 )
	cout global : (   0.000	 )
S(i)	 (   C ,     TW0 ,       TW1 ,       VTW ,       Min ,       A ,       W ,       B ,       D ,       L ,       F ,       E ,       Det ,       [Imp ,       Imp]	)
   0 	 (   0 ,    0.000 , 1440.000 ,        0 ,    0.000 ,  343.641 ,    0.000 ,  343.641 ,  343.641 ,    0.000 ,    0.000 ,  343.641 ,    0.000 ,        0 , 	)
  37 	 (   4 ,  240.000 ,  480.000 ,        0 ,    1.633 ,  345.274 ,    0.000 ,  345.274 ,  349.274 ,    0.000 ,    0.000 ,  105.274 ,    1.895 ,        1 , 	)
  34 	 (   8 ,  240.000 ,  360.000 ,        0 ,  254.726 ,  360.000 ,    0.000 ,  360.000 ,  364.000 ,    0.000 ,    0.000 ,  105.274 ,   11.185 ,        2 , 	)
  85 	 (   4 ,  292.000 ,  412.000 ,        0 ,  283.226 ,  388.500 ,    0.000 ,  388.500 ,  392.500 ,   24.500 ,   23.500 ,   96.500 ,    0.000 ,        3 , 	)
  88 	 (   0 ,  337.000 ,  517.000 ,        0 ,  296.000 ,  392.500 ,    0.000 ,  392.500 ,  396.500 ,   43.226 ,   52.774 ,   55.500 ,    0.000 ,        4 , 	)
  46 	 (   3 ,  240.000 ,  480.000 ,        0 ,  355.999 ,  411.499 ,   60.347 ,  471.847 ,  474.847 ,    0.000 ,    0.000 ,  115.847 ,   -0.338 ,        5 , 	)
  28 	 (   7 ,  300.000 ,  480.000 ,        0 ,  364.153 ,  480.000 ,    0.000 ,  480.000 ,  484.000 ,    0.000 ,    0.000 ,  115.847 ,    6.023 ,        6 , 	)
  79 	 (   3 ,  327.229 ,  546.000 ,        0 ,  391.382 ,  507.229 ,    0.000 ,  507.229 ,  511.229 ,   23.229 ,   10.909 ,  115.847 ,   10.150 ,        7 , 	)
  97 	 (   0 ,  298.000 ,  538.000 ,        0 ,  411.244 ,  527.091 ,    0.000 ,  527.091 ,  530.091 ,   52.244 ,   10.909 ,  115.847 ,    3.816 ,        8 , 	)
  38 	 (   1 ,  540.000 ,  660.000 ,        0 ,  417.348 ,  533.195 ,    6.805 ,  540.000 ,  541.000 ,    0.000 ,   54.018 ,    0.000 ,    0.550 ,        9 , 	)
  10 	 (   3 ,  540.000 ,  600.000 ,        0 ,  545.982 ,  545.982 ,    0.000 ,  545.982 ,  547.982 ,    0.000 ,   17.558 ,    0.000 ,    5.519 ,       10 , 	)
  48 	 (   4 ,  493.000 ,  653.132 ,        0 ,  554.327 ,  554.327 ,    0.000 ,  554.327 ,  555.327 ,    0.000 ,   17.558 ,    0.000 ,    0.565 ,       11 , 	)
  16 	 (   7 ,  540.000 ,  660.000 ,        0 ,  559.231 ,  559.231 ,    0.000 ,  559.231 ,  562.231 ,    0.000 ,   12.423 ,    0.000 ,    1.756 ,       12 , 	)
  89 	 (   6 ,  570.408 ,  720.000 ,        0 ,  582.442 ,  582.442 ,    0.000 ,  582.442 ,  583.442 ,   41.442 ,   12.423 ,    0.000 ,    4.771 ,       13 , 	)
  61 	 (   4 ,  573.059 ,  685.000 ,        0 ,  589.924 ,  589.924 ,    0.000 ,  589.924 ,  591.924 ,   41.942 ,   12.423 ,    0.000 ,    0.856 ,       14 , 	)
  67 	 (   1 ,  569.017 ,  733.000 ,        0 ,  598.707 ,  598.707 ,    0.000 ,  598.707 ,  601.707 ,   36.476 ,   12.423 ,    0.000 ,    9.180 ,       15 , 	)
  99 	 (   0 ,  558.000 ,  678.000 ,        0 ,  606.904 ,  606.904 ,    0.000 ,  606.904 ,  607.904 ,   51.577 ,   12.423 ,    0.000 ,    0.854 ,       16 , 	)
 103 	 (   0 ,    0.000 , 1440.000 ,        0 ,  626.051 ,  626.051 ,    0.000 ,  626.051 ,  626.051 ,    0.000 ,  813.949 ,    0.000 ,    0.000 ,       17 , 	)

	14 sommets 
	values : ( Cost : 135.436 , TRT : 125.832 , TWT :   0.000 , TD : 253.874 )
	violations : ( VC :       0 , VTW :   0.000 , VTD :   0.000 , VTRT :   0.000 )
	cout global : (   0.000	 )
S(i)	 (   C ,     TW0 ,       TW1 ,       VTW ,       Min ,       A ,       W ,       B ,       D ,       L ,       F ,       E ,       Det ,       [Imp ,       Imp]	)
   0 	 (   0 ,    0.000 , 1440.000 ,        0 ,    0.000 ,  307.995 ,    0.000 ,  307.995 ,  307.995 ,    0.000 ,   15.877 ,  307.995 ,    0.000 ,        0 , 	)
   4 	 (   4 ,  300.000 ,  480.000 ,        0 ,    6.508 ,  314.503 ,    0.000 ,  314.503 ,  318.503 ,    0.000 ,   15.877 ,   14.503 ,    0.778 ,        1 , 	)
   2 	 (   5 ,  252.000 ,  475.213 ,        0 ,  313.333 ,  327.836 ,    0.000 ,  327.836 ,  328.836 ,    0.000 ,   15.877 ,   14.503 ,   13.492 ,        2 , 	)
  41 	 (   6 ,  314.000 ,  412.351 ,        0 ,  329.413 ,  343.916 ,    0.000 ,  343.916 ,  344.916 ,    0.000 ,    3.591 ,   14.503 ,    0.840 ,        3 , 	)
  55 	 (   2 ,  326.608 ,  545.000 ,        0 ,  346.528 ,  361.031 ,    0.000 ,  361.031 ,  365.031 ,   42.528 ,    3.591 ,   14.503 ,    0.000 ,        4 , 	)
  31 	 (   5 ,  240.000 ,  480.000 ,        0 ,  350.528 ,  365.031 ,    0.000 ,  365.031 ,  368.031 ,    0.000 ,    3.591 ,   14.503 ,    0.000 ,        5 , 	)
  92 	 (   4 ,  376.000 ,  436.000 ,        0 ,  361.497 ,  376.000 ,    0.000 ,  376.000 ,  377.000 ,   31.084 ,    3.591 ,    0.000 ,    0.000 ,        6 , 	)
  42 	 (   5 ,  240.000 ,  420.000 ,        0 ,  377.000 ,  377.000 ,    0.000 ,  377.000 ,  378.000 ,    0.000 ,    3.591 ,    0.000 ,    0.000 ,        7 , 	)
  53 	 (   4 ,  322.000 ,  502.000 ,        0 ,  394.245 ,  394.245 ,    0.000 ,  394.245 ,  395.245 ,   65.409 ,    3.591 ,    0.000 ,    2.653 ,        8 , 	)
  29 	 (   6 ,  313.000 ,  413.673 ,        0 ,  397.697 ,  397.697 ,    0.000 ,  397.697 ,  399.697 ,    0.000 ,   10.908 ,    0.000 ,    1.606 ,        9 , 	)
  93 	 (   5 ,  267.330 ,  492.000 ,        0 ,  415.335 ,  415.335 ,    0.000 ,  415.335 ,  416.335 ,   37.335 ,   10.908 ,    0.000 ,   -3.901 ,       10 , 	)
  82 	 (   2 ,  290.000 ,  530.000 ,        0 ,  421.123 ,  421.123 ,    0.000 ,  421.123 ,  424.123 ,   53.092 ,   10.908 ,    0.000 ,    0.000 ,       11 , 	)
  80 	 (   0 ,  380.000 ,  440.000 ,        0 ,  424.123 ,  424.123 ,    0.000 ,  424.123 ,  426.123 ,   24.426 ,   15.877 ,    0.000 ,    0.000 ,       12 , 	)
 103 	 (   0 ,    0.000 , 1440.000 ,        0 ,  433.827 ,  433.827 ,    0.000 ,  433.827 ,  433.827 ,    0.000 , 1006.173 ,    0.000 ,    0.000 ,       13 , 	)

	24 sommets 
	values : ( Cost : 245.722 , TRT : 465.612 , TWT : 234.859 , TD : 528.214 )
	violations : ( VC :       0 , VTW :   0.000 , VTD :   0.000 , VTRT :   0.000 )
	cout global : (   0.000	 )
S(i)	 (   C ,     TW0 ,       TW1 ,       VTW ,       Min ,       A ,       W ,       B ,       D ,       L ,       F ,       E ,       Det ,       [Imp ,       Imp]	)
   0 	 (   0 ,    0.000 , 1440.000 ,        0 ,    0.000 ,  418.367 ,    0.000 ,  418.367 ,  418.367 ,    0.000 ,    0.000 ,  418.367 ,    0.000 ,        0 , 	)
  35 	 (   4 ,  300.000 ,  420.000 ,        0 ,    1.633 ,  420.000 ,    0.000 ,  420.000 ,  424.000 ,    0.000 ,    0.000 ,  120.000 ,    2.533 ,        1 , 	)
  22 	 (   6 ,  300.000 ,  480.000 ,        0 ,  311.640 ,  431.640 ,   19.641 ,  451.280 ,  453.280 ,    0.000 ,    0.000 ,  139.641 ,    0.900 ,        2 , 	)
  44 	 (   7 ,  254.000 ,  472.258 ,        0 ,  319.640 ,  459.280 ,    0.000 ,  459.280 ,  460.280 ,    0.000 ,    0.000 ,  139.641 ,    3.347 ,        3 , 	)
  86 	 (   3 ,  328.274 ,  489.000 ,        0 ,  344.320 ,  483.960 ,    0.000 ,  483.960 ,  487.960 ,   59.960 ,    0.000 ,  139.641 ,    0.000 ,        4 , 	)
  73 	 (   1 ,  342.000 ,  582.000 ,        0 ,  348.320 ,  487.960 ,    0.000 ,  487.960 ,  489.960 ,   34.680 ,    0.000 ,  139.641 ,    0.000 ,        5 , 	)
  95 	 (   0 ,  316.000 ,  496.000 ,        0 ,  356.359 ,  496.000 ,    0.000 ,  496.000 ,  497.000 ,   35.720 ,    0.000 ,  139.641 ,    0.001 ,        6 , 	)
  36 	 (   4 ,  480.000 ,  660.000 ,        0 ,  367.369 ,  507.010 ,  152.990 ,  660.000 ,  664.000 ,    0.000 ,    0.000 ,  180.000 ,    0.614 ,        7 , 	)
   8 	 (   5 ,  480.000 ,  720.000 ,        0 ,  500.358 ,  680.358 ,   25.113 ,  705.471 ,  706.471 ,    0.000 ,    0.000 ,  205.113 ,   -1.311 ,        8 , 	)
  87 	 (   1 ,  535.000 ,  715.000 ,        0 ,  509.887 ,  715.000 ,    0.000 ,  715.000 ,  719.000 ,   51.000 ,    0.000 ,  180.000 ,    1.262 ,        9 , 	)
  21 	 (   4 ,  733.000 ,  951.771 ,        0 ,  541.594 ,  721.594 ,   16.135 ,  737.729 ,  740.729 ,    0.000 ,    0.000 ,    4.729 ,    4.714 ,       10 , 	)
  59 	 (   3 ,  528.000 ,  768.000 ,        0 ,  763.271 ,  768.000 ,    0.000 ,  768.000 ,  769.000 ,   61.529 ,    0.000 ,    4.729 ,   11.062 ,       11 , 	)
  24 	 (   4 ,  720.000 ,  840.000 ,        0 ,  771.291 ,  776.020 ,   20.980 ,  797.000 ,  798.000 ,    0.000 ,    4.729 ,   25.709 ,    0.000 ,       12 , 	)
  72 	 (   1 ,  798.000 ,  978.000 ,        0 ,  772.291 ,  798.000 ,    0.000 ,  798.000 ,  801.000 ,   57.271 ,    4.729 ,    0.000 ,    0.000 ,       13 , 	)
  30 	 (   2 ,  780.000 ,  960.000 ,        0 ,  812.134 ,  812.134 ,    0.000 ,  812.134 ,  813.134 ,    0.000 ,   16.435 ,    0.000 ,    0.000 ,       14 , 	)
  51 	 (   3 ,  792.000 ,  895.253 ,        0 ,  813.134 ,  813.134 ,    0.000 ,  813.134 ,  814.134 ,    0.000 ,   16.435 ,    0.000 ,    0.000 ,       15 , 	)
  23 	 (   4 ,  720.000 ,  960.000 ,        0 ,  814.134 ,  814.134 ,    0.000 ,  814.134 ,  815.134 ,    0.000 ,   10.449 ,    0.000 ,    0.000 ,       16 , 	)
  33 	 (   8 ,  720.000 ,  960.000 ,        0 ,  821.744 ,  821.744 ,    0.000 ,  821.744 ,  825.744 ,    0.000 ,   10.449 ,    0.000 ,    2.605 ,       17 , 	)
  75 	 (   7 ,  743.747 ,  902.000 ,        0 ,  842.565 ,  842.565 ,    0.000 ,  842.565 ,  843.565 ,   44.565 ,   10.449 ,    0.000 ,   -1.683 ,       18 , 	)
  84 	 (   3 ,  781.000 , 1021.000 ,        0 ,  854.057 ,  854.057 ,    0.000 ,  854.057 ,  858.057 ,   28.314 ,   10.449 ,    0.000 ,   -0.032 ,       19 , 	)
  81 	 (   2 ,  811.243 , 1042.000 ,        0 ,  860.202 ,  860.202 ,    0.000 ,  860.202 ,  861.202 ,   47.068 ,   10.449 ,    0.000 ,    1.838 ,       20 , 	)
  74 	 (   1 ,  782.000 , 1022.000 ,        0 ,  864.690 ,  864.690 ,    0.000 ,  864.690 ,  865.690 ,   49.556 ,   10.449 ,    0.000 ,    4.262 ,       21 , 	)
 102 	 (   0 ,  862.000 ,  922.000 ,        0 ,  872.685 ,  872.685 ,    0.000 ,  872.685 ,  873.685 ,   58.551 ,   10.449 ,    0.000 ,    0.751 ,       22 , 	)
 103 	 (   0 ,    0.000 , 1440.000 ,        0 ,  883.979 ,  883.979 ,    0.000 ,  883.979 ,  883.979 ,    0.000 ,  556.021 ,    0.000 ,    0.000 ,       23 , 	)

	30 sommets 
	values : ( Cost : 305.097 , TRT : 300.447 , TWT :  21.051 , TD : 593.242 )
	violations : ( VC :       0 , VTW :   0.000 , VTD :   0.000 , VTRT :   0.000 )
	cout global : (   0.000	 )
S(i)	 (   C ,     TW0 ,       TW1 ,       VTW ,       Min ,       A ,       W ,       B ,       D ,       L ,       F ,       E ,       Det ,       [Imp ,       Imp]	)
   0 	 (   0 ,    0.000 , 1440.000 ,        0 ,    0.000 ,  821.475 ,    0.000 ,  821.475 ,  821.475 ,    0.000 ,    0.000 ,  821.475 ,    0.000 ,        0 , 	)
  43 	 (   2 ,  720.000 ,  960.000 ,        0 ,    2.658 ,  824.133 ,    0.000 ,  824.133 ,  826.133 ,    0.000 ,    0.000 ,  104.133 ,    1.215 ,        1 , 	)
  47 	 (   4 ,  738.000 ,  946.171 ,        0 ,  726.338 ,  830.471 ,    0.000 ,  830.471 ,  832.471 ,    0.000 ,    0.000 ,   92.471 ,    4.376 ,        2 , 	)
  25 	 (   6 ,  720.000 ,  960.000 ,        0 ,  751.492 ,  843.964 ,    0.000 ,  843.964 ,  845.964 ,    0.000 ,    0.000 ,   92.471 ,   12.167 ,        3 , 	)
   5 	 (   8 ,  720.000 ,  960.000 ,        0 ,  768.529 ,  861.000 ,    0.000 ,  861.000 ,  863.000 ,    0.000 ,    0.000 ,   92.471 ,   -0.508 ,        4 , 	)
  98 	 (   6 ,  785.000 ,  965.000 ,        0 ,  774.501 ,  866.972 ,    0.000 ,  866.972 ,  868.972 ,   34.501 ,    0.000 ,   81.972 ,    5.721 ,        5 , 	)
  76 	 (   4 ,  767.000 , 1007.000 ,        0 ,  803.245 ,  885.217 ,    0.000 ,  885.217 ,  887.217 ,   39.253 ,    0.000 ,   81.972 ,    0.000 ,        6 , 	)
  94 	 (   2 ,  771.000 , 1011.000 ,        0 ,  805.245 ,  887.217 ,    0.000 ,  887.217 ,  889.217 ,   61.084 ,    0.000 ,   81.972 ,    0.000 ,        7 , 	)
  49 	 (   3 ,  720.000 ,  900.000 ,        0 ,  818.028 ,  900.000 ,    0.000 ,  900.000 ,  901.000 ,    0.000 ,    0.000 ,   81.972 ,    0.000 ,        8 , 	)
  32 	 (   4 ,  780.000 ,  960.000 ,        0 ,  819.028 ,  901.000 ,    7.690 ,  908.690 ,  909.690 ,    0.000 ,    0.000 ,   89.662 ,    0.000 ,        9 , 	)
   6 	 (   7 ,  780.000 ,  960.000 ,        0 ,  825.695 ,  915.358 ,    0.000 ,  915.358 ,  918.358 ,    0.000 ,    0.000 ,   89.662 ,    1.839 ,       10 , 	)
  56 	 (   5 ,  776.000 , 1016.000 ,        0 ,  847.338 ,  937.000 ,    0.000 ,  937.000 ,  939.000 ,   74.000 ,    0.000 ,   89.662 ,    0.562 ,       11 , 	)
 100 	 (   4 ,  748.514 ,  975.000 ,        0 ,  854.943 ,  944.605 ,    0.000 ,  944.605 ,  945.605 ,   43.605 ,    2.463 ,   89.662 ,    7.542 ,       12 , 	)
  50 	 (   7 ,  720.000 ,  960.000 ,        0 ,  867.874 ,  957.537 ,    2.463 ,  960.000 ,  963.000 ,    0.000 ,    0.000 ,   92.126 ,    8.034 ,       13 , 	)
  57 	 (   4 ,  807.398 , 1028.000 ,        0 ,  879.923 ,  972.048 ,    0.000 ,  972.048 ,  975.048 ,   53.690 ,    4.692 ,   92.126 ,    0.000 ,       14 , 	)
  83 	 (   3 ,  809.227 , 1037.000 ,        0 ,  882.923 ,  975.048 ,    0.000 ,  975.048 ,  976.048 ,   65.358 ,    4.692 ,   92.126 ,    0.000 ,       15 , 	)
 101 	 (   0 ,  744.000 ,  984.000 ,        0 ,  887.183 ,  979.308 ,    0.000 ,  979.308 ,  982.308 ,   16.308 ,    4.692 ,   92.126 ,    3.626 ,       16 , 	)
  19 	 (   4 ,  968.000 , 1200.000 ,        0 ,  894.059 ,  986.184 ,   10.898 ,  997.082 , 1001.082 ,    0.000 ,  114.250 ,   29.082 ,    2.663 ,       17 , 	)
  45 	 (   5 ,  960.000 , 1140.000 ,        0 ,  985.571 , 1014.653 ,    0.000 , 1014.653 , 1015.653 ,    0.000 ,   29.082 ,   29.082 ,    7.351 ,       18 , 	)
  27 	 (   6 , 1020.000 , 1200.000 ,        0 ,  992.830 , 1021.912 ,    0.000 , 1021.912 , 1022.912 ,    0.000 ,   29.082 ,    1.912 ,    2.696 ,       19 , 	)
  96 	 (   5 ,  983.631 , 1202.000 ,        0 , 1040.068 , 1041.980 ,    0.000 , 1041.980 , 1042.980 ,   26.327 ,   29.082 ,    1.912 ,    0.596 ,       20 , 	)
  78 	 (   4 , 1045.512 , 1267.000 ,        0 , 1047.108 , 1049.020 ,    0.000 , 1049.020 , 1050.020 ,   26.108 ,   29.082 ,    1.912 ,    2.738 ,       21 , 	)
  26 	 (   5 , 1020.000 , 1200.000 ,        0 , 1051.289 , 1053.201 ,    0.000 , 1053.201 , 1054.201 ,    0.000 ,   29.082 ,    1.912 ,    0.856 ,       22 , 	)
  70 	 (   1 , 1057.000 , 1237.000 ,        0 , 1055.088 , 1057.000 ,    0.000 , 1057.000 , 1061.000 ,   55.918 ,   29.082 ,    0.000 ,    0.855 ,       23 , 	)
  39 	 (   2 ,  977.000 , 1187.608 ,        0 , 1069.914 , 1069.914 ,    0.000 , 1069.914 , 1070.914 ,    0.000 ,   32.523 ,   -0.000 ,    1.202 ,       24 , 	)
  14 	 (   3 , 1020.000 , 1200.000 ,        0 , 1078.393 , 1078.393 ,    0.000 , 1078.393 , 1079.393 ,    0.000 ,   27.164 ,   -0.000 ,    2.444 ,       25 , 	)
  90 	 (   2 , 1027.000 , 1207.000 ,        0 , 1092.750 , 1092.750 ,    0.000 , 1092.750 , 1093.750 ,   21.836 ,   27.164 ,   -0.000 ,   -0.886 ,       26 , 	)
  65 	 (   1 , 1043.662 , 1262.000 ,        0 , 1102.168 , 1102.168 ,    0.000 , 1102.168 , 1103.168 ,   22.775 ,   32.523 ,   -0.000 ,    4.173 ,       27 , 	)
  77 	 (   0 , 1054.000 , 1286.000 ,        0 , 1106.678 , 1106.678 ,    0.000 , 1106.678 , 1107.678 ,   52.477 ,   32.523 ,   -0.000 ,    1.702 ,       28 , 	)
 103 	 (   0 ,    0.000 , 1440.000 ,        0 , 1121.923 , 1121.923 ,    0.000 , 1121.923 , 1121.923 ,    0.000 ,  318.077 ,   -0.000 ,    0.000 ,       29 , 	)
