11
	VALUE ALL : ( Cost : 4240.851 , TRT : 3986.831 , TWT : 420.221 , TD : 5466.698 )
	VIOLATIONS TOTAL : ( VC :       0 , VTW :   0.000 , VTD :   0.000 , VTRT :   0.000 )
 	COUT_ALL : (   0.003 )  T2B:   26401

	10 sommets 
	values : ( Cost : 210.478 , TRT : 212.024 , TWT :  33.770 , TD : 300.119 )
	violations : ( VC :       0 , VTW :   0.000 , VTD :   0.000 , VTRT :   0.000 )
	cout global : (   0.000	 )
S(i)	 (   C ,     TW0 ,       TW1 ,       VTW ,       Min ,       A ,       W ,       B ,       D ,       L ,       F ,       E ,       Det ,       [Imp ,       Imp]	)
   0 	 (   0 ,    0.000 , 1440.000 ,        0 ,    0.000 ,  950.038 ,    0.000 ,  950.038 ,  950.038 ,    0.000 ,    0.000 ,  950.038 ,    0.000 ,        0 , 	)
  77 	 (   4 ,  780.000 ,  960.000 ,        0 ,    9.962 ,  960.000 ,    0.000 ,  960.000 ,  964.000 ,    0.000 ,    0.000 ,  180.000 ,    1.083 ,        1 , 	)
  69 	 (   7 ,  960.000 , 1200.000 ,        0 ,  788.150 ,  968.150 ,   28.045 ,  996.195 ,  999.195 ,    0.000 ,    0.000 ,   36.195 ,    7.217 ,        2 , 	)
  27 	 (   8 ,  960.000 , 1020.000 ,        0 ,  983.805 , 1020.000 ,    0.000 , 1020.000 , 1021.000 ,    0.000 ,    0.000 ,   36.195 ,    4.401 ,        3 , 	)
 155 	 (   5 , 1059.000 , 1299.000 ,        0 , 1017.080 , 1053.275 ,    5.725 , 1059.000 , 1062.000 ,   59.805 ,   11.848 ,    0.000 ,    2.755 ,        4 , 	)
 163 	 (   1 ,  853.000 , 1093.000 ,        0 , 1069.035 , 1069.035 ,    0.000 , 1069.035 , 1073.035 ,  105.035 ,   11.848 ,    0.000 ,    8.558 ,        5 , 	)
  49 	 (   3 , 1080.000 , 1200.000 ,        0 , 1097.300 , 1097.300 ,    0.000 , 1097.300 , 1099.300 ,    0.000 ,   11.848 ,    0.000 ,   11.623 ,        6 , 	)
 113 	 (   2 ,  997.944 , 1120.000 ,        0 , 1108.152 , 1108.152 ,    0.000 , 1108.152 , 1109.152 ,   87.152 ,   11.848 ,   -0.000 ,    0.343 ,        7 , 	)
 135 	 (   0 , 1128.785 , 1327.000 ,        0 , 1147.428 , 1147.428 ,    0.000 , 1147.428 , 1149.428 ,   48.128 ,   76.872 ,   -0.000 ,    7.583 ,        8 , 	)
 173 	 (   0 ,    0.000 , 1440.000 ,        0 , 1162.062 , 1162.062 ,    0.000 , 1162.062 , 1162.062 ,    0.000 ,  277.938 ,   -0.000 ,    0.000 ,        9 , 	)

	22 sommets 
	values : ( Cost : 466.728 , TRT : 416.410 , TWT :  13.486 , TD : 742.305 )
	violations : ( VC :       0 , VTW :   0.000 , VTD :   0.000 , VTRT :   0.000 )
	cout global : (   0.000	 )
S(i)	 (   C ,     TW0 ,       TW1 ,       VTW ,       Min ,       A ,       W ,       B ,       D ,       L ,       F ,       E ,       Det ,       [Imp ,       Imp]	)
   0 	 (   0 ,    0.000 , 1440.000 ,        0 ,    0.000 ,  698.744 ,    0.000 ,  698.744 ,  698.744 ,    0.000 ,    0.000 ,  698.744 ,    0.000 ,        0 , 	)
  29 	 (   4 ,  480.000 ,  720.000 ,        0 ,   13.029 ,  711.772 ,    0.000 ,  711.772 ,  715.772 ,    0.000 ,    0.000 ,  231.772 ,   14.405 ,        1 , 	)
  44 	 (   7 ,  720.000 ,  900.000 ,        0 ,  510.465 ,  742.238 ,    0.000 ,  742.238 ,  745.238 ,    0.000 ,    0.000 ,   22.238 ,    0.000 ,        2 , 	)
  59 	 (   8 ,  720.000 ,  900.000 ,        0 ,  723.000 ,  745.238 ,    0.000 ,  745.238 ,  746.238 ,    0.000 ,    0.000 ,   22.238 ,    0.000 ,        3 , 	)
 115 	 (   4 ,  574.000 ,  814.000 ,        0 ,  756.404 ,  778.641 ,    0.000 ,  778.641 ,  782.641 ,   62.869 ,    0.000 ,   22.238 ,   13.205 ,        4 , 	)
 130 	 (   1 ,  778.000 , 1018.000 ,        0 ,  784.299 ,  806.537 ,    0.000 ,  806.537 ,  809.537 ,   61.299 ,    0.000 ,   22.238 ,   25.829 ,        5 , 	)
  70 	 (   3 ,  720.000 ,  960.000 ,        0 ,  799.914 ,  822.151 ,    0.000 ,  822.151 ,  824.151 ,    0.000 ,    0.000 ,   22.238 ,    4.714 ,        6 , 	)
  78 	 (   4 ,  780.000 ,  960.000 ,        0 ,  815.737 ,  837.974 ,    0.000 ,  837.974 ,  838.974 ,    0.000 ,    0.000 ,   22.238 ,   -0.464 ,        7 , 	)
   5 	 (   8 ,  729.000 ,  958.477 ,        0 ,  822.750 ,  844.988 ,    0.000 ,  844.988 ,  848.988 ,    0.000 ,    0.000 ,   22.238 ,    7.483 ,        8 , 	)
 156 	 (   6 ,  767.000 , 1007.000 ,        0 ,  839.874 ,  862.111 ,    0.000 ,  862.111 ,  864.111 ,   37.960 ,    0.000 ,   22.238 ,   -2.283 ,        9 , 	)
  91 	 (   2 ,  812.000 ,  992.000 ,        0 ,  855.989 ,  878.227 ,    0.000 ,  878.227 ,  882.227 ,   29.239 ,    0.000 ,   22.238 ,   10.253 ,       10 , 	)
  42 	 (   6 ,  780.000 ,  900.000 ,        0 ,  877.762 ,  900.000 ,    0.000 ,  900.000 ,  904.000 ,    0.000 ,   -0.000 ,   22.238 ,    5.532 ,       11 , 	)
 145 	 (   5 ,  878.000 ,  998.000 ,        0 ,  891.598 ,  913.835 ,    0.000 ,  913.835 ,  914.835 ,  167.598 ,    3.402 ,   22.238 ,    3.214 ,       12 , 	)
  63 	 (   6 ,  720.000 ,  960.000 ,        0 ,  899.713 ,  921.950 ,   13.486 ,  935.437 ,  936.437 ,    0.000 ,   24.563 ,   35.724 ,    0.446 ,       13 , 	)
 149 	 (   5 ,  783.000 , 1023.000 ,        0 ,  924.244 ,  959.968 ,    0.000 ,  959.968 ,  960.968 ,   23.531 ,   25.017 ,   35.724 ,   11.325 ,       14 , 	)
 128 	 (   1 ,  819.698 ,  999.000 ,        0 ,  938.259 ,  973.983 ,    0.000 ,  973.983 ,  977.983 ,   69.983 ,   25.017 ,   35.724 ,    3.835 ,       15 , 	)
 164 	 (   0 ,  931.000 , 1111.000 ,        0 ,  972.701 , 1008.425 ,    0.000 , 1008.425 , 1009.425 ,  169.450 ,   32.550 ,   35.724 ,    9.792 ,       16 , 	)
  71 	 (   2 ,  960.000 , 1200.000 ,        0 ,  980.665 , 1016.389 ,    0.000 , 1016.389 , 1018.389 ,    0.000 ,  164.765 ,   35.724 ,    0.157 ,       17 , 	)
  43 	 (   6 , 1020.000 , 1200.000 ,        0 ,  999.511 , 1035.235 ,    0.000 , 1035.235 , 1039.235 ,    0.000 ,   58.389 ,   15.235 ,   17.846 ,       18 , 	)
 157 	 (   4 , 1087.000 , 1267.000 ,        0 , 1072.765 , 1088.000 ,    0.000 , 1088.000 , 1090.000 ,   69.611 ,   58.389 ,    1.000 ,    0.000 ,       19 , 	)
 129 	 (   0 , 1090.000 , 1330.000 ,        0 , 1089.000 , 1090.000 ,    0.000 , 1090.000 , 1094.000 ,   50.765 ,   79.235 ,    0.000 ,    0.000 ,       20 , 	)
 173 	 (   0 ,    0.000 , 1440.000 ,        0 , 1115.153 , 1115.153 ,    0.000 , 1115.153 , 1115.153 ,    0.000 ,  324.847 ,   -0.000 ,    0.000 ,       21 , 	)

	20 sommets 
	values : ( Cost : 447.336 , TRT : 410.267 , TWT :  29.924 , TD : 515.862 )
	violations : ( VC :       0 , VTW :   0.000 , VTD :   0.000 , VTRT :   0.000 )
	cout global : (   0.000	 )
S(i)	 (   C ,     TW0 ,       TW1 ,       VTW ,       Min ,       A ,       W ,       B ,       D ,       L ,       F ,       E ,       Det ,       [Imp ,       Imp]	)
   0 	 (   0 ,    0.000 , 1440.000 ,        0 ,    0.000 ,  348.338 ,    0.000 ,  348.338 ,  348.338 ,    0.000 ,    0.000 ,  348.338 ,    0.000 ,        0 , 	)
  16 	 (   4 ,  277.000 ,  450.823 ,        0 ,   43.977 ,  392.315 ,    0.000 ,  392.315 ,  396.315 ,    0.000 ,    0.000 ,  115.315 ,   39.910 ,        1 , 	)
  66 	 (   5 ,  240.000 ,  420.000 ,        0 ,  301.320 ,  416.635 ,    0.000 ,  416.635 ,  417.635 ,    0.000 ,    0.000 ,  115.315 ,    0.160 ,        2 , 	)
 102 	 (   1 ,  367.000 ,  487.000 ,        0 ,  314.338 ,  429.653 ,    0.000 ,  429.653 ,  433.653 ,   33.338 ,    0.000 ,   62.653 ,   -0.386 ,        3 , 	)
  86 	 (   5 ,  300.000 ,  480.000 ,        0 ,  394.446 ,  457.098 ,    0.000 ,  457.098 ,  461.098 ,    0.000 ,    0.000 ,   62.653 ,    5.153 ,        4 , 	)
 152 	 (   4 ,  372.000 ,  492.000 ,        0 ,  406.306 ,  468.959 ,    0.000 ,  468.959 ,  469.959 ,   51.324 ,    0.000 ,   62.653 ,   -3.283 ,        5 , 	)
  82 	 (   5 ,  243.000 ,  480.000 ,        0 ,  417.347 ,  480.000 ,    0.000 ,  480.000 ,  481.000 ,    0.000 ,    0.000 ,   62.653 ,    3.707 ,        6 , 	)
  62 	 (   6 ,  486.000 ,  720.000 ,        0 ,  424.865 ,  487.517 ,    6.641 ,  494.158 ,  495.158 ,    0.000 ,    0.000 ,    8.158 ,   -0.971 ,        7 , 	)
 168 	 (   5 ,  346.000 ,  526.000 ,        0 ,  517.842 ,  526.000 ,    0.000 ,  526.000 ,  527.000 ,   45.000 ,    0.000 ,    8.158 ,    2.522 ,        8 , 	)
 172 	 (   1 ,  382.000 ,  562.000 ,        0 ,  530.747 ,  538.905 ,    0.000 ,  538.905 ,  542.905 ,   77.806 ,   23.095 ,    8.158 ,    4.511 ,        9 , 	)
 148 	 (   0 ,  578.000 ,  758.000 ,        0 ,  546.559 ,  554.717 ,   23.283 ,  578.000 ,  579.000 ,   82.842 ,    8.158 ,    0.000 ,    6.687 ,       10 , 	)
  18 	 (   3 ,  480.000 ,  720.000 ,        0 ,  607.222 ,  607.222 ,    0.000 ,  607.222 ,  610.222 ,    0.000 ,   29.701 ,    0.000 ,    0.000 ,       11 , 	)
  57 	 (   5 ,  517.000 ,  691.320 ,        0 ,  610.222 ,  610.222 ,    0.000 ,  610.222 ,  612.222 ,    0.000 ,   23.271 ,    0.000 ,    0.000 ,       12 , 	)
  56 	 (   7 ,  600.000 ,  720.000 ,        0 ,  616.580 ,  616.580 ,    0.000 ,  616.580 ,  618.580 ,    0.000 ,   23.271 ,    0.000 ,    3.963 ,       13 , 	)
 142 	 (   5 ,  625.210 ,  846.000 ,        0 ,  641.789 ,  641.789 ,    0.000 ,  641.789 ,  643.789 ,   23.210 ,   23.271 ,    0.000 ,    5.615 ,       14 , 	)
 143 	 (   3 ,  606.000 ,  726.000 ,        0 ,  660.769 ,  660.769 ,    0.000 ,  660.769 ,  662.769 ,   48.547 ,   23.271 ,    0.000 ,   14.986 ,       15 , 	)
  37 	 (   7 ,  480.000 ,  720.000 ,        0 ,  690.299 ,  690.299 ,    0.000 ,  690.299 ,  694.299 ,    0.000 ,   23.271 ,    0.000 ,   31.563 ,       16 , 	)
 104 	 (   4 ,  583.000 ,  823.000 ,        0 ,  721.950 ,  721.950 ,    0.000 ,  721.950 ,  724.950 ,  111.729 ,   23.271 ,    0.000 ,    6.115 ,       17 , 	)
 123 	 (   0 ,  571.000 ,  811.000 ,        0 ,  736.365 ,  736.365 ,    0.000 ,  736.365 ,  740.365 ,   42.066 ,   74.635 ,    0.000 ,    0.744 ,       18 , 	)
 173 	 (   0 ,    0.000 , 1440.000 ,        0 ,  758.605 ,  758.605 ,    0.000 ,  758.605 ,  758.605 ,    0.000 ,  681.395 ,    0.000 ,    0.000 ,       19 , 	)

	24 sommets 
	values : ( Cost : 506.746 , TRT : 425.089 , TWT :   6.077 , TD : 669.469 )
	violations : ( VC :       0 , VTW :   0.000 , VTD :   0.000 , VTRT :   0.000 )
	cout global : (   0.000	 )
S(i)	 (   C ,     TW0 ,       TW1 ,       VTW ,       Min ,       A ,       W ,       B ,       D ,       L ,       F ,       E ,       Det ,       [Imp ,       Imp]	)
   0 	 (   0 ,    0.000 , 1440.000 ,        0 ,    0.000 ,  286.497 ,    0.000 ,  286.497 ,  286.497 ,    0.000 ,    0.000 ,  286.497 ,    0.000 ,        0 , 	)
   1 	 (   1 ,  300.000 ,  480.000 ,        0 ,   30.938 ,  317.435 ,    0.000 ,  317.435 ,  318.435 ,    0.000 ,    0.000 ,   17.435 ,    6.219 ,        1 , 	)
  55 	 (   3 ,  240.000 ,  420.000 ,        0 ,  311.217 ,  328.653 ,    0.000 ,  328.653 ,  330.653 ,    0.000 ,    0.000 ,   17.435 ,    7.363 ,        2 , 	)
  38 	 (   4 ,  240.000 ,  480.000 ,        0 ,  331.337 ,  348.772 ,    0.000 ,  348.772 ,  349.772 ,    0.000 ,    0.000 ,   17.435 ,    3.342 ,        3 , 	)
  87 	 (   3 ,  344.000 ,  580.000 ,        0 ,  350.774 ,  368.210 ,    0.000 ,  368.210 ,  369.210 ,   49.774 ,    0.000 ,   17.435 ,   -3.544 ,        4 , 	)
 141 	 (   1 ,  314.000 ,  494.000 ,        0 ,  367.253 ,  384.689 ,    0.000 ,  384.689 ,  386.689 ,   54.036 ,    0.000 ,   17.435 ,    3.360 ,        5 , 	)
  54 	 (   3 ,  240.000 ,  480.000 ,        0 ,  386.631 ,  404.066 ,    0.000 ,  404.066 ,  406.066 ,    0.000 ,    0.000 ,   17.435 ,    5.787 ,        6 , 	)
  40 	 (   5 ,  308.000 ,  420.581 ,        0 ,  394.932 ,  412.367 ,    0.000 ,  412.367 ,  414.367 ,    0.000 ,    0.000 ,   17.435 ,    0.665 ,        7 , 	)
 124 	 (   4 ,  297.000 ,  537.000 ,        0 ,  404.656 ,  422.092 ,    0.000 ,  422.092 ,  423.092 ,   72.320 ,    0.000 ,   17.435 ,    5.552 ,        8 , 	)
  67 	 (   5 ,  240.000 ,  480.000 ,        0 ,  419.094 ,  436.529 ,    0.000 ,  436.529 ,  437.529 ,    0.000 ,    0.000 ,   17.435 ,    3.986 ,        9 , 	)
 126 	 (   3 ,  394.000 ,  454.000 ,        0 ,  436.565 ,  454.000 ,    0.000 ,  454.000 ,  456.000 ,   39.633 ,    0.000 ,   17.435 ,    0.639 ,       10 , 	)
 140 	 (   1 ,  348.000 ,  588.000 ,        0 ,  445.413 ,  462.848 ,    0.000 ,  462.848 ,  464.848 ,   56.782 ,    9.330 ,   17.435 ,    0.480 ,       11 , 	)
  85 	 (   4 ,  300.000 ,  480.000 ,        0 ,  453.235 ,  470.670 ,    6.077 ,  476.747 ,  479.747 ,    0.000 ,    3.253 ,   23.512 ,    3.286 ,       12 , 	)
  65 	 (   5 ,  480.000 ,  660.000 ,        0 ,  461.477 ,  484.989 ,    0.000 ,  484.989 ,  485.989 ,    0.000 ,   31.541 ,    4.989 ,    0.000 ,       13 , 	)
 153 	 (   4 ,  300.000 ,  540.000 ,        0 ,  481.000 ,  485.989 ,    0.000 ,  485.989 ,  486.989 ,   48.459 ,   31.541 ,    4.989 ,    0.000 ,       14 , 	)
  73 	 (   5 ,  480.000 ,  720.000 ,        0 ,  516.801 ,  521.789 ,    0.000 ,  521.789 ,  522.789 ,    0.000 ,   63.395 ,    4.989 ,    2.050 ,       15 , 	)
 171 	 (   2 ,  357.000 ,  596.000 ,        0 ,  524.362 ,  529.351 ,    0.000 ,  529.351 ,  532.351 ,   49.605 ,   21.653 ,    4.989 ,    8.823 ,       16 , 	)
  39 	 (   6 ,  480.000 ,  720.000 ,        0 ,  541.244 ,  546.232 ,    0.000 ,  546.232 ,  550.232 ,    0.000 ,   21.653 ,    4.989 ,    9.579 ,       17 , 	)
  76 	 (   7 ,  540.000 ,  660.000 ,        0 ,  560.011 ,  565.000 ,    0.000 ,  565.000 ,  566.000 ,    0.000 ,   21.653 ,    4.989 ,    0.000 ,       18 , 	)
 151 	 (   6 ,  566.000 ,  806.000 ,        0 ,  561.011 ,  566.000 ,    0.000 ,  566.000 ,  567.000 ,   80.011 ,   21.653 ,    0.000 ,    0.000 ,       19 , 	)
 159 	 (   5 ,  540.000 ,  780.000 ,        0 ,  581.137 ,  581.137 ,    0.000 ,  581.137 ,  582.137 ,   58.347 ,   21.653 ,    0.000 ,    7.776 ,       20 , 	)
 162 	 (   4 ,  569.344 ,  737.000 ,        0 ,  604.120 ,  604.120 ,    0.000 ,  604.120 ,  605.120 ,   38.120 ,   37.880 ,    0.000 ,   10.789 ,       21 , 	)
 125 	 (   0 ,  643.000 ,  883.000 ,        0 ,  672.614 ,  672.614 ,    0.000 ,  672.614 ,  676.614 ,  122.381 ,   91.619 ,    0.000 ,   49.225 ,       22 , 	)
 173 	 (   0 ,    0.000 , 1440.000 ,        0 ,  711.586 ,  711.586 ,    0.000 ,  711.586 ,  711.586 ,    0.000 ,  728.414 ,    0.000 ,    0.000 ,       23 , 	)

	18 sommets 
	values : ( Cost : 424.029 , TRT : 439.528 , TWT :  82.709 , TD : 500.038 )
	violations : ( VC :       0 , VTW :   0.000 , VTD :   0.000 , VTRT :   0.000 )
	cout global : (   0.000	 )
S(i)	 (   C ,     TW0 ,       TW1 ,       VTW ,       Min ,       A ,       W ,       B ,       D ,       L ,       F ,       E ,       Det ,       [Imp ,       Imp]	)
   0 	 (   0 ,    0.000 , 1440.000 ,        0 ,    0.000 ,  834.263 ,    0.000 ,  834.263 ,  834.263 ,    0.000 ,    0.000 ,  834.263 ,    0.000 ,        0 , 	)
  10 	 (   3 ,  780.000 ,  960.000 ,        0 ,    9.111 ,  843.374 ,    0.000 ,  843.374 ,  846.374 ,    0.000 ,    0.000 ,   63.374 ,    0.000 ,        1 , 	)
  23 	 (   5 ,  780.000 ,  900.000 ,        0 ,  783.000 ,  846.374 ,    0.000 ,  846.374 ,  848.374 ,    0.000 ,    0.000 ,   63.374 ,    0.000 ,        2 , 	)
  35 	 (   6 ,  780.000 ,  960.000 ,        0 ,  803.586 ,  866.960 ,    0.000 ,  866.960 ,  867.960 ,    0.000 ,    0.000 ,   63.374 ,   -0.056 ,        3 , 	)
 121 	 (   5 ,  817.000 ,  997.000 ,        0 ,  822.986 ,  886.360 ,    0.000 ,  886.360 ,  887.360 ,   18.400 ,    0.000 ,   63.374 ,    4.940 ,        4 , 	)
   2 	 (   8 ,  720.000 ,  960.000 ,        0 ,  836.646 ,  900.020 ,    0.000 ,  900.020 ,  903.020 ,    0.000 ,    0.000 ,   63.374 ,    9.693 ,        5 , 	)
  96 	 (   5 ,  855.000 , 1095.000 ,        0 ,  860.343 ,  923.717 ,    0.000 ,  923.717 ,  926.717 ,   77.343 ,    0.000 ,   63.374 ,   11.693 ,        6 , 	)
 109 	 (   3 ,  910.000 ,  970.000 ,        0 ,  872.594 ,  935.968 ,    0.000 ,  935.968 ,  937.968 ,   87.594 ,    0.000 ,   25.968 ,    0.996 ,        7 , 	)
  88 	 (   0 ,  814.000 ,  994.000 ,        0 ,  916.999 ,  942.968 ,    0.000 ,  942.968 ,  945.968 ,   39.947 ,    0.000 ,   25.968 ,    1.503 ,        8 , 	)
  81 	 (   2 ,  727.000 ,  960.000 ,        0 ,  934.032 ,  960.000 ,    0.000 ,  960.000 ,  962.000 ,    0.000 ,   -0.000 ,   25.968 ,   10.173 ,        9 , 	)
 167 	 (   0 ,  815.000 ,  995.000 ,        0 ,  968.169 ,  994.138 ,    0.000 ,  994.138 ,  996.138 ,   32.138 ,    0.862 ,   25.968 ,    8.648 ,       10 , 	)
  17 	 (   2 , 1020.000 , 1200.000 ,        0 ,  978.968 , 1004.937 ,   82.709 , 1087.646 , 1089.646 ,    0.000 ,   41.553 ,   67.646 ,    4.966 ,       11 , 	)
  14 	 (   5 , 1140.000 , 1200.000 ,        0 , 1072.354 , 1140.000 ,    0.000 , 1140.000 , 1143.000 ,    0.000 ,    1.541 ,    0.000 ,    2.028 ,       12 , 	)
  33 	 (   8 ,  960.000 , 1200.000 ,        0 , 1158.447 , 1158.447 ,    0.000 , 1158.447 , 1161.447 ,    0.000 ,    1.541 ,   -0.000 ,   11.695 ,       13 , 	)
 100 	 (   5 , 1188.714 , 1325.000 ,        0 , 1203.409 , 1203.409 ,    0.000 , 1203.409 , 1206.409 ,   60.409 ,    1.541 ,   -0.000 ,    3.907 ,       14 , 	)
 119 	 (   2 , 1141.000 , 1261.000 ,        0 , 1213.195 , 1213.195 ,    0.000 , 1213.195 , 1216.195 ,   51.749 ,    1.541 ,   -0.000 ,    2.134 ,       15 , 	)
 103 	 (   0 , 1121.000 , 1301.000 ,        0 , 1222.105 , 1222.105 ,    0.000 , 1222.105 , 1224.105 ,  132.459 ,    1.541 ,   -0.000 ,  -15.041 ,       16 , 	)
 173 	 (   0 ,    0.000 , 1440.000 ,        0 , 1273.791 , 1273.791 ,    0.000 , 1273.791 , 1273.791 ,    0.000 ,  166.209 ,   -0.000 ,    0.000 ,       17 , 	)

	8 sommets 
	values : ( Cost : 168.814 , TRT : 142.928 , TWT :   0.000 , TD : 141.882 )
	violations : ( VC :       0 , VTW :   0.000 , VTD :   0.000 , VTRT :   0.000 )
	cout global : (   0.000	 )
S(i)	 (   C ,     TW0 ,       TW1 ,       VTW ,       Min ,       A ,       W ,       B ,       D ,       L ,       F ,       E ,       Det ,       [Imp ,       Imp]	)
   0 	 (   0 ,    0.000 , 1440.000 ,        0 ,    0.000 ,  290.889 ,    0.000 ,  290.889 ,  290.889 ,    0.000 ,  140.429 ,  290.889 ,    0.000 ,        0 , 	)
  53 	 (   4 ,  300.000 ,  480.000 ,        0 ,    9.111 ,  300.000 ,    0.000 ,  300.000 ,  304.000 ,    0.000 ,  140.429 ,    0.000 ,   -1.291 ,        1 , 	)
  24 	 (   7 ,  300.000 ,  480.000 ,        0 ,  312.825 ,  312.825 ,    0.000 ,  312.825 ,  315.825 ,    0.000 ,   30.490 ,    0.000 ,    0.377 ,        2 , 	)
 139 	 (   3 ,  324.132 ,  538.000 ,        0 ,  327.510 ,  327.510 ,    0.000 ,  327.510 ,  331.510 ,   23.510 ,    7.858 ,    0.000 ,    6.445 ,        3 , 	)
  48 	 (   4 ,  245.000 ,  480.000 ,        0 ,  339.571 ,  339.571 ,    0.000 ,  339.571 ,  340.571 ,    0.000 ,    7.858 ,    0.000 ,    8.501 ,        4 , 	)
 134 	 (   3 ,  343.000 ,  523.000 ,        0 ,  376.801 ,  376.801 ,    0.000 ,  376.801 ,  377.801 ,   36.230 ,    7.858 ,    0.000 ,   12.405 ,        5 , 	)
 110 	 (   0 ,  369.000 ,  549.000 ,        0 ,  397.967 ,  397.967 ,    0.000 ,  397.967 ,  400.967 ,   82.142 ,    7.858 ,    0.000 ,   27.926 ,        6 , 	)
 173 	 (   0 ,    0.000 , 1440.000 ,        0 ,  433.817 ,  433.817 ,    0.000 ,  433.817 ,  433.817 ,    0.000 , 1006.183 ,    0.000 ,    0.000 ,        7 , 	)

	18 sommets 
	values : ( Cost : 397.916 , TRT : 435.650 , TWT :  96.465 , TD : 428.917 )
	violations : ( VC :       0 , VTW :   0.000 , VTD :   0.000 , VTRT :   0.000 )
	cout global : (   0.000	 )
S(i)	 (   C ,     TW0 ,       TW1 ,       VTW ,       Min ,       A ,       W ,       B ,       D ,       L ,       F ,       E ,       Det ,       [Imp ,       Imp]	)
   0 	 (   0 ,    0.000 , 1440.000 ,        0 ,    0.000 ,  587.365 ,    0.000 ,  587.365 ,  587.365 ,    0.000 ,    0.000 ,  587.365 ,    0.000 ,        0 , 	)
  58 	 (   3 ,  540.000 ,  600.000 ,        0 ,   12.635 ,  600.000 ,    0.000 ,  600.000 ,  603.000 ,    0.000 ,    0.000 ,   60.000 ,    2.192 ,        1 , 	)
 144 	 (   0 ,  556.944 ,  641.000 ,        0 ,  556.944 ,  616.944 ,    0.000 ,  616.944 ,  619.944 ,   13.944 ,   24.056 ,   60.000 ,    3.080 ,        2 , 	)
  34 	 (   2 ,  720.000 ,  900.000 ,        0 ,  582.130 ,  642.130 ,   96.465 ,  738.595 ,  740.595 ,    0.000 ,    8.656 ,   18.595 ,   -1.944 ,        3 , 	)
  46 	 (   3 ,  720.000 ,  780.000 ,        0 ,  738.647 ,  757.241 ,    0.000 ,  757.241 ,  758.241 ,    0.000 ,    6.986 ,   18.595 ,   16.868 ,        4 , 	)
 132 	 (   2 ,  748.881 ,  856.000 ,        0 ,  767.528 ,  786.123 ,    0.000 ,  786.123 ,  787.123 ,   27.881 ,    6.986 ,   18.595 ,   13.023 ,        5 , 	)
  45 	 (   3 ,  746.000 ,  948.447 ,        0 ,  792.835 ,  811.430 ,    0.000 ,  811.430 ,  812.430 ,    0.000 ,    6.986 ,   18.595 ,    2.636 ,        6 , 	)
  32 	 (   7 ,  780.000 ,  960.000 ,        0 ,  799.617 ,  818.211 ,    0.000 ,  818.211 ,  822.211 ,    0.000 ,    6.986 ,   18.595 ,    2.366 ,        7 , 	)
 120 	 (   5 ,  771.000 ,  998.000 ,        0 ,  811.014 ,  829.608 ,    0.000 ,  829.608 ,  831.608 ,   89.014 ,    6.986 ,   18.595 ,   -4.250 ,        8 , 	)
 118 	 (   1 ,  825.673 , 1048.000 ,        0 ,  843.039 ,  861.634 ,    0.000 ,  861.634 ,  865.634 ,   39.423 ,    8.656 ,   18.595 ,   -0.422 ,        9 , 	)
  19 	 (   2 ,  720.000 ,  960.000 ,        0 ,  875.929 ,  894.524 ,    0.000 ,  894.524 ,  895.524 ,    0.000 ,    8.656 ,   18.595 ,    5.056 ,       10 , 	)
  84 	 (   6 ,  734.000 ,  959.417 ,        0 ,  892.392 ,  910.986 ,    0.000 ,  910.986 ,  914.986 ,    0.000 ,    8.656 ,   18.595 ,    0.000 ,       11 , 	)
 131 	 (   5 ,  879.000 ,  999.000 ,        0 ,  896.392 ,  914.986 ,    0.000 ,  914.986 ,  915.986 ,  102.556 ,    5.643 ,   18.595 ,    0.000 ,       12 , 	)
 105 	 (   4 ,  820.000 , 1060.000 ,        0 ,  939.936 ,  958.531 ,    0.000 ,  958.531 ,  959.531 ,   63.007 ,    5.643 ,   18.595 ,    7.093 ,       13 , 	)
  51 	 (   8 ,  960.000 , 1200.000 ,        0 ,  948.671 ,  967.265 ,    0.000 ,  967.265 ,  971.265 ,    0.000 ,    5.643 ,    7.265 ,   15.469 ,       14 , 	)
 137 	 (   4 ,  979.000 , 1219.000 ,        0 ,  971.735 ,  979.000 ,    0.000 ,  979.000 ,  983.000 ,    7.735 ,    5.643 ,    0.000 ,    3.917 ,       15 , 	)
 170 	 (   0 ,  829.000 , 1009.000 ,        0 , 1000.344 , 1000.344 ,    0.000 , 1000.344 , 1004.344 ,   85.357 ,    5.643 ,    0.000 ,    1.859 ,       16 , 	)
 173 	 (   0 ,    0.000 , 1440.000 ,        0 , 1023.015 , 1023.015 ,    0.000 , 1023.015 , 1023.015 ,    0.000 ,  416.985 ,    0.000 ,    0.000 ,       17 , 	)

	22 sommets 
	values : ( Cost : 458.941 , TRT : 425.015 , TWT :  33.947 , TD : 691.545 )
	violations : ( VC :       0 , VTW :   0.000 , VTD :   0.000 , VTRT :   0.000 )
	cout global : (   0.000	 )
S(i)	 (   C ,     TW0 ,       TW1 ,       VTW ,       Min ,       A ,       W ,       B ,       D ,       L ,       F ,       E ,       Det ,       [Imp ,       Imp]	)
   0 	 (   0 ,    0.000 , 1440.000 ,        0 ,    0.000 ,  279.292 ,    0.000 ,  279.292 ,  279.292 ,    0.000 ,    0.000 ,  279.292 ,    0.000 ,        0 , 	)
   8 	 (   1 ,  240.000 ,  360.000 ,        0 ,   30.938 ,  310.230 ,    0.000 ,  310.230 ,  311.230 ,    0.000 ,    0.000 ,   70.230 ,    8.544 ,        1 , 	)
  68 	 (   4 ,  300.000 ,  360.000 ,        0 ,  264.664 ,  334.894 ,    0.000 ,  334.894 ,  337.894 ,    0.000 ,    0.000 ,   34.894 ,   -2.709 ,        2 , 	)
  13 	 (   8 ,  240.000 ,  480.000 ,        0 ,  345.975 ,  380.869 ,    0.000 ,  380.869 ,  384.869 ,    0.000 ,    0.000 ,   34.894 ,   13.336 ,        3 , 	)
 154 	 (   5 ,  345.205 ,  476.000 ,        0 ,  362.541 ,  397.435 ,    0.000 ,  397.435 ,  400.435 ,   59.541 ,    0.000 ,   34.894 ,   11.596 ,        4 , 	)
  75 	 (   6 ,  240.000 ,  420.000 ,        0 ,  380.992 ,  415.886 ,    0.000 ,  415.886 ,  416.886 ,    0.000 ,    0.000 ,   34.894 ,    7.584 ,        5 , 	)
   7 	 (   7 ,  240.000 ,  480.000 ,        0 ,  402.681 ,  437.575 ,    0.000 ,  437.575 ,  438.575 ,    0.000 ,    0.000 ,   34.894 ,    2.565 ,        6 , 	)
  94 	 (   6 ,  296.165 ,  508.000 ,        0 ,  420.251 ,  455.145 ,    0.000 ,  455.145 ,  456.145 ,  143.915 ,    0.000 ,   34.894 ,   24.756 ,        7 , 	)
  99 	 (   2 ,  326.000 ,  566.000 ,        0 ,  441.106 ,  476.000 ,    0.000 ,  476.000 ,  480.000 ,   91.131 ,    0.000 ,   34.894 ,    0.000 ,        8 , 	)
  52 	 (   6 ,  300.000 ,  480.000 ,        0 ,  445.106 ,  480.000 ,    0.000 ,  480.000 ,  484.000 ,    0.000 ,    0.000 ,   34.894 ,    0.000 ,        9 , 	)
  25 	 (   8 ,  480.000 ,  720.000 ,        0 ,  471.601 ,  506.495 ,    2.971 ,  509.465 ,  511.465 ,    0.000 ,    0.000 ,   29.465 ,   -6.791 ,       10 , 	)
  93 	 (   7 ,  318.000 ,  558.000 ,        0 ,  489.202 ,  518.667 ,    0.000 ,  518.667 ,  519.667 ,   80.092 ,    0.000 ,   29.465 ,    0.753 ,       11 , 	)
 161 	 (   6 ,  292.000 ,  530.000 ,        0 ,  496.421 ,  525.886 ,    0.000 ,  525.886 ,  526.886 ,  109.000 ,   -0.000 ,   29.465 ,   -2.438 ,       12 , 	)
 111 	 (   4 ,  524.000 ,  764.000 ,        0 ,  505.173 ,  534.638 ,    0.000 ,  534.638 ,  536.638 ,   23.173 ,   33.827 ,   10.638 ,    5.324 ,       13 , 	)
 138 	 (   0 ,  376.000 ,  616.000 ,        0 ,  549.895 ,  560.534 ,    0.000 ,  560.534 ,  564.534 ,   76.534 ,   55.466 ,   10.638 ,   11.323 ,       14 , 	)
  26 	 (   2 ,  600.000 ,  720.000 ,        0 ,  558.386 ,  569.024 ,   30.976 ,  600.000 ,  602.000 ,    0.000 ,   38.366 ,    0.000 ,   -2.956 ,       15 , 	)
  47 	 (   6 ,  540.000 ,  720.000 ,        0 ,  629.789 ,  629.789 ,    0.000 ,  629.789 ,  633.789 ,    0.000 ,   38.366 ,    0.000 ,   -0.029 ,       16 , 	)
 112 	 (   4 ,  635.000 ,  807.000 ,        0 ,  637.828 ,  637.828 ,    0.000 ,  637.828 ,  639.828 ,   35.828 ,   38.366 ,    0.000 ,    0.532 ,       17 , 	)
  12 	 (   5 ,  519.000 ,  687.958 ,        0 ,  649.592 ,  649.592 ,    0.000 ,  649.592 ,  650.592 ,    0.000 ,   38.366 ,    0.000 ,    1.887 ,       18 , 	)
  98 	 (   4 ,  654.000 ,  714.000 ,        0 ,  675.634 ,  675.634 ,    0.000 ,  675.634 ,  676.634 ,   25.042 ,   38.366 ,    0.000 ,    2.485 ,       19 , 	)
 133 	 (   0 ,  616.000 ,  796.000 ,        0 ,  681.080 ,  681.080 ,    0.000 ,  681.080 ,  685.080 ,   47.290 ,   50.710 ,    0.000 ,    4.806 ,       20 , 	)
 173 	 (   0 ,    0.000 , 1440.000 ,        0 ,  704.307 ,  704.307 ,    0.000 ,  704.307 ,  704.307 ,    0.000 ,  735.693 ,    0.000 ,    0.000 ,       21 , 	)

	22 sommets 
	values : ( Cost : 438.302 , TRT : 412.003 , TWT :  44.453 , TD : 611.373 )
	violations : ( VC :       0 , VTW :   0.000 , VTD :   0.000 , VTRT :   0.000 )
	cout global : (   0.000	 )
S(i)	 (   C ,     TW0 ,       TW1 ,       VTW ,       Min ,       A ,       W ,       B ,       D ,       L ,       F ,       E ,       Det ,       [Imp ,       Imp]	)
   0 	 (   0 ,    0.000 , 1440.000 ,        0 ,    0.000 ,  253.953 ,    0.000 ,  253.953 ,  253.953 ,    0.000 ,    0.000 ,  253.953 ,    0.000 ,        0 , 	)
  61 	 (   2 ,  240.000 ,  480.000 ,        0 ,   25.451 ,  279.404 ,    0.000 ,  279.404 ,  281.404 ,    0.000 ,    0.000 ,   39.404 ,   10.142 ,        1 , 	)
  36 	 (   3 ,  257.000 ,  465.923 ,        0 ,  288.004 ,  327.408 ,    0.000 ,  327.408 ,  328.408 ,    0.000 ,    0.000 ,   39.404 ,   11.291 ,        2 , 	)
  83 	 (   5 ,  240.000 ,  480.000 ,        0 ,  299.206 ,  338.610 ,    0.000 ,  338.610 ,  340.610 ,    0.000 ,    0.000 ,   39.404 ,    0.000 ,        3 , 	)
  74 	 (   8 ,  300.000 ,  480.000 ,        0 ,  301.206 ,  340.610 ,    0.000 ,  340.610 ,  343.610 ,    0.000 ,    0.000 ,   39.404 ,    0.000 ,        4 , 	)
 122 	 (   7 ,  304.000 ,  484.000 ,        0 ,  311.501 ,  350.905 ,    0.000 ,  350.905 ,  351.905 ,   22.497 ,    0.000 ,   39.404 ,    0.000 ,        5 , 	)
  31 	 (   8 ,  240.000 ,  480.000 ,        0 ,  312.501 ,  351.905 ,    0.000 ,  351.905 ,  352.905 ,    0.000 ,    0.000 ,   39.404 ,    0.000 ,        6 , 	)
 147 	 (   6 ,  353.000 ,  593.000 ,        0 ,  331.892 ,  371.295 ,    0.000 ,  371.295 ,  373.295 ,   89.892 ,    0.000 ,   18.295 ,    0.012 ,        7 , 	)
 169 	 (   4 ,  299.000 ,  539.000 ,        0 ,  366.847 ,  385.142 ,    0.000 ,  385.142 ,  387.142 ,   44.532 ,    0.000 ,   18.295 ,    0.732 ,        8 , 	)
 160 	 (   1 ,  381.000 ,  621.000 ,        0 ,  384.986 ,  403.281 ,    0.000 ,  403.281 ,  406.281 ,   59.671 ,    0.000 ,   18.295 ,    2.146 ,        9 , 	)
   4 	 (   2 ,  240.000 ,  420.000 ,        0 ,  401.705 ,  420.000 ,    0.000 ,  420.000 ,  421.000 ,    0.000 ,    0.000 ,   18.295 ,    2.035 ,       10 , 	)
 117 	 (   1 ,  319.000 ,  559.000 ,        0 ,  430.923 ,  449.219 ,    0.000 ,  449.219 ,  450.219 ,   96.314 ,    9.686 ,   18.295 ,    6.329 ,       11 , 	)
  90 	 (   0 ,  316.000 ,  496.000 ,        0 ,  447.965 ,  466.261 ,    0.000 ,  466.261 ,  467.261 ,   45.261 ,   29.739 ,   18.295 ,   -3.768 ,       12 , 	)
  79 	 (   3 ,  480.000 ,  720.000 ,        0 ,  465.210 ,  483.505 ,   44.453 ,  527.958 ,  530.958 ,    0.000 ,   41.662 ,   47.958 ,    3.791 ,       13 , 	)
  80 	 (   5 ,  480.000 ,  720.000 ,        0 ,  497.637 ,  545.595 ,    0.000 ,  545.595 ,  547.595 ,    0.000 ,   41.662 ,   47.958 ,    4.548 ,       14 , 	)
 165 	 (   2 ,  571.000 ,  811.000 ,        0 ,  523.042 ,  571.000 ,    0.000 ,  571.000 ,  574.000 ,   40.042 ,   41.662 ,    0.000 ,   -1.400 ,       15 , 	)
   6 	 (   4 ,  481.000 ,  720.000 ,        0 ,  580.844 ,  580.844 ,    0.000 ,  580.844 ,  582.844 ,    0.000 ,   41.662 ,    0.000 ,    2.532 ,       16 , 	)
  72 	 (   6 ,  546.000 ,  664.179 ,        0 ,  591.407 ,  591.407 ,    0.000 ,  591.407 ,  593.407 ,    0.000 ,   41.662 ,    0.000 ,    2.586 ,       17 , 	)
  92 	 (   4 ,  594.000 ,  774.000 ,        0 ,  628.980 ,  628.980 ,    0.000 ,  628.980 ,  630.980 ,   46.137 ,   27.068 ,    0.000 ,   25.253 ,       18 , 	)
 166 	 (   2 ,  572.000 ,  812.000 ,        0 ,  648.689 ,  648.689 ,    0.000 ,  648.689 ,  650.689 ,  101.095 ,   27.068 ,    0.000 ,    0.000 ,       19 , 	)
 158 	 (   0 ,  641.000 ,  701.000 ,        0 ,  659.338 ,  659.338 ,    0.000 ,  659.338 ,  661.338 ,   65.932 ,   27.068 ,    0.000 ,    8.336 ,       20 , 	)
 173 	 (   0 ,    0.000 , 1440.000 ,        0 ,  665.956 ,  665.956 ,    0.000 ,  665.956 ,  665.956 ,    0.000 ,  774.044 ,    0.000 ,    0.000 ,       21 , 	)

	18 sommets 
	values : ( Cost : 341.046 , TRT : 286.426 , TWT :   0.000 , TD : 515.542 )
	violations : ( VC :       0 , VTW :   0.000 , VTD :   0.000 , VTRT :   0.000 )
	cout global : (   0.000	 )
S(i)	 (   C ,     TW0 ,       TW1 ,       VTW ,       Min ,       A ,       W ,       B ,       D ,       L ,       F ,       E ,       Det ,       [Imp ,       Imp]	)
   0 	 (   0 ,    0.000 , 1440.000 ,        0 ,    0.000 ,  731.995 ,    0.000 ,  731.995 ,  731.995 ,    0.000 ,    8.043 ,  731.995 ,    0.000 ,        0 , 	)
  60 	 (   1 ,  720.000 ,  960.000 ,        0 ,   21.153 ,  753.148 ,    0.000 ,  753.148 ,  754.148 ,    0.000 ,    8.043 ,   33.148 ,    6.724 ,        1 , 	)
  28 	 (   3 ,  780.000 ,  960.000 ,        0 ,  746.852 ,  780.000 ,    0.000 ,  780.000 ,  782.000 ,    0.000 ,    8.043 ,    0.000 ,    0.000 ,        2 , 	)
 146 	 (   2 ,  772.000 , 1012.000 ,        0 ,  782.000 ,  782.000 ,    0.000 ,  782.000 ,  783.000 ,   27.852 ,    8.043 ,    0.000 ,    0.000 ,        3 , 	)
  11 	 (   4 ,  721.000 ,  960.000 ,        0 ,  800.532 ,  800.532 ,    0.000 ,  800.532 ,  802.532 ,    0.000 ,    8.043 ,    0.000 ,   30.247 ,        4 , 	)
  97 	 (   2 ,  834.000 , 1014.000 ,        0 ,  844.123 ,  844.123 ,    0.000 ,  844.123 ,  846.123 ,   41.592 ,    8.043 ,    0.000 ,    6.917 ,        5 , 	)
  64 	 (   6 ,  720.000 ,  960.000 ,        0 ,  855.211 ,  855.211 ,    0.000 ,  855.211 ,  859.211 ,    0.000 ,    8.043 ,    0.000 ,    0.000 ,        6 , 	)
  21 	 (   8 ,  720.000 ,  900.000 ,        0 ,  859.211 ,  859.211 ,    0.000 ,  859.211 ,  861.211 ,    0.000 ,    8.043 ,    0.000 ,    0.000 ,        7 , 	)
 107 	 (   6 ,  747.383 ,  970.000 ,        0 ,  886.595 ,  886.595 ,    0.000 ,  886.595 ,  888.595 ,   25.383 ,    8.043 ,    0.000 ,   -0.325 ,        8 , 	)
  20 	 (   8 ,  720.000 ,  960.000 ,        0 ,  892.914 ,  892.914 ,    0.000 ,  892.914 ,  894.914 ,    0.000 ,    8.043 ,    0.000 ,    1.662 ,        9 , 	)
 150 	 (   4 ,  811.000 , 1051.000 ,        0 ,  910.047 ,  910.047 ,    0.000 ,  910.047 ,  914.047 ,   50.836 ,    8.043 ,    0.000 ,   27.186 ,       10 , 	)
   3 	 (   5 ,  780.000 ,  960.000 ,        0 ,  937.826 ,  937.826 ,    0.000 ,  937.826 ,  938.826 ,    0.000 ,    8.043 ,    0.000 ,   -2.095 ,       11 , 	)
  50 	 (   6 ,  720.000 ,  960.000 ,        0 ,  951.957 ,  951.957 ,    0.000 ,  951.957 ,  952.957 ,    0.000 ,    8.043 ,    0.000 ,    0.560 ,       12 , 	)
 114 	 (   4 ,  887.000 , 1127.000 ,        0 ,  955.441 ,  955.441 ,    0.000 ,  955.441 ,  957.441 ,  173.441 ,    8.047 ,    0.000 ,    2.994 ,       13 , 	)
 106 	 (   2 ,  851.000 , 1031.000 ,        0 ,  964.577 ,  964.577 ,    0.000 ,  964.577 ,  966.577 ,   69.663 ,    8.047 ,    0.000 ,    7.568 ,       14 , 	)
 136 	 (   1 ,  799.000 , 1039.000 ,        0 , 1008.779 , 1008.779 ,    0.000 , 1008.779 , 1009.779 ,   55.822 ,    8.047 ,    0.000 ,    0.000 ,       15 , 	)
  89 	 (   0 ,  846.000 , 1026.000 ,        0 , 1009.779 , 1009.779 ,    0.000 , 1009.779 , 1010.779 ,   70.953 ,    8.047 ,    0.000 ,    0.000 ,       16 , 	)
 173 	 (   0 ,    0.000 , 1440.000 ,        0 , 1018.420 , 1018.420 ,    0.000 , 1018.420 , 1018.420 ,    0.000 ,  421.580 ,    0.000 ,    0.000 ,       17 , 	)

	12 sommets 
	values : ( Cost : 380.515 , TRT : 381.492 , TWT :  79.391 , TD : 349.647 )
	violations : ( VC :       0 , VTW :   0.000 , VTD :   0.000 , VTRT :   0.000 )
	cout global : (   0.000	 )
S(i)	 (   C ,     TW0 ,       TW1 ,       VTW ,       Min ,       A ,       W ,       B ,       D ,       L ,       F ,       E ,       Det ,       [Imp ,       Imp]	)
   0 	 (   0 ,    0.000 , 1440.000 ,        0 ,    0.000 ,  834.554 ,    0.000 ,  834.554 ,  834.554 ,    0.000 ,    0.000 ,  834.554 ,    0.000 ,        0 , 	)
  41 	 (   1 ,  720.000 ,  960.000 ,        0 ,    9.111 ,  843.665 ,    0.000 ,  843.665 ,  844.665 ,    0.000 ,    0.000 ,  123.665 ,   14.574 ,        1 , 	)
  30 	 (   3 ,  720.000 ,  900.000 ,        0 ,  776.335 ,  900.000 ,    0.000 ,  900.000 ,  902.000 ,    0.000 ,    0.000 ,  123.665 ,   12.343 ,        2 , 	)
 116 	 (   1 ,  751.948 ,  982.000 ,        0 ,  808.283 ,  931.948 ,    0.000 ,  931.948 ,  933.948 ,   29.948 ,    4.808 ,  123.665 ,    0.000 ,        3 , 	)
  22 	 (   2 ,  739.000 ,  948.832 ,        0 ,  810.283 ,  933.948 ,    4.808 ,  938.756 ,  939.756 ,    0.000 ,    0.000 ,  128.474 ,    0.000 ,        4 , 	)
 127 	 (   1 ,  942.000 , 1182.000 ,        0 ,  820.003 ,  948.477 ,    0.000 ,  948.477 ,  949.477 ,  103.811 ,    0.000 ,    6.477 ,    9.075 ,        5 , 	)
 108 	 (   0 ,  799.000 ,  979.000 ,        0 ,  972.523 ,  979.000 ,    0.000 ,  979.000 ,  980.000 ,   39.244 ,    0.000 ,    6.477 ,    0.000 ,        6 , 	)
   9 	 (   1 ,  988.000 , 1185.038 ,        0 ,  973.523 ,  980.000 ,   74.583 , 1054.583 , 1055.583 ,    0.000 ,   77.759 ,   66.583 ,    0.000 ,        7 , 	)
  15 	 (   4 ,  960.000 , 1200.000 ,        0 , 1035.432 , 1102.014 ,    0.000 , 1102.014 , 1105.014 ,    0.000 ,   24.342 ,   66.583 ,   49.695 ,        8 , 	)
  95 	 (   3 , 1112.000 , 1232.000 ,        0 , 1087.658 , 1154.241 ,    0.000 , 1154.241 , 1155.241 ,   98.658 ,   24.342 ,   42.241 ,   28.528 ,        9 , 	)
 101 	 (   0 , 1183.000 , 1303.000 ,        0 , 1140.759 , 1183.000 ,    0.000 , 1183.000 , 1186.000 ,   77.986 ,  120.000 ,    0.000 ,   14.862 ,       10 , 	)
 173 	 (   0 ,    0.000 , 1440.000 ,        0 , 1216.047 , 1216.047 ,    0.000 , 1216.047 , 1216.047 ,    0.000 ,  223.953 ,   -0.000 ,    0.000 ,       11 , 	)
