6
	VALUE ALL : ( Cost : 2484.601 , TRT : 2218.948 , TWT : 104.827 , TD : 3752.289 )
	VIOLATIONS TOTAL : ( VC :       0 , VTW :   0.000 , VTD :   0.000 , VTRT :   0.000 )
 	COUT_ALL : (   0.002 )  T2B:   31801

	14 sommets 
	values : ( Cost : 280.986 , TRT : 243.268 , TWT :   0.000 , TD : 345.697 )
	violations : ( VC :       0 , VTW :   0.000 , VTD :   0.000 , VTRT :   0.000 )
	cout global : (   0.000	 )
S(i)	 (   C ,     TW0 ,       TW1 ,       VTW ,       Min ,       A ,       W ,       B ,       D ,       L ,       F ,       E ,       Det ,       [Imp ,       Imp]	)
   0 	 (   0 ,    0.000 , 1440.000 ,        0 ,    0.000 ,  859.645 ,    0.000 ,  859.645 ,  859.645 ,    0.000 ,   23.740 ,  859.645 ,    0.000 ,        0 , 	)
  17 	 (   3 ,  780.000 ,  960.000 ,        0 ,    6.586 ,  866.231 ,    0.000 ,  866.231 ,  869.231 ,    0.000 ,   23.740 ,   86.231 ,   12.321 ,        1 , 	)
  29 	 (   5 ,  720.000 ,  960.000 ,        0 ,  795.024 ,  881.255 ,    0.000 ,  881.255 ,  883.255 ,    0.000 ,   23.015 ,   86.231 ,    1.106 ,        2 , 	)
   9 	 (   8 ,  780.000 ,  960.000 ,        0 ,  821.035 ,  907.265 ,    0.000 ,  907.265 ,  910.265 ,    0.000 ,   22.535 ,   86.231 ,   18.395 ,        3 , 	)
  74 	 (   5 ,  812.667 , 1042.000 ,        0 ,  838.985 ,  925.216 ,    0.000 ,  925.216 ,  928.216 ,   55.985 ,    4.005 ,   86.231 ,   10.088 ,        4 , 	)
  66 	 (   2 ,  792.907 ,  990.000 ,        0 ,  847.029 ,  933.260 ,    0.000 ,  933.260 ,  936.260 ,   22.995 ,    4.005 ,   86.231 ,    0.000 ,        5 , 	)
  19 	 (   5 ,  780.000 ,  960.000 ,        0 ,  850.029 ,  936.260 ,    0.000 ,  936.260 ,  939.260 ,    0.000 ,   22.535 ,   86.231 ,    0.000 ,        6 , 	)
  86 	 (   3 ,  794.000 , 1034.000 ,        0 ,  871.489 ,  957.720 ,    0.000 ,  957.720 ,  959.720 ,   74.465 ,   22.535 ,   86.231 ,    5.253 ,        7 , 	)
  52 	 (   7 ,  973.000 , 1199.761 ,        0 ,  887.389 ,  973.620 ,    0.000 ,  973.620 ,  977.620 ,    0.000 ,   80.156 ,    0.620 ,    0.505 ,        8 , 	)
  41 	 (   8 ,  960.000 , 1140.000 ,        0 ,  999.223 ,  999.844 ,    0.000 ,  999.844 , 1000.844 ,    0.000 ,    0.620 ,    0.620 ,    0.000 ,        9 , 	)
  76 	 (   5 ,  901.000 , 1081.000 ,        0 , 1000.223 , 1000.844 ,    0.000 , 1000.844 , 1003.844 ,   61.583 ,    0.620 ,    0.620 ,    0.000 ,       10 , 	)
  98 	 (   4 , 1024.000 , 1264.000 ,        0 , 1038.512 , 1039.132 ,    0.000 , 1039.132 , 1040.132 ,   38.289 ,    0.620 ,    0.620 ,    4.122 ,       11 , 	)
 109 	 (   0 , 1070.000 , 1250.000 ,        0 , 1069.380 , 1070.000 ,    0.000 , 1070.000 , 1074.000 ,   92.380 ,    0.620 ,    0.000 ,   45.356 ,       12 , 	)
 115 	 (   0 ,    0.000 , 1440.000 ,        0 , 1102.913 , 1102.913 ,    0.000 , 1102.913 , 1102.913 ,    0.000 ,  337.087 ,    0.000 ,    0.000 ,       13 , 	)

	24 sommets 
	values : ( Cost : 547.176 , TRT : 464.390 , TWT :   4.980 , TD : 846.780 )
	violations : ( VC :       0 , VTW :   0.000 , VTD :   0.000 , VTRT :   0.000 )
	cout global : (   0.000	 )
S(i)	 (   C ,     TW0 ,       TW1 ,       VTW ,       Min ,       A ,       W ,       B ,       D ,       L ,       F ,       E ,       Det ,       [Imp ,       Imp]	)
   0 	 (   0 ,    0.000 , 1440.000 ,        0 ,    0.000 ,  767.329 ,    0.000 ,  767.329 ,  767.329 ,    0.000 ,    0.000 ,  767.329 ,    0.000 ,        0 , 	)
  50 	 (   1 ,  780.000 ,  960.000 ,        0 ,   19.426 ,  786.756 ,    0.000 ,  786.756 ,  787.756 ,    0.000 ,    0.000 ,    6.756 ,    0.000 ,        1 , 	)
   2 	 (   4 ,  720.000 ,  900.000 ,        0 ,  781.000 ,  787.756 ,    0.000 ,  787.756 ,  790.756 ,    0.000 ,    0.000 ,    6.756 ,    0.000 ,        2 , 	)
  54 	 (   5 ,  720.000 ,  960.000 ,        0 ,  792.592 ,  799.347 ,    0.000 ,  799.347 ,  800.347 ,    0.000 ,    0.000 ,    6.756 ,   11.571 ,        3 , 	)
   8 	 (   7 ,  752.000 ,  938.489 ,        0 ,  807.283 ,  814.039 ,    0.000 ,  814.039 ,  816.039 ,    0.000 ,    0.000 ,    6.756 ,    1.065 ,        4 , 	)
 107 	 (   6 ,  821.000 , 1061.000 ,        0 ,  826.365 ,  833.121 ,    0.000 ,  833.121 ,  834.121 ,   45.365 ,    0.000 ,    6.756 ,    7.465 ,        5 , 	)
  21 	 (   7 ,  720.000 ,  900.000 ,        0 ,  837.138 ,  843.893 ,    0.000 ,  843.893 ,  844.893 ,    0.000 ,    0.000 ,    6.756 ,    1.633 ,        6 , 	)
  65 	 (   5 ,  860.000 ,  980.000 ,        0 ,  860.238 ,  866.993 ,    0.000 ,  866.993 ,  868.993 ,   50.954 ,    0.000 ,    6.756 ,    0.553 ,        7 , 	)
 111 	 (   4 ,  790.000 , 1030.000 ,        0 ,  868.918 ,  875.674 ,    0.000 ,  875.674 ,  876.674 ,   75.326 ,    0.000 ,    6.756 ,    2.505 ,        8 , 	)
  78 	 (   3 ,  754.000 ,  987.000 ,        0 ,  876.502 ,  883.258 ,    0.000 ,  883.258 ,  884.258 ,   38.365 ,    0.000 ,    6.756 ,    2.709 ,        9 , 	)
   6 	 (   7 ,  763.000 ,  921.743 ,        0 ,  897.286 ,  904.042 ,    0.000 ,  904.042 ,  908.042 ,    0.000 ,    0.000 ,    6.756 ,   36.780 ,       10 , 	)
  63 	 (   3 ,  829.000 ,  949.000 ,        0 ,  924.544 ,  931.299 ,    0.000 ,  931.299 ,  935.299 ,   23.257 ,    0.000 ,    6.756 ,   10.863 ,       11 , 	)
   5 	 (   7 ,  720.000 ,  960.000 ,        0 ,  953.244 ,  960.000 ,    0.000 ,  960.000 ,  964.000 ,    0.000 ,    0.000 ,    6.756 ,    3.698 ,       12 , 	)
  28 	 (   8 ,  962.000 , 1200.000 ,        0 ,  979.878 ,  986.634 ,    4.980 ,  991.614 ,  992.614 ,    0.000 ,    0.551 ,   11.735 ,    3.941 ,       13 , 	)
  59 	 (   5 ,  833.000 , 1073.000 ,        0 ,  990.469 , 1002.205 ,    0.000 , 1002.205 , 1005.205 ,  211.449 ,    0.551 ,   11.735 ,    7.323 ,       14 , 	)
  62 	 (   1 ,  808.000 , 1048.000 ,        0 , 1018.371 , 1030.107 ,    0.000 , 1030.107 , 1034.107 ,   66.107 ,   15.686 ,   11.735 ,   14.505 ,       15 , 	)
  32 	 (   2 ,  960.000 , 1140.000 ,        0 , 1032.400 , 1044.135 ,    0.000 , 1044.135 , 1045.135 ,    0.000 ,   15.686 ,   11.735 ,    1.329 ,       16 , 	)
  23 	 (   5 , 1020.000 , 1200.000 ,        0 , 1054.670 , 1066.405 ,    0.000 , 1066.405 , 1069.405 ,    0.000 ,   15.686 ,   11.735 ,    0.933 ,       17 , 	)
  85 	 (   4 , 1069.000 , 1249.000 ,        0 , 1071.192 , 1082.928 ,    0.000 , 1082.928 , 1083.928 ,   90.314 ,   15.686 ,   11.735 ,    0.881 ,       18 , 	)
  16 	 (   7 , 1020.000 , 1200.000 ,        0 , 1091.568 , 1103.304 ,    0.000 , 1103.304 , 1106.304 ,    0.000 ,   25.279 ,   11.735 ,   18.535 ,       19 , 	)
  80 	 (   4 , 1072.000 , 1310.000 ,        0 , 1123.895 , 1135.630 ,    0.000 , 1135.630 , 1138.630 ,   66.225 ,   25.279 ,   11.735 ,    3.408 ,       20 , 	)
  89 	 (   3 , 1033.000 , 1273.000 ,        0 , 1146.121 , 1157.856 ,    0.000 , 1157.856 , 1158.856 ,  112.721 ,   25.279 ,   11.735 ,    7.432 ,       21 , 	)
  73 	 (   0 , 1173.000 , 1353.000 ,        0 , 1161.265 , 1173.000 ,    0.000 , 1173.000 , 1176.000 ,   66.696 ,  180.000 ,    0.000 ,   20.053 ,       22 , 	)
 115 	 (   0 ,    0.000 , 1440.000 ,        0 , 1231.720 , 1231.720 ,    0.000 , 1231.720 , 1231.720 ,    0.000 ,  208.280 ,    0.000 ,    0.000 ,       23 , 	)

	16 sommets 
	values : ( Cost : 271.004 , TRT : 247.807 , TWT :   6.044 , TD : 416.985 )
	violations : ( VC :       0 , VTW :   0.000 , VTD :   0.000 , VTRT :   0.000 )
	cout global : (   0.000	 )
S(i)	 (   C ,     TW0 ,       TW1 ,       VTW ,       Min ,       A ,       W ,       B ,       D ,       L ,       F ,       E ,       Det ,       [Imp ,       Imp]	)
   0 	 (   0 ,    0.000 , 1440.000 ,        0 ,    0.000 ,  303.838 ,    0.000 ,  303.838 ,  303.838 ,    0.000 ,    0.000 ,  303.838 ,    0.000 ,        0 , 	)
  37 	 (   2 ,  240.000 ,  480.000 ,        0 ,    3.762 ,  307.599 ,    0.000 ,  307.599 ,  309.599 ,    0.000 ,    0.000 ,   67.599 ,    2.176 ,        1 , 	)
  26 	 (   6 ,  240.000 ,  480.000 ,        0 ,  249.577 ,  317.177 ,    0.000 ,  317.177 ,  321.177 ,    0.000 ,    0.000 ,   67.599 ,    2.084 ,        2 , 	)
  94 	 (   4 ,  294.000 ,  534.000 ,        0 ,  274.516 ,  342.115 ,    0.000 ,  342.115 ,  344.115 ,   32.516 ,    0.000 ,   48.115 ,    1.097 ,        3 , 	)
  53 	 (   7 ,  240.000 ,  480.000 ,        0 ,  307.492 ,  355.607 ,    0.000 ,  355.607 ,  358.607 ,    0.000 ,    0.000 ,   48.115 ,    3.352 ,        4 , 	)
 110 	 (   4 ,  288.000 ,  528.000 ,        0 ,  333.767 ,  381.882 ,    0.000 ,  381.882 ,  384.882 ,   23.275 ,    0.000 ,   48.115 ,    5.321 ,        5 , 	)
   4 	 (   5 ,  240.000 ,  420.000 ,        0 ,  353.980 ,  402.095 ,    0.000 ,  402.095 ,  403.095 ,    0.000 ,    0.000 ,   48.115 ,   12.398 ,        6 , 	)
  83 	 (   1 ,  420.000 ,  600.000 ,        0 ,  372.844 ,  420.959 ,    0.000 ,  420.959 ,  424.959 ,   99.782 ,    0.000 ,    0.959 ,    0.000 ,        7 , 	)
  24 	 (   3 ,  300.000 ,  480.000 ,        0 ,  424.000 ,  424.959 ,    0.000 ,  424.959 ,  426.959 ,    0.000 ,    0.000 ,    0.959 ,    0.000 ,        8 , 	)
  81 	 (   1 ,  389.000 ,  569.000 ,        0 ,  469.728 ,  470.686 ,    0.000 ,  470.686 ,  472.686 ,   43.728 ,    0.000 ,    0.959 ,    0.000 ,        9 , 	)
  44 	 (   4 ,  240.000 ,  480.000 ,        0 ,  471.728 ,  472.686 ,    0.000 ,  472.686 ,  475.686 ,    0.000 ,    0.000 ,    0.959 ,    0.000 ,       10 , 	)
  25 	 (   8 ,  480.000 ,  720.000 ,        0 ,  487.458 ,  488.417 ,    0.000 ,  488.417 ,  492.417 ,    0.000 ,    0.000 ,    0.959 ,    5.574 ,       11 , 	)
  61 	 (   7 ,  336.000 ,  516.000 ,        0 ,  515.041 ,  516.000 ,    0.000 ,  516.000 ,  517.000 ,  112.905 ,    0.000 ,    0.959 ,    6.321 ,       12 , 	)
  82 	 (   3 ,  528.000 ,  768.000 ,        0 ,  520.997 ,  521.956 ,    6.044 ,  528.000 ,  532.000 ,   35.583 ,   12.117 ,    0.000 ,    0.183 ,       13 , 	)
 101 	 (   0 ,  437.000 ,  557.000 ,        0 ,  544.883 ,  544.883 ,    0.000 ,  544.883 ,  547.883 ,   69.196 ,   12.117 ,    0.000 ,    5.783 ,       14 , 	)
 115 	 (   0 ,    0.000 , 1440.000 ,        0 ,  551.644 ,  551.644 ,    0.000 ,  551.644 ,  551.644 ,    0.000 ,  888.356 ,    0.000 ,    0.000 ,       15 , 	)

	22 sommets 
	values : ( Cost : 392.737 , TRT : 329.291 , TWT :   0.000 , TD : 702.659 )
	violations : ( VC :       0 , VTW :   0.000 , VTD :   0.000 , VTRT :   0.000 )
	cout global : (   0.000	 )
S(i)	 (   C ,     TW0 ,       TW1 ,       VTW ,       Min ,       A ,       W ,       B ,       D ,       L ,       F ,       E ,       Det ,       [Imp ,       Imp]	)
   0 	 (   0 ,    0.000 , 1440.000 ,        0 ,    0.000 ,  242.175 ,    0.000 ,  242.175 ,  242.175 ,    0.000 ,    8.653 ,  242.175 ,    0.000 ,        0 , 	)
  45 	 (   1 ,  240.000 ,  420.000 ,        0 ,   18.280 ,  260.456 ,    0.000 ,  260.456 ,  261.456 ,    0.000 ,    8.653 ,   20.456 ,    0.193 ,        1 , 	)
  12 	 (   2 ,  240.000 ,  480.000 ,        0 ,  271.695 ,  292.150 ,    0.000 ,  292.150 ,  293.150 ,    0.000 ,    8.653 ,   20.456 ,    5.256 ,        2 , 	)
  27 	 (   4 ,  240.000 ,  420.000 ,        0 ,  277.544 ,  298.000 ,    0.000 ,  298.000 ,  300.000 ,    0.000 ,    8.653 ,   20.456 ,    0.000 ,        3 , 	)
  31 	 (   5 ,  300.000 ,  360.000 ,        0 ,  279.544 ,  300.000 ,    0.000 ,  300.000 ,  301.000 ,    0.000 ,    8.653 ,    0.000 ,    0.000 ,        4 , 	)
  49 	 (   6 ,  240.000 ,  480.000 ,        0 ,  319.280 ,  319.280 ,    0.000 ,  319.280 ,  320.280 ,    0.000 ,    8.653 ,    0.000 ,    0.000 ,        5 , 	)
 102 	 (   5 ,  266.223 ,  489.000 ,        0 ,  320.280 ,  320.280 ,    0.000 ,  320.280 ,  321.280 ,   58.824 ,    8.653 ,    0.000 ,    0.000 ,        6 , 	)
  84 	 (   3 ,  270.564 ,  498.000 ,        0 ,  333.499 ,  333.499 ,    0.000 ,  333.499 ,  335.499 ,   33.499 ,    8.653 ,    0.000 ,   15.827 ,        7 , 	)
  18 	 (   4 ,  240.000 ,  480.000 ,        0 ,  348.114 ,  348.114 ,    0.000 ,  348.114 ,  349.114 ,    0.000 ,    8.653 ,    0.000 ,    0.000 ,        8 , 	)
  14 	 (   7 ,  240.000 ,  480.000 ,        0 ,  349.114 ,  349.114 ,    0.000 ,  349.114 ,  352.114 ,    0.000 ,    8.653 ,    0.000 ,    0.000 ,        9 , 	)
  57 	 (   8 ,  300.000 ,  420.000 ,        0 ,  364.302 ,  364.302 ,    0.000 ,  364.302 ,  365.302 ,    0.000 ,    8.653 ,    0.000 ,    1.803 ,       10 , 	)
  75 	 (   7 ,  359.000 ,  539.000 ,        0 ,  381.634 ,  381.634 ,    0.000 ,  381.634 ,  382.634 ,   32.520 ,    8.653 ,    0.000 ,    6.796 ,       11 , 	)
  88 	 (   6 ,  385.000 ,  505.000 ,        0 ,  391.615 ,  391.615 ,    0.000 ,  391.615 ,  392.615 ,   90.615 ,    8.653 ,    0.000 ,    1.450 ,       12 , 	)
  71 	 (   3 ,  300.000 ,  540.000 ,        0 ,  406.511 ,  406.511 ,    0.000 ,  406.511 ,  409.511 ,   54.398 ,    8.653 ,    0.000 ,    4.081 ,       13 , 	)
 106 	 (   2 ,  322.000 ,  562.000 ,        0 ,  420.224 ,  420.224 ,    0.000 ,  420.224 ,  421.224 ,   99.944 ,    8.653 ,    0.000 ,    1.064 ,       14 , 	)
 114 	 (   1 ,  346.448 ,  542.000 ,        0 ,  434.032 ,  434.032 ,    0.000 ,  434.032 ,  435.032 ,   68.730 ,    8.653 ,    0.000 ,    1.114 ,       15 , 	)
  69 	 (   0 ,  432.000 ,  612.000 ,        0 ,  457.470 ,  457.470 ,    0.000 ,  457.470 ,  458.470 ,  164.320 ,    8.653 ,    0.000 ,    1.344 ,       16 , 	)
  33 	 (   4 ,  245.000 ,  480.000 ,        0 ,  467.347 ,  467.347 ,    0.000 ,  467.347 ,  471.347 ,    0.000 ,    8.653 ,    0.000 ,    0.000 ,       17 , 	)
  34 	 (   6 ,  316.000 ,  480.000 ,        0 ,  471.347 ,  471.347 ,    0.000 ,  471.347 ,  473.347 ,    0.000 ,    8.653 ,    0.000 ,    0.000 ,       18 , 	)
  90 	 (   2 ,  344.000 ,  524.000 ,        0 ,  508.750 ,  508.750 ,    0.000 ,  508.750 ,  512.750 ,   37.404 ,   12.249 ,    0.000 ,   -5.200 ,       19 , 	)
  91 	 (   0 ,  488.000 ,  548.000 ,        0 ,  535.751 ,  535.751 ,    0.000 ,  535.751 ,  537.751 ,   62.405 ,   12.249 ,    0.000 ,   43.724 ,       20 , 	)
 115 	 (   0 ,    0.000 , 1440.000 ,        0 ,  571.466 ,  571.466 ,    0.000 ,  571.466 ,  571.466 ,    0.000 ,  868.534 ,   -0.000 ,    0.000 ,       21 , 	)

	24 sommets 
	values : ( Cost : 513.593 , TRT : 468.201 , TWT :  42.041 , TD : 590.536 )
	violations : ( VC :       0 , VTW :   0.000 , VTD :   0.000 , VTRT :   0.000 )
	cout global : (   0.000	 )
S(i)	 (   C ,     TW0 ,       TW1 ,       VTW ,       Min ,       A ,       W ,       B ,       D ,       L ,       F ,       E ,       Det ,       [Imp ,       Imp]	)
   0 	 (   0 ,    0.000 , 1440.000 ,        0 ,    0.000 ,  269.464 ,    0.000 ,  269.464 ,  269.464 ,    0.000 ,    0.000 ,  269.464 ,    0.000 ,        0 , 	)
  39 	 (   1 ,  244.000 ,  480.000 ,        0 ,   20.711 ,  290.175 ,    0.000 ,  290.175 ,  291.175 ,    0.000 ,    0.000 ,   46.175 ,   27.034 ,        1 , 	)
  35 	 (   3 ,  240.000 ,  360.000 ,        0 ,  293.116 ,  339.291 ,    0.000 ,  339.291 ,  341.291 ,    0.000 ,    0.000 ,   46.175 ,   32.123 ,        2 , 	)
  96 	 (   2 ,  344.000 ,  524.000 ,        0 ,  316.030 ,  362.205 ,    0.000 ,  362.205 ,  363.205 ,   71.030 ,    0.000 ,   18.205 ,    2.689 ,        3 , 	)
  30 	 (   5 ,  250.000 ,  477.717 ,        0 ,  353.581 ,  371.786 ,    0.000 ,  371.786 ,  374.786 ,    0.000 ,    0.000 ,   18.205 ,    3.288 ,        4 , 	)
  46 	 (   6 ,  319.000 ,  402.906 ,        0 ,  374.408 ,  392.614 ,    0.000 ,  392.614 ,  393.614 ,    0.000 ,    0.000 ,   18.205 ,    4.498 ,        5 , 	)
  92 	 (   4 ,  284.000 ,  459.000 ,        0 ,  380.129 ,  398.335 ,    0.000 ,  398.335 ,  400.335 ,   57.044 ,    0.000 ,   18.205 ,    3.263 ,        6 , 	)
  87 	 (   1 ,  329.000 ,  509.000 ,        0 ,  389.100 ,  407.305 ,    0.000 ,  407.305 ,  410.305 ,   32.519 ,    0.000 ,   18.205 ,    2.056 ,        7 , 	)
 103 	 (   0 ,  358.000 ,  418.000 ,        0 ,  399.795 ,  418.000 ,    0.000 ,  418.000 ,  419.000 ,   24.386 ,   -0.000 ,   18.205 ,    6.865 ,        8 , 	)
  42 	 (   1 ,  240.000 ,  480.000 ,        0 ,  409.833 ,  428.038 ,   39.262 ,  467.300 ,  468.300 ,    0.000 ,    0.000 ,   57.467 ,    3.092 ,        9 , 	)
  20 	 (   4 ,  240.000 ,  480.000 ,        0 ,  415.789 ,  473.256 ,    0.000 ,  473.256 ,  476.256 ,    0.000 ,    0.000 ,   57.467 ,    3.885 ,       10 , 	)
  10 	 (   8 ,  240.000 ,  480.000 ,        0 ,  422.533 ,  480.000 ,    0.000 ,  480.000 ,  484.000 ,    0.000 ,    0.000 ,   57.467 ,   -1.149 ,       11 , 	)
  99 	 (   7 ,  259.000 ,  499.000 ,        0 ,  432.541 ,  490.008 ,    0.000 ,  490.008 ,  491.008 ,   21.708 ,    3.292 ,   57.467 ,   -2.323 ,       12 , 	)
  15 	 (   8 ,  480.000 ,  660.000 ,        0 ,  440.519 ,  497.986 ,    2.779 ,  500.765 ,  501.765 ,    0.000 ,   30.555 ,   20.765 ,    1.684 ,       13 , 	)
  67 	 (   4 ,  322.000 ,  562.000 ,        0 ,  510.680 ,  531.445 ,    0.000 ,  531.445 ,  535.445 ,   47.445 ,   30.555 ,   20.765 ,    0.840 ,       14 , 	)
  72 	 (   3 ,  536.000 ,  776.000 ,        0 ,  528.962 ,  549.726 ,    0.000 ,  549.726 ,  550.726 ,   47.962 ,   32.976 ,   13.726 ,    7.959 ,       15 , 	)
  77 	 (   0 ,  439.000 ,  679.000 ,        0 ,  552.086 ,  565.812 ,    0.000 ,  565.812 ,  568.812 ,   89.556 ,   32.976 ,   13.726 ,   22.175 ,       16 , 	)
  55 	 (   2 ,  540.000 ,  720.000 ,        0 ,  591.494 ,  605.220 ,    0.000 ,  605.220 ,  607.220 ,    0.000 ,   32.976 ,   13.726 ,   23.127 ,       17 , 	)
  40 	 (   3 ,  540.000 ,  660.000 ,        0 ,  613.298 ,  627.024 ,    0.000 ,  627.024 ,  628.024 ,    0.000 ,   32.976 ,   13.726 ,    0.980 ,       18 , 	)
  51 	 (   4 ,  540.000 ,  720.000 ,        0 ,  640.537 ,  654.263 ,    0.000 ,  654.263 ,  655.263 ,    0.000 ,   37.060 ,   13.726 ,    6.350 ,       19 , 	)
  97 	 (   3 ,  567.590 ,  732.000 ,        0 ,  648.238 ,  661.964 ,    0.000 ,  661.964 ,  662.964 ,   33.940 ,   37.060 ,   13.726 ,    6.462 ,       20 , 	)
 112 	 (   1 ,  704.000 ,  884.000 ,        0 ,  690.274 ,  704.000 ,    0.000 ,  704.000 ,  706.000 ,   96.780 ,   88.834 ,    0.000 ,   26.716 ,       21 , 	)
 108 	 (   0 ,  638.000 ,  818.000 ,        0 ,  723.429 ,  723.429 ,    0.000 ,  723.429 ,  724.429 ,   68.166 ,   88.834 ,    0.000 ,    5.580 ,       22 , 	)
 115 	 (   0 ,    0.000 , 1440.000 ,        0 ,  737.665 ,  737.665 ,    0.000 ,  737.665 ,  737.665 ,    0.000 ,  702.335 ,    0.000 ,    0.000 ,       23 , 	)

	26 sommets 
	values : ( Cost : 479.105 , TRT : 465.992 , TWT :  51.762 , TD : 849.632 )
	violations : ( VC :       0 , VTW :   0.000 , VTD :   0.000 , VTRT :   0.000 )
	cout global : (   0.000	 )
S(i)	 (   C ,     TW0 ,       TW1 ,       VTW ,       Min ,       A ,       W ,       B ,       D ,       L ,       F ,       E ,       Det ,       [Imp ,       Imp]	)
   0 	 (   0 ,    0.000 , 1440.000 ,        0 ,    0.000 ,  611.432 ,    0.000 ,  611.432 ,  611.432 ,    0.000 ,    0.000 ,  611.432 ,    0.000 ,        0 , 	)
  13 	 (   4 ,  480.000 ,  720.000 ,        0 ,   27.560 ,  638.992 ,    0.000 ,  638.992 ,  642.992 ,    0.000 ,    0.000 ,  158.992 ,    6.681 ,        1 , 	)
  56 	 (   8 ,  540.000 ,  720.000 ,        0 ,  504.914 ,  663.907 ,    0.000 ,  663.907 ,  667.907 ,    0.000 ,    0.000 ,  123.907 ,   13.211 ,        2 , 	)
 113 	 (   4 ,  573.458 ,  803.000 ,        0 ,  573.458 ,  697.365 ,    0.000 ,  697.365 ,  701.365 ,   29.458 ,    0.000 ,  123.907 ,   14.151 ,        3 , 	)
  43 	 (   6 ,  480.000 ,  720.000 ,        0 ,  591.677 ,  715.584 ,    0.000 ,  715.584 ,  717.584 ,    0.000 ,    0.000 ,  123.907 ,    4.530 ,        4 , 	)
  36 	 (   7 ,  720.000 ,  900.000 ,        0 ,  598.992 ,  722.899 ,    0.000 ,  722.899 ,  723.899 ,    0.000 ,    0.000 ,    2.899 ,    2.587 ,        5 , 	)
  93 	 (   6 ,  736.457 ,  943.000 ,        0 ,  736.457 ,  739.356 ,    0.000 ,  739.356 ,  740.356 ,   15.457 ,    0.000 ,    2.899 ,    0.244 ,        6 , 	)
 100 	 (   4 ,  556.000 ,  796.000 ,        0 ,  756.829 ,  759.728 ,    0.000 ,  759.728 ,  761.728 ,   42.144 ,    0.000 ,    2.899 ,    0.650 ,        7 , 	)
   7 	 (   5 ,  720.000 ,  960.000 ,        0 ,  773.116 ,  776.015 ,    0.000 ,  776.015 ,  777.015 ,    0.000 ,    0.000 ,    2.899 ,    1.894 ,        8 , 	)
  48 	 (   8 ,  720.000 ,  960.000 ,        0 ,  780.050 ,  782.949 ,    0.000 ,  782.949 ,  785.949 ,    0.000 ,    0.000 ,    2.899 ,   -0.017 ,        9 , 	)
  70 	 (   4 ,  595.000 ,  835.000 ,        0 ,  789.919 ,  792.818 ,    0.000 ,  792.818 ,  796.818 ,  149.826 ,    0.000 ,    2.899 ,    4.987 ,       10 , 	)
  64 	 (   3 ,  755.000 ,  995.000 ,        0 ,  803.476 ,  806.375 ,    0.000 ,  806.375 ,  807.375 ,   29.360 ,    0.000 ,    2.899 ,    0.000 ,       11 , 	)
  22 	 (   6 ,  720.000 ,  960.000 ,        0 ,  804.476 ,  807.375 ,    0.000 ,  807.375 ,  810.375 ,    0.000 ,    0.000 ,    2.899 ,    0.000 ,       12 , 	)
  47 	 (   7 ,  720.000 ,  960.000 ,        0 ,  813.405 ,  816.305 ,    0.000 ,  816.305 ,  817.305 ,    0.000 ,    0.000 ,    2.899 ,    4.314 ,       13 , 	)
  11 	 (   8 ,  780.000 ,  960.000 ,        0 ,  823.265 ,  826.164 ,    0.000 ,  826.164 ,  827.164 ,    0.000 ,    0.000 ,    2.899 ,    6.396 ,       14 , 	)
 105 	 (   5 ,  795.000 , 1035.000 ,        0 ,  847.102 ,  850.001 ,    0.000 ,  850.001 ,  853.001 ,   64.052 ,    0.000 ,    2.899 ,    1.933 ,       15 , 	)
   1 	 (   7 ,  736.000 ,  893.202 ,        0 ,  858.438 ,  861.337 ,    0.000 ,  861.337 ,  863.337 ,    0.000 ,    0.000 ,    2.899 ,    1.351 ,       16 , 	)
   3 	 (   8 ,  720.000 ,  960.000 ,        0 ,  874.581 ,  877.480 ,    0.000 ,  877.480 ,  878.480 ,    0.000 ,    0.000 ,    2.899 ,   20.136 ,       17 , 	)
  68 	 (   7 ,  829.000 , 1069.000 ,        0 ,  893.587 ,  896.486 ,    0.000 ,  896.486 ,  897.486 ,   69.323 ,    0.000 ,    2.899 ,    3.822 ,       18 , 	)
 104 	 (   6 ,  795.000 , 1035.000 ,        0 ,  904.383 ,  907.283 ,    0.000 ,  907.283 ,  908.283 ,   89.978 ,    0.000 ,    2.899 ,    0.813 ,       19 , 	)
  79 	 (   3 ,  816.000 , 1056.000 ,        0 ,  911.751 ,  914.650 ,    0.000 ,  914.650 ,  917.650 ,  104.275 ,    0.000 ,    2.899 ,    2.955 ,       20 , 	)
  58 	 (   1 ,  812.000 ,  932.000 ,        0 ,  929.101 ,  932.000 ,    0.000 ,  932.000 ,  934.000 ,   68.663 ,    0.000 ,    2.899 ,   -0.635 ,       21 , 	)
  38 	 (   5 ,  960.000 , 1200.000 ,        0 ,  948.335 ,  951.235 ,   51.762 , 1002.997 , 1006.997 ,    0.000 ,  136.426 ,   42.997 ,    5.299 ,       22 , 	)
  60 	 (   4 ,  909.000 , 1149.000 ,        0 ,  969.577 , 1012.574 ,    0.000 , 1012.574 , 1013.574 ,  134.094 ,   76.997 ,   42.997 ,    3.344 ,       23 , 	)
  95 	 (   0 , 1060.000 , 1300.000 ,        0 , 1017.003 , 1060.000 ,    0.000 , 1060.000 , 1064.000 ,   53.003 ,   76.997 ,    0.000 ,   21.786 ,       24 , 	)
 115 	 (   0 ,    0.000 , 1440.000 ,        0 , 1077.424 , 1077.424 ,    0.000 , 1077.424 , 1077.424 ,    0.000 ,  362.576 ,    0.000 ,    0.000 ,       25 , 	)
