9
	VALUE ALL : ( Cost : 3393.089 , TRT : 3210.171 , TWT : 400.976 , TD : 3867.363 )
	VIOLATIONS TOTAL : ( VC :       0 , VTW :   0.000 , VTD :   0.000 , VTRT :   0.000 )
 	COUT_ALL : (   0.003 )  T2B:    3000

	22 sommets 
	values : ( Cost : 458.263 , TRT : 475.447 , TWT :  88.888 , TD : 464.271 )
	violations : ( VC :       0 , VTW :   0.000 , VTD :   0.000 , VTRT :   0.000 )
	cout global : (   0.000	 )
S(i)	 (   C ,     TW0 ,       TW1 ,       VTW ,       Min ,       A ,       W ,       B ,       D ,       L ,       F ,       E ,       Det ,       [Imp ,       Imp]	)
   0 	 (   0 ,    0.000 , 1440.000 ,        0 ,    0.000 ,  416.123 ,    0.000 ,  416.123 ,  416.123 ,    0.000 ,    0.000 ,  416.123 ,    0.000 ,        0 , 	)
  23 	 (   4 ,  300.000 ,  480.000 ,        0 ,   35.249 ,  451.371 ,    0.000 ,  451.371 ,  455.371 ,    0.000 ,    0.000 ,  151.371 ,    9.714 ,        1 , 	)
  55 	 (   6 ,  240.000 ,  480.000 ,        0 ,  328.629 ,  480.000 ,    0.000 ,  480.000 ,  482.000 ,    0.000 ,    0.000 ,  151.371 ,   20.813 ,        2 , 	)
  81 	 (   2 ,  429.000 ,  609.000 ,        0 ,  364.748 ,  516.120 ,    0.000 ,  516.120 ,  520.120 ,   60.748 ,   57.292 ,   87.120 ,   -0.020 ,        3 , 	)
 113 	 (   0 ,  365.000 ,  605.000 ,        0 ,  460.588 ,  547.708 ,    0.000 ,  547.708 ,  549.708 ,   65.708 ,   57.292 ,   87.120 ,    0.000 ,        4 , 	)
  13 	 (   2 ,  480.000 ,  720.000 ,        0 ,  466.568 ,  553.687 ,   76.988 ,  630.675 ,  632.675 ,    0.000 ,    0.000 ,  150.675 ,   -0.000 ,        5 , 	)
  71 	 (   0 ,  548.000 ,  788.000 ,        0 ,  515.822 ,  666.497 ,    0.000 ,  666.497 ,  668.497 ,   33.822 ,    0.000 ,  118.497 ,    0.038 ,        6 , 	)
  37 	 (   4 ,  493.000 ,  720.000 ,        0 ,  560.071 ,  678.568 ,    0.000 ,  678.568 ,  682.568 ,    0.000 ,    0.000 ,  118.497 ,    0.000 ,        7 , 	)
   3 	 (   5 ,  540.000 ,  720.000 ,        0 ,  576.098 ,  694.595 ,    0.000 ,  694.595 ,  695.595 ,    0.000 ,    0.000 ,  118.497 ,    0.171 ,        8 , 	)
  14 	 (   6 ,  540.000 ,  720.000 ,        0 ,  601.503 ,  720.000 ,    0.000 ,  720.000 ,  721.000 ,    0.000 ,    0.000 ,  118.497 ,    0.056 ,        9 , 	)
  95 	 (   2 ,  592.000 ,  772.000 ,        0 ,  613.544 ,  732.041 ,    0.000 ,  732.041 ,  736.041 ,   49.473 ,   10.559 ,  118.497 ,    1.225 ,       10 , 	)
  72 	 (   1 ,  563.907 ,  782.000 ,        0 ,  630.635 ,  749.132 ,    0.000 ,  749.132 ,  750.132 ,   28.132 ,   10.559 ,  118.497 ,    1.007 ,       11 , 	)
  45 	 (   2 ,  780.000 ,  960.000 ,        0 ,  660.533 ,  779.030 ,   10.559 ,  789.589 ,  790.589 ,    0.000 ,    0.000 ,    9.589 ,    0.652 ,       12 , 	)
  61 	 (   1 ,  584.000 ,  820.000 ,        0 ,  785.006 ,  794.595 ,    0.000 ,  794.595 ,  795.595 ,   99.000 ,    0.000 ,    9.589 ,    7.105 ,       13 , 	)
  58 	 (   4 ,  720.000 ,  960.000 ,        0 ,  809.177 ,  818.765 ,    1.341 ,  820.107 ,  823.107 ,    0.000 ,   26.589 ,   10.930 ,   -0.254 ,       14 , 	)
  53 	 (   5 ,  733.000 ,  951.839 ,        0 ,  816.070 ,  827.000 ,    0.000 ,  827.000 ,  828.000 ,    0.000 ,   26.589 ,   10.930 ,    0.000 ,       15 , 	)
 103 	 (   4 ,  828.000 , 1008.000 ,        0 ,  817.070 ,  828.000 ,    0.000 ,  828.000 ,  829.000 ,   37.411 ,   26.589 ,    0.000 ,    0.000 ,       16 , 	)
 111 	 (   3 ,  796.000 ,  976.000 ,        0 ,  852.161 ,  852.161 ,    0.000 ,  852.161 ,  853.161 ,   24.161 ,   37.839 ,    0.000 ,    1.908 ,       17 , 	)
  12 	 (   5 ,  736.000 ,  949.280 ,        0 ,  857.965 ,  857.965 ,    0.000 ,  857.965 ,  859.965 ,    0.000 ,   88.578 ,    0.000 ,    3.295 ,       18 , 	)
 116 	 (   2 ,  810.000 , 1050.000 ,        0 ,  866.467 ,  866.467 ,    0.000 ,  866.467 ,  869.467 ,   43.360 ,   30.543 ,    0.000 ,   -0.263 ,       19 , 	)
  70 	 (   0 ,  791.000 ,  971.000 ,        0 ,  882.422 ,  882.422 ,    0.000 ,  882.422 ,  884.422 ,   22.457 ,   30.543 ,    0.000 ,   -3.249 ,       20 , 	)
 117 	 (   0 ,    0.000 , 1440.000 ,        0 ,  891.569 ,  891.569 ,    0.000 ,  891.569 ,  891.569 ,    0.000 ,  548.431 ,    0.000 ,    0.000 ,       21 , 	)

	16 sommets 
	values : ( Cost : 453.811 , TRT : 371.211 , TWT :   0.000 , TD : 491.156 )
	violations : ( VC :       0 , VTW :   0.000 , VTD :   0.000 , VTRT :   0.000 )
	cout global : (   0.000	 )
S(i)	 (   C ,     TW0 ,       TW1 ,       VTW ,       Min ,       A ,       W ,       B ,       D ,       L ,       F ,       E ,       Det ,       [Imp ,       Imp]	)
   0 	 (   0 ,    0.000 , 1440.000 ,        0 ,    0.000 ,  765.896 ,    0.000 ,  765.896 ,  765.896 ,    0.000 ,    0.963 ,  765.896 ,    0.000 ,        0 , 	)
  42 	 (   3 ,  780.000 ,  960.000 ,        0 ,   14.104 ,  780.000 ,    0.000 ,  780.000 ,  783.000 ,    0.000 ,    0.963 ,    0.000 ,    1.140 ,        1 , 	)
  35 	 (   7 ,  727.000 ,  960.000 ,        0 ,  797.506 ,  797.506 ,    0.000 ,  797.506 ,  801.506 ,    0.000 ,    0.963 ,    0.000 ,    8.435 ,        2 , 	)
  93 	 (   3 ,  819.000 ,  999.000 ,        0 ,  834.532 ,  834.532 ,    0.000 ,  834.532 ,  838.532 ,   33.026 ,    0.963 ,    0.000 ,   15.904 ,        3 , 	)
  32 	 (   7 ,  720.000 ,  900.000 ,        0 ,  893.999 ,  893.999 ,    0.000 ,  893.999 ,  897.999 ,    0.000 ,    0.963 ,    0.000 ,   33.903 ,        4 , 	)
  46 	 (   8 ,  746.000 ,  947.426 ,        0 ,  934.383 ,  934.383 ,    0.000 ,  934.383 ,  935.383 ,    0.000 ,    0.963 ,    0.000 ,   16.989 ,        5 , 	)
 100 	 (   5 ,  928.000 , 1108.000 ,        0 ,  944.765 ,  944.765 ,    0.000 ,  944.765 ,  947.765 ,  161.765 ,    0.963 ,    0.000 ,    0.038 ,        6 , 	)
  90 	 (   1 ,  829.000 , 1009.000 ,        0 ,  951.456 ,  951.456 ,    0.000 ,  951.456 ,  955.456 ,   53.457 ,    0.963 ,    0.000 ,    0.000 ,        7 , 	)
  50 	 (   2 ,  720.000 ,  960.000 ,        0 ,  955.456 ,  955.456 ,    0.000 ,  955.456 ,  956.456 ,    0.000 ,    0.963 ,    0.000 ,    0.000 ,        8 , 	)
 104 	 (   1 ,  877.000 ,  997.000 ,        0 ,  996.037 ,  996.037 ,    0.000 ,  996.037 ,  997.037 ,   60.653 ,    0.963 ,    0.000 ,   46.463 ,        9 , 	)
  16 	 (   2 ,  996.000 , 1173.426 ,        0 , 1051.168 , 1051.168 ,    0.000 , 1051.168 , 1052.168 ,    0.000 ,    1.601 ,   -0.000 ,    4.858 ,       10 , 	)
 108 	 (   1 ,  823.000 , 1063.000 ,        0 , 1061.399 , 1061.399 ,    0.000 , 1061.399 , 1062.399 ,  104.943 ,    1.601 ,   -0.000 ,   10.083 ,       11 , 	)
   7 	 (   2 ,  960.000 , 1200.000 ,        0 , 1081.474 , 1081.474 ,    0.000 , 1081.474 , 1082.474 ,    0.000 ,   38.692 ,   -0.000 ,    6.651 ,       12 , 	)
  74 	 (   1 , 1089.000 , 1209.000 ,        0 , 1105.477 , 1105.477 ,    0.000 , 1105.477 , 1106.477 ,   53.308 ,   37.997 ,   -0.000 ,    0.000 ,       13 , 	)
  65 	 (   0 , 1006.000 , 1246.000 ,        0 , 1106.477 , 1106.477 ,    0.000 , 1106.477 , 1107.477 ,   24.003 ,   37.997 ,   -0.000 ,    0.000 ,       14 , 	)
 117 	 (   0 ,    0.000 , 1440.000 ,        0 , 1137.108 , 1137.108 ,    0.000 , 1137.108 , 1137.108 ,    0.000 ,  302.892 ,   -0.000 ,    0.000 ,       15 , 	)

	12 sommets 
	values : ( Cost : 416.631 , TRT : 477.226 , TWT : 131.969 , TD : 525.811 )
	violations : ( VC :       0 , VTW :   0.000 , VTD :   0.000 , VTRT :   0.000 )
	cout global : (   0.000	 )
S(i)	 (   C ,     TW0 ,       TW1 ,       VTW ,       Min ,       A ,       W ,       B ,       D ,       L ,       F ,       E ,       Det ,       [Imp ,       Imp]	)
   0 	 (   0 ,    0.000 , 1440.000 ,        0 ,    0.000 ,  786.402 ,    0.000 ,  786.402 ,  786.402 ,    0.000 ,    0.000 ,  786.402 ,    0.000 ,        0 , 	)
   2 	 (   4 ,  720.000 ,  840.000 ,        0 ,   53.598 ,  840.000 ,    0.000 ,  840.000 ,  844.000 ,    0.000 ,    0.000 ,  120.000 ,   39.680 ,        1 , 	)
  24 	 (   8 ,  720.000 ,  960.000 ,        0 ,  750.687 ,  870.687 ,   51.055 ,  921.742 ,  925.742 ,    0.000 ,    0.000 ,  171.055 ,   13.766 ,        2 , 	)
  60 	 (   4 ,  765.179 ,  954.000 ,        0 ,  782.945 ,  954.000 ,    0.000 ,  954.000 ,  958.000 ,  110.000 ,    0.000 ,  171.055 ,    0.000 ,        3 , 	)
  41 	 (   5 ,  960.000 , 1200.000 ,        0 ,  786.945 ,  958.000 ,   78.914 , 1036.914 , 1037.914 ,    0.000 ,    0.000 ,   76.914 ,    0.000 ,        4 , 	)
  39 	 (   8 ,  960.000 , 1140.000 ,        0 , 1006.608 , 1083.522 ,    0.000 , 1083.522 , 1086.522 ,    0.000 ,    0.000 ,   76.914 ,   -0.012 ,        5 , 	)
  82 	 (   4 ,  858.000 , 1098.000 ,        0 , 1021.086 , 1098.000 ,    0.000 , 1098.000 , 1102.000 ,  172.258 ,    0.000 ,   76.914 ,    0.000 ,        6 , 	)
  99 	 (   3 , 1104.000 , 1284.000 ,        0 , 1025.086 , 1102.000 ,    2.000 , 1104.000 , 1105.000 ,   66.086 ,   26.247 ,    0.000 ,    0.000 ,        7 , 	)
  15 	 (   7 ,  960.000 , 1200.000 ,        0 , 1158.263 , 1158.263 ,    0.000 , 1158.263 , 1162.263 ,    0.000 ,   26.247 ,   -0.000 ,   32.962 ,        8 , 	)
  73 	 (   3 , 1058.000 , 1298.000 ,        0 , 1209.977 , 1209.977 ,    0.000 , 1209.977 , 1213.977 ,   47.714 ,   26.247 ,   -0.000 ,    0.148 ,        9 , 	)
  97 	 (   0 , 1079.000 , 1259.000 ,        0 , 1216.275 , 1216.275 ,    0.000 , 1216.275 , 1219.275 ,  129.753 ,   26.247 ,   -0.000 ,    0.180 ,       10 , 	)
 117 	 (   0 ,    0.000 , 1440.000 ,        0 , 1263.628 , 1263.628 ,    0.000 , 1263.628 , 1263.628 ,    0.000 ,  176.372 ,   -0.000 ,    0.000 ,       11 , 	)

	14 sommets 
	values : ( Cost : 323.027 , TRT : 395.205 , TWT : 124.327 , TD : 369.295 )
	violations : ( VC :       0 , VTW :   0.000 , VTD :   0.000 , VTRT :   0.000 )
	cout global : (   0.000	 )
S(i)	 (   C ,     TW0 ,       TW1 ,       VTW ,       Min ,       A ,       W ,       B ,       D ,       L ,       F ,       E ,       Det ,       [Imp ,       Imp]	)
   0 	 (   0 ,    0.000 , 1440.000 ,        0 ,    0.000 ,  712.853 ,    0.000 ,  712.853 ,  712.853 ,    0.000 ,    0.000 ,  712.853 ,    0.000 ,        0 , 	)
  25 	 (   4 ,  540.000 ,  720.000 ,        0 ,    7.147 ,  720.000 ,    0.000 ,  720.000 ,  724.000 ,    0.000 ,    0.000 ,  180.000 ,    0.847 ,        1 , 	)
  20 	 (   5 ,  723.000 ,  960.000 ,        0 ,  555.984 ,  735.984 ,   13.067 ,  749.051 ,  750.051 ,    0.000 ,    0.000 ,   26.051 ,    2.808 ,        2 , 	)
  28 	 (   8 ,  720.000 ,  840.000 ,        0 ,  743.583 ,  769.634 ,    0.000 ,  769.634 ,  772.634 ,    0.000 ,    0.000 ,   26.051 ,   27.362 ,        3 , 	)
  83 	 (   4 ,  584.000 ,  819.000 ,        0 ,  792.949 ,  819.000 ,    0.000 ,  819.000 ,  823.000 ,   95.000 ,    0.000 ,   26.051 ,    0.000 ,        4 , 	)
  78 	 (   3 ,  827.000 , 1007.000 ,        0 ,  796.949 ,  823.000 ,    4.000 ,  827.000 ,  828.000 ,   76.949 ,   26.051 ,    0.000 ,    0.000 ,        5 , 	)
  86 	 (   0 ,  839.000 ,  959.000 ,        0 ,  845.638 ,  845.638 ,    0.000 ,  845.638 ,  848.638 ,   73.005 ,   30.344 ,    0.000 ,   16.502 ,        6 , 	)
  47 	 (   1 ,  720.000 ,  960.000 ,        0 ,  858.540 ,  858.540 ,   30.344 ,  888.884 ,  889.884 ,    0.000 ,    0.000 ,   30.344 ,    3.260 ,        7 , 	)
  19 	 (   4 ,  720.000 ,  900.000 ,        0 ,  869.656 ,  900.000 ,    0.000 ,  900.000 ,  903.000 ,    0.000 ,    0.000 ,   30.344 ,   -0.744 ,        8 , 	)
 105 	 (   3 ,  843.000 , 1023.000 ,        0 ,  908.196 ,  938.541 ,    0.000 ,  938.541 ,  939.541 ,   48.656 ,   42.283 ,   30.344 ,    0.000 ,        9 , 	)
  77 	 (   0 ,  810.000 ,  990.000 ,        0 ,  917.373 ,  947.717 ,    0.000 ,  947.717 ,  950.717 ,   44.717 ,   42.283 ,   30.344 ,    1.968 ,       10 , 	)
  43 	 (   2 , 1020.000 , 1200.000 ,        0 ,  942.772 ,  973.117 ,   76.916 , 1050.032 , 1052.032 ,    0.000 ,  149.968 ,   30.032 ,   31.015 ,       11 , 	)
 101 	 (   0 , 1083.000 , 1263.000 ,        0 , 1052.968 , 1083.000 ,    0.000 , 1083.000 , 1085.000 ,   30.968 ,   52.032 ,    0.000 ,   45.658 ,       12 , 	)
 117 	 (   0 ,    0.000 , 1440.000 ,        0 , 1108.057 , 1108.057 ,    0.000 , 1108.057 , 1108.057 ,    0.000 ,  331.943 ,   -0.000 ,    0.000 ,       13 , 	)

	16 sommets 
	values : ( Cost : 439.354 , TRT : 390.768 , TWT :  32.426 , TD : 558.355 )
	violations : ( VC :       0 , VTW :   0.000 , VTD :   0.000 , VTRT :   0.000 )
	cout global : (   0.000	 )
S(i)	 (   C ,     TW0 ,       TW1 ,       VTW ,       Min ,       A ,       W ,       B ,       D ,       L ,       F ,       E ,       Det ,       [Imp ,       Imp]	)
   0 	 (   0 ,    0.000 , 1440.000 ,        0 ,    0.000 ,  623.704 ,    0.000 ,  623.704 ,  623.704 ,    0.000 ,    0.000 ,  623.704 ,    0.000 ,        0 , 	)
   8 	 (   3 ,  540.000 ,  720.000 ,        0 ,   18.285 ,  641.989 ,    0.000 ,  641.989 ,  644.989 ,    0.000 ,    0.000 ,  101.989 ,    2.670 ,        1 , 	)
  57 	 (   4 ,  480.000 ,  720.000 ,        0 ,  558.611 ,  660.599 ,    0.000 ,  660.599 ,  661.599 ,    0.000 ,    0.000 ,  101.989 ,   22.808 ,        2 , 	)
  66 	 (   1 ,  600.000 ,  780.000 ,        0 ,  595.436 ,  697.425 ,    0.000 ,  697.425 ,  700.425 ,   52.436 ,    0.000 ,   97.425 ,    0.909 ,        3 , 	)
  51 	 (   5 ,  540.000 ,  720.000 ,        0 ,  622.575 ,  720.000 ,    0.000 ,  720.000 ,  724.000 ,    0.000 ,    0.000 ,   97.425 ,   19.696 ,        4 , 	)
  49 	 (   6 ,  720.000 ,  900.000 ,        0 ,  652.588 ,  750.013 ,   27.917 ,  777.930 ,  778.930 ,    0.000 ,    0.000 ,   57.930 ,   26.164 ,        5 , 	)
 115 	 (   5 ,  657.000 ,  897.000 ,        0 ,  742.717 ,  800.647 ,    0.000 ,  800.647 ,  801.647 ,  139.048 ,    0.000 ,   57.930 ,    0.279 ,        6 , 	)
 109 	 (   1 ,  580.000 ,  814.000 ,        0 ,  756.070 ,  814.000 ,    0.000 ,  814.000 ,  818.000 ,   90.000 ,    0.000 ,   57.930 ,    8.016 ,        7 , 	)
  40 	 (   2 ,  720.000 ,  960.000 ,        0 ,  784.323 ,  842.253 ,    4.509 ,  846.762 ,  847.762 ,    0.000 ,   15.541 ,   62.439 ,   -2.535 ,        8 , 	)
 107 	 (   1 ,  889.000 , 1069.000 ,        0 ,  826.561 ,  889.000 ,    0.000 ,  889.000 ,  890.000 ,  110.070 ,    4.736 ,    0.000 ,    2.892 ,        9 , 	)
  52 	 (   4 ,  737.000 ,  947.745 ,        0 ,  894.858 ,  894.858 ,    0.000 ,  894.858 ,  897.858 ,    0.000 ,    4.736 ,    0.000 ,    0.050 ,       10 , 	)
 110 	 (   1 ,  789.000 ,  969.000 ,        0 ,  916.113 ,  916.113 ,    0.000 ,  916.113 ,  919.113 ,   18.255 ,    4.736 ,    0.000 ,    2.834 ,       11 , 	)
   4 	 (   2 ,  720.000 ,  960.000 ,        0 ,  944.459 ,  944.459 ,    0.000 ,  944.459 ,  945.459 ,    0.000 ,    4.736 ,    0.000 ,   -0.517 ,       12 , 	)
  98 	 (   1 ,  810.000 , 1050.000 ,        0 ,  963.026 ,  963.026 ,    0.000 ,  963.026 ,  964.026 ,  115.264 ,    4.736 ,    0.000 ,    0.000 ,       13 , 	)
  62 	 (   0 ,  784.000 , 1024.000 ,        0 ,  978.741 ,  978.741 ,    0.000 ,  978.741 ,  979.741 ,   33.282 ,   45.259 ,    0.000 ,    0.684 ,       14 , 	)
 117 	 (   0 ,    0.000 , 1440.000 ,        0 , 1014.471 , 1014.471 ,    0.000 , 1014.471 , 1014.471 ,    0.000 ,  425.529 ,    0.000 ,    0.000 ,       15 , 	)

	8 sommets 
	values : ( Cost : 320.145 , TRT : 260.711 , TWT :   0.000 , TD : 226.950 )
	violations : ( VC :       0 , VTW :   0.000 , VTD :   0.000 , VTRT :   0.000 )
	cout global : (   0.000	 )
S(i)	 (   C ,     TW0 ,       TW1 ,       VTW ,       Min ,       A ,       W ,       B ,       D ,       L ,       F ,       E ,       Det ,       [Imp ,       Imp]	)
   0 	 (   0 ,    0.000 , 1440.000 ,        0 ,    0.000 ,  774.312 ,    0.000 ,  774.312 ,  774.312 ,    0.000 ,   36.817 ,  774.312 ,    0.000 ,        0 , 	)
  33 	 (   4 ,  780.000 ,  900.000 ,        0 ,   26.721 ,  801.033 ,    0.000 ,  801.033 ,  805.033 ,    0.000 ,   36.817 ,   21.033 ,    1.420 ,        1 , 	)
  18 	 (   8 ,  780.000 ,  960.000 ,        0 ,  789.925 ,  810.958 ,    0.000 ,  810.958 ,  814.958 ,    0.000 ,   36.817 ,   21.033 ,    5.407 ,        2 , 	)
  76 	 (   4 ,  847.000 , 1027.000 ,        0 ,  825.967 ,  847.000 ,    0.000 ,  847.000 ,  851.000 ,   32.042 ,   36.817 ,    0.000 ,   49.746 ,        3 , 	)
  30 	 (   6 ,  840.000 ,  960.000 ,        0 ,  923.183 ,  923.183 ,    0.000 ,  923.183 ,  925.183 ,    0.000 ,   36.817 ,    0.000 ,   15.831 ,        4 , 	)
  88 	 (   4 ,  877.127 , 1056.000 ,        0 ,  960.311 ,  960.311 ,    0.000 ,  960.311 ,  962.311 ,   35.127 ,   41.219 ,    0.000 ,    2.813 ,        5 , 	)
  91 	 (   0 ,  904.000 , 1084.000 ,        0 ,  964.814 ,  964.814 ,    0.000 ,  964.814 ,  968.814 ,  159.781 ,   41.219 ,    0.000 ,    2.077 ,        6 , 	)
 117 	 (   0 ,    0.000 , 1440.000 ,        0 , 1035.023 , 1035.023 ,    0.000 , 1035.023 , 1035.023 ,    0.000 ,  404.977 ,    0.000 ,    0.000 ,        7 , 	)

	14 sommets 
	values : ( Cost : 457.458 , TRT : 357.953 , TWT :   0.000 , TD : 448.969 )
	violations : ( VC :       0 , VTW :   0.000 , VTD :   0.000 , VTRT :   0.000 )
	cout global : (   0.000	 )
S(i)	 (   C ,     TW0 ,       TW1 ,       VTW ,       Min ,       A ,       W ,       B ,       D ,       L ,       F ,       E ,       Det ,       [Imp ,       Imp]	)
   0 	 (   0 ,    0.000 , 1440.000 ,        0 ,    0.000 ,  163.662 ,    0.000 ,  163.662 ,  163.662 ,    0.000 ,   11.966 ,  163.662 ,    0.000 ,        0 , 	)
  17 	 (   1 ,  240.000 ,  420.000 ,        0 ,   95.131 ,  258.793 ,    0.000 ,  258.793 ,  259.793 ,    0.000 ,   11.966 ,   18.793 ,   50.765 ,        1 , 	)
  27 	 (   2 ,  300.000 ,  360.000 ,        0 ,  289.574 ,  308.368 ,    0.000 ,  308.368 ,  309.368 ,    0.000 ,    9.050 ,    8.368 ,   40.635 ,        2 , 	)
  85 	 (   1 ,  329.445 ,  437.000 ,        0 ,  329.445 ,  337.813 ,    0.000 ,  337.813 ,  338.813 ,   28.445 ,    9.050 ,    8.368 ,    1.887 ,        3 , 	)
  38 	 (   2 ,  300.000 ,  420.000 ,        0 ,  339.323 ,  347.690 ,    0.000 ,  347.690 ,  348.690 ,    0.000 ,    9.050 ,    8.368 ,    9.456 ,        4 , 	)
  29 	 (   3 ,  300.000 ,  480.000 ,        0 ,  351.664 ,  360.032 ,    0.000 ,  360.032 ,  361.032 ,    0.000 ,    9.050 ,    8.368 ,    0.032 ,        5 , 	)
  96 	 (   2 ,  384.000 ,  564.000 ,        0 ,  375.632 ,  384.000 ,    0.000 ,  384.000 ,  385.000 ,   35.310 ,    9.050 ,    0.000 ,    8.665 ,        6 , 	)
  10 	 (   4 ,  279.000 ,  449.113 ,        0 ,  410.771 ,  410.771 ,    0.000 ,  410.771 ,  412.771 ,    0.000 ,    9.050 ,    0.000 ,   14.183 ,        7 , 	)
  87 	 (   3 ,  390.000 ,  570.000 ,        0 ,  447.436 ,  447.436 ,    0.000 ,  447.436 ,  448.436 ,   86.405 ,    9.050 ,    0.000 ,    0.000 ,        8 , 	)
   1 	 (   4 ,  261.000 ,  460.402 ,        0 ,  448.436 ,  448.436 ,    0.000 ,  448.436 ,  449.436 ,    0.000 ,    9.050 ,    0.000 ,    0.000 ,        9 , 	)
  59 	 (   3 ,  293.000 ,  473.000 ,        0 ,  461.034 ,  461.034 ,    0.000 ,  461.034 ,  462.034 ,   11.598 ,    9.050 ,    0.000 ,    0.000 ,       10 , 	)
  68 	 (   1 ,  361.000 ,  481.000 ,        0 ,  462.034 ,  462.034 ,    0.000 ,  462.034 ,  464.034 ,   49.262 ,    9.050 ,    0.000 ,    0.000 ,       11 , 	)
  75 	 (   0 ,  425.000 ,  605.000 ,        0 ,  497.743 ,  497.743 ,    0.000 ,  497.743 ,  498.743 ,  237.950 ,    9.050 ,    0.000 ,    5.026 ,       12 , 	)
 117 	 (   0 ,    0.000 , 1440.000 ,        0 ,  521.616 ,  521.616 ,    0.000 ,  521.616 ,  521.616 ,    0.000 ,  918.384 ,    0.000 ,    0.000 ,       13 , 	)

	16 sommets 
	values : ( Cost : 314.881 , TRT : 287.103 , TWT :  14.350 , TD : 341.078 )
	violations : ( VC :       0 , VTW :   0.000 , VTD :   0.000 , VTRT :   0.000 )
	cout global : (   0.000	 )
S(i)	 (   C ,     TW0 ,       TW1 ,       VTW ,       Min ,       A ,       W ,       B ,       D ,       L ,       F ,       E ,       Det ,       [Imp ,       Imp]	)
   0 	 (   0 ,    0.000 , 1440.000 ,        0 ,    0.000 ,  316.442 ,    0.000 ,  316.442 ,  316.442 ,    0.000 ,    0.000 ,  316.442 ,    0.000 ,        0 , 	)
  31 	 (   3 ,  240.000 ,  480.000 ,        0 ,   10.274 ,  326.716 ,    0.000 ,  326.716 ,  329.716 ,    0.000 ,    0.000 ,   86.716 ,    1.090 ,        1 , 	)
  54 	 (   4 ,  240.000 ,  480.000 ,        0 ,  256.689 ,  343.405 ,    0.000 ,  343.405 ,  344.405 ,    0.000 ,    0.000 ,   86.716 ,    2.025 ,        2 , 	)
  89 	 (   1 ,  335.000 ,  575.000 ,        0 ,  280.885 ,  367.601 ,    0.000 ,  367.601 ,  370.601 ,   37.885 ,    0.000 ,   32.601 ,   31.876 ,        3 , 	)
   6 	 (   5 ,  279.000 ,  449.662 ,        0 ,  366.950 ,  399.550 ,    0.000 ,  399.550 ,  403.550 ,    0.000 ,    0.000 ,   32.601 ,   12.098 ,        4 , 	)
  11 	 (   7 ,  300.000 ,  480.000 ,        0 ,  382.200 ,  414.801 ,    0.000 ,  414.801 ,  416.801 ,    0.000 ,    0.000 ,   32.601 ,    5.146 ,        5 , 	)
  69 	 (   5 ,  344.000 ,  524.000 ,        0 ,  405.815 ,  438.416 ,    0.000 ,  438.416 ,  440.416 ,   21.615 ,    0.000 ,   32.601 ,   12.874 ,        6 , 	)
  22 	 (   8 ,  243.000 ,  480.000 ,        0 ,  421.986 ,  454.587 ,    0.000 ,  454.587 ,  457.587 ,    0.000 ,    0.000 ,   32.601 ,    0.000 ,        7 , 	)
  64 	 (   4 ,  364.000 ,  484.000 ,        0 ,  424.986 ,  457.587 ,    0.000 ,  457.587 ,  461.587 ,   54.037 ,    0.000 ,   32.601 ,    0.000 ,        8 , 	)
 112 	 (   3 ,  362.000 ,  542.000 ,        0 ,  432.142 ,  464.743 ,    0.000 ,  464.743 ,  465.743 ,  120.338 ,    0.000 ,   32.601 ,    0.000 ,        9 , 	)
  21 	 (   5 ,  240.000 ,  480.000 ,        0 ,  447.399 ,  480.000 ,    0.000 ,  480.000 ,  482.000 ,    0.000 ,   -0.000 ,   32.601 ,    0.000 ,       10 , 	)
  79 	 (   3 ,  262.000 ,  502.000 ,        0 ,  459.590 ,  492.191 ,    0.000 ,  492.191 ,  494.191 ,   10.191 ,    9.809 ,   32.601 ,   -1.456 ,       11 , 	)
  80 	 (   0 ,  349.000 ,  529.000 ,        0 ,  482.573 ,  515.174 ,    0.000 ,  515.174 ,  518.174 ,   57.586 ,   13.826 ,   32.601 ,   25.626 ,       12 , 	)
  44 	 (   3 ,  540.000 ,  720.000 ,        0 ,  501.623 ,  534.223 ,   14.350 ,  548.574 ,  551.574 ,    0.000 ,  171.426 ,    8.574 ,   21.544 ,       13 , 	)
 102 	 (   0 ,  591.000 ,  828.000 ,        0 ,  582.426 ,  591.000 ,    0.000 ,  591.000 ,  594.000 ,   39.426 ,   65.574 ,    0.000 ,   19.755 ,       14 , 	)
 117 	 (   0 ,    0.000 , 1440.000 ,        0 ,  603.545 ,  603.545 ,    0.000 ,  603.545 ,  603.545 ,    0.000 ,  836.455 ,    0.000 ,    0.000 ,       15 , 	)

	16 sommets 
	values : ( Cost : 209.519 , TRT : 194.548 , TWT :   9.015 , TD : 441.477 )
	violations : ( VC :       0 , VTW :   0.000 , VTD :   0.000 , VTRT :   0.000 )
	cout global : (   0.000	 )
S(i)	 (   C ,     TW0 ,       TW1 ,       VTW ,       Min ,       A ,       W ,       B ,       D ,       L ,       F ,       E ,       Det ,       [Imp ,       Imp]	)
   0 	 (   0 ,    0.000 , 1440.000 ,        0 ,    0.000 ,  331.823 ,    0.000 ,  331.823 ,  331.823 ,    0.000 ,    0.000 ,  331.823 ,    0.000 ,        0 , 	)
  36 	 (   1 ,  300.000 ,  480.000 ,        0 ,    8.367 ,  340.189 ,    0.000 ,  340.189 ,  341.189 ,    0.000 ,    0.000 ,   40.189 ,    0.000 ,        1 , 	)
  26 	 (   2 ,  300.000 ,  480.000 ,        0 ,  301.000 ,  341.189 ,    0.000 ,  341.189 ,  342.189 ,    0.000 ,    0.000 ,   40.189 ,    0.000 ,        2 , 	)
   9 	 (   6 ,  240.000 ,  480.000 ,        0 ,  311.800 ,  351.989 ,    0.000 ,  351.989 ,  355.989 ,    0.000 ,    0.000 ,   40.189 ,    0.000 ,        3 , 	)
  56 	 (   7 ,  240.000 ,  480.000 ,        0 ,  315.800 ,  355.989 ,    0.000 ,  355.989 ,  356.989 ,    0.000 ,    0.000 ,   40.189 ,    0.000 ,        4 , 	)
  94 	 (   6 ,  318.914 ,  553.000 ,        0 ,  330.765 ,  370.955 ,    0.000 ,  370.955 ,  371.955 ,   29.765 ,    0.000 ,   40.189 ,    0.000 ,        5 , 	)
   5 	 (   8 ,  240.000 ,  480.000 ,        0 ,  331.765 ,  371.955 ,    0.000 ,  371.955 ,  373.955 ,    0.000 ,    0.000 ,   40.189 ,    0.000 ,        6 , 	)
  63 	 (   6 ,  303.000 ,  543.000 ,        0 ,  364.893 ,  405.083 ,    0.000 ,  405.083 ,  407.083 ,   31.128 ,    0.000 ,   40.189 ,    4.773 ,        7 , 	)
  67 	 (   2 ,  358.000 ,  538.000 ,        0 ,  369.815 ,  410.005 ,    0.000 ,  410.005 ,  414.005 ,   54.015 ,    0.000 ,   40.189 ,   -0.071 ,        8 , 	)
  34 	 (   3 ,  240.000 ,  480.000 ,        0 ,  378.811 ,  419.000 ,    0.000 ,  419.000 ,  420.000 ,    0.000 ,    0.000 ,   40.189 ,    0.000 ,        9 , 	)
  48 	 (   7 ,  240.000 ,  420.000 ,        0 ,  379.811 ,  420.000 ,    0.000 ,  420.000 ,  424.000 ,    0.000 ,    0.000 ,   40.189 ,    0.000 ,       10 , 	)
 114 	 (   6 ,  325.000 ,  565.000 ,        0 ,  389.331 ,  429.520 ,    0.000 ,  429.520 ,  430.520 ,   72.531 ,   21.258 ,   40.189 ,    1.654 ,       11 , 	)
  84 	 (   5 ,  448.000 ,  568.000 ,        0 ,  398.796 ,  438.985 ,    9.015 ,  448.000 ,  449.000 ,  105.811 ,   12.243 ,    0.000 ,   -1.433 ,       12 , 	)
 106 	 (   1 ,  313.000 ,  493.000 ,        0 ,  480.757 ,  480.757 ,    0.000 ,  480.757 ,  484.757 ,   56.757 ,   12.243 ,    0.000 ,   26.699 ,       13 , 	)
  92 	 (   0 ,  357.000 ,  537.000 ,        0 ,  511.471 ,  511.471 ,    0.000 ,  511.471 ,  512.471 ,   91.471 ,   24.529 ,    0.000 ,   -0.973 ,       14 , 	)
 117 	 (   0 ,    0.000 , 1440.000 ,        0 ,  526.371 ,  526.371 ,    0.000 ,  526.371 ,  526.371 ,    0.000 ,  913.629 ,    0.000 ,    0.000 ,       15 , 	)
