14
	VALUE ALL : ( Cost : 4458.104 , TRT : 4843.333 , TWT : 1021.375 , TD : 6890.079 )
	VIOLATIONS TOTAL : ( VC :       0 , VTW :   0.000 , VTD :   0.000 , VTRT :   0.000 )
 	COUT_ALL : (   0.003 )  T2B:   37201

	18 sommets 
	values : ( Cost : 317.954 , TRT : 471.753 , TWT : 190.690 , TD : 553.144 )
	violations : ( VC :       0 , VTW :   0.000 , VTD :   0.000 , VTRT :   0.000 )
	cout global : (   0.000	 )
S(i)	 (   C ,     TW0 ,       TW1 ,       VTW ,       Min ,       A ,       W ,       B ,       D ,       L ,       F ,       E ,       Det ,       [Imp ,       Imp]	)
   0 	 (   0 ,    0.000 , 1440.000 ,        0 ,    0.000 ,  414.652 ,    0.000 ,  414.652 ,  414.652 ,    0.000 ,    0.000 ,  414.652 ,    0.000 ,        0 , 	)
  10 	 (   1 ,  240.000 ,  420.000 ,        0 ,    5.348 ,  420.000 ,    0.000 ,  420.000 ,  421.000 ,    0.000 ,    0.000 ,  180.000 ,    2.653 ,        1 , 	)
  93 	 (   4 ,  300.000 ,  480.000 ,        0 ,  270.070 ,  450.070 ,    6.929 ,  456.998 ,  459.998 ,    0.000 ,    0.000 ,  156.998 ,    0.255 ,        2 , 	)
 104 	 (   7 ,  240.000 ,  480.000 ,        0 ,  322.015 ,  479.014 ,    0.000 ,  479.014 ,  482.014 ,    0.000 ,    0.000 ,  156.998 ,   29.832 ,        3 , 	)
 122 	 (   6 ,  269.980 ,  499.000 ,        0 ,  342.002 ,  499.000 ,    0.000 ,  499.000 ,  500.000 ,   78.000 ,    0.000 ,  156.998 ,   -1.863 ,        4 , 	)
  31 	 (   7 ,  480.000 ,  720.000 ,        0 ,  372.214 ,  529.212 ,   15.980 ,  545.192 ,  546.192 ,    0.000 ,    0.000 ,   65.192 ,    4.944 ,        5 , 	)
 216 	 (   4 ,  374.000 ,  554.000 ,        0 ,  488.808 ,  554.000 ,    0.000 ,  554.000 ,  557.000 ,   71.986 ,    0.000 ,   65.192 ,    5.759 ,        6 , 	)
  78 	 (   8 ,  540.000 ,  660.000 ,        0 ,  496.286 ,  561.478 ,   25.014 ,  586.492 ,  590.492 ,    0.000 ,    0.000 ,   46.492 ,    7.847 ,        7 , 	)
 205 	 (   5 ,  423.000 ,  603.000 ,        0 ,  556.508 ,  603.000 ,    0.000 ,  603.000 ,  606.000 ,  143.002 ,    0.000 ,   46.492 ,  -10.418 ,        8 , 	)
 190 	 (   1 ,  586.000 ,  761.000 ,        0 ,  572.937 ,  619.429 ,    0.000 ,  619.429 ,  623.429 ,   28.937 ,    7.582 ,   33.429 ,    1.408 ,        9 , 	)
 143 	 (   0 ,  550.000 ,  790.000 ,        0 ,  598.181 ,  631.610 ,    0.000 ,  631.610 ,  632.610 ,   85.418 ,    7.582 ,   33.429 ,    1.474 ,       10 , 	)
  84 	 (   1 ,  780.000 ,  960.000 ,        0 ,  603.803 ,  637.232 ,  142.768 ,  780.000 ,  781.000 ,    0.000 ,  104.548 ,    0.000 ,    8.842 ,       11 , 	)
  54 	 (   5 ,  720.000 ,  960.000 ,        0 ,  788.153 ,  788.153 ,    0.000 ,  788.153 ,  792.153 ,    0.000 ,   49.514 ,    0.000 ,    0.812 ,       12 , 	)
 166 	 (   1 ,  833.000 , 1073.000 ,        0 ,  833.261 ,  833.261 ,    0.000 ,  833.261 ,  837.261 ,   41.108 ,   49.514 ,    0.000 ,    2.426 ,       13 , 	)
  96 	 (   5 ,  733.000 ,  951.902 ,        0 ,  844.246 ,  844.246 ,    0.000 ,  844.246 ,  848.246 ,    0.000 ,   49.514 ,    0.000 ,    4.288 ,       14 , 	)
 196 	 (   4 ,  846.000 , 1086.000 ,        0 ,  859.486 ,  859.486 ,    0.000 ,  859.486 ,  860.486 ,   78.486 ,   35.794 ,    0.000 ,    2.108 ,       15 , 	)
 208 	 (   0 ,  799.000 ,  979.000 ,        0 ,  874.452 ,  874.452 ,    0.000 ,  874.452 ,  878.452 ,   26.206 ,   35.794 ,    0.000 ,    7.221 ,       16 , 	)
 225 	 (   0 ,    0.000 , 1440.000 ,        0 ,  886.405 ,  886.405 ,    0.000 ,  886.405 ,  886.405 ,    0.000 ,  553.595 ,    0.000 ,    0.000 ,       17 , 	)

	14 sommets 
	values : ( Cost : 203.953 , TRT : 476.592 , TWT : 297.244 , TD : 489.441 )
	violations : ( VC :       0 , VTW :   0.000 , VTD :   0.000 , VTRT :   0.000 )
	cout global : (   0.000	 )
S(i)	 (   C ,     TW0 ,       TW1 ,       VTW ,       Min ,       A ,       W ,       B ,       D ,       L ,       F ,       E ,       Det ,       [Imp ,       Imp]	)
   0 	 (   0 ,    0.000 , 1440.000 ,        0 ,    0.000 ,  587.308 ,    0.000 ,  587.308 ,  587.308 ,    0.000 ,    0.000 ,  587.308 ,    0.000 ,        0 , 	)
  80 	 (   1 ,  540.000 ,  600.000 ,        0 ,   12.692 ,  600.000 ,    0.000 ,  600.000 ,  601.000 ,    0.000 ,    0.000 ,   60.000 ,   -3.810 ,        1 , 	)
 111 	 (   2 ,  720.000 ,  900.000 ,        0 ,  555.339 ,  615.339 ,  113.064 ,  728.403 ,  729.403 ,    0.000 ,    0.000 ,    8.403 ,    0.617 ,        2 , 	)
 192 	 (   1 ,  568.000 ,  742.000 ,        0 ,  733.597 ,  742.000 ,    0.000 ,  742.000 ,  743.000 ,  141.000 ,    0.000 ,    8.403 ,   -3.753 ,        3 , 	)
  66 	 (   2 ,  720.000 ,  960.000 ,        0 ,  751.311 ,  759.714 ,    5.773 ,  765.486 ,  766.486 ,    0.000 ,    0.000 ,   14.176 ,    0.000 ,        4 , 	)
  59 	 (   4 ,  745.000 ,  949.441 ,        0 ,  752.311 ,  766.486 ,    0.000 ,  766.486 ,  768.486 ,    0.000 ,    0.000 ,   14.176 ,    0.000 ,        5 , 	)
 223 	 (   3 ,  766.000 ,  946.000 ,        0 ,  777.227 ,  791.403 ,    0.000 ,  791.403 ,  792.403 ,   62.000 ,    0.000 ,   14.176 ,    0.000 ,        6 , 	)
 105 	 (   7 ,  728.000 ,  959.473 ,        0 ,  778.227 ,  792.403 ,   54.371 ,  846.774 ,  850.774 ,    0.000 ,    0.000 ,   68.547 ,    0.000 ,        7 , 	)
 178 	 (   6 ,  801.000 , 1041.000 ,        0 ,  805.939 ,  874.486 ,    0.000 ,  874.486 ,  875.486 ,  108.000 ,    0.000 ,   68.547 ,    2.538 ,        8 , 	)
 171 	 (   4 ,  882.000 , 1002.000 ,        0 ,  818.968 ,  887.515 ,    0.000 ,  887.515 ,  889.515 ,  119.029 ,   15.971 ,    5.515 ,    4.192 ,        9 , 	)
 217 	 (   0 ,  814.000 ,  994.000 ,        0 ,  890.997 ,  896.512 ,    0.000 ,  896.512 ,  900.512 ,   45.738 ,   36.262 ,    5.515 ,    5.412 ,       10 , 	)
  56 	 (   4 , 1010.000 , 1153.326 ,        0 ,  903.775 ,  909.290 ,  124.035 , 1033.326 , 1037.326 ,    0.000 ,  120.000 ,   23.326 ,    2.901 ,       11 , 	)
 168 	 (   0 , 1051.000 , 1171.000 ,        0 , 1027.674 , 1051.000 ,    0.000 , 1051.000 , 1055.000 ,   13.674 ,   23.326 ,    0.000 ,   17.226 ,       12 , 	)
 225 	 (   0 ,    0.000 , 1440.000 ,        0 , 1063.899 , 1063.899 ,    0.000 , 1063.899 , 1063.899 ,    0.000 ,  376.101 ,    0.000 ,    0.000 ,       13 , 	)

	22 sommets 
	values : ( Cost : 367.392 , TRT : 444.350 , TWT : 136.115 , TD : 508.991 )
	violations : ( VC :       0 , VTW :   0.000 , VTD :   0.000 , VTRT :   0.000 )
	cout global : (   0.000	 )
S(i)	 (   C ,     TW0 ,       TW1 ,       VTW ,       Min ,       A ,       W ,       B ,       D ,       L ,       F ,       E ,       Det ,       [Imp ,       Imp]	)
   0 	 (   0 ,    0.000 , 1440.000 ,        0 ,    0.000 ,  413.785 ,    0.000 ,  413.785 ,  413.785 ,    0.000 ,    0.000 ,  413.785 ,    0.000 ,        0 , 	)
  25 	 (   1 ,  245.000 ,  480.000 ,        0 ,    4.753 ,  418.538 ,    0.000 ,  418.538 ,  419.538 ,    0.000 ,    0.000 ,  173.538 ,    0.245 ,        1 , 	)
  79 	 (   3 ,  250.000 ,  476.877 ,        0 ,  249.808 ,  423.346 ,    0.000 ,  423.346 ,  425.346 ,    0.000 ,    0.000 ,  173.346 ,    0.714 ,        2 , 	)
  26 	 (   4 ,  420.000 ,  480.000 ,        0 ,  254.417 ,  427.762 ,    0.000 ,  427.762 ,  428.762 ,    0.000 ,    0.000 ,    7.762 ,   -2.803 ,        3 , 	)
 138 	 (   3 ,  431.839 ,  510.000 ,        0 ,  431.839 ,  439.601 ,    0.000 ,  439.601 ,  440.601 ,   10.839 ,    0.000 ,    7.762 ,    3.785 ,        4 , 	)
 110 	 (   4 ,  300.000 ,  480.000 ,        0 ,  444.456 ,  452.219 ,    0.000 ,  452.219 ,  453.219 ,    0.000 ,    0.000 ,    7.762 ,    5.148 ,        5 , 	)
 191 	 (   2 ,  327.000 ,  507.000 ,        0 ,  453.877 ,  461.640 ,    0.000 ,  461.640 ,  463.640 ,   36.294 ,    0.000 ,    7.762 ,   -3.992 ,        6 , 	)
 137 	 (   1 ,  340.000 ,  520.000 ,        0 ,  471.238 ,  479.000 ,    0.000 ,  479.000 ,  480.000 ,   59.462 ,    0.000 ,    7.762 ,    0.000 ,        7 , 	)
  29 	 (   4 ,  300.000 ,  480.000 ,        0 ,  472.238 ,  480.000 ,    0.000 ,  480.000 ,  483.000 ,    0.000 ,   -0.000 ,    7.762 ,    0.000 ,        8 , 	)
 222 	 (   3 ,  397.000 ,  577.000 ,        0 ,  508.218 ,  515.980 ,    0.000 ,  515.980 ,  516.980 ,   62.762 ,   27.947 ,    7.762 ,   17.420 ,        9 , 	)
  63 	 (   4 ,  540.000 ,  720.000 ,        0 ,  520.402 ,  528.165 ,   27.947 ,  556.112 ,  557.112 ,    0.000 ,    0.000 ,   16.112 ,    3.657 ,       10 , 	)
 175 	 (   3 ,  582.000 ,  817.000 ,        0 ,  576.947 ,  593.059 ,    0.000 ,  593.059 ,  594.059 ,   35.947 ,    0.000 ,   11.059 ,    1.837 ,       11 , 	)
  18 	 (   4 ,  560.000 ,  646.358 ,        0 ,  593.442 ,  604.501 ,    0.000 ,  604.501 ,  605.501 ,    0.000 ,    0.000 ,   11.059 ,    7.620 ,       12 , 	)
 141 	 (   1 ,  447.000 ,  627.000 ,        0 ,  615.941 ,  627.000 ,    0.000 ,  627.000 ,  630.000 ,  144.000 ,    0.000 ,   11.059 ,   -1.702 ,       13 , 	)
  97 	 (   2 ,  518.000 ,  689.183 ,        0 ,  631.819 ,  642.877 ,    0.377 ,  643.255 ,  644.255 ,    0.000 ,    0.000 ,   11.436 ,   18.975 ,       14 , 	)
 130 	 (   1 ,  613.000 ,  673.000 ,        0 ,  646.065 ,  657.501 ,    0.000 ,  657.501 ,  658.501 ,   52.000 ,    0.000 ,   11.436 ,   -7.880 ,       15 , 	)
 209 	 (   0 ,  601.000 ,  721.000 ,        0 ,  656.756 ,  668.192 ,    0.000 ,  668.192 ,  669.192 ,   23.937 ,   52.808 ,   11.436 ,   -5.943 ,       16 , 	)
 112 	 (   1 ,  727.000 ,  960.000 ,        0 ,  661.037 ,  672.473 ,  107.790 ,  780.263 ,  781.263 ,    0.000 ,  165.011 ,   53.263 ,    1.838 ,       17 , 	)
  74 	 (   5 ,  720.000 ,  960.000 ,        0 ,  741.726 ,  794.989 ,    0.000 ,  794.989 ,  798.989 ,    0.000 ,   53.263 ,   53.263 ,   -2.226 ,       18 , 	)
 224 	 (   4 ,  816.000 ,  996.000 ,        0 ,  762.737 ,  816.000 ,    0.000 ,  816.000 ,  817.000 ,   34.737 ,   53.263 ,    0.000 ,    3.203 ,       19 , 	)
 186 	 (   0 ,  843.000 , 1023.000 ,        0 ,  848.003 ,  848.003 ,    0.000 ,  848.003 ,  852.003 ,   49.014 ,   70.986 ,    0.000 ,    8.116 ,       20 , 	)
 225 	 (   0 ,    0.000 , 1440.000 ,        0 ,  858.135 ,  858.135 ,    0.000 ,  858.135 ,  858.135 ,    0.000 ,  581.865 ,    0.000 ,    0.000 ,       21 , 	)

	16 sommets 
	values : ( Cost : 195.331 , TRT : 174.865 , TWT :   0.000 , TD : 329.582 )
	violations : ( VC :       0 , VTW :   0.000 , VTD :   0.000 , VTRT :   0.000 )
	cout global : (   0.000	 )
S(i)	 (   C ,     TW0 ,       TW1 ,       VTW ,       Min ,       A ,       W ,       B ,       D ,       L ,       F ,       E ,       Det ,       [Imp ,       Imp]	)
   0 	 (   0 ,    0.000 , 1440.000 ,        0 ,    0.000 ,  305.858 ,    0.000 ,  305.858 ,  305.858 ,    0.000 ,    4.433 ,  305.858 ,    0.000 ,        0 , 	)
  58 	 (   4 ,  300.000 ,  480.000 ,        0 ,   22.903 ,  328.761 ,    0.000 ,  328.761 ,  332.761 ,    0.000 ,    4.433 ,   28.761 ,    2.517 ,        1 , 	)
  43 	 (   5 ,  300.000 ,  420.000 ,        0 ,  321.251 ,  350.012 ,    0.000 ,  350.012 ,  351.012 ,    0.000 ,    4.433 ,   28.761 ,    2.669 ,        2 , 	)
 170 	 (   1 ,  370.000 ,  550.000 ,        0 ,  341.239 ,  370.000 ,    0.000 ,  370.000 ,  374.000 ,   37.239 ,    4.433 ,    0.000 ,    0.000 ,        3 , 	)
  65 	 (   2 ,  240.000 ,  480.000 ,        0 ,  374.000 ,  374.000 ,    0.000 ,  374.000 ,  375.000 ,    0.000 ,    4.433 ,    0.000 ,    0.000 ,        4 , 	)
  68 	 (   3 ,  240.000 ,  420.000 ,        0 ,  375.000 ,  375.000 ,    0.000 ,  375.000 ,  376.000 ,    0.000 ,    4.433 ,    0.000 ,    0.000 ,        5 , 	)
  53 	 (   6 ,  245.000 ,  480.000 ,        0 ,  383.228 ,  383.228 ,    0.000 ,  383.228 ,  386.228 ,    0.000 ,    4.433 ,    0.000 ,    0.333 ,        6 , 	)
 180 	 (   5 ,  279.000 ,  459.000 ,        0 ,  393.763 ,  393.763 ,    0.000 ,  393.763 ,  394.763 ,   17.763 ,    4.433 ,    0.000 ,   -3.756 ,        7 , 	)
  20 	 (   7 ,  248.000 ,  480.000 ,        0 ,  402.784 ,  402.784 ,    0.000 ,  402.784 ,  404.784 ,    0.000 ,    4.433 ,    0.000 ,    0.000 ,        8 , 	)
 177 	 (   6 ,  270.000 ,  510.000 ,        0 ,  404.784 ,  404.784 ,    0.000 ,  404.784 ,  405.784 ,   29.784 ,    4.433 ,    0.000 ,    0.000 ,        9 , 	)
  27 	 (   8 ,  240.000 ,  420.000 ,        0 ,  415.567 ,  415.567 ,    0.000 ,  415.567 ,  417.567 ,    0.000 ,    4.433 ,    0.000 ,    3.128 ,       10 , 	)
 155 	 (   7 ,  340.000 ,  514.000 ,        0 ,  423.362 ,  423.362 ,    0.000 ,  423.362 ,  424.362 ,   72.350 ,   15.533 ,    0.000 ,    1.568 ,       11 , 	)
 165 	 (   4 ,  345.000 ,  525.000 ,        0 ,  441.768 ,  441.768 ,    0.000 ,  441.768 ,  444.768 ,   55.541 ,   15.533 ,    0.000 ,    2.302 ,       12 , 	)
 139 	 (   2 ,  302.000 ,  482.000 ,        0 ,  465.005 ,  465.005 ,    0.000 ,  465.005 ,  467.005 ,   47.438 ,   15.533 ,    0.000 ,    2.533 ,       13 , 	)
 132 	 (   0 ,  335.000 ,  515.000 ,        0 ,  474.251 ,  474.251 ,    0.000 ,  474.251 ,  476.251 ,   69.467 ,   15.533 ,    0.000 ,    3.403 ,       14 , 	)
 225 	 (   0 ,    0.000 , 1440.000 ,        0 ,  480.723 ,  480.723 ,    0.000 ,  480.723 ,  480.723 ,    0.000 ,  959.277 ,    0.000 ,    0.000 ,       15 , 	)

	12 sommets 
	values : ( Cost : 224.531 , TRT : 196.972 , TWT :  10.152 , TD : 293.464 )
	violations : ( VC :       0 , VTW :   0.000 , VTD :   0.000 , VTRT :   0.000 )
	cout global : (   0.000	 )
S(i)	 (   C ,     TW0 ,       TW1 ,       VTW ,       Min ,       A ,       W ,       B ,       D ,       L ,       F ,       E ,       Det ,       [Imp ,       Imp]	)
   0 	 (   0 ,    0.000 , 1440.000 ,        0 ,    0.000 ,  323.915 ,    0.000 ,  323.915 ,  323.915 ,    0.000 ,    0.000 ,  323.915 ,    0.000 ,        0 , 	)
  73 	 (   1 ,  240.000 ,  480.000 ,        0 ,    3.585 ,  327.500 ,    0.000 ,  327.500 ,  328.500 ,    0.000 ,    0.000 ,   87.500 ,    4.868 ,        1 , 	)
  44 	 (   4 ,  331.000 ,  459.786 ,        0 ,  262.429 ,  349.929 ,    0.000 ,  349.929 ,  352.929 ,    0.000 ,    0.000 ,   18.929 ,    0.214 ,        2 , 	)
 185 	 (   3 ,  328.000 ,  568.000 ,        0 ,  356.759 ,  375.688 ,    0.000 ,  375.688 ,  376.688 ,   47.188 ,    0.000 ,   18.929 ,    1.164 ,        3 , 	)
   5 	 (   4 ,  300.000 ,  480.000 ,        0 ,  389.824 ,  408.753 ,    0.000 ,  408.753 ,  409.753 ,    0.000 ,    0.000 ,   18.929 ,   18.228 ,        4 , 	)
   2 	 (   7 ,  300.000 ,  420.000 ,        0 ,  401.071 ,  420.000 ,    0.000 ,  420.000 ,  423.000 ,    0.000 ,    0.000 ,   18.929 ,    1.562 ,        5 , 	)
 156 	 (   4 ,  444.000 ,  504.000 ,        0 ,  414.919 ,  433.848 ,   10.152 ,  444.000 ,  447.000 ,   91.071 ,   15.801 ,    0.000 ,    2.462 ,        6 , 	)
 117 	 (   3 ,  352.000 ,  532.000 ,        0 ,  456.003 ,  456.003 ,    0.000 ,  456.003 ,  457.003 ,   46.250 ,   15.801 ,    0.000 ,   -1.356 ,        7 , 	)
 106 	 (   4 ,  300.000 ,  480.000 ,        0 ,  464.199 ,  464.199 ,    0.000 ,  464.199 ,  465.199 ,    0.000 ,   15.801 ,    0.000 ,    2.160 ,        8 , 	)
 114 	 (   1 ,  345.015 ,  535.000 ,        0 ,  488.533 ,  488.533 ,    0.000 ,  488.533 ,  491.533 ,   65.533 ,   46.467 ,    0.000 ,   -7.998 ,        9 , 	)
 218 	 (   0 ,  397.000 ,  577.000 ,        0 ,  508.622 ,  508.622 ,    0.000 ,  508.622 ,  509.622 ,   43.423 ,   68.378 ,    0.000 ,   -8.180 ,       10 , 	)
 225 	 (   0 ,    0.000 , 1440.000 ,        0 ,  520.887 ,  520.887 ,    0.000 ,  520.887 ,  520.887 ,    0.000 ,  919.113 ,    0.000 ,    0.000 ,       11 , 	)

	18 sommets 
	values : ( Cost : 366.431 , TRT : 457.001 , TWT : 149.489 , TD : 530.954 )
	violations : ( VC :       0 , VTW :   0.000 , VTD :   0.000 , VTRT :   0.000 )
	cout global : (   0.000	 )
S(i)	 (   C ,     TW0 ,       TW1 ,       VTW ,       Min ,       A ,       W ,       B ,       D ,       L ,       F ,       E ,       Det ,       [Imp ,       Imp]	)
   0 	 (   0 ,    0.000 , 1440.000 ,        0 ,    0.000 ,  426.638 ,    0.000 ,  426.638 ,  426.638 ,    0.000 ,    0.000 ,  426.638 ,    0.000 ,        0 , 	)
 107 	 (   1 ,  240.000 ,  480.000 ,        0 ,    6.132 ,  432.769 ,    0.000 ,  432.769 ,  433.769 ,    0.000 ,    0.000 ,  192.769 ,    2.124 ,        1 , 	)
  81 	 (   3 ,  300.000 ,  480.000 ,        0 ,  246.266 ,  439.035 ,    0.000 ,  439.035 ,  441.035 ,    0.000 ,    0.000 ,  139.035 ,    7.411 ,        2 , 	)
  39 	 (   6 ,  260.000 ,  462.485 ,        0 ,  313.330 ,  452.365 ,    0.000 ,  452.365 ,  455.365 ,    0.000 ,    0.000 ,  139.035 ,    4.607 ,        3 , 	)
 151 	 (   3 ,  299.000 ,  479.000 ,        0 ,  329.845 ,  468.880 ,    0.000 ,  468.880 ,  471.880 ,   13.515 ,    0.000 ,  139.035 ,    1.462 ,        4 , 	)
  55 	 (   6 ,  481.000 ,  720.000 ,        0 ,  353.748 ,  492.783 ,    0.000 ,  492.783 ,  495.783 ,    0.000 ,    0.000 ,   11.783 ,   -1.036 ,        5 , 	)
 219 	 (   5 ,  395.000 ,  575.000 ,        0 ,  519.729 ,  531.513 ,    0.000 ,  531.513 ,  532.513 ,   97.744 ,    0.000 ,   11.783 ,   -0.795 ,        6 , 	)
  28 	 (   6 ,  480.000 ,  660.000 ,        0 ,  528.522 ,  540.305 ,    0.000 ,  540.305 ,  541.305 ,    0.000 ,    0.000 ,   11.783 ,   12.258 ,        7 , 	)
 140 	 (   5 ,  554.000 ,  734.000 ,        0 ,  566.372 ,  578.156 ,    0.000 ,  578.156 ,  579.156 ,   36.850 ,    0.000 ,   11.783 ,   37.786 ,        8 , 	)
 167 	 (   2 ,  597.000 ,  777.000 ,        0 ,  590.646 ,  602.429 ,    0.000 ,  602.429 ,  605.429 ,  106.646 ,    0.000 ,    5.429 ,    6.643 ,        9 , 	)
 193 	 (   0 ,  449.000 ,  629.000 ,        0 ,  623.571 ,  629.000 ,    0.000 ,  629.000 ,  631.000 ,  187.965 ,   -0.000 ,    5.429 ,    0.954 ,       10 , 	)
  87 	 (   4 ,  722.000 ,  960.000 ,        0 ,  631.326 ,  636.756 ,  149.489 ,  786.244 ,  790.244 ,    0.000 ,   91.338 ,   64.244 ,    7.374 ,       11 , 	)
   6 	 (   5 ,  720.000 ,  960.000 ,        0 ,  735.668 ,  799.913 ,    0.000 ,  799.913 ,  800.913 ,    0.000 ,   64.244 ,   64.244 ,    1.591 ,       12 , 	)
 199 	 (   1 ,  833.000 , 1013.000 ,        0 ,  768.756 ,  833.000 ,    0.000 ,  833.000 ,  837.000 ,   42.756 ,   49.913 ,    0.000 ,    0.000 ,       13 , 	)
 118 	 (   0 ,  784.000 , 1024.000 ,        0 ,  837.000 ,  837.000 ,    0.000 ,  837.000 ,  838.000 ,   36.087 ,   49.913 ,    0.000 ,    0.000 ,       14 , 	)
   4 	 (   1 ,  720.000 ,  960.000 ,        0 ,  868.662 ,  868.662 ,    0.000 ,  868.662 ,  869.662 ,    0.000 ,   91.338 ,    0.000 ,    4.797 ,       15 , 	)
 116 	 (   0 ,  739.000 ,  979.000 ,        0 ,  879.053 ,  879.053 ,    0.000 ,  879.053 ,  880.053 ,    9.392 ,   15.608 ,    0.000 ,    6.510 ,       16 , 	)
 225 	 (   0 ,    0.000 , 1440.000 ,        0 ,  883.638 ,  883.638 ,    0.000 ,  883.638 ,  883.638 ,    0.000 ,  556.362 ,    0.000 ,    0.000 ,       17 , 	)

	16 sommets 
	values : ( Cost : 321.567 , TRT : 269.143 , TWT :   9.363 , TD : 474.105 )
	violations : ( VC :       0 , VTW :   0.000 , VTD :   0.000 , VTRT :   0.000 )
	cout global : (   0.000	 )
S(i)	 (   C ,     TW0 ,       TW1 ,       VTW ,       Min ,       A ,       W ,       B ,       D ,       L ,       F ,       E ,       Det ,       [Imp ,       Imp]	)
   0 	 (   0 ,    0.000 , 1440.000 ,        0 ,    0.000 ,  339.915 ,    0.000 ,  339.915 ,  339.915 ,    0.000 ,    0.000 ,  339.915 ,    0.000 ,        0 , 	)
  19 	 (   1 ,  246.000 ,  420.000 ,        0 ,   19.479 ,  359.394 ,    0.000 ,  359.394 ,  360.394 ,    0.000 ,    0.000 ,  113.394 ,  -28.314 ,        1 , 	)
  89 	 (   2 ,  275.000 ,  453.759 ,        0 ,  293.262 ,  406.656 ,    0.000 ,  406.656 ,  407.656 ,    0.000 ,    0.000 ,  113.394 ,    0.000 ,        2 , 	)
  69 	 (   3 ,  240.000 ,  420.000 ,        0 ,  294.262 ,  407.656 ,    0.000 ,  407.656 ,  408.656 ,    0.000 ,    0.000 ,  113.394 ,    0.000 ,        3 , 	)
 201 	 (   2 ,  370.000 ,  490.000 ,        0 ,  330.503 ,  443.897 ,    0.000 ,  443.897 ,  444.897 ,   36.241 ,    0.000 ,   73.897 ,    5.465 ,        4 , 	)
 131 	 (   1 ,  339.000 ,  459.000 ,        0 ,  377.814 ,  451.711 ,    0.000 ,  451.711 ,  452.711 ,   91.317 ,    0.000 ,   73.897 ,    0.000 ,        5 , 	)
  45 	 (   2 ,  240.000 ,  480.000 ,        0 ,  378.814 ,  452.711 ,    0.000 ,  452.711 ,  453.711 ,    0.000 ,    0.000 ,   73.897 ,    0.000 ,        6 , 	)
  61 	 (   3 ,  240.000 ,  480.000 ,        0 ,  387.649 ,  461.546 ,    0.000 ,  461.546 ,  462.546 ,    0.000 ,    0.000 ,   73.897 ,    1.616 ,        7 , 	)
 157 	 (   2 ,  319.000 ,  559.000 ,        0 ,  421.608 ,  495.505 ,    0.000 ,  495.505 ,  496.505 ,   41.794 ,    0.000 ,   73.897 ,    2.471 ,        8 , 	)
 181 	 (   1 ,  340.000 ,  520.000 ,        0 ,  446.103 ,  520.000 ,    0.000 ,  520.000 ,  521.000 ,  111.344 ,    0.000 ,   73.897 ,   15.548 ,        9 , 	)
  22 	 (   4 ,  540.000 ,  720.000 ,        0 ,  456.740 ,  530.637 ,    9.363 ,  540.000 ,  543.000 ,    0.000 ,   53.637 ,    0.000 ,   14.544 ,       10 , 	)
  37 	 (   5 ,  480.000 ,  660.000 ,        0 ,  554.538 ,  554.538 ,    0.000 ,  554.538 ,  555.538 ,    0.000 ,   13.895 ,    0.000 ,    1.105 ,       11 , 	)
 173 	 (   4 ,  385.000 ,  625.000 ,        0 ,  571.363 ,  571.363 ,    0.000 ,  571.363 ,  572.363 ,  108.817 ,   13.895 ,    0.000 ,    5.693 ,       12 , 	)
 149 	 (   3 ,  526.000 ,  706.000 ,        0 ,  585.024 ,  585.024 ,    0.000 ,  585.024 ,  586.024 ,   29.486 ,   13.895 ,    0.000 ,    4.703 ,       13 , 	)
 134 	 (   0 ,  594.000 ,  774.000 ,        0 ,  598.105 ,  598.105 ,    0.000 ,  598.105 ,  601.105 ,   55.105 ,   13.895 ,    0.000 ,    7.186 ,       14 , 	)
 225 	 (   0 ,    0.000 , 1440.000 ,        0 ,  609.058 ,  609.058 ,    0.000 ,  609.058 ,  609.058 ,    0.000 ,  830.942 ,    0.000 ,    0.000 ,       15 , 	)

	10 sommets 
	values : ( Cost : 185.075 , TRT : 217.039 , TWT :  59.885 , TD : 258.175 )
	violations : ( VC :       0 , VTW :   0.000 , VTD :   0.000 , VTRT :   0.000 )
	cout global : (   0.000	 )
S(i)	 (   C ,     TW0 ,       TW1 ,       VTW ,       Min ,       A ,       W ,       B ,       D ,       L ,       F ,       E ,       Det ,       [Imp ,       Imp]	)
   0 	 (   0 ,    0.000 , 1440.000 ,        0 ,    0.000 ,  656.799 ,    0.000 ,  656.799 ,  656.799 ,    0.000 ,    0.000 ,  656.799 ,    0.000 ,        0 , 	)
  47 	 (   4 ,  540.000 ,  660.000 ,        0 ,    3.201 ,  660.000 ,    0.000 ,  660.000 ,  664.000 ,    0.000 ,    0.000 ,  120.000 ,    0.998 ,        1 , 	)
  34 	 (   7 ,  480.000 ,  720.000 ,        0 ,  571.008 ,  691.008 ,   14.632 ,  705.641 ,  708.641 ,    0.000 ,    0.000 ,  134.632 ,   12.325 ,        2 , 	)
  41 	 (   8 ,  480.000 ,  720.000 ,        0 ,  585.368 ,  720.000 ,    0.000 ,  720.000 ,  721.000 ,    0.000 ,    0.000 ,  134.632 ,   -2.454 ,        3 , 	)
 146 	 (   5 ,  532.000 ,  772.000 ,        0 ,  597.703 ,  732.335 ,    0.000 ,  732.335 ,  735.335 ,   23.695 ,    1.094 ,  134.632 ,    5.647 ,        4 , 	)
 159 	 (   1 ,  572.408 ,  740.000 ,        0 ,  604.274 ,  738.906 ,    0.000 ,  738.906 ,  742.906 ,   74.906 ,    1.094 ,  134.632 ,    0.337 ,        5 , 	)
  86 	 (   2 ,  720.000 ,  960.000 ,        0 ,  611.541 ,  746.173 ,   22.253 ,  768.426 ,  769.426 ,    0.000 ,    0.000 ,   48.426 ,    2.443 ,        6 , 	)
 153 	 (   1 ,  573.000 ,  813.000 ,        0 ,  764.574 ,  813.000 ,    0.000 ,  813.000 ,  814.000 ,   92.000 ,   -0.000 ,   48.426 ,    0.000 ,        7 , 	)
 198 	 (   0 ,  837.000 , 1017.000 ,        0 ,  765.574 ,  814.000 ,   23.000 ,  837.000 ,  838.000 ,   67.574 ,   48.426 ,    0.000 ,    0.000 ,        8 , 	)
 225 	 (   0 ,    0.000 , 1440.000 ,        0 ,  873.838 ,  873.838 ,    0.000 ,  873.838 ,  873.838 ,    0.000 ,  566.162 ,    0.000 ,    0.000 ,        9 , 	)

	18 sommets 
	values : ( Cost : 163.803 , TRT : 155.160 , TWT :   0.000 , TD : 316.412 )
	violations : ( VC :       0 , VTW :   0.000 , VTD :   0.000 , VTRT :   0.000 )
	cout global : (   0.000	 )
S(i)	 (   C ,     TW0 ,       TW1 ,       VTW ,       Min ,       A ,       W ,       B ,       D ,       L ,       F ,       E ,       Det ,       [Imp ,       Imp]	)
   0 	 (   0 ,    0.000 , 1440.000 ,        0 ,    0.000 ,  318.740 ,    0.000 ,  318.740 ,  318.740 ,    0.000 ,   29.759 ,  318.740 ,    0.000 ,        0 , 	)
  92 	 (   3 ,  240.000 ,  360.000 ,        0 ,   11.265 ,  330.005 ,    0.000 ,  330.005 ,  333.005 ,    0.000 ,   29.759 ,   90.005 ,    7.542 ,        1 , 	)
  30 	 (   6 ,  240.000 ,  420.000 ,        0 ,  247.592 ,  337.598 ,    0.000 ,  337.598 ,  340.598 ,    0.000 ,   29.759 ,   90.005 ,    0.180 ,        2 , 	)
 100 	 (   7 ,  310.000 ,  418.378 ,        0 ,  263.232 ,  353.237 ,    0.000 ,  353.237 ,  354.237 ,    0.000 ,   20.361 ,   43.237 ,    0.000 ,        3 , 	)
 142 	 (   4 ,  267.000 ,  447.000 ,        0 ,  311.000 ,  354.237 ,    0.000 ,  354.237 ,  357.237 ,   13.639 ,   20.361 ,   43.237 ,    0.000 ,        4 , 	)
  35 	 (   5 ,  240.000 ,  480.000 ,        0 ,  327.678 ,  370.915 ,    0.000 ,  370.915 ,  371.915 ,    0.000 ,   29.759 ,   43.237 ,    1.424 ,        5 , 	)
 204 	 (   2 ,  280.574 ,  463.000 ,        0 ,  338.335 ,  381.571 ,    0.000 ,  381.571 ,  384.571 ,   48.566 ,   29.759 ,   43.237 ,    4.053 ,        6 , 	)
 212 	 (   1 ,  388.000 ,  448.000 ,        0 ,  344.763 ,  388.000 ,    0.000 ,  388.000 ,  389.000 ,   33.763 ,   29.759 ,    0.000 ,   -0.198 ,        7 , 	)
  64 	 (   2 ,  240.000 ,  480.000 ,        0 ,  391.989 ,  391.989 ,    0.000 ,  391.989 ,  392.989 ,    0.000 ,   29.759 ,    0.000 ,    0.833 ,        8 , 	)
  40 	 (   3 ,  240.000 ,  480.000 ,        0 ,  396.802 ,  396.802 ,    0.000 ,  396.802 ,  397.802 ,    0.000 ,   29.759 ,    0.000 ,    2.964 ,        9 , 	)
  38 	 (   6 ,  300.000 ,  480.000 ,        0 ,  409.065 ,  409.065 ,    0.000 ,  409.065 ,  412.065 ,    0.000 ,   24.717 ,    0.000 ,   -1.483 ,       10 , 	)
 152 	 (   5 ,  283.000 ,  523.000 ,        0 ,  425.085 ,  425.085 ,    0.000 ,  425.085 ,  426.085 ,   27.283 ,   24.717 ,    0.000 ,    1.180 ,       11 , 	)
 103 	 (   8 ,  264.000 ,  457.324 ,        0 ,  427.565 ,  427.565 ,    0.000 ,  427.565 ,  430.565 ,    0.000 ,   28.189 ,    0.000 ,    1.186 ,       12 , 	)
 215 	 (   5 ,  288.000 ,  468.000 ,        0 ,  438.241 ,  438.241 ,    0.000 ,  438.241 ,  441.241 ,    7.676 ,   13.324 ,    0.000 ,    0.584 ,       13 , 	)
 150 	 (   2 ,  349.000 ,  529.000 ,        0 ,  446.876 ,  446.876 ,    0.000 ,  446.876 ,  449.876 ,   34.811 ,   28.189 ,    0.000 ,    2.414 ,       14 , 	)
 147 	 (   1 ,  327.000 ,  567.000 ,        0 ,  453.944 ,  453.944 ,    0.000 ,  453.944 ,  454.944 ,   82.029 ,   35.355 ,    0.000 ,    0.123 ,       15 , 	)
 176 	 (   0 ,  318.000 ,  558.000 ,        0 ,  461.635 ,  461.635 ,    0.000 ,  461.635 ,  462.635 ,   68.645 ,   35.355 ,    0.000 ,   10.602 ,       16 , 	)
 225 	 (   0 ,    0.000 , 1440.000 ,        0 ,  473.900 ,  473.900 ,    0.000 ,  473.900 ,  473.900 ,    0.000 ,  966.100 ,    0.000 ,    0.000 ,       17 , 	)

	22 sommets 
	values : ( Cost : 372.759 , TRT : 364.288 , TWT :  42.018 , TD : 829.815 )
	violations : ( VC :       0 , VTW :   0.000 , VTD :   0.000 , VTRT :   0.000 )
	cout global : (   0.000	 )
S(i)	 (   C ,     TW0 ,       TW1 ,       VTW ,       Min ,       A ,       W ,       B ,       D ,       L ,       F ,       E ,       Det ,       [Imp ,       Imp]	)
   0 	 (   0 ,    0.000 , 1440.000 ,        0 ,    0.000 ,  803.577 ,    0.000 ,  803.577 ,  803.577 ,    0.000 ,    0.000 ,  803.577 ,    0.000 ,        0 , 	)
  12 	 (   3 ,  728.000 ,  959.517 ,        0 ,    9.274 ,  812.851 ,    0.000 ,  812.851 ,  815.851 ,    0.000 ,    0.000 ,   84.851 ,   -0.541 ,        1 , 	)
 124 	 (   0 ,  813.000 ,  993.000 ,        0 ,  761.483 ,  846.335 ,    0.000 ,  846.335 ,  849.335 ,   30.483 ,    0.000 ,   33.335 ,    0.000 ,        2 , 	)
  50 	 (   1 ,  780.000 ,  960.000 ,        0 ,  816.000 ,  849.335 ,    0.000 ,  849.335 ,  850.335 ,    0.000 ,    0.000 ,   33.335 ,    0.000 ,        3 , 	)
  15 	 (   4 ,  840.000 ,  960.000 ,        0 ,  822.279 ,  855.614 ,    0.000 ,  855.614 ,  858.614 ,    0.000 ,    0.000 ,   15.614 ,    1.417 ,        4 , 	)
   9 	 (   8 ,  720.000 ,  960.000 ,        0 ,  851.439 ,  867.053 ,    0.000 ,  867.053 ,  871.053 ,    0.000 ,    0.000 ,   15.614 ,    1.053 ,        5 , 	)
 127 	 (   5 ,  853.033 ,  990.000 ,        0 ,  858.086 ,  873.699 ,    0.000 ,  873.699 ,  876.699 ,   15.086 ,    0.000 ,   15.614 ,   -3.960 ,        6 , 	)
  51 	 (   6 ,  720.000 ,  900.000 ,        0 ,  865.950 ,  881.564 ,    0.000 ,  881.564 ,  882.564 ,    0.000 ,    0.000 ,   15.614 ,    2.335 ,        7 , 	)
  83 	 (   7 ,  780.000 ,  960.000 ,        0 ,  903.111 ,  918.725 ,    0.000 ,  918.725 ,  919.725 ,    0.000 ,    0.000 ,   15.614 ,    5.073 ,        8 , 	)
  49 	 (   8 ,  780.000 ,  960.000 ,        0 ,  907.739 ,  923.353 ,    0.000 ,  923.353 ,  924.353 ,    0.000 ,    0.000 ,   15.614 ,    1.051 ,        9 , 	)
 161 	 (   7 ,  805.847 , 1028.000 ,        0 ,  933.586 ,  949.200 ,    0.000 ,  949.200 ,  950.200 ,   24.847 ,    0.000 ,   15.614 ,   -7.332 ,       10 , 	)
 121 	 (   3 ,  850.000 , 1090.000 ,        0 ,  941.159 ,  956.772 ,    0.000 ,  956.772 ,  960.772 ,   85.720 ,    0.000 ,   15.614 ,    4.072 ,       11 , 	)
 195 	 (   2 ,  823.000 , 1058.000 ,        0 ,  950.674 ,  966.287 ,    0.000 ,  966.287 ,  967.287 ,   46.562 ,    0.000 ,   15.614 ,    2.538 ,       12 , 	)
  76 	 (   4 ,  960.000 , 1200.000 ,        0 ,  961.016 ,  976.629 ,    0.000 ,  976.629 ,  978.629 ,    0.000 ,    0.000 ,   15.614 ,    7.082 ,       13 , 	)
 163 	 (   3 ,  861.000 , 1041.000 ,        0 ,  989.118 , 1004.732 ,    0.000 , 1004.732 , 1005.732 ,  122.168 ,    0.000 ,   15.614 ,   -1.314 ,       14 , 	)
  57 	 (   6 ,  960.000 , 1020.000 ,        0 , 1004.386 , 1020.000 ,    0.000 , 1020.000 , 1023.000 ,    0.000 ,    0.000 ,   15.614 ,    1.658 ,       15 , 	)
 188 	 (   4 , 1070.000 , 1310.000 ,        0 , 1012.368 , 1027.982 ,   42.018 , 1070.000 , 1072.000 ,   91.371 ,    3.895 ,    0.000 ,    4.017 ,       16 , 	)
  71 	 (   6 ,  960.000 , 1200.000 ,        0 , 1086.804 , 1086.804 ,    0.000 , 1086.804 , 1088.804 ,    0.000 ,    3.895 ,    0.000 ,    4.880 ,       17 , 	)
 162 	 (   5 ,  939.000 , 1179.000 ,        0 , 1098.440 , 1098.440 ,    0.000 , 1098.440 , 1099.440 ,  248.105 ,    3.895 ,   -0.000 ,    1.763 ,       18 , 	)
 183 	 (   3 , 1046.000 , 1286.000 ,        0 , 1134.011 , 1134.011 ,    0.000 , 1134.011 , 1136.011 ,   45.207 ,   17.734 ,   -0.000 ,    0.241 ,       19 , 	)
 169 	 (   0 , 1014.738 , 1161.000 ,        0 , 1143.266 , 1143.266 ,    0.000 , 1143.266 , 1146.266 ,  120.266 ,   17.734 ,   -0.000 ,   -6.505 ,       20 , 	)
 225 	 (   0 ,    0.000 , 1440.000 ,        0 , 1167.865 , 1167.865 ,    0.000 , 1167.865 , 1167.865 ,    0.000 ,  272.135 ,   -0.000 ,    0.000 ,       21 , 	)

	20 sommets 
	values : ( Cost : 424.364 , TRT : 401.355 , TWT :  32.284 , TD : 588.514 )
	violations : ( VC :       0 , VTW :   0.000 , VTD :   0.000 , VTRT :   0.000 )
	cout global : (   0.000	 )
S(i)	 (   C ,     TW0 ,       TW1 ,       VTW ,       Min ,       A ,       W ,       B ,       D ,       L ,       F ,       E ,       Det ,       [Imp ,       Imp]	)
   0 	 (   0 ,    0.000 , 1440.000 ,        0 ,    0.000 ,  869.981 ,    0.000 ,  869.981 ,  869.981 ,    0.000 ,    0.000 ,  869.981 ,    0.000 ,        0 , 	)
  82 	 (   3 ,  780.000 ,  900.000 ,        0 ,   21.191 ,  891.172 ,    0.000 ,  891.172 ,  894.172 ,    0.000 ,    0.000 ,  111.172 ,   14.232 ,        1 , 	)
  48 	 (   4 ,  720.000 ,  960.000 ,        0 ,  804.870 ,  916.042 ,    0.000 ,  916.042 ,  917.042 ,    0.000 ,    0.000 ,  111.172 ,  -12.674 ,        2 , 	)
  42 	 (   8 ,  822.000 ,  923.975 ,        0 ,  812.803 ,  923.975 ,    0.000 ,  923.975 ,  927.975 ,    0.000 ,    0.000 ,  101.975 ,    1.753 ,        3 , 	)
 154 	 (   4 ,  893.000 ,  953.000 ,        0 ,  851.025 ,  953.000 ,    0.000 ,  953.000 ,  957.000 ,   25.025 ,    0.000 ,   60.000 ,   17.901 ,        4 , 	)
  17 	 (   6 ,  963.000 , 1200.000 ,        0 ,  907.914 ,  967.914 ,   14.838 ,  982.752 ,  984.752 ,    0.000 ,    0.000 ,   19.752 ,   18.771 ,        5 , 	)
 160 	 (   5 ,  792.000 , 1032.000 ,        0 ,  987.420 , 1007.172 ,    0.000 , 1007.172 , 1008.172 ,   90.130 ,    0.000 ,   19.752 ,    0.000 ,        6 , 	)
 194 	 (   2 ,  837.000 , 1017.000 ,        0 ,  988.420 , 1008.172 ,    0.000 , 1008.172 , 1011.172 ,  114.000 ,    0.000 ,   19.752 ,    0.000 ,        7 , 	)
  70 	 (   5 ,  974.000 , 1132.411 ,        0 , 1020.108 , 1039.860 ,   17.446 , 1057.306 , 1060.306 ,    0.000 ,   16.125 ,   37.198 ,    2.510 ,        8 , 	)
 129 	 (   3 , 1069.000 , 1249.000 ,        0 , 1031.802 , 1069.000 ,    0.000 , 1069.000 , 1071.000 ,   84.248 ,   16.125 ,    0.000 ,    1.268 ,        9 , 	)
   7 	 (   6 , 1020.000 , 1200.000 ,        0 , 1093.041 , 1093.041 ,    0.000 , 1093.041 , 1096.041 ,    0.000 ,   16.125 ,   -0.000 ,    0.310 ,       10 , 	)
 182 	 (   3 , 1038.000 , 1158.000 ,        0 , 1099.717 , 1099.717 ,    0.000 , 1099.717 , 1102.717 ,   39.411 ,   16.125 ,   -0.000 ,   -3.768 ,       11 , 	)
  11 	 (   5 ,  960.000 , 1200.000 ,        0 , 1109.347 , 1109.347 ,    0.000 , 1109.347 , 1111.347 ,    0.000 ,   16.125 ,   -0.000 ,    2.171 ,       12 , 	)
 119 	 (   2 , 1035.792 , 1238.000 ,        0 , 1113.545 , 1113.545 ,    0.000 , 1113.545 , 1116.545 ,   17.505 ,   16.125 ,   -0.000 ,    1.367 ,       13 , 	)
  13 	 (   5 ,  960.000 , 1140.000 ,        0 , 1119.672 , 1119.672 ,    0.000 , 1119.672 , 1122.672 ,    0.000 ,   16.125 ,   -0.000 ,    1.323 ,       14 , 	)
 125 	 (   2 , 1061.000 , 1241.000 ,        0 , 1171.974 , 1171.974 ,    0.000 , 1171.974 , 1174.974 ,   49.302 ,   16.125 ,   -0.000 ,   -4.071 ,       15 , 	)
  46 	 (   6 , 1020.000 , 1200.000 ,        0 , 1183.875 , 1183.875 ,    0.000 , 1183.875 , 1187.875 ,    0.000 ,   16.125 ,   -0.000 ,    3.720 ,       16 , 	)
 123 	 (   4 , 1166.000 , 1346.000 ,        0 , 1216.152 , 1216.152 ,    0.000 , 1216.152 , 1218.152 ,  104.805 ,   42.913 ,   -0.000 ,   22.071 ,       17 , 	)
 158 	 (   0 , 1073.000 , 1311.000 ,        0 , 1251.962 , 1251.962 ,    0.000 , 1251.962 , 1255.962 ,   64.087 ,   42.913 ,   -0.000 ,   -6.283 ,       18 , 	)
 225 	 (   0 ,    0.000 , 1440.000 ,        0 , 1271.336 , 1271.336 ,    0.000 , 1271.336 , 1271.336 ,    0.000 ,  168.664 ,   -0.000 ,    0.000 ,       19 , 	)

	22 sommets 
	values : ( Cost : 391.017 , TRT : 341.998 , TWT :   0.000 , TD : 463.853 )
	violations : ( VC :       0 , VTW :   0.000 , VTD :   0.000 , VTRT :   0.000 )
	cout global : (   0.000	 )
S(i)	 (   C ,     TW0 ,       TW1 ,       VTW ,       Min ,       A ,       W ,       B ,       D ,       L ,       F ,       E ,       Det ,       [Imp ,       Imp]	)
   0 	 (   0 ,    0.000 , 1440.000 ,        0 ,    0.000 ,  216.986 ,    0.000 ,  216.986 ,  216.986 ,    0.000 ,    0.382 ,  216.986 ,    0.000 ,        0 , 	)
  72 	 (   3 ,  240.000 ,  360.000 ,        0 ,   36.482 ,  253.468 ,    0.000 ,  253.468 ,  256.468 ,    0.000 ,    0.382 ,   13.468 ,    7.574 ,        1 , 	)
  24 	 (   6 ,  240.000 ,  420.000 ,        0 ,  249.868 ,  263.336 ,    0.000 ,  263.336 ,  266.336 ,    0.000 ,    0.382 ,   13.468 ,    1.753 ,        2 , 	)
 184 	 (   3 ,  251.394 ,  386.000 ,        0 ,  256.147 ,  269.615 ,    0.000 ,  269.615 ,  272.615 ,   13.147 ,    0.382 ,   13.468 ,    1.348 ,        3 , 	)
 136 	 (   0 ,  297.000 ,  477.000 ,        0 ,  284.311 ,  297.779 ,    0.000 ,  297.779 ,  300.779 ,   31.443 ,    0.382 ,    0.779 ,   -1.908 ,        4 , 	)
  21 	 (   1 ,  241.000 ,  480.000 ,        0 ,  309.108 ,  309.887 ,    0.000 ,  309.887 ,  310.887 ,    0.000 ,    0.382 ,    0.779 ,    4.691 ,        5 , 	)
 109 	 (   5 ,  275.000 ,  455.756 ,        0 ,  325.524 ,  326.303 ,    0.000 ,  326.303 ,  330.303 ,    0.000 ,    0.382 ,    0.779 ,    1.784 ,        6 , 	)
  77 	 (   6 ,  240.000 ,  420.000 ,        0 ,  350.914 ,  351.692 ,    0.000 ,  351.692 ,  352.692 ,    0.000 ,    0.382 ,    0.779 ,    3.925 ,        7 , 	)
 133 	 (   5 ,  354.000 ,  534.000 ,        0 ,  362.578 ,  363.357 ,    0.000 ,  363.357 ,  364.357 ,   52.470 ,    0.382 ,    0.779 ,    7.383 ,        8 , 	)
 221 	 (   1 ,  376.000 ,  496.000 ,        0 ,  375.221 ,  376.000 ,    0.000 ,  376.000 ,  380.000 ,   45.697 ,    0.382 ,    0.000 ,    0.486 ,        9 , 	)
  91 	 (   2 ,  240.000 ,  420.000 ,        0 ,  398.311 ,  398.311 ,    0.000 ,  398.311 ,  399.311 ,    0.000 ,    0.382 ,    0.000 ,    0.687 ,       10 , 	)
  67 	 (   6 ,  240.000 ,  420.000 ,        0 ,  403.474 ,  403.474 ,    0.000 ,  403.474 ,  407.474 ,    0.000 ,    0.382 ,    0.000 ,    6.053 ,       11 , 	)
  16 	 (   8 ,  300.000 ,  480.000 ,        0 ,  414.427 ,  414.427 ,    0.000 ,  414.427 ,  416.427 ,    0.000 ,    0.382 ,    0.000 ,    0.529 ,       12 , 	)
 189 	 (   7 ,  349.000 ,  469.000 ,        0 ,  419.305 ,  419.305 ,    0.000 ,  419.305 ,  420.305 ,   66.613 ,    0.382 ,    0.000 ,    0.000 ,       13 , 	)
 203 	 (   6 ,  283.000 ,  463.000 ,        0 ,  432.230 ,  432.230 ,    0.000 ,  432.230 ,  433.230 ,   32.920 ,    0.382 ,    0.000 ,    4.820 ,       14 , 	)
  99 	 (   7 ,  245.000 ,  480.000 ,        0 ,  455.419 ,  455.419 ,    0.000 ,  455.419 ,  456.419 ,    0.000 ,    0.382 ,    0.000 ,   -0.074 ,       15 , 	)
 179 	 (   3 ,  310.000 ,  550.000 ,        0 ,  464.407 ,  464.407 ,    0.000 ,  464.407 ,  468.407 ,   56.933 ,    0.382 ,    0.000 ,    1.706 ,       16 , 	)
  14 	 (   7 ,  240.000 ,  480.000 ,        0 ,  474.020 ,  474.020 ,    0.000 ,  474.020 ,  478.020 ,    0.000 ,    0.382 ,    0.000 ,   -0.157 ,       17 , 	)
 128 	 (   5 ,  362.000 ,  602.000 ,        0 ,  481.153 ,  481.153 ,    0.000 ,  481.153 ,  483.153 ,   64.726 ,    0.382 ,    0.000 ,    2.028 ,       18 , 	)
 126 	 (   1 ,  306.000 ,  546.000 ,        0 ,  505.726 ,  505.726 ,    0.000 ,  505.726 ,  509.726 ,   27.705 ,    0.382 ,    0.000 ,    4.153 ,       19 , 	)
 211 	 (   0 ,  409.000 ,  529.000 ,        0 ,  528.618 ,  528.618 ,    0.000 ,  528.618 ,  529.618 ,   72.199 ,    0.382 ,    0.000 ,    4.783 ,       20 , 	)
 225 	 (   0 ,    0.000 , 1440.000 ,        0 ,  558.983 ,  558.983 ,    0.000 ,  558.983 ,  558.983 ,    0.000 ,  881.017 ,    0.000 ,    0.000 ,       21 , 	)

	20 sommets 
	values : ( Cost : 498.477 , TRT : 466.844 , TWT :  54.049 , TD : 656.762 )
	violations : ( VC :       0 , VTW :   0.000 , VTD :   0.000 , VTRT :   0.000 )
	cout global : (   0.000	 )
S(i)	 (   C ,     TW0 ,       TW1 ,       VTW ,       Min ,       A ,       W ,       B ,       D ,       L ,       F ,       E ,       Det ,       [Imp ,       Imp]	)
   0 	 (   0 ,    0.000 , 1440.000 ,        0 ,    0.000 ,  640.921 ,    0.000 ,  640.921 ,  640.921 ,    0.000 ,    0.000 ,  640.921 ,    0.000 ,        0 , 	)
 101 	 (   1 ,  480.000 ,  660.000 ,        0 ,   19.079 ,  660.000 ,    0.000 ,  660.000 ,  661.000 ,    0.000 ,    0.000 ,  180.000 ,   -1.124 ,        1 , 	)
   1 	 (   3 ,  600.000 ,  720.000 ,        0 ,  487.519 ,  667.519 ,   34.438 ,  701.956 ,  703.956 ,    0.000 ,    0.000 ,  101.956 ,    4.275 ,        2 , 	)
 213 	 (   2 ,  505.287 ,  726.000 ,        0 ,  624.044 ,  726.000 ,    0.000 ,  726.000 ,  727.000 ,   65.000 ,    0.000 ,  101.956 ,   26.675 ,        3 , 	)
   8 	 (   5 ,  720.000 ,  900.000 ,        0 ,  639.815 ,  741.771 ,    6.120 ,  747.891 ,  750.891 ,    0.000 ,    0.000 ,   27.891 ,    9.716 ,        4 , 	)
  75 	 (   8 ,  720.000 ,  960.000 ,        0 ,  737.968 ,  765.859 ,    0.000 ,  765.859 ,  768.859 ,    0.000 ,    0.000 ,   27.891 ,    7.732 ,        5 , 	)
 120 	 (   5 ,  748.659 ,  955.000 ,        0 ,  759.392 ,  787.283 ,    0.000 ,  787.283 ,  790.283 ,   36.392 ,    0.000 ,   27.891 ,    1.695 ,        6 , 	)
 108 	 (   6 ,  734.000 ,  952.187 ,        0 ,  777.765 ,  805.656 ,    0.000 ,  805.656 ,  806.656 ,    0.000 ,    0.000 ,   27.891 ,    2.150 ,        7 , 	)
 113 	 (   4 ,  720.000 ,  900.000 ,        0 ,  802.530 ,  830.421 ,    0.000 ,  830.421 ,  832.421 ,  126.465 ,    0.000 ,   27.891 ,   -6.677 ,        8 , 	)
  98 	 (   7 ,  780.000 ,  960.000 ,        0 ,  810.685 ,  838.576 ,    0.000 ,  838.576 ,  841.576 ,    0.000 ,    0.000 ,   27.891 ,    7.723 ,        9 , 	)
 220 	 (   6 ,  796.000 ,  976.000 ,        0 ,  831.074 ,  858.965 ,    0.000 ,  858.965 ,  859.965 ,   52.309 ,    0.000 ,   27.891 ,    2.398 ,       10 , 	)
 210 	 (   3 ,  838.000 , 1018.000 ,        0 ,  845.062 ,  872.953 ,    0.000 ,  872.953 ,  875.953 ,   31.377 ,    0.000 ,   27.891 ,    0.000 ,       11 , 	)
  33 	 (   6 ,  720.000 ,  960.000 ,        0 ,  848.062 ,  875.953 ,    0.000 ,  875.953 ,  878.953 ,    0.000 ,    0.000 ,   27.891 ,    0.000 ,       12 , 	)
 187 	 (   3 ,  827.000 , 1067.000 ,        0 ,  865.077 ,  892.968 ,    0.000 ,  892.968 ,  895.968 ,  124.110 ,    0.000 ,   27.891 ,   -6.351 ,       13 , 	)
 145 	 (   0 ,  907.000 , 1087.000 ,        0 ,  925.195 ,  953.086 ,    0.000 ,  953.086 ,  956.086 ,   74.134 ,    0.000 ,   27.891 ,    0.400 ,       14 , 	)
 102 	 (   1 ,  720.000 ,  960.000 ,        0 ,  932.109 ,  960.000 ,    0.000 ,  960.000 ,  961.000 ,    0.000 ,    0.000 ,   27.891 ,    1.577 ,       15 , 	)
   3 	 (   3 ,  994.000 , 1175.438 ,        0 , 1014.227 , 1042.118 ,    9.906 , 1052.024 , 1054.024 ,    0.000 ,    0.000 ,   37.797 ,   25.998 ,       16 , 	)
 214 	 (   2 ,  888.000 , 1068.000 ,        0 , 1030.203 , 1068.000 ,    0.000 , 1068.000 , 1069.000 ,  107.000 ,    0.000 ,   37.797 ,   -1.172 ,       17 , 	)
 115 	 (   0 , 1094.000 , 1214.000 ,        0 , 1052.617 , 1090.414 ,    3.586 , 1094.000 , 1096.000 ,   39.976 ,   58.024 ,    0.000 ,    5.396 ,       18 , 	)
 225 	 (   0 ,    0.000 , 1440.000 ,        0 , 1107.765 , 1107.765 ,    0.000 , 1107.765 , 1107.765 ,    0.000 ,  332.235 ,   -0.000 ,    0.000 ,       19 , 	)

	24 sommets 
	values : ( Cost : 425.450 , TRT : 405.974 , TWT :  40.086 , TD : 596.868 )
	violations : ( VC :       0 , VTW :   0.000 , VTD :   0.000 , VTRT :   0.000 )
	cout global : (   0.000	 )
S(i)	 (   C ,     TW0 ,       TW1 ,       VTW ,       Min ,       A ,       W ,       B ,       D ,       L ,       F ,       E ,       Det ,       [Imp ,       Imp]	)
   0 	 (   0 ,    0.000 , 1440.000 ,        0 ,    0.000 ,  702.271 ,    0.000 ,  702.271 ,  702.271 ,    0.000 ,    0.000 ,  702.271 ,    0.000 ,        0 , 	)
  60 	 (   1 ,  480.000 ,  720.000 ,        0 ,   17.729 ,  720.000 ,    0.000 ,  720.000 ,  721.000 ,    0.000 ,    0.000 ,  240.000 ,    1.714 ,        1 , 	)
  88 	 (   4 ,  720.000 ,  840.000 ,        0 ,  485.118 ,  725.118 ,    7.904 ,  733.022 ,  736.022 ,    0.000 ,    0.000 ,   13.022 ,    6.523 ,        2 , 	)
 172 	 (   3 ,  509.000 ,  749.000 ,        0 ,  735.978 ,  749.000 ,    0.000 ,  749.000 ,  750.000 ,   28.000 ,    0.000 ,   13.022 ,    0.859 ,        3 , 	)
  62 	 (   7 ,  780.000 ,  960.000 ,        0 ,  743.574 ,  756.596 ,   32.183 ,  788.779 ,  792.779 ,    0.000 ,    8.715 ,    8.779 ,    2.536 ,        4 , 	)
 174 	 (   3 ,  794.420 , 1020.000 ,        0 ,  794.420 ,  803.198 ,    0.000 ,  803.198 ,  807.198 ,   10.420 ,    8.715 ,    8.779 ,    0.529 ,        5 , 	)
  32 	 (   6 ,  720.000 ,  900.000 ,        0 ,  799.723 ,  808.502 ,    0.000 ,  808.502 ,  811.502 ,    0.000 ,    8.715 ,    8.779 ,    0.120 ,        6 , 	)
  90 	 (   8 ,  720.000 ,  900.000 ,        0 ,  810.735 ,  819.514 ,    0.000 ,  819.514 ,  821.514 ,    0.000 ,    8.715 ,    8.779 ,    2.181 ,        7 , 	)
 202 	 (   6 ,  751.494 ,  981.000 ,        0 ,  842.229 ,  851.008 ,    0.000 ,  851.008 ,  853.008 ,   29.494 ,    8.715 ,    8.779 ,    3.052 ,        8 , 	)
 144 	 (   3 ,  789.000 , 1029.000 ,        0 ,  855.413 ,  864.192 ,    0.000 ,  864.192 ,  867.192 ,   52.689 ,    8.715 ,    8.779 ,    6.986 ,        9 , 	)
  94 	 (   4 ,  720.000 ,  960.000 ,        0 ,  884.769 ,  893.548 ,    0.000 ,  893.548 ,  894.548 ,    0.000 ,    8.715 ,    8.779 ,   -5.465 ,       10 , 	)
 200 	 (   1 ,  820.000 , 1054.000 ,        0 ,  894.778 ,  903.557 ,    0.000 ,  903.557 ,  906.557 ,  167.535 ,    8.715 ,    8.779 ,    1.199 ,       11 , 	)
  95 	 (   2 ,  722.000 ,  960.000 ,        0 ,  911.084 ,  919.863 ,    0.000 ,  919.863 ,  920.863 ,    0.000 ,    8.715 ,    8.779 ,    7.004 ,       12 , 	)
  36 	 (   5 ,  780.000 ,  960.000 ,        0 ,  923.103 ,  931.882 ,    0.000 ,  931.882 ,  934.882 ,    0.000 ,    8.715 ,    8.779 ,    0.529 ,       13 , 	)
  52 	 (   6 ,  780.000 ,  960.000 ,        0 ,  928.981 ,  937.760 ,    0.000 ,  937.760 ,  938.760 ,    0.000 ,    8.715 ,    8.779 ,   -0.000 ,       14 , 	)
 148 	 (   3 ,  790.641 ,  984.000 ,        0 ,  934.744 ,  943.523 ,    0.000 ,  943.523 ,  946.523 ,    8.641 ,    8.715 ,    8.779 ,    9.525 ,       15 , 	)
  23 	 (   6 ,  780.000 ,  960.000 ,        0 ,  942.506 ,  951.285 ,    0.000 ,  951.285 ,  954.285 ,    0.000 ,    8.715 ,    8.779 ,    7.110 ,       16 , 	)
 206 	 (   5 ,  791.000 , 1031.000 ,        0 ,  955.572 ,  964.351 ,    0.000 ,  964.351 ,  965.351 ,   69.803 ,   17.368 ,    8.779 ,    3.216 ,       17 , 	)
 207 	 (   4 ,  829.000 , 1009.000 ,        0 ,  973.805 ,  982.584 ,    0.000 ,  982.584 ,  983.584 ,   61.721 ,   17.368 ,    8.779 ,    0.996 ,       18 , 	)
 135 	 (   1 ,  903.000 , 1023.000 ,        0 ,  996.853 , 1005.632 ,    0.000 , 1005.632 , 1008.632 ,   51.347 ,   17.368 ,    8.779 ,    5.477 ,       19 , 	)
  85 	 (   2 , 1020.000 , 1200.000 ,        0 , 1011.221 , 1020.000 ,    0.000 , 1020.000 , 1021.000 ,    0.000 ,   20.801 ,    0.000 ,   17.353 ,       20 , 	)
 164 	 (   1 ,  836.000 , 1076.000 ,        0 , 1032.959 , 1032.959 ,    0.000 , 1032.959 , 1033.959 ,   94.199 ,   20.801 ,   -0.000 ,    3.362 ,       21 , 	)
 197 	 (   0 , 1039.656 , 1251.000 ,        0 , 1044.019 , 1044.019 ,    0.000 , 1044.019 , 1045.019 ,   23.019 ,   26.981 ,   -0.000 ,   15.792 ,       22 , 	)
 225 	 (   0 ,    0.000 , 1440.000 ,        0 , 1108.244 , 1108.244 ,    0.000 , 1108.244 , 1108.244 ,    0.000 ,  331.756 ,   -0.000 ,    0.000 ,       23 , 	)
