8
	VALUE ALL : ( Cost : 2816.270 , TRT : 3179.466 , TWT : 729.969 , TD : 4432.182 )
	VIOLATIONS TOTAL : ( VC :       0 , VTW :   0.000 , VTD :   0.000 , VTRT :   0.000 )
 	COUT_ALL : (   0.002 )  T2B:   36001

	18 sommets 
	values : ( Cost : 343.579 , TRT : 459.126 , TWT : 156.795 , TD : 489.591 )
	violations : ( VC :       0 , VTW :   0.000 , VTD :   0.000 , VTRT :   0.000 )
	cout global : (   0.000	 )
S(i)	 (   C ,     TW0 ,       TW1 ,       VTW ,       Min ,       A ,       W ,       B ,       D ,       L ,       F ,       E ,       Det ,       [Imp ,       Imp]	)
   0 	 (   0 ,    0.000 , 1440.000 ,        0 ,    0.000 ,  715.811 ,    0.000 ,  715.811 ,  715.811 ,    0.000 ,    0.000 ,  715.811 ,    0.000 ,        0 , 	)
  10 	 (   3 ,  480.000 ,  720.000 ,        0 ,    4.189 ,  720.000 ,    0.000 ,  720.000 ,  723.000 ,    0.000 ,    0.000 ,  240.000 ,    0.529 ,        1 , 	)
  11 	 (   7 ,  720.000 ,  840.000 ,        0 ,  490.938 ,  730.938 ,   20.525 ,  751.463 ,  755.463 ,    0.000 ,    0.000 ,   31.463 ,   13.543 ,        2 , 	)
  79 	 (   3 ,  757.528 ,  934.000 ,        0 ,  757.528 ,  788.991 ,    0.000 ,  788.991 ,  792.991 ,   33.528 ,    0.000 ,   31.463 ,    2.192 ,        3 , 	)
  78 	 (   0 ,  572.000 ,  812.000 ,        0 ,  780.537 ,  812.000 ,    0.000 ,  812.000 ,  815.000 ,   89.000 ,    0.000 ,   31.463 ,   14.320 ,        4 , 	)
  59 	 (   1 ,  720.000 ,  960.000 ,        0 ,  791.399 ,  822.862 ,   53.335 ,  876.197 ,  877.197 ,    0.000 ,    0.000 ,   84.798 ,    0.375 ,        5 , 	)
  19 	 (   5 ,  840.000 ,  900.000 ,        0 ,  804.117 ,  888.914 ,    0.000 ,  888.914 ,  892.914 ,    0.000 ,    0.000 ,   48.914 ,   -2.110 ,        6 , 	)
 127 	 (   4 ,  769.000 , 1009.000 ,        0 ,  848.497 ,  897.411 ,    0.000 ,  897.411 ,  898.411 ,   20.214 ,    0.000 ,   48.914 ,    3.394 ,        7 , 	)
  34 	 (   8 ,  727.000 ,  960.000 ,        0 ,  860.977 ,  909.892 ,    0.000 ,  909.892 ,  913.892 ,    0.000 ,    0.000 ,   48.914 ,    0.720 ,        8 , 	)
  87 	 (   4 ,  882.000 , 1053.000 ,        0 ,  895.341 ,  944.255 ,    0.000 ,  944.255 ,  948.255 ,   51.341 ,    0.000 ,   48.914 ,    0.411 ,        9 , 	)
 102 	 (   0 ,  820.000 , 1000.000 ,        0 ,  902.602 ,  951.516 ,    0.000 ,  951.516 ,  955.516 ,   37.624 ,    0.000 ,   48.914 ,    0.835 ,       10 , 	)
  27 	 (   1 ,  780.000 ,  960.000 ,        0 ,  911.086 ,  960.000 ,    0.000 ,  960.000 ,  961.000 ,    0.000 ,    0.000 ,   48.914 ,    0.000 ,       11 , 	)
  64 	 (   2 ,  999.000 , 1167.936 ,        0 ,  912.086 ,  961.000 ,   82.936 , 1043.936 , 1044.936 ,    0.000 ,   21.101 ,   44.936 ,    0.000 ,       12 , 	)
  62 	 (   6 ,  960.000 , 1140.000 ,        0 , 1000.000 , 1044.936 ,    0.000 , 1044.936 , 1048.936 ,    0.000 ,   21.101 ,   44.936 ,    0.000 ,       13 , 	)
 132 	 (   5 , 1078.000 , 1198.000 ,        0 , 1033.064 , 1078.000 ,    0.000 , 1078.000 , 1079.000 ,   33.064 ,   17.079 ,    0.000 ,    5.953 ,       14 , 	)
  95 	 (   4 ,  889.000 , 1129.000 ,        0 , 1107.899 , 1107.899 ,    0.000 , 1107.899 , 1108.899 ,  146.899 ,   17.079 ,    0.000 ,   18.632 ,       15 , 	)
 130 	 (   0 , 1004.000 , 1239.000 ,        0 , 1126.857 , 1126.857 ,    0.000 , 1126.857 , 1130.857 ,   77.921 ,   17.079 ,    0.000 ,    0.871 ,       16 , 	)
 137 	 (   0 ,    0.000 , 1440.000 ,        0 , 1174.937 , 1174.937 ,    0.000 , 1174.937 , 1174.937 ,    0.000 ,  265.063 ,    0.000 ,    0.000 ,       17 , 	)

	10 sommets 
	values : ( Cost : 225.951 , TRT : 189.888 , TWT :   0.000 , TD : 211.810 )
	violations : ( VC :       0 , VTW :   0.000 , VTD :   0.000 , VTRT :   0.000 )
	cout global : (   0.000	 )
S(i)	 (   C ,     TW0 ,       TW1 ,       VTW ,       Min ,       A ,       W ,       B ,       D ,       L ,       F ,       E ,       Det ,       [Imp ,       Imp]	)
   0 	 (   0 ,    0.000 , 1440.000 ,        0 ,    0.000 ,  228.792 ,    0.000 ,  228.792 ,  228.792 ,    0.000 ,   60.000 ,  228.792 ,    0.000 ,        0 , 	)
  35 	 (   4 ,  240.000 ,  300.000 ,        0 ,   11.208 ,  240.000 ,    0.000 ,  240.000 ,  244.000 ,    0.000 ,   60.000 ,    0.000 ,    3.950 ,        1 , 	)
 103 	 (   0 ,  269.217 ,  372.000 ,        0 ,  269.217 ,  269.217 ,    0.000 ,  269.217 ,  273.217 ,   25.217 ,   42.783 ,    0.000 ,   17.100 ,        2 , 	)
  45 	 (   1 ,  240.000 ,  420.000 ,        0 ,  285.791 ,  285.791 ,    0.000 ,  285.791 ,  286.791 ,    0.000 ,  134.209 ,    0.000 ,    5.884 ,        3 , 	)
  46 	 (   4 ,  240.000 ,  480.000 ,        0 ,  307.639 ,  307.639 ,    0.000 ,  307.639 ,  310.639 ,    0.000 ,   43.698 ,    0.000 ,   20.771 ,        4 , 	)
  15 	 (   6 ,  240.000 ,  480.000 ,        0 ,  342.239 ,  342.239 ,    0.000 ,  342.239 ,  344.239 ,    0.000 ,   43.698 ,    0.000 ,   -4.563 ,        5 , 	)
 114 	 (   3 ,  340.000 ,  580.000 ,        0 ,  356.959 ,  356.959 ,    0.000 ,  356.959 ,  359.959 ,   46.320 ,   30.028 ,    0.000 ,    6.594 ,        6 , 	)
 113 	 (   2 ,  308.000 ,  548.000 ,        0 ,  374.092 ,  374.092 ,    0.000 ,  374.092 ,  375.092 ,   87.302 ,   30.028 ,    0.000 ,    4.467 ,        7 , 	)
  83 	 (   0 ,  303.000 ,  543.000 ,        0 ,  397.211 ,  397.211 ,    0.000 ,  397.211 ,  399.211 ,   52.972 ,   30.028 ,    0.000 ,   27.226 ,        8 , 	)
 137 	 (   0 ,    0.000 , 1440.000 ,        0 ,  418.680 ,  418.680 ,    0.000 ,  418.680 ,  418.680 ,    0.000 , 1021.320 ,    0.000 ,    0.000 ,        9 , 	)

	16 sommets 
	values : ( Cost : 332.330 , TRT : 367.165 , TWT :  91.292 , TD : 671.132 )
	violations : ( VC :       0 , VTW :   0.000 , VTD :   0.000 , VTRT :   0.000 )
	cout global : (   0.000	 )
S(i)	 (   C ,     TW0 ,       TW1 ,       VTW ,       Min ,       A ,       W ,       B ,       D ,       L ,       F ,       E ,       Det ,       [Imp ,       Imp]	)
   0 	 (   0 ,    0.000 , 1440.000 ,        0 ,    0.000 ,  796.348 ,    0.000 ,  796.348 ,  796.348 ,    0.000 ,    0.000 ,  796.348 ,    0.000 ,        0 , 	)
  28 	 (   4 ,  720.000 ,  960.000 ,        0 ,   15.515 ,  811.863 ,    0.000 ,  811.863 ,  815.863 ,    0.000 ,    0.000 ,   91.863 ,    2.486 ,        1 , 	)
   2 	 (   5 ,  752.000 ,  940.023 ,        0 ,  734.981 ,  826.844 ,    0.000 ,  826.844 ,  827.844 ,    0.000 ,    0.000 ,   74.844 ,    3.353 ,        2 , 	)
  61 	 (   6 ,  780.000 ,  900.000 ,        0 ,  776.567 ,  851.411 ,    0.000 ,  851.411 ,  852.411 ,    0.000 ,    0.000 ,   71.411 ,    0.871 ,        3 , 	)
  47 	 (   8 ,  780.000 ,  900.000 ,        0 ,  788.153 ,  859.565 ,    0.000 ,  859.565 ,  861.565 ,    0.000 ,    0.000 ,   71.411 ,    5.959 ,        4 , 	)
  96 	 (   4 ,  837.000 , 1077.000 ,        0 ,  817.364 ,  888.775 ,    0.000 ,  888.775 ,  892.775 ,   72.912 ,    0.000 ,   51.775 ,    0.000 ,        5 , 	)
 115 	 (   2 ,  809.211 ,  975.000 ,        0 ,  841.000 ,  892.775 ,    0.000 ,  892.775 ,  894.775 ,   31.211 ,    0.000 ,   51.775 ,    0.000 ,        6 , 	)
  70 	 (   1 ,  862.000 ,  982.000 ,        0 ,  866.248 ,  918.023 ,    0.000 ,  918.023 ,  919.023 ,   90.179 ,    0.000 ,   51.775 ,   14.904 ,        7 , 	)
  68 	 (   3 ,  780.000 ,  960.000 ,        0 ,  908.225 ,  960.000 ,    0.000 ,  960.000 ,  962.000 ,    0.000 ,    0.000 ,   51.775 ,    2.095 ,        8 , 	)
  17 	 (   4 ,  960.000 , 1200.000 ,        0 ,  913.383 ,  965.158 ,   91.292 , 1056.450 , 1057.450 ,    0.000 ,    9.532 ,   96.450 ,    1.725 ,        9 , 	)
  31 	 (   6 ,  960.000 , 1140.000 ,        0 ,  971.473 , 1067.923 ,    0.000 , 1067.923 , 1069.923 ,    0.000 ,    9.532 ,   96.450 ,   -0.255 ,       10 , 	)
 129 	 (   5 ,  918.000 , 1098.000 ,        0 ,  991.443 , 1087.893 ,    0.000 , 1087.893 , 1088.893 ,  235.482 ,    9.532 ,   96.450 ,    6.155 ,       11 , 	)
  85 	 (   4 , 1096.000 , 1276.000 ,        0 ,  999.550 , 1096.000 ,    0.000 , 1096.000 , 1097.000 ,   38.550 ,    9.532 ,    0.000 ,    0.917 ,       12 , 	)
  99 	 (   2 ,  989.523 , 1216.000 ,        0 , 1108.255 , 1108.255 ,    0.000 , 1108.255 , 1110.255 ,   38.332 ,    9.532 ,    0.000 ,    2.247 ,       13 , 	)
 136 	 (   0 ,  896.000 , 1136.000 ,        0 , 1126.468 , 1126.468 ,    0.000 , 1126.468 , 1128.468 ,  164.468 ,    9.532 ,   -0.000 ,   28.662 ,       14 , 	)
 137 	 (   0 ,    0.000 , 1440.000 ,        0 , 1163.513 , 1163.513 ,    0.000 , 1163.513 , 1163.513 ,    0.000 ,  276.487 ,   -0.000 ,    0.000 ,       15 , 	)

	34 sommets 
	values : ( Cost : 525.163 , TRT : 470.660 , TWT :  15.801 , TD : 1019.218 )
	violations : ( VC :       0 , VTW :   0.000 , VTD :   0.000 , VTRT :   0.000 )
	cout global : (   0.000	 )
S(i)	 (   C ,     TW0 ,       TW1 ,       VTW ,       Min ,       A ,       W ,       B ,       D ,       L ,       F ,       E ,       Det ,       [Imp ,       Imp]	)
   0 	 (   0 ,    0.000 , 1440.000 ,        0 ,    0.000 ,  633.960 ,    0.000 ,  633.960 ,  633.960 ,    0.000 ,    0.000 ,  633.960 ,    0.000 ,        0 , 	)
  67 	 (   3 ,  480.000 ,  720.000 ,        0 ,    5.620 ,  639.580 ,    0.000 ,  639.580 ,  642.580 ,    0.000 ,    0.000 ,  159.580 ,    6.134 ,        1 , 	)
  26 	 (   4 ,  480.000 ,  660.000 ,        0 ,  500.420 ,  660.000 ,    0.000 ,  660.000 ,  661.000 ,    0.000 ,    0.000 ,  159.580 ,   12.387 ,        2 , 	)
  49 	 (   6 ,  480.000 ,  720.000 ,        0 ,  523.292 ,  682.871 ,   15.801 ,  698.672 ,  700.672 ,    0.000 ,    3.494 ,  175.380 ,    5.434 ,        3 , 	)
   1 	 (   7 ,  480.000 ,  720.000 ,        0 ,  541.126 ,  716.506 ,    0.000 ,  716.506 ,  717.506 ,    0.000 ,    3.494 ,  175.380 ,    1.992 ,        4 , 	)
  42 	 (   8 ,  720.000 ,  900.000 ,        0 ,  544.620 ,  720.000 ,    0.000 ,  720.000 ,  721.000 ,    0.000 ,    5.820 ,    0.000 ,    1.225 ,        5 , 	)
  94 	 (   7 ,  534.000 ,  773.000 ,        0 ,  737.263 ,  737.263 ,    0.000 ,  737.263 ,  738.263 ,   76.263 ,    5.820 ,    0.000 ,    8.957 ,        6 , 	)
 110 	 (   6 ,  749.205 ,  977.000 ,        0 ,  759.162 ,  759.162 ,    0.000 ,  759.162 ,  760.162 ,   38.162 ,    5.820 ,    0.000 ,   -1.553 ,        7 , 	)
 135 	 (   3 ,  582.000 ,  822.000 ,        0 ,  762.294 ,  762.294 ,    0.000 ,  762.294 ,  765.294 ,  119.714 ,    5.820 ,    0.000 ,    4.263 ,        8 , 	)
  69 	 (   2 ,  537.000 ,  777.000 ,        0 ,  771.180 ,  771.180 ,    0.000 ,  771.180 ,  772.180 ,   53.674 ,    5.820 ,    0.000 ,    1.560 ,        9 , 	)
  44 	 (   4 ,  720.000 ,  900.000 ,        0 ,  784.707 ,  784.707 ,    0.000 ,  784.707 ,  786.707 ,    0.000 ,    9.074 ,    0.000 ,   -2.343 ,       10 , 	)
  14 	 (   5 ,  780.000 ,  960.000 ,        0 ,  805.432 ,  805.432 ,    0.000 ,  805.432 ,  806.432 ,    0.000 ,    9.074 ,    0.000 ,   -1.779 ,       11 , 	)
 117 	 (   3 ,  662.000 ,  842.000 ,        0 ,  810.383 ,  810.383 ,    0.000 ,  810.383 ,  812.383 ,  109.711 ,    9.074 ,    0.000 ,    2.462 ,       12 , 	)
 112 	 (   1 ,  771.000 , 1009.000 ,        0 ,  833.133 ,  833.133 ,    0.000 ,  833.133 ,  835.133 ,   46.426 ,    9.074 ,    0.000 ,    0.824 ,       13 , 	)
  43 	 (   2 ,  720.000 ,  900.000 ,        0 ,  840.986 ,  840.986 ,    0.000 ,  840.986 ,  841.986 ,    0.000 ,    9.074 ,    0.000 ,    3.902 ,       14 , 	)
  25 	 (   4 ,  729.000 ,  898.422 ,        0 ,  851.409 ,  851.409 ,    0.000 ,  851.409 ,  853.409 ,    0.000 ,    7.968 ,    0.000 ,    0.000 ,       15 , 	)
  50 	 (   5 ,  780.000 ,  960.000 ,        0 ,  853.409 ,  853.409 ,    0.000 ,  853.409 ,  854.409 ,    0.000 ,    7.968 ,    0.000 ,    0.000 ,       16 , 	)
  93 	 (   3 ,  810.000 ,  930.000 ,        0 ,  883.987 ,  883.987 ,    0.000 ,  883.987 ,  885.987 ,   30.578 ,    7.968 ,    0.000 ,   10.914 ,       17 , 	)
  33 	 (   7 ,  720.000 ,  960.000 ,        0 ,  892.671 ,  892.671 ,    0.000 ,  892.671 ,  896.671 ,    0.000 ,    7.968 ,    0.000 ,    1.565 ,       18 , 	)
 118 	 (   6 ,  864.000 , 1044.000 ,        0 ,  907.763 ,  907.763 ,    0.000 ,  907.763 ,  908.763 ,   53.354 ,    7.968 ,    0.000 ,    7.468 ,       19 , 	)
   3 	 (   7 ,  840.000 ,  960.000 ,        0 ,  915.103 ,  915.103 ,    0.000 ,  915.103 ,  916.103 ,    0.000 ,    7.968 ,    0.000 ,    0.000 ,       20 , 	)
  82 	 (   6 ,  886.000 , 1126.000 ,        0 ,  916.103 ,  916.103 ,    0.000 ,  916.103 ,  917.103 ,  109.671 ,    7.968 ,    0.000 ,    0.000 ,       21 , 	)
 111 	 (   5 ,  799.000 ,  979.000 ,        0 ,  939.019 ,  939.019 ,    0.000 ,  939.019 ,  940.019 ,   97.032 ,    7.968 ,    0.000 ,    4.296 ,       22 , 	)
  51 	 (   8 ,  790.000 ,  957.156 ,        0 ,  948.081 ,  948.081 ,    0.000 ,  948.081 ,  951.081 ,    0.000 ,    9.074 ,    0.000 ,    1.197 ,       23 , 	)
 119 	 (   5 ,  868.000 ,  988.000 ,        0 ,  978.926 ,  978.926 ,    0.000 ,  978.926 ,  981.926 ,   27.844 ,    9.074 ,    0.000 ,    6.144 ,       24 , 	)
 101 	 (   1 ,  816.000 , 1056.000 ,        0 ,  985.429 ,  985.429 ,    0.000 ,  985.429 ,  989.429 ,   88.758 ,   35.242 ,    0.000 ,    0.000 ,       25 , 	)
  71 	 (   0 ,  942.000 , 1182.000 ,        0 ,  989.429 ,  989.429 ,    0.000 ,  989.429 ,  990.429 ,   73.326 ,   69.047 ,    0.000 ,    0.000 ,       26 , 	)
  37 	 (   2 ,  971.000 , 1136.147 ,        0 , 1010.794 , 1010.794 ,    0.000 , 1010.794 , 1012.794 ,    0.000 ,   69.047 ,    0.000 ,    1.208 ,       27 , 	)
  53 	 (   5 ,  960.000 , 1200.000 ,        0 , 1037.065 , 1037.065 ,    0.000 , 1037.065 , 1040.065 ,    0.000 ,   35.354 ,    0.000 ,    6.792 ,       28 , 	)
 105 	 (   3 , 1045.000 , 1165.000 ,        0 , 1049.440 , 1049.440 ,    0.000 , 1049.440 , 1051.440 ,   36.646 ,   35.354 ,   -0.000 ,    3.147 ,       29 , 	)
   5 	 (   5 ,  960.000 , 1140.000 ,        0 , 1070.953 , 1070.953 ,    0.000 , 1070.953 , 1072.953 ,    0.000 ,   69.047 ,   -0.000 ,    3.549 ,       30 , 	)
 121 	 (   2 , 1038.000 , 1278.000 ,        0 , 1079.224 , 1079.224 ,    0.000 , 1079.224 , 1082.224 ,   39.159 ,    2.101 ,   -0.000 ,    8.053 ,       31 , 	)
  73 	 (   0 ,  969.847 , 1163.000 ,        0 , 1091.853 , 1091.853 ,    0.000 , 1091.853 , 1093.853 ,   18.899 ,    2.101 ,   -0.000 ,    5.695 ,       32 , 	)
 137 	 (   0 ,    0.000 , 1440.000 ,        0 , 1104.620 , 1104.620 ,    0.000 , 1104.620 , 1104.620 ,    0.000 ,  335.380 ,   -0.000 ,    0.000 ,       33 , 	)

	12 sommets 
	values : ( Cost : 241.935 , TRT : 466.484 , TWT : 258.578 , TD : 382.850 )
	violations : ( VC :       0 , VTW :   0.000 , VTD :   0.000 , VTRT :   0.000 )
	cout global : (   0.000	 )
S(i)	 (   C ,     TW0 ,       TW1 ,       VTW ,       Min ,       A ,       W ,       B ,       D ,       L ,       F ,       E ,       Det ,       [Imp ,       Imp]	)
   0 	 (   0 ,    0.000 , 1440.000 ,        0 ,    0.000 ,  443.498 ,    0.000 ,  443.498 ,  443.498 ,    0.000 ,    0.000 ,  443.498 ,    0.000 ,        0 , 	)
  54 	 (   3 ,  318.000 ,  470.118 ,        0 ,   12.569 ,  456.067 ,    0.000 ,  456.067 ,  459.067 ,    0.000 ,    0.000 ,  138.067 ,    0.705 ,        1 , 	)
  21 	 (   7 ,  266.000 ,  467.900 ,        0 ,  323.099 ,  461.166 ,    0.000 ,  461.166 ,  465.166 ,    0.000 ,    0.000 ,  138.067 ,    3.493 ,        2 , 	)
 122 	 (   4 ,  385.000 ,  505.000 ,        0 ,  360.375 ,  498.442 ,    0.000 ,  498.442 ,  501.442 ,   39.375 ,    0.000 ,  113.442 ,    3.734 ,        3 , 	)
  89 	 (   0 ,  401.000 ,  521.000 ,        0 ,  407.558 ,  521.000 ,    0.000 ,  521.000 ,  525.000 ,   55.834 ,    0.000 ,  113.442 ,   12.139 ,        4 , 	)
  22 	 (   3 ,  480.000 ,  720.000 ,        0 ,  425.949 ,  539.391 ,  180.609 ,  720.000 ,  723.000 ,    0.000 ,    0.000 ,  240.000 ,    0.000 ,        5 , 	)
  38 	 (   5 ,  720.000 ,  960.000 ,        0 ,  483.000 ,  723.000 ,   48.007 ,  771.007 ,  773.007 ,    0.000 ,    0.000 ,   51.007 ,    0.000 ,        6 , 	)
  40 	 (   6 ,  720.000 ,  960.000 ,        0 ,  761.964 ,  812.971 ,    0.000 ,  812.971 ,  813.971 ,    0.000 ,    0.000 ,   51.007 ,   -0.651 ,        7 , 	)
  90 	 (   3 ,  585.000 ,  825.000 ,        0 ,  773.993 ,  825.000 ,    0.000 ,  825.000 ,  828.000 ,  102.000 ,    0.000 ,   51.007 ,   -6.326 ,        8 , 	)
 106 	 (   1 ,  884.000 , 1124.000 ,        0 ,  803.031 ,  854.038 ,   29.962 ,  884.000 ,  886.000 ,  110.993 ,   42.352 ,    0.000 ,    3.583 ,        9 , 	)
 108 	 (   0 ,  808.000 , 1048.000 ,        0 ,  888.619 ,  888.619 ,    0.000 ,  888.619 ,  889.619 ,   74.648 ,   42.352 ,    0.000 ,    0.788 ,       10 , 	)
 137 	 (   0 ,    0.000 , 1440.000 ,        0 ,  909.982 ,  909.982 ,    0.000 ,  909.982 ,  909.982 ,    0.000 ,  530.018 ,    0.000 ,    0.000 ,       11 , 	)

	18 sommets 
	values : ( Cost : 385.025 , TRT : 344.029 , TWT :  20.536 , TD : 530.556 )
	violations : ( VC :       0 , VTW :   0.000 , VTD :   0.000 , VTRT :   0.000 )
	cout global : (   0.000	 )
S(i)	 (   C ,     TW0 ,       TW1 ,       VTW ,       Min ,       A ,       W ,       B ,       D ,       L ,       F ,       E ,       Det ,       [Imp ,       Imp]	)
   0 	 (   0 ,    0.000 , 1440.000 ,        0 ,    0.000 ,  215.416 ,    0.000 ,  215.416 ,  215.416 ,    0.000 ,    0.000 ,  215.416 ,    0.000 ,        0 , 	)
  36 	 (   1 ,  240.000 ,  480.000 ,        0 ,   27.738 ,  243.154 ,    0.000 ,  243.154 ,  244.154 ,    0.000 ,    0.000 ,    3.154 ,   46.978 ,        1 , 	)
  29 	 (   5 ,  240.000 ,  420.000 ,        0 ,  270.311 ,  273.465 ,    0.000 ,  273.465 ,  277.465 ,    0.000 ,    0.000 ,    3.154 ,   -2.256 ,        2 , 	)
  63 	 (   6 ,  240.000 ,  480.000 ,        0 ,  283.008 ,  286.162 ,    0.000 ,  286.162 ,  287.162 ,    0.000 ,    0.000 ,    3.154 ,   10.117 ,        3 , 	)
   4 	 (   8 ,  240.000 ,  300.000 ,        0 ,  296.846 ,  300.000 ,    0.000 ,  300.000 ,  302.000 ,    0.000 ,   -0.000 ,    3.154 ,   -0.002 ,        4 , 	)
  97 	 (   4 ,  292.000 ,  529.000 ,        0 ,  326.701 ,  329.855 ,    0.000 ,  329.855 ,  333.855 ,   52.390 ,   15.556 ,    3.154 ,    9.803 ,        5 , 	)
 131 	 (   3 ,  370.000 ,  610.000 ,        0 ,  365.299 ,  368.453 ,    1.547 ,  370.000 ,  371.000 ,   82.838 ,   14.009 ,    0.000 ,   19.065 ,        6 , 	)
 104 	 (   2 ,  386.000 ,  626.000 ,        0 ,  393.511 ,  393.511 ,    0.000 ,  393.511 ,  394.511 ,  149.356 ,   14.009 ,    0.000 ,    1.081 ,        7 , 	)
  72 	 (   0 ,  285.981 ,  419.000 ,        0 ,  403.991 ,  403.991 ,    0.000 ,  403.991 ,  405.991 ,  101.991 ,   14.009 ,    0.000 ,    0.000 ,        8 , 	)
  56 	 (   1 ,  244.000 ,  420.000 ,        0 ,  405.991 ,  405.991 ,   14.009 ,  420.000 ,  421.000 ,    0.000 ,    0.000 ,   14.009 ,    0.000 ,        9 , 	)
  41 	 (   3 ,  360.000 ,  480.000 ,        0 ,  438.697 ,  452.706 ,    0.735 ,  453.441 ,  455.441 ,    0.000 ,    0.000 ,   14.744 ,    4.664 ,       10 , 	)
 124 	 (   2 ,  346.000 ,  466.000 ,        0 ,  451.256 ,  466.000 ,    0.000 ,  466.000 ,  467.000 ,   45.000 ,    0.000 ,   14.744 ,    0.000 ,       11 , 	)
  52 	 (   5 ,  300.000 ,  480.000 ,        0 ,  452.256 ,  467.000 ,    4.244 ,  471.244 ,  474.244 ,    0.000 ,    8.756 ,   18.989 ,    0.000 ,       12 , 	)
 109 	 (   3 ,  377.171 ,  523.000 ,        0 ,  459.011 ,  478.000 ,    0.000 ,  478.000 ,  480.000 ,   22.559 ,   18.441 ,   18.989 ,    0.000 ,       13 , 	)
  48 	 (   6 ,  480.000 ,  660.000 ,        0 ,  461.011 ,  480.000 ,    0.000 ,  480.000 ,  483.000 ,    0.000 ,   78.450 ,    0.000 ,    0.000 ,       14 , 	)
 116 	 (   3 ,  514.116 ,  726.000 ,        0 ,  514.116 ,  514.116 ,    0.000 ,  514.116 ,  517.116 ,   31.116 ,   31.884 ,    0.000 ,    0.514 ,       15 , 	)
 120 	 (   0 ,  358.000 ,  598.000 ,        0 ,  519.550 ,  519.550 ,    0.000 ,  519.550 ,  522.550 ,   45.305 ,   78.450 ,    0.000 ,   -4.244 ,       16 , 	)
 137 	 (   0 ,    0.000 , 1440.000 ,        0 ,  559.444 ,  559.444 ,    0.000 ,  559.444 ,  559.444 ,    0.000 ,  880.556 ,    0.000 ,    0.000 ,       17 , 	)

	22 sommets 
	values : ( Cost : 423.913 , TRT : 474.917 , TWT :  82.186 , TD : 502.551 )
	violations : ( VC :       0 , VTW :   0.000 , VTD :   0.000 , VTRT :   0.000 )
	cout global : (   0.000	 )
S(i)	 (   C ,     TW0 ,       TW1 ,       VTW ,       Min ,       A ,       W ,       B ,       D ,       L ,       F ,       E ,       Det ,       [Imp ,       Imp]	)
   0 	 (   0 ,    0.000 , 1440.000 ,        0 ,    0.000 ,  348.402 ,    0.000 ,  348.402 ,  348.402 ,    0.000 ,    0.000 ,  348.402 ,    0.000 ,        0 , 	)
  39 	 (   4 ,  240.000 ,  360.000 ,        0 ,   11.598 ,  360.000 ,    0.000 ,  360.000 ,  364.000 ,    0.000 ,    0.000 ,  120.000 ,    3.116 ,        1 , 	)
  55 	 (   8 ,  240.000 ,  480.000 ,        0 ,  263.021 ,  383.021 ,   13.071 ,  396.092 ,  400.092 ,    0.000 ,    0.000 ,  133.071 ,   -4.362 ,        2 , 	)
 107 	 (   4 ,  270.523 ,  417.000 ,        0 ,  270.162 ,  403.232 ,    0.000 ,  403.232 ,  407.232 ,   39.232 ,    0.000 ,  132.709 ,    0.262 ,        3 , 	)
  20 	 (   8 ,  240.000 ,  480.000 ,        0 ,  281.886 ,  414.595 ,    0.000 ,  414.595 ,  418.595 ,    0.000 ,    0.000 ,  132.709 ,   15.341 ,        4 , 	)
  88 	 (   4 ,  306.000 ,  546.000 ,        0 ,  317.355 ,  450.064 ,    0.000 ,  450.064 ,  454.064 ,   31.468 ,    0.000 ,  132.709 ,   -2.139 ,        5 , 	)
 123 	 (   0 ,  314.000 ,  554.000 ,        0 ,  329.123 ,  461.832 ,    0.000 ,  461.832 ,  465.832 ,   61.741 ,    0.000 ,  132.709 ,    0.366 ,        6 , 	)
  13 	 (   4 ,  240.000 ,  480.000 ,        0 ,  336.889 ,  469.598 ,    0.000 ,  469.598 ,  473.598 ,    0.000 ,    0.000 ,  132.709 ,    0.000 ,        7 , 	)
   8 	 (   8 ,  253.000 ,  473.598 ,        0 ,  340.889 ,  473.598 ,    0.000 ,  473.598 ,  477.598 ,    0.000 ,    0.000 ,  132.709 ,    0.000 ,        8 , 	)
  76 	 (   4 ,  322.000 ,  502.000 ,        0 ,  369.291 ,  502.000 ,    0.000 ,  502.000 ,  506.000 ,   24.402 ,    0.000 ,  132.709 ,   22.402 ,        9 , 	)
   7 	 (   8 ,  492.000 ,  715.220 ,        0 ,  397.320 ,  530.029 ,   33.142 ,  563.171 ,  567.171 ,    0.000 ,    0.000 ,   71.171 ,    6.254 ,       10 , 	)
  75 	 (   4 ,  565.000 ,  745.000 ,        0 ,  521.780 ,  592.950 ,    0.000 ,  592.950 ,  596.950 ,   25.780 ,    0.000 ,   27.950 ,    0.309 ,       11 , 	)
  81 	 (   0 ,  433.000 ,  613.000 ,        0 ,  585.050 ,  613.000 ,    0.000 ,  613.000 ,  617.000 ,  139.402 ,    0.000 ,   27.950 ,   29.338 ,       12 , 	)
  65 	 (   4 ,  480.000 ,  720.000 ,        0 ,  606.289 ,  634.240 ,   35.973 ,  670.213 ,  674.213 ,    0.000 ,   33.944 ,   63.923 ,    1.738 ,       13 , 	)
  30 	 (   8 ,  480.000 ,  720.000 ,        0 ,  622.133 ,  686.056 ,    0.000 ,  686.056 ,  690.056 ,    0.000 ,   33.944 ,   63.923 ,   -0.241 ,       14 , 	)
 133 	 (   4 ,  565.000 ,  805.000 ,        0 ,  654.764 ,  718.687 ,    0.000 ,  718.687 ,  722.687 ,   44.474 ,   40.076 ,   63.923 ,   -2.029 ,       15 , 	)
  58 	 (   5 ,  720.000 ,  900.000 ,        0 ,  668.828 ,  732.751 ,    0.000 ,  732.751 ,  733.751 ,    0.000 ,   40.076 ,   12.751 ,    6.361 ,       16 , 	)
  98 	 (   1 ,  557.000 ,  797.000 ,        0 ,  736.229 ,  748.980 ,    0.000 ,  748.980 ,  752.980 ,   58.924 ,   12.008 ,   12.751 ,    4.306 ,       17 , 	)
   9 	 (   5 ,  720.000 ,  900.000 ,        0 ,  753.113 ,  765.864 ,    0.000 ,  765.864 ,  769.864 ,    0.000 ,   12.008 ,   12.751 ,    3.114 ,       18 , 	)
 126 	 (   4 ,  742.391 ,  958.000 ,        0 ,  765.992 ,  778.744 ,    0.000 ,  778.744 ,  779.744 ,   44.992 ,   12.008 ,   12.751 ,   -9.891 ,       19 , 	)
  77 	 (   0 ,  802.000 , 1042.000 ,        0 ,  789.249 ,  802.000 ,    0.000 ,  802.000 ,  806.000 ,   32.136 ,  131.864 ,    0.000 ,   29.505 ,       20 , 	)
 137 	 (   0 ,    0.000 , 1440.000 ,        0 ,  823.320 ,  823.320 ,    0.000 ,  823.320 ,  823.320 ,    0.000 ,  616.680 ,    0.000 ,    0.000 ,       21 , 	)

	22 sommets 
	values : ( Cost : 338.374 , TRT : 407.197 , TWT : 104.780 , TD : 624.474 )
	violations : ( VC :       0 , VTW :   0.000 , VTD :   0.000 , VTRT :   0.000 )
	cout global : (   0.000	 )
S(i)	 (   C ,     TW0 ,       TW1 ,       VTW ,       Min ,       A ,       W ,       B ,       D ,       L ,       F ,       E ,       Det ,       [Imp ,       Imp]	)
   0 	 (   0 ,    0.000 , 1440.000 ,        0 ,    0.000 ,  649.321 ,    0.000 ,  649.321 ,  649.321 ,    0.000 ,    0.000 ,  649.321 ,    0.000 ,        0 , 	)
  66 	 (   4 ,  480.000 ,  660.000 ,        0 ,   10.679 ,  660.000 ,    0.000 ,  660.000 ,  664.000 ,    0.000 ,    0.000 ,  180.000 ,    3.783 ,        1 , 	)
 134 	 (   0 ,  516.000 ,  748.000 ,        0 ,  515.498 ,  695.498 ,    0.000 ,  695.498 ,  699.498 ,   31.498 ,   52.502 ,  179.498 ,    2.096 ,        2 , 	)
  60 	 (   3 ,  720.000 ,  960.000 ,        0 ,  527.702 ,  707.200 ,   61.194 ,  768.394 ,  771.394 ,    0.000 ,    0.000 ,   48.394 ,    4.860 ,        3 , 	)
  18 	 (   4 ,  720.000 ,  780.000 ,        0 ,  731.606 ,  780.000 ,    0.000 ,  780.000 ,  781.000 ,    0.000 ,    0.000 ,   48.394 ,    5.272 ,        4 , 	)
  24 	 (   5 ,  780.000 ,  960.000 ,        0 ,  741.635 ,  790.029 ,    2.829 ,  792.858 ,  793.858 ,    0.000 ,    0.000 ,   12.858 ,   -0.614 ,        5 , 	)
  32 	 (   8 ,  731.000 ,  955.516 ,        0 ,  787.718 ,  800.576 ,    0.000 ,  800.576 ,  803.576 ,    0.000 ,    0.000 ,   12.858 ,    3.021 ,        6 , 	)
 100 	 (   5 ,  805.000 ,  985.000 ,        0 ,  817.202 ,  830.060 ,    0.000 ,  830.060 ,  833.060 ,   26.484 ,    0.000 ,   12.858 ,    3.891 ,        7 , 	)
  16 	 (   8 ,  720.000 ,  960.000 ,        0 ,  823.094 ,  835.952 ,    0.000 ,  835.952 ,  838.952 ,    0.000 ,    0.000 ,   12.858 ,   -3.051 ,        8 , 	)
 128 	 (   5 ,  797.000 , 1037.000 ,        0 ,  830.846 ,  843.704 ,    0.000 ,  843.704 ,  846.704 ,   72.310 ,    0.000 ,   12.858 ,   -0.002 ,        9 , 	)
  92 	 (   4 ,  842.000 , 1022.000 ,        0 ,  842.142 ,  855.000 ,    0.000 ,  855.000 ,  856.000 ,   61.142 ,    0.000 ,   12.858 ,    0.000 ,       10 , 	)
  86 	 (   3 ,  758.413 ,  856.000 ,        0 ,  843.142 ,  856.000 ,    0.000 ,  856.000 ,  857.000 ,   75.000 ,    0.000 ,   12.858 ,    0.000 ,       11 , 	)
  12 	 (   4 ,  728.000 ,  960.000 ,        0 ,  849.177 ,  862.035 ,   39.418 ,  901.453 ,  902.453 ,    0.000 ,    0.000 ,   52.276 ,    5.293 ,       12 , 	)
  57 	 (   7 ,  840.000 ,  960.000 ,        0 ,  874.905 ,  927.181 ,    0.000 ,  927.181 ,  930.181 ,    0.000 ,    0.000 ,   52.276 ,    1.014 ,       13 , 	)
  84 	 (   4 ,  805.000 , 1045.000 ,        0 ,  897.676 ,  949.952 ,    0.000 ,  949.952 ,  952.952 ,  111.000 ,    0.000 ,   52.276 ,    0.000 ,       14 , 	)
   6 	 (   8 ,  780.000 ,  960.000 ,        0 ,  900.676 ,  952.952 ,    1.339 ,  954.291 ,  958.291 ,    0.000 ,    5.709 ,   53.615 ,    0.000 ,       15 , 	)
  80 	 (   7 ,  813.000 ,  993.000 ,        0 ,  919.708 ,  973.323 ,    0.000 ,  973.323 ,  974.323 ,   70.871 ,   13.129 ,   53.615 ,    0.000 ,       16 , 	)
  23 	 (   8 ,  960.000 , 1200.000 ,        0 ,  920.708 ,  974.323 ,    0.000 ,  974.323 ,  975.323 ,    0.000 ,   32.311 ,   14.323 ,    0.000 ,       17 , 	)
  91 	 (   7 ,  991.000 , 1231.000 ,        0 ,  976.677 ,  991.000 ,    0.000 ,  991.000 ,  992.000 ,   15.677 ,   26.323 ,    0.000 ,    5.264 ,       18 , 	)
  74 	 (   3 ,  882.000 , 1062.000 ,        0 , 1018.094 , 1018.094 ,    0.000 , 1018.094 , 1022.094 ,   59.803 ,   32.311 ,    0.000 ,    2.465 ,       19 , 	)
 125 	 (   0 ,  912.000 , 1092.000 ,        0 , 1030.870 , 1030.870 ,    0.000 , 1030.870 , 1033.870 ,  100.689 ,   32.311 ,   -0.000 ,    8.410 ,       20 , 	)
 137 	 (   0 ,    0.000 , 1440.000 ,        0 , 1056.518 , 1056.518 ,    0.000 , 1056.518 , 1056.518 ,    0.000 ,  383.482 ,   -0.000 ,    0.000 ,       21 , 	)
