14
	VALUE ALL : ( Cost : 4816.446 , TRT : 5131.032 , TWT : 1045.644 , TD : 6731.658 )
	VIOLATIONS TOTAL : ( VC :       0 , VTW :   0.000 , VTD :   0.000 , VTRT :   0.000 )
 	COUT_ALL : (   0.004 )  T2B:   13801

	16 sommets 
	values : ( Cost : 370.939 , TRT : 325.484 , TWT :  16.583 , TD : 455.662 )
	violations : ( VC :       0 , VTW :   0.000 , VTD :   0.000 , VTRT :   0.000 )
	cout global : (   0.000	 )
S(i)	 (   C ,     TW0 ,       TW1 ,       VTW ,       Min ,       A ,       W ,       B ,       D ,       L ,       F ,       E ,       Det ,       [Imp ,       Imp]	)
   0 	 (   0 ,    0.000 , 1440.000 ,        0 ,    0.000 ,  259.799 ,    0.000 ,  259.799 ,  259.799 ,    0.000 ,    0.000 ,  259.799 ,    0.000 ,        0 , 	)
  90 	 (   1 ,  241.000 ,  480.000 ,        0 ,   25.283 ,  285.082 ,    0.000 ,  285.082 ,  286.082 ,    0.000 ,    0.000 ,   44.082 ,    9.336 ,        1 , 	)
  47 	 (   5 ,  300.000 ,  360.000 ,        0 ,  287.839 ,  331.921 ,    0.000 ,  331.921 ,  335.921 ,    0.000 ,    0.000 ,   31.921 ,   -5.110 ,        2 , 	)
  95 	 (   6 ,  240.000 ,  480.000 ,        0 ,  311.105 ,  343.026 ,    0.000 ,  343.026 ,  344.026 ,    0.000 ,    0.000 ,   31.921 ,    9.796 ,        3 , 	)
 196 	 (   5 ,  272.000 ,  512.000 ,        0 ,  328.227 ,  360.148 ,    0.000 ,  360.148 ,  361.148 ,   16.122 ,    0.000 ,   31.921 ,   -1.968 ,        4 , 	)
 191 	 (   4 ,  355.000 ,  535.000 ,        0 ,  339.488 ,  371.409 ,    0.000 ,  371.409 ,  372.409 ,   85.327 ,    0.000 ,   16.409 ,   -0.335 ,        5 , 	)
  64 	 (   8 ,  300.000 ,  480.000 ,        0 ,  363.414 ,  379.823 ,    0.000 ,  379.823 ,  383.823 ,    0.000 ,    0.000 ,   16.409 ,    2.623 ,        6 , 	)
 165 	 (   4 ,  371.000 ,  611.000 ,        0 ,  416.347 ,  432.756 ,    0.000 ,  432.756 ,  436.756 ,   48.934 ,    0.000 ,   16.409 ,    4.650 ,        7 , 	)
  25 	 (   5 ,  240.000 ,  480.000 ,        0 ,  426.562 ,  442.971 ,    0.000 ,  442.971 ,  443.971 ,    0.000 ,    0.000 ,   16.409 ,   10.372 ,        8 , 	)
 148 	 (   1 ,  403.000 ,  578.000 ,        0 ,  445.303 ,  461.712 ,    0.000 ,  461.712 ,  465.712 ,  125.791 ,    0.000 ,   16.409 ,    9.755 ,        9 , 	)
  48 	 (   3 ,  240.000 ,  480.000 ,        0 ,  463.591 ,  480.000 ,    0.000 ,  480.000 ,  482.000 ,    0.000 ,    0.000 ,   16.409 ,    4.143 ,       10 , 	)
  55 	 (   5 ,  480.000 ,  660.000 ,        0 ,  467.662 ,  484.071 ,    6.037 ,  490.108 ,  492.108 ,    0.000 ,    0.000 ,   10.108 ,    3.725 ,       11 , 	)
 126 	 (   4 ,  286.000 ,  526.000 ,        0 ,  495.862 ,  505.971 ,    0.000 ,  505.971 ,  506.971 ,   62.000 ,    0.000 ,   10.108 ,    2.805 ,       12 , 	)
 156 	 (   2 ,  532.000 ,  712.000 ,        0 ,  511.346 ,  521.454 ,   10.546 ,  532.000 ,  534.000 ,   39.892 ,   11.403 ,    0.000 ,    2.053 ,       13 , 	)
 149 	 (   0 ,  331.000 ,  571.000 ,        0 ,  559.597 ,  559.597 ,    0.000 ,  559.597 ,  561.597 ,   77.597 ,   11.403 ,    0.000 ,   22.577 ,       14 , 	)
 203 	 (   0 ,    0.000 , 1440.000 ,        0 ,  585.283 ,  585.283 ,    0.000 ,  585.283 ,  585.283 ,    0.000 ,  854.717 ,    0.000 ,    0.000 ,       15 , 	)

	16 sommets 
	values : ( Cost : 300.603 , TRT : 465.553 , TWT : 209.535 , TD : 370.981 )
	violations : ( VC :       0 , VTW :   0.000 , VTD :   0.000 , VTRT :   0.000 )
	cout global : (   0.000	 )
S(i)	 (   C ,     TW0 ,       TW1 ,       VTW ,       Min ,       A ,       W ,       B ,       D ,       L ,       F ,       E ,       Det ,       [Imp ,       Imp]	)
   0 	 (   0 ,    0.000 , 1440.000 ,        0 ,    0.000 ,  437.702 ,    0.000 ,  437.702 ,  437.702 ,    0.000 ,    0.000 ,  437.701 ,    0.000 ,        0 , 	)
  81 	 (   1 ,  300.000 ,  480.000 ,        0 ,   12.295 ,  449.997 ,    0.000 ,  449.997 ,  450.997 ,    0.000 ,    0.000 ,  149.997 ,    3.249 ,        1 , 	)
  91 	 (   2 ,  304.000 ,  480.000 ,        0 ,  330.003 ,  480.000 ,    0.000 ,  480.000 ,  481.000 ,    0.000 ,    0.000 ,  149.997 ,    7.365 ,        2 , 	)
 182 	 (   1 ,  451.000 ,  571.000 ,        0 ,  354.798 ,  504.795 ,    0.000 ,  504.795 ,  505.795 ,   53.798 ,    5.768 ,   53.795 ,   -0.001 ,        3 , 	)
 192 	 (   0 ,  405.000 ,  525.000 ,        0 ,  465.437 ,  519.232 ,    0.000 ,  519.232 ,  520.232 ,   38.232 ,    5.768 ,   53.795 ,   11.398 ,        4 , 	)
  62 	 (   3 ,  720.000 ,  900.000 ,        0 ,  472.053 ,  525.849 ,  209.535 ,  735.384 ,  738.384 ,    0.000 ,  125.598 ,   15.384 ,    0.000 ,        5 , 	)
   9 	 (   4 ,  720.000 ,  960.000 ,        0 ,  723.000 ,  738.384 ,    0.000 ,  738.384 ,  739.384 ,    0.000 ,   32.384 ,   15.384 ,    0.000 ,        6 , 	)
  45 	 (   8 ,  720.000 ,  960.000 ,        0 ,  728.642 ,  744.026 ,    0.000 ,  744.026 ,  748.026 ,    0.000 ,   16.085 ,   15.384 ,    2.709 ,        7 , 	)
 163 	 (   5 ,  770.000 ,  950.000 ,        0 ,  754.616 ,  770.000 ,    0.000 ,  770.000 ,  773.000 ,   31.616 ,   16.085 ,    0.000 ,    0.221 ,        8 , 	)
  56 	 (   6 ,  720.000 ,  960.000 ,        0 ,  776.577 ,  776.577 ,    0.000 ,  776.577 ,  777.577 ,    0.000 ,   16.085 ,    0.000 ,    2.680 ,        9 , 	)
 146 	 (   2 ,  780.000 , 1020.000 ,        0 ,  796.197 ,  796.197 ,    0.000 ,  796.197 ,  800.197 ,   48.171 ,   16.085 ,    0.000 ,    2.111 ,       10 , 	)
 157 	 (   1 ,  797.000 , 1037.000 ,        0 ,  822.349 ,  822.349 ,    0.000 ,  822.349 ,  823.349 ,   44.772 ,   16.085 ,    0.000 ,    3.643 ,       11 , 	)
  87 	 (   5 ,  720.000 ,  960.000 ,        0 ,  834.402 ,  834.402 ,    0.000 ,  834.402 ,  838.402 ,    0.000 ,   16.085 ,    0.000 ,    6.971 ,       12 , 	)
 110 	 (   4 ,  850.000 , 1030.000 ,        0 ,  857.299 ,  857.299 ,    0.000 ,  857.299 ,  858.299 ,  117.915 ,   16.085 ,    0.000 ,   -1.341 ,       13 , 	)
 188 	 (   0 ,  821.000 , 1061.000 ,        0 ,  874.878 ,  874.878 ,    0.000 ,  874.878 ,  878.878 ,   36.477 ,  110.523 ,    0.000 ,   -0.814 ,       14 , 	)
 203 	 (   0 ,    0.000 , 1440.000 ,        0 ,  903.254 ,  903.254 ,    0.000 ,  903.254 ,  903.254 ,    0.000 ,  536.746 ,    0.000 ,    0.000 ,       15 , 	)

	22 sommets 
	values : ( Cost : 489.008 , TRT : 477.326 , TWT :  61.651 , TD : 749.068 )
	violations : ( VC :       0 , VTW :   0.000 , VTD :   0.000 , VTRT :   0.000 )
	cout global : (   0.000	 )
S(i)	 (   C ,     TW0 ,       TW1 ,       VTW ,       Min ,       A ,       W ,       B ,       D ,       L ,       F ,       E ,       Det ,       [Imp ,       Imp]	)
   0 	 (   0 ,    0.000 , 1440.000 ,        0 ,    0.000 ,  772.044 ,    0.000 ,  772.044 ,  772.044 ,    0.000 ,    0.000 ,  772.044 ,    0.000 ,        0 , 	)
  98 	 (   4 ,  729.000 ,  959.744 ,        0 ,   28.590 ,  800.635 ,    0.000 ,  800.635 ,  804.635 ,    0.000 ,    0.000 ,   71.635 ,   -6.492 ,        1 , 	)
 199 	 (   0 ,  814.000 ,  994.000 ,        0 ,  763.256 ,  834.890 ,    0.000 ,  834.890 ,  838.890 ,   30.256 ,    0.000 ,   20.890 ,   33.653 ,        2 , 	)
   8 	 (   2 ,  720.000 ,  960.000 ,        0 ,  843.072 ,  863.962 ,    0.000 ,  863.962 ,  865.962 ,    0.000 ,    0.000 ,   20.890 ,   13.959 ,        3 , 	)
  23 	 (   6 ,  780.000 ,  960.000 ,        0 ,  854.924 ,  875.814 ,    0.000 ,  875.814 ,  879.814 ,    0.000 ,    0.000 ,   20.890 ,    0.000 ,        4 , 	)
  93 	 (   7 ,  750.000 ,  942.680 ,        0 ,  858.924 ,  879.814 ,    0.000 ,  879.814 ,  880.814 ,    0.000 ,    0.000 ,   20.890 ,    0.000 ,        5 , 	)
 109 	 (   5 ,  790.000 , 1030.000 ,        0 ,  884.290 ,  905.180 ,    0.000 ,  905.180 ,  907.180 ,   39.218 ,    0.000 ,   20.890 ,   -7.944 ,        6 , 	)
 124 	 (   1 ,  870.000 , 1110.000 ,        0 ,  912.477 ,  933.367 ,    0.000 ,  933.367 ,  937.367 ,   53.553 ,    0.000 ,   20.890 ,    0.000 ,        7 , 	)
  69 	 (   4 ,  726.000 ,  960.000 ,        0 ,  916.477 ,  937.367 ,    0.000 ,  937.367 ,  940.367 ,    0.000 ,    0.000 ,   20.890 ,    0.000 ,        8 , 	)
  84 	 (   5 ,  720.000 ,  960.000 ,        0 ,  932.163 ,  953.053 ,    0.000 ,  953.053 ,  954.053 ,    0.000 ,    0.000 ,   20.890 ,    2.353 ,        9 , 	)
  41 	 (   8 ,  780.000 ,  960.000 ,        0 ,  939.110 ,  960.000 ,    0.000 ,  960.000 ,  963.000 ,    0.000 ,    0.000 ,   20.890 ,    7.190 ,       10 , 	)
 194 	 (   7 ,  867.000 ,  987.000 ,        0 ,  947.644 ,  968.534 ,    0.000 ,  968.534 ,  969.534 ,   87.720 ,    7.861 ,   20.890 ,    2.813 ,       11 , 	)
  89 	 (   8 ,  960.000 , 1140.000 ,        0 ,  954.928 ,  975.818 ,    7.861 ,  983.679 ,  984.679 ,    0.000 ,    0.000 ,   23.679 ,    2.695 ,       12 , 	)
 170 	 (   5 ,  820.000 , 1000.000 ,        0 ,  976.321 , 1000.000 ,    0.000 , 1000.000 , 1003.000 ,   59.633 ,    0.000 ,   23.679 ,   16.647 ,       13 , 	)
 142 	 (   2 ,  877.000 , 1117.000 ,        0 , 1009.414 , 1033.092 ,    0.000 , 1033.092 , 1036.092 ,   70.092 ,   21.504 ,   23.679 ,    3.815 ,       14 , 	)
  67 	 (   6 , 1050.000 , 1181.434 ,        0 , 1016.565 , 1040.244 ,   21.504 , 1061.747 , 1065.747 ,    0.000 ,    0.000 ,   11.747 ,    3.104 ,       15 , 	)
 185 	 (   5 ,  855.000 , 1095.000 ,        0 , 1083.253 , 1095.000 ,    0.000 , 1095.000 , 1096.000 ,  140.947 ,    0.000 ,   11.747 ,    1.438 ,       16 , 	)
 190 	 (   4 , 1100.000 , 1340.000 ,        0 , 1109.921 , 1121.668 ,    0.000 , 1121.668 , 1122.668 ,  136.989 ,   32.338 ,   11.747 ,   23.960 ,       17 , 	)
 168 	 (   0 , 1168.000 , 1228.000 ,        0 , 1123.966 , 1135.714 ,   32.286 , 1168.000 , 1172.000 ,  102.253 ,    0.052 ,    0.000 ,   13.132 ,       18 , 	)
  46 	 (   1 , 1030.000 , 1197.592 ,        0 , 1197.540 , 1197.540 ,    0.000 , 1197.540 , 1198.540 ,    0.000 ,    0.052 ,   -0.000 ,   17.420 ,       19 , 	)
 147 	 (   0 , 1107.000 , 1227.000 ,        0 , 1226.948 , 1226.948 ,    0.000 , 1226.948 , 1227.948 ,   28.408 ,    0.052 ,   -0.000 ,    1.487 ,       20 , 	)
 203 	 (   0 ,    0.000 , 1440.000 ,        0 , 1249.371 , 1249.371 ,    0.000 , 1249.371 , 1249.371 ,    0.000 ,  190.629 ,   -0.000 ,    0.000 ,       21 , 	)

	16 sommets 
	values : ( Cost : 357.940 , TRT : 355.717 , TWT :  54.589 , TD : 656.790 )
	violations : ( VC :       0 , VTW :   0.000 , VTD :   0.000 , VTRT :   0.000 )
	cout global : (   0.000	 )
S(i)	 (   C ,     TW0 ,       TW1 ,       VTW ,       Min ,       A ,       W ,       B ,       D ,       L ,       F ,       E ,       Det ,       [Imp ,       Imp]	)
   0 	 (   0 ,    0.000 , 1440.000 ,        0 ,    0.000 ,  612.514 ,    0.000 ,  612.514 ,  612.514 ,    0.000 ,    0.000 ,  612.514 ,    0.000 ,        0 , 	)
  92 	 (   4 ,  540.000 ,  660.000 ,        0 ,   37.835 ,  650.350 ,    0.000 ,  650.350 ,  654.350 ,    0.000 ,    0.000 ,  110.350 ,   -0.544 ,        1 , 	)
  71 	 (   5 ,  480.000 ,  660.000 ,        0 ,  549.650 ,  660.000 ,    0.000 ,  660.000 ,  661.000 ,    0.000 ,    0.000 ,  110.350 ,    8.076 ,        2 , 	)
   7 	 (   8 ,  720.000 ,  900.000 ,        0 ,  564.989 ,  675.339 ,   48.955 ,  724.294 ,  727.294 ,    0.000 ,    0.000 ,    4.294 ,    3.963 ,        3 , 	)
 193 	 (   4 ,  591.000 ,  768.000 ,        0 ,  754.056 ,  758.350 ,    0.000 ,  758.350 ,  762.350 ,  104.000 ,    0.000 ,    4.294 ,   12.197 ,        4 , 	)
  94 	 (   5 ,  780.000 ,  960.000 ,        0 ,  770.071 ,  774.365 ,    5.635 ,  780.000 ,  781.000 ,    0.000 ,    2.686 ,    0.000 ,    0.550 ,        5 , 	)
 172 	 (   4 ,  641.000 ,  821.000 ,        0 ,  818.314 ,  818.314 ,    0.000 ,  818.314 ,  819.314 ,  157.314 ,    2.686 ,    0.000 ,   13.111 ,        6 , 	)
 108 	 (   1 ,  810.000 , 1050.000 ,        0 ,  829.525 ,  829.525 ,    0.000 ,  829.525 ,  832.525 ,  102.231 ,   55.769 ,    0.000 ,    0.000 ,        7 , 	)
  35 	 (   2 ,  720.000 ,  960.000 ,        0 ,  832.525 ,  832.525 ,    0.000 ,  832.525 ,  833.525 ,    0.000 ,   66.558 ,    0.000 ,    0.000 ,        8 , 	)
 136 	 (   1 ,  740.000 ,  980.000 ,        0 ,  843.415 ,  843.415 ,    0.000 ,  843.415 ,  844.415 ,    9.890 ,   17.110 ,    0.000 ,    0.947 ,        9 , 	)
  50 	 (   4 ,  720.000 ,  960.000 ,        0 ,  849.443 ,  849.443 ,    0.000 ,  849.443 ,  852.443 ,    0.000 ,   66.558 ,    0.000 ,    1.165 ,       10 , 	)
  70 	 (   7 ,  720.000 ,  960.000 ,        0 ,  878.114 ,  878.114 ,    0.000 ,  878.114 ,  881.114 ,    0.000 ,   66.558 ,    0.000 ,    9.607 ,       11 , 	)
 171 	 (   4 ,  788.000 , 1028.000 ,        0 ,  914.006 ,  914.006 ,    0.000 ,  914.006 ,  917.006 ,   32.892 ,   55.108 ,    0.000 ,    2.082 ,       12 , 	)
 151 	 (   1 ,  881.000 , 1061.000 ,        0 ,  934.464 ,  934.464 ,    0.000 ,  934.464 ,  937.464 ,   82.021 ,   66.558 ,    0.000 ,   12.825 ,       13 , 	)
 195 	 (   0 ,  937.000 , 1117.000 ,        0 ,  949.442 ,  949.442 ,    0.000 ,  949.442 ,  950.442 ,  168.442 ,   66.558 ,    0.000 ,    4.821 ,       14 , 	)
 203 	 (   0 ,    0.000 , 1440.000 ,        0 ,  968.232 ,  968.232 ,    0.000 ,  968.232 ,  968.232 ,    0.000 ,  471.768 ,    0.000 ,    0.000 ,       15 , 	)

	14 sommets 
	values : ( Cost : 272.379 , TRT : 244.796 , TWT :   0.000 , TD : 238.743 )
	violations : ( VC :       0 , VTW :   0.000 , VTD :   0.000 , VTRT :   0.000 )
	cout global : (   0.000	 )
S(i)	 (   C ,     TW0 ,       TW1 ,       VTW ,       Min ,       A ,       W ,       B ,       D ,       L ,       F ,       E ,       Det ,       [Imp ,       Imp]	)
   0 	 (   0 ,    0.000 , 1440.000 ,        0 ,    0.000 ,  735.290 ,    0.000 ,  735.290 ,  735.290 ,    0.000 ,   34.549 ,  735.290 ,    0.000 ,        0 , 	)
  30 	 (   3 ,  720.000 ,  900.000 ,        0 ,   13.249 ,  748.539 ,    0.000 ,  748.539 ,  751.539 ,    0.000 ,   34.549 ,   28.539 ,    1.757 ,        1 , 	)
 131 	 (   0 ,  773.000 ,  953.000 ,        0 ,  748.461 ,  777.000 ,    0.000 ,  777.000 ,  780.000 ,   25.461 ,   34.549 ,    4.000 ,    0.000 ,        2 , 	)
  39 	 (   3 ,  780.000 ,  900.000 ,        0 ,  776.000 ,  780.000 ,    0.000 ,  780.000 ,  783.000 ,    0.000 ,   34.549 ,    0.000 ,    0.000 ,        3 , 	)
  15 	 (   7 ,  720.000 ,  960.000 ,        0 ,  805.653 ,  805.653 ,    0.000 ,  805.653 ,  809.653 ,    0.000 ,   34.549 ,    0.000 ,    6.203 ,        4 , 	)
 140 	 (   4 ,  813.618 ,  985.000 ,        0 ,  823.821 ,  823.821 ,    0.000 ,  823.821 ,  826.821 ,   40.821 ,   34.549 ,    0.000 ,    0.755 ,        5 , 	)
 116 	 (   0 ,  787.000 , 1027.000 ,        0 ,  845.621 ,  845.621 ,    0.000 ,  845.621 ,  849.621 ,   35.968 ,   34.549 ,    0.000 ,    6.411 ,        6 , 	)
  78 	 (   4 ,  720.000 ,  900.000 ,        0 ,  854.974 ,  854.974 ,    0.000 ,  854.974 ,  858.974 ,    0.000 ,   34.549 ,    0.000 ,    0.306 ,        7 , 	)
  60 	 (   8 ,  780.000 ,  960.000 ,        0 ,  886.140 ,  886.140 ,    0.000 ,  886.140 ,  890.140 ,    0.000 ,   34.549 ,    0.000 ,    7.919 ,        8 , 	)
 179 	 (   4 ,  758.000 ,  991.000 ,        0 ,  903.468 ,  903.468 ,    0.000 ,  903.468 ,  907.468 ,   44.494 ,   34.549 ,    0.000 ,    6.486 ,        9 , 	)
   4 	 (   6 ,  900.000 ,  960.000 ,        0 ,  925.451 ,  925.451 ,    0.000 ,  925.451 ,  927.451 ,    0.000 ,   34.549 ,    0.000 ,   10.471 ,       10 , 	)
 105 	 (   4 ,  919.098 , 1008.000 ,        0 ,  944.549 ,  944.549 ,    0.000 ,  944.549 ,  946.549 ,   17.098 ,   28.902 ,    0.000 ,   -0.414 ,       11 , 	)
 161 	 (   0 ,  917.000 , 1037.000 ,        0 ,  965.041 ,  965.041 ,    0.000 ,  965.041 ,  969.041 ,   74.902 ,   64.098 ,    0.000 ,    7.065 ,       12 , 	)
 203 	 (   0 ,    0.000 , 1440.000 ,        0 ,  980.086 ,  980.086 ,    0.000 ,  980.086 ,  980.086 ,    0.000 ,  459.914 ,    0.000 ,    0.000 ,       13 , 	)

	14 sommets 
	values : ( Cost : 339.481 , TRT : 471.168 , TWT : 195.920 , TD : 410.167 )
	violations : ( VC :       0 , VTW :   0.000 , VTD :   0.000 , VTRT :   0.000 )
	cout global : (   0.000	 )
S(i)	 (   C ,     TW0 ,       TW1 ,       VTW ,       Min ,       A ,       W ,       B ,       D ,       L ,       F ,       E ,       Det ,       [Imp ,       Imp]	)
   0 	 (   0 ,    0.000 , 1440.000 ,        0 ,    0.000 ,  285.075 ,    0.000 ,  285.075 ,  285.075 ,    0.000 ,    0.000 ,  285.075 ,    0.000 ,        0 , 	)
 101 	 (   2 ,  240.000 ,  420.000 ,        0 ,   13.429 ,  298.504 ,    0.000 ,  298.504 ,  300.504 ,    0.000 ,    0.000 ,   58.504 ,    5.011 ,        1 , 	)
  43 	 (   3 ,  240.000 ,  420.000 ,        0 ,  279.365 ,  337.869 ,    0.000 ,  337.869 ,  338.869 ,    0.000 ,    0.000 ,   58.504 ,    4.179 ,        2 , 	)
  66 	 (   6 ,  240.000 ,  480.000 ,        0 ,  288.345 ,  346.849 ,    0.000 ,  346.849 ,  349.849 ,    0.000 ,    0.000 ,   58.504 ,    1.173 ,        3 , 	)
 202 	 (   4 ,  346.000 ,  526.000 ,        0 ,  323.332 ,  381.835 ,    0.000 ,  381.835 ,  383.835 ,   81.332 ,    0.000 ,   35.835 ,    4.568 ,        4 , 	)
 167 	 (   1 ,  365.000 ,  545.000 ,        0 ,  366.909 ,  402.744 ,    0.000 ,  402.744 ,  405.744 ,   52.895 ,    0.000 ,   35.835 ,   -0.000 ,        5 , 	)
  80 	 (   2 ,  300.000 ,  480.000 ,        0 ,  412.011 ,  447.846 ,    0.000 ,  447.846 ,  448.846 ,    0.000 ,    0.000 ,   35.835 ,    8.261 ,        6 , 	)
  42 	 (   3 ,  300.000 ,  480.000 ,        0 ,  444.165 ,  480.000 ,    0.000 ,  480.000 ,  481.000 ,    0.000 ,    0.000 ,   35.835 ,    9.629 ,        7 , 	)
 181 	 (   2 ,  334.000 ,  566.000 ,        0 ,  455.402 ,  491.238 ,    0.000 ,  491.238 ,  492.238 ,   42.392 ,    9.901 ,   35.835 ,    1.134 ,        8 , 	)
 144 	 (   1 ,  344.000 ,  584.000 ,        0 ,  472.133 ,  507.968 ,    0.000 ,  507.968 ,  508.968 ,  169.099 ,    9.901 ,   35.835 ,   -0.704 ,        9 , 	)
 143 	 (   0 ,  364.000 ,  544.000 ,        0 ,  479.653 ,  515.488 ,    0.000 ,  515.488 ,  516.488 ,   34.488 ,   28.512 ,   35.835 ,    6.344 ,       10 , 	)
  27 	 (   2 ,  720.000 ,  840.000 ,        0 ,  488.245 ,  524.080 ,  195.920 ,  720.000 ,  722.000 ,    0.000 ,  120.000 ,    0.000 ,    8.510 ,       11 , 	)
 128 	 (   0 ,  751.961 ,  922.000 ,        0 ,  751.961 ,  751.961 ,    0.000 ,  751.961 ,  753.961 ,   29.961 ,   50.039 ,    0.000 ,    2.266 ,       12 , 	)
 203 	 (   0 ,    0.000 , 1440.000 ,        0 ,  756.244 ,  756.244 ,    0.000 ,  756.244 ,  756.244 ,    0.000 ,  683.756 ,    0.000 ,    0.000 ,       13 , 	)

	24 sommets 
	values : ( Cost : 410.999 , TRT : 400.265 , TWT :  49.244 , TD : 775.135 )
	violations : ( VC :       0 , VTW :   0.000 , VTD :   0.000 , VTRT :   0.000 )
	cout global : (   0.000	 )
S(i)	 (   C ,     TW0 ,       TW1 ,       VTW ,       Min ,       A ,       W ,       B ,       D ,       L ,       F ,       E ,       Det ,       [Imp ,       Imp]	)
   0 	 (   0 ,    0.000 , 1440.000 ,        0 ,    0.000 ,  702.098 ,    0.000 ,  702.098 ,  702.098 ,    0.000 ,    0.000 ,  702.098 ,    0.000 ,        0 , 	)
  44 	 (   1 ,  481.000 ,  720.000 ,        0 ,    7.450 ,  709.548 ,    0.000 ,  709.548 ,  710.548 ,    0.000 ,    0.000 ,  228.548 ,    0.000 ,        1 , 	)
  52 	 (   3 ,  480.000 ,  720.000 ,        0 ,  482.000 ,  710.548 ,    0.000 ,  710.548 ,  712.548 ,    0.000 ,    0.000 ,  228.548 ,    0.000 ,        2 , 	)
 153 	 (   1 ,  509.000 ,  749.000 ,        0 ,  497.747 ,  726.295 ,    0.000 ,  726.295 ,  728.295 ,   13.747 ,    0.000 ,  217.295 ,    3.328 ,        3 , 	)
  28 	 (   5 ,  732.000 ,  960.000 ,        0 ,  520.090 ,  737.386 ,    0.000 ,  737.386 ,  741.386 ,    0.000 ,    0.000 ,    5.386 ,    0.345 ,        4 , 	)
  24 	 (   6 ,  733.000 ,  951.999 ,        0 ,  744.803 ,  750.189 ,    0.000 ,  750.189 ,  751.189 ,    0.000 ,    0.000 ,    5.386 ,    0.683 ,        5 , 	)
  99 	 (   8 ,  720.000 ,  900.000 ,        0 ,  755.157 ,  760.543 ,    0.000 ,  760.543 ,  762.543 ,    0.000 ,    0.000 ,    5.386 ,    2.178 ,        6 , 	)
 145 	 (   7 ,  592.000 ,  772.000 ,        0 ,  766.614 ,  772.000 ,    0.000 ,  772.000 ,  773.000 ,   61.452 ,   -0.000 ,    5.386 ,    5.441 ,        7 , 	)
 125 	 (   6 ,  796.000 ,  976.000 ,        0 ,  780.381 ,  785.767 ,   10.233 ,  796.000 ,  797.000 ,   44.811 ,   17.189 ,    0.000 ,    0.000 ,        8 , 	)
  18 	 (   8 ,  780.000 ,  960.000 ,        0 ,  797.000 ,  797.000 ,   27.710 ,  824.710 ,  826.710 ,    0.000 ,    0.000 ,   27.710 ,    0.000 ,        9 , 	)
 119 	 (   6 ,  851.000 , 1031.000 ,        0 ,  834.126 ,  861.836 ,    0.000 ,  861.836 ,  863.836 ,   35.126 ,    0.000 ,   10.836 ,    8.676 ,       10 , 	)
  49 	 (   8 ,  799.000 ,  889.342 ,        0 ,  863.214 ,  874.050 ,    0.000 ,  874.050 ,  876.050 ,    0.000 ,    0.000 ,   10.836 ,    1.898 ,       11 , 	)
 150 	 (   6 ,  861.000 ,  921.000 ,        0 ,  894.872 ,  905.708 ,    0.000 ,  905.708 ,  907.708 ,   29.658 ,    0.000 ,   10.836 ,    6.044 ,       12 , 	)
 129 	 (   2 ,  925.000 , 1045.000 ,        0 ,  919.550 ,  930.386 ,    0.000 ,  930.386 ,  934.386 ,  189.000 ,    0.000 ,    5.386 ,   27.741 ,       13 , 	)
 200 	 (   0 ,  844.000 , 1084.000 ,        0 ,  950.965 ,  956.351 ,    0.000 ,  956.351 ,  958.351 ,  193.808 ,   10.192 ,    5.386 ,    4.689 ,       14 , 	)
  11 	 (   2 ,  960.000 , 1200.000 ,        0 ,  962.331 ,  967.717 ,   11.301 ,  979.017 ,  981.017 ,    0.000 ,  120.000 ,   16.686 ,    6.423 ,       15 , 	)
 112 	 (   0 ,  995.000 , 1235.000 ,        0 ,  980.971 ,  997.657 ,    0.000 ,  997.657 ,  999.657 ,   16.640 ,   28.360 ,    2.657 ,   12.720 ,       16 , 	)
  61 	 (   2 , 1004.000 , 1167.281 ,        0 , 1004.980 , 1007.637 ,    0.000 , 1007.637 , 1009.637 ,    0.000 ,  120.000 ,    2.657 ,    4.918 ,       17 , 	)
  96 	 (   3 ,  960.000 , 1200.000 ,        0 , 1010.924 , 1013.581 ,    0.000 , 1013.581 , 1014.581 ,    0.000 ,    3.637 ,    2.657 ,   -0.380 ,       18 , 	)
  26 	 (   5 ,  960.000 , 1200.000 ,        0 , 1023.829 , 1026.486 ,    0.000 , 1026.486 , 1028.486 ,    0.000 ,    3.637 ,    2.657 ,    4.377 ,       19 , 	)
 127 	 (   3 , 1025.000 , 1265.000 ,        0 , 1057.938 , 1060.595 ,    0.000 , 1060.595 , 1062.595 ,   32.110 ,    3.637 ,    2.657 ,   34.414 ,       20 , 	)
 197 	 (   2 , 1037.000 , 1277.000 ,        0 , 1088.343 , 1091.000 ,    0.000 , 1091.000 , 1092.000 ,   76.419 ,    3.637 ,    2.657 ,    0.000 ,       21 , 	)
 162 	 (   0 , 1092.000 , 1212.000 ,        0 , 1089.343 , 1092.000 ,    0.000 , 1092.000 , 1094.000 ,   82.363 ,    3.637 ,    0.000 ,    0.000 ,       22 , 	)
 203 	 (   0 ,    0.000 , 1440.000 ,        0 , 1102.364 , 1102.364 ,    0.000 , 1102.364 , 1102.364 ,    0.000 ,  337.636 ,    0.000 ,    0.000 ,       23 , 	)

	10 sommets 
	values : ( Cost : 212.571 , TRT : 183.828 , TWT :   0.000 , TD : 197.730 )
	violations : ( VC :       0 , VTW :   0.000 , VTD :   0.000 , VTRT :   0.000 )
	cout global : (   0.000	 )
S(i)	 (   C ,     TW0 ,       TW1 ,       VTW ,       Min ,       A ,       W ,       B ,       D ,       L ,       F ,       E ,       Det ,       [Imp ,       Imp]	)
   0 	 (   0 ,    0.000 , 1440.000 ,        0 ,    0.000 ,  308.672 ,    0.000 ,  308.672 ,  308.672 ,    0.000 ,   17.795 ,  308.672 ,    0.000 ,        0 , 	)
  97 	 (   3 ,  240.000 ,  480.000 ,        0 ,    5.329 ,  314.002 ,    0.000 ,  314.002 ,  317.002 ,    0.000 ,   17.795 ,   74.002 ,    4.545 ,        1 , 	)
 198 	 (   0 ,  362.000 ,  542.000 ,        0 ,  287.998 ,  362.000 ,    0.000 ,  362.000 ,  365.000 ,   44.998 ,   17.795 ,    0.000 ,    3.183 ,        2 , 	)
  37 	 (   3 ,  300.000 ,  480.000 ,        0 ,  372.980 ,  372.980 ,    0.000 ,  372.980 ,  375.980 ,    0.000 ,   17.795 ,    0.000 ,    2.649 ,        3 , 	)
  77 	 (   6 ,  240.000 ,  420.000 ,        0 ,  402.205 ,  402.205 ,    0.000 ,  402.205 ,  405.205 ,    0.000 ,   17.795 ,    0.000 ,    6.617 ,        4 , 	)
 138 	 (   3 ,  342.000 ,  576.000 ,        0 ,  420.420 ,  420.420 ,    0.000 ,  420.420 ,  423.420 ,   44.441 ,   48.559 ,    0.000 ,    4.191 ,        5 , 	)
  33 	 (   6 ,  240.000 ,  480.000 ,        0 ,  428.817 ,  428.817 ,    0.000 ,  428.817 ,  431.817 ,    0.000 ,   49.262 ,    0.000 ,    9.953 ,        6 , 	)
 134 	 (   3 ,  305.000 ,  545.000 ,        0 ,  463.370 ,  463.370 ,    0.000 ,  463.370 ,  466.370 ,   31.553 ,   49.262 ,    0.000 ,    8.708 ,        7 , 	)
 178 	 (   0 ,  306.000 ,  546.000 ,        0 ,  481.942 ,  481.942 ,    0.000 ,  481.942 ,  484.942 ,   76.738 ,   49.262 ,    0.000 ,   14.766 ,        8 , 	)
 203 	 (   0 ,    0.000 , 1440.000 ,        0 ,  492.500 ,  492.500 ,    0.000 ,  492.500 ,  492.500 ,    0.000 ,  947.500 ,    0.000 ,    0.000 ,        9 , 	)

	12 sommets 
	values : ( Cost : 318.002 , TRT : 401.768 , TWT : 138.669 , TD : 312.035 )
	violations : ( VC :       0 , VTW :   0.000 , VTD :   0.000 , VTRT :   0.000 )
	cout global : (   0.000	 )
S(i)	 (   C ,     TW0 ,       TW1 ,       VTW ,       Min ,       A ,       W ,       B ,       D ,       L ,       F ,       E ,       Det ,       [Imp ,       Imp]	)
   0 	 (   0 ,    0.000 , 1440.000 ,        0 ,    0.000 ,  435.990 ,    0.000 ,  435.990 ,  435.990 ,    0.000 ,    0.000 ,  435.990 ,    0.000 ,        0 , 	)
  53 	 (   4 ,  240.000 ,  480.000 ,        0 ,   44.010 ,  480.000 ,    0.000 ,  480.000 ,  484.000 ,    0.000 ,    0.000 ,  240.000 ,    8.362 ,        1 , 	)
  13 	 (   6 ,  480.000 ,  660.000 ,        0 ,  250.781 ,  490.781 ,   19.567 ,  510.348 ,  512.348 ,    0.000 ,    0.000 ,   30.348 ,   -3.636 ,        2 , 	)
 154 	 (   2 ,  371.000 ,  551.000 ,        0 ,  520.652 ,  551.000 ,    0.000 ,  551.000 ,  555.000 ,   67.000 ,    0.000 ,   30.348 ,    7.647 ,        3 , 	)
 114 	 (   0 ,  531.000 ,  769.000 ,        0 ,  533.735 ,  564.083 ,    0.000 ,  564.083 ,  566.083 ,   51.735 ,   55.265 ,   30.348 ,    6.138 ,        4 , 	)
  58 	 (   4 ,  490.000 ,  718.151 ,        0 ,  548.362 ,  578.711 ,  114.959 ,  693.670 ,  697.670 ,    0.000 ,    0.000 ,  145.308 ,   13.987 ,        5 , 	)
  40 	 (   5 ,  660.000 ,  720.000 ,        0 ,  574.692 ,  720.000 ,    0.000 ,  720.000 ,  721.000 ,    0.000 ,    0.000 ,   60.000 ,    5.018 ,        6 , 	)
  36 	 (   6 ,  720.000 ,  840.000 ,        0 ,  672.537 ,  732.537 ,    4.143 ,  736.680 ,  737.680 ,    0.000 ,   13.320 ,   16.680 ,    0.000 ,        7 , 	)
 159 	 (   2 ,  571.000 ,  751.000 ,        0 ,  721.000 ,  737.680 ,    0.000 ,  737.680 ,  741.680 ,   40.010 ,   13.320 ,   16.680 ,    0.000 ,        8 , 	)
 137 	 (   1 ,  793.000 ,  973.000 ,        0 ,  776.320 ,  793.000 ,    0.000 ,  793.000 ,  794.000 ,   55.320 ,   81.680 ,    0.000 ,   10.317 ,        9 , 	)
 141 	 (   0 ,  742.000 ,  979.000 ,        0 ,  818.969 ,  818.969 ,    0.000 ,  818.969 ,  819.969 ,   97.969 ,  160.031 ,    0.000 ,    4.830 ,       10 , 	)
 203 	 (   0 ,    0.000 , 1440.000 ,        0 ,  837.759 ,  837.759 ,    0.000 ,  837.759 ,  837.759 ,    0.000 ,  602.241 ,    0.000 ,    0.000 ,       11 , 	)

	14 sommets 
	values : ( Cost : 255.841 , TRT : 446.848 , TWT : 222.486 , TD : 225.368 )
	violations : ( VC :       0 , VTW :   0.000 , VTD :   0.000 , VTRT :   0.000 )
	cout global : (   0.000	 )
S(i)	 (   C ,     TW0 ,       TW1 ,       VTW ,       Min ,       A ,       W ,       B ,       D ,       L ,       F ,       E ,       Det ,       [Imp ,       Imp]	)
   0 	 (   0 ,    0.000 , 1440.000 ,        0 ,    0.000 ,  339.401 ,    0.000 ,  339.401 ,  339.401 ,    0.000 ,    0.000 ,  339.401 ,    0.000 ,        0 , 	)
  31 	 (   1 ,  249.000 ,  419.244 ,        0 ,   24.376 ,  363.777 ,    0.000 ,  363.777 ,  364.777 ,    0.000 ,    0.000 ,  114.777 ,   -1.147 ,        1 , 	)
 132 	 (   0 ,  330.000 ,  450.000 ,        0 ,  279.756 ,  394.534 ,    0.000 ,  394.534 ,  395.534 ,   29.756 ,    0.000 ,   64.534 ,    0.000 ,        2 , 	)
  65 	 (   3 ,  240.000 ,  480.000 ,        0 ,  331.000 ,  395.534 ,    0.000 ,  395.534 ,  398.534 ,    0.000 ,    0.000 ,   64.534 ,    0.000 ,        3 , 	)
  75 	 (   5 ,  300.000 ,  480.000 ,        0 ,  350.008 ,  414.542 ,    0.000 ,  414.542 ,  416.542 ,    0.000 ,    0.000 ,   64.534 ,   10.261 ,        4 , 	)
   1 	 (   8 ,  289.000 ,  434.655 ,        0 ,  370.121 ,  434.655 ,    0.000 ,  434.655 ,  437.655 ,    0.000 ,    0.000 ,   64.534 ,    2.923 ,        5 , 	)
 102 	 (   5 ,  333.000 ,  453.000 ,        0 ,  388.466 ,  453.000 ,    0.000 ,  453.000 ,  456.000 ,   15.345 ,    0.000 ,   64.534 ,    0.000 ,        6 , 	)
 166 	 (   2 ,  316.000 ,  556.000 ,        0 ,  391.466 ,  456.000 ,    0.000 ,  456.000 ,  459.000 ,   57.466 ,   10.340 ,   64.534 ,    0.000 ,        7 , 	)
  20 	 (   5 ,  360.000 ,  480.000 ,        0 ,  405.126 ,  469.660 ,   10.340 ,  480.000 ,  483.000 ,    0.000 ,    0.000 ,   74.874 ,    1.275 ,        8 , 	)
 176 	 (   3 ,  414.000 ,  654.000 ,        0 ,  412.724 ,  487.598 ,    0.000 ,  487.598 ,  489.598 ,   71.056 ,   21.865 ,   73.598 ,    1.398 ,        9 , 	)
 121 	 (   0 ,  377.738 ,  523.000 ,        0 ,  427.538 ,  501.135 ,    0.000 ,  501.135 ,  504.135 ,   18.135 ,   21.865 ,   73.598 ,   -2.756 ,       10 , 	)
   2 	 (   4 ,  720.000 ,  900.000 ,        0 ,  436.646 ,  510.244 ,  212.147 ,  722.390 ,  726.390 ,    0.000 ,  177.610 ,    2.390 ,    9.990 ,       11 , 	)
 103 	 (   0 ,  760.000 ,  994.000 ,        0 ,  757.610 ,  760.000 ,    0.000 ,  760.000 ,  764.000 ,   33.610 ,   56.390 ,    0.000 ,   28.769 ,       12 , 	)
 203 	 (   0 ,    0.000 , 1440.000 ,        0 ,  786.250 ,  786.250 ,    0.000 ,  786.250 ,  786.250 ,    0.000 ,  653.750 ,    0.000 ,    0.000 ,       13 , 	)

	16 sommets 
	values : ( Cost : 356.521 , TRT : 298.061 , TWT :   0.000 , TD : 542.370 )
	violations : ( VC :       0 , VTW :   0.000 , VTD :   0.000 , VTRT :   0.000 )
	cout global : (   0.000	 )
S(i)	 (   C ,     TW0 ,       TW1 ,       VTW ,       Min ,       A ,       W ,       B ,       D ,       L ,       F ,       E ,       Det ,       [Imp ,       Imp]	)
   0 	 (   0 ,    0.000 , 1440.000 ,        0 ,    0.000 ,  306.767 ,    0.000 ,  306.767 ,  306.767 ,    0.000 ,    4.411 ,  306.767 ,    0.000 ,        0 , 	)
 100 	 (   3 ,  271.000 ,  459.722 ,        0 ,   26.759 ,  333.526 ,    0.000 ,  333.526 ,  336.526 ,    0.000 ,    4.411 ,   62.526 ,   47.594 ,        1 , 	)
   3 	 (   7 ,  240.000 ,  480.000 ,        0 ,  309.998 ,  372.524 ,    0.000 ,  372.524 ,  376.524 ,    0.000 ,    4.411 ,   62.526 ,    2.196 ,        2 , 	)
 201 	 (   4 ,  384.000 ,  504.000 ,        0 ,  321.474 ,  384.000 ,    0.000 ,  384.000 ,  387.000 ,   47.474 ,    4.411 ,    0.000 ,   -2.380 ,        3 , 	)
  73 	 (   5 ,  300.000 ,  480.000 ,        0 ,  404.092 ,  404.092 ,    0.000 ,  404.092 ,  405.092 ,    0.000 ,    4.411 ,    0.000 ,    0.926 ,        4 , 	)
  74 	 (   6 ,  300.000 ,  420.000 ,        0 ,  415.589 ,  415.589 ,    0.000 ,  415.589 ,  416.589 ,    0.000 ,    4.411 ,    0.000 ,   13.040 ,        5 , 	)
  59 	 (   7 ,  420.000 ,  480.000 ,        0 ,  427.568 ,  427.568 ,    0.000 ,  427.568 ,  428.568 ,    0.000 ,    7.834 ,    0.000 ,    1.175 ,        6 , 	)
  63 	 (   8 ,  240.000 ,  480.000 ,        0 ,  441.905 ,  441.905 ,    0.000 ,  441.905 ,  442.905 ,    0.000 ,    7.834 ,    0.000 ,   -0.141 ,        7 , 	)
 175 	 (   7 ,  338.486 ,  521.000 ,        0 ,  457.109 ,  457.109 ,    0.000 ,  457.109 ,  458.109 ,   40.520 ,    7.834 ,    0.000 ,    7.087 ,        8 , 	)
 174 	 (   6 ,  367.000 ,  547.000 ,        0 ,  471.438 ,  471.438 ,    0.000 ,  471.438 ,  472.438 ,   66.345 ,    7.834 ,    0.000 ,    5.621 ,        9 , 	)
 104 	 (   2 ,  330.000 ,  570.000 ,        0 ,  484.690 ,  484.690 ,    0.000 ,  484.690 ,  488.690 ,  108.166 ,    7.834 ,    0.000 ,   -0.177 ,       10 , 	)
  68 	 (   6 ,  480.000 ,  720.000 ,        0 ,  494.692 ,  494.692 ,    0.000 ,  494.692 ,  498.692 ,    0.000 ,   29.909 ,    0.000 ,   10.799 ,       11 , 	)
 164 	 (   5 ,  326.000 ,  566.000 ,        0 ,  527.995 ,  527.995 ,    0.000 ,  527.995 ,  528.995 ,   85.091 ,   29.909 ,    0.000 ,    7.656 ,       12 , 	)
 160 	 (   4 ,  481.424 ,  642.000 ,        0 ,  546.442 ,  546.442 ,    0.000 ,  546.442 ,  547.442 ,  117.874 ,   34.101 ,    0.000 ,   11.263 ,       13 , 	)
 169 	 (   0 ,  566.000 ,  806.000 ,        0 ,  575.592 ,  575.592 ,    0.000 ,  575.592 ,  579.592 ,   76.899 ,   34.101 ,    0.000 ,   -3.245 ,       14 , 	)
 203 	 (   0 ,    0.000 , 1440.000 ,        0 ,  604.828 ,  604.828 ,    0.000 ,  604.828 ,  604.828 ,    0.000 ,  835.172 ,    0.000 ,    0.000 ,       15 , 	)

	16 sommets 
	values : ( Cost : 300.627 , TRT : 271.366 , TWT :  15.331 , TD : 460.979 )
	violations : ( VC :       0 , VTW :   0.000 , VTD :   0.000 , VTRT :   0.000 )
	cout global : (   0.000	 )
S(i)	 (   C ,     TW0 ,       TW1 ,       VTW ,       Min ,       A ,       W ,       B ,       D ,       L ,       F ,       E ,       Det ,       [Imp ,       Imp]	)
   0 	 (   0 ,    0.000 , 1440.000 ,        0 ,    0.000 ,  845.741 ,    0.000 ,  845.741 ,  845.741 ,    0.000 ,    0.000 ,  845.741 ,    0.000 ,        0 , 	)
  34 	 (   1 ,  780.000 ,  960.000 ,        0 ,    7.558 ,  853.298 ,    0.000 ,  853.298 ,  854.298 ,    0.000 ,    0.000 ,   73.298 ,   13.171 ,        1 , 	)
  76 	 (   3 ,  780.000 ,  960.000 ,        0 ,  792.820 ,  866.119 ,    0.000 ,  866.119 ,  868.119 ,    0.000 ,    0.000 ,   73.298 ,    7.048 ,        2 , 	)
  16 	 (   6 ,  720.000 ,  960.000 ,        0 ,  812.409 ,  885.708 ,    0.000 ,  885.708 ,  888.708 ,    0.000 ,    0.000 ,   73.298 ,    2.100 ,        3 , 	)
 177 	 (   4 ,  810.000 , 1050.000 ,        0 ,  821.856 ,  895.154 ,    0.000 ,  895.154 ,  897.154 ,   27.035 ,    0.000 ,   73.298 ,   -0.418 ,        4 , 	)
 135 	 (   3 ,  819.000 , 1053.000 ,        0 ,  833.158 ,  906.456 ,    0.000 ,  906.456 ,  907.456 ,   52.158 ,    0.000 ,   73.298 ,    9.208 ,        5 , 	)
  54 	 (   6 ,  720.000 ,  960.000 ,        0 ,  847.759 ,  921.058 ,    0.000 ,  921.058 ,  924.058 ,    0.000 ,    0.000 ,   73.298 ,    1.544 ,        6 , 	)
 117 	 (   3 ,  793.000 , 1033.000 ,        0 ,  875.190 ,  948.489 ,    0.000 ,  948.489 ,  951.489 ,   59.781 ,    0.000 ,   73.298 ,    5.159 ,        7 , 	)
  79 	 (   4 ,  900.000 ,  960.000 ,        0 ,  886.702 ,  960.000 ,    0.000 ,  960.000 ,  961.000 ,    0.000 ,    0.000 ,   60.000 ,    6.505 ,        8 , 	)
   6 	 (   8 ,  960.000 , 1200.000 ,        0 ,  915.705 ,  975.705 ,   15.331 ,  991.036 ,  995.036 ,    0.000 ,   15.947 ,   31.036 ,   16.232 ,        9 , 	)
 107 	 (   4 , 1027.000 , 1267.000 ,        0 ,  995.964 , 1027.000 ,    0.000 , 1027.000 , 1031.000 ,   31.964 ,   15.947 ,    0.000 ,    0.000 ,       10 , 	)
  57 	 (   5 ,  960.000 , 1200.000 ,        0 , 1031.000 , 1031.000 ,    0.000 , 1031.000 , 1032.000 ,    0.000 ,   15.947 ,    0.000 ,    0.000 ,       11 , 	)
 155 	 (   2 ,  819.000 , 1059.000 ,        0 , 1043.053 , 1043.053 ,    0.000 , 1043.053 , 1046.053 ,  118.995 ,   15.947 ,    0.000 ,    2.622 ,       12 , 	)
 180 	 (   1 ,  951.306 , 1095.000 ,        0 , 1061.535 , 1061.535 ,    0.000 , 1061.535 , 1062.535 ,  100.535 ,   33.465 ,   -0.000 ,    6.092 ,       13 , 	)
 158 	 (   0 , 1085.000 , 1265.000 ,        0 , 1102.511 , 1102.511 ,    0.000 , 1102.511 , 1103.511 ,   70.511 ,   56.489 ,   -0.000 ,   -1.707 ,       14 , 	)
 203 	 (   0 ,    0.000 , 1440.000 ,        0 , 1117.107 , 1117.107 ,    0.000 , 1117.107 , 1117.107 ,    0.000 ,  322.893 ,   -0.000 ,    0.000 ,       15 , 	)

	18 sommets 
	values : ( Cost : 500.900 , TRT : 422.617 , TWT :   0.000 , TD : 506.037 )
	violations : ( VC :       0 , VTW :   0.000 , VTD :   0.000 , VTRT :   0.000 )
	cout global : (   0.000	 )
S(i)	 (   C ,     TW0 ,       TW1 ,       VTW ,       Min ,       A ,       W ,       B ,       D ,       L ,       F ,       E ,       Det ,       [Imp ,       Imp]	)
   0 	 (   0 ,    0.000 , 1440.000 ,        0 ,    0.000 ,  814.187 ,    0.000 ,  814.187 ,  814.187 ,    0.000 ,    5.353 ,  814.187 ,    0.000 ,        0 , 	)
  22 	 (   2 ,  730.000 ,  956.495 ,        0 ,   26.759 ,  840.946 ,    0.000 ,  840.946 ,  842.946 ,    0.000 ,    5.353 ,  110.946 ,    8.576 ,        1 , 	)
  82 	 (   5 ,  780.000 ,  960.000 ,        0 ,  743.795 ,  854.741 ,    0.000 ,  854.741 ,  857.741 ,    0.000 ,    5.353 ,   74.741 ,    3.716 ,        2 , 	)
 123 	 (   3 ,  806.000 ,  986.000 ,        0 ,  802.426 ,  877.166 ,    0.000 ,  877.166 ,  879.166 ,   34.220 ,    5.353 ,   71.166 ,   17.253 ,        3 , 	)
  38 	 (   6 ,  746.000 ,  949.241 ,        0 ,  837.389 ,  908.555 ,    0.000 ,  908.555 ,  911.555 ,    0.000 ,    5.353 ,   71.166 ,   -0.844 ,        4 , 	)
 183 	 (   3 ,  872.000 , 1052.000 ,        0 ,  849.062 ,  920.229 ,    0.000 ,  920.229 ,  923.229 ,   62.488 ,    5.353 ,   48.229 ,    3.198 ,        5 , 	)
  72 	 (   7 ,  720.000 ,  960.000 ,        0 ,  906.418 ,  954.647 ,    0.000 ,  954.647 ,  958.647 ,    0.000 ,    5.353 ,   48.229 ,    9.652 ,        6 , 	)
 139 	 (   4 ,  882.000 , 1002.000 ,        0 ,  942.531 ,  990.759 ,    0.000 ,  990.759 ,  993.759 ,   79.205 ,   11.241 ,   48.229 ,    6.591 ,        7 , 	)
 173 	 (   0 ,  797.000 , 1037.000 ,        0 ,  957.046 , 1005.274 ,    0.000 , 1005.274 , 1009.274 ,   46.628 ,   31.726 ,   48.229 ,   -0.511 ,        8 , 	)
  83 	 (   4 ,  960.000 , 1140.000 ,        0 ,  972.199 , 1020.427 ,    0.000 , 1020.427 , 1024.427 ,    0.000 ,   60.000 ,   48.229 ,    8.698 ,        9 , 	)
  32 	 (   6 , 1028.000 , 1140.026 ,        0 , 1012.095 , 1060.324 ,    0.000 , 1060.324 , 1062.324 ,    0.000 ,   58.271 ,   32.324 ,    0.000 ,       10 , 	)
  17 	 (   8 ,  960.000 , 1200.000 ,        0 , 1030.000 , 1062.324 ,    0.000 , 1062.324 , 1064.324 ,    0.000 ,   32.324 ,   32.324 ,    0.000 ,       11 , 	)
 184 	 (   4 , 1051.000 , 1231.000 ,        0 , 1051.832 , 1084.156 ,    0.000 , 1084.156 , 1088.156 ,   59.729 ,   10.789 ,   32.324 ,    7.559 ,       12 , 	)
  51 	 (   7 , 1020.000 , 1200.000 ,        0 , 1073.214 , 1105.538 ,    0.000 , 1105.538 , 1108.538 ,    0.000 ,   10.789 ,   32.324 ,    0.308 ,       13 , 	)
 133 	 (   5 , 1113.000 , 1173.000 ,        0 , 1080.676 , 1113.000 ,    0.000 , 1113.000 , 1115.000 ,   50.676 ,   10.789 ,    0.000 ,   -0.989 ,       14 , 	)
 152 	 (   2 , 1155.000 , 1275.000 ,        0 , 1161.418 , 1161.418 ,    0.000 , 1161.418 , 1164.418 ,   52.880 ,   10.789 ,   -0.000 ,   16.885 ,       15 , 	)
 118 	 (   0 , 1073.000 , 1253.000 ,        0 , 1184.535 , 1184.535 ,    0.000 , 1184.535 , 1186.535 ,  120.211 ,   10.789 ,   -0.000 ,    0.892 ,       16 , 	)
 203 	 (   0 ,    0.000 , 1440.000 ,        0 , 1236.804 , 1236.804 ,    0.000 , 1236.804 , 1236.804 ,    0.000 ,  203.196 ,   -0.000 ,    0.000 ,       17 , 	)

	22 sommets 
	values : ( Cost : 330.635 , TRT : 366.233 , TWT :  81.635 , TD : 830.593 )
	violations : ( VC :       0 , VTW :   0.000 , VTD :   0.000 , VTRT :   0.000 )
	cout global : (   0.000	 )
S(i)	 (   C ,     TW0 ,       TW1 ,       VTW ,       Min ,       A ,       W ,       B ,       D ,       L ,       F ,       E ,       Det ,       [Imp ,       Imp]	)
   0 	 (   0 ,    0.000 , 1440.000 ,        0 ,    0.000 ,  301.523 ,    0.000 ,  301.523 ,  301.523 ,    0.000 ,    0.000 ,  301.523 ,    0.000 ,        0 , 	)
  85 	 (   1 ,  240.000 ,  480.000 ,        0 ,   19.426 ,  320.949 ,    0.000 ,  320.949 ,  321.949 ,    0.000 ,    0.000 ,   80.949 ,   10.691 ,        1 , 	)
  86 	 (   4 ,  314.000 ,  478.944 ,        0 ,  253.687 ,  334.636 ,    0.000 ,  334.636 ,  337.636 ,    0.000 ,    0.000 ,   20.636 ,    1.427 ,        2 , 	)
  19 	 (   5 ,  300.000 ,  360.000 ,        0 ,  339.364 ,  360.000 ,    0.000 ,  360.000 ,  361.000 ,    0.000 ,    0.000 ,   20.636 ,   13.841 ,        3 , 	)
 187 	 (   2 ,  407.000 ,  527.000 ,        0 ,  376.896 ,  397.532 ,    9.468 ,  407.000 ,  410.000 ,   69.364 ,   20.636 ,    0.000 ,    0.000 ,        4 , 	)
  10 	 (   4 ,  480.000 ,  720.000 ,        0 ,  410.000 ,  410.000 ,   72.168 ,  482.168 ,  484.168 ,    0.000 ,   46.253 ,    2.168 ,    0.000 ,        5 , 	)
 186 	 (   3 ,  387.000 ,  627.000 ,        0 ,  488.957 ,  491.125 ,    0.000 ,  491.125 ,  492.125 ,  169.176 ,    8.356 ,    2.168 ,    3.709 ,        6 , 	)
 120 	 (   2 ,  424.000 ,  544.000 ,        0 ,  495.580 ,  497.747 ,    0.000 ,  497.747 ,  498.747 ,  136.747 ,    8.356 ,    2.168 ,    0.522 ,        7 , 	)
   5 	 (   3 ,  480.000 ,  720.000 ,        0 ,  501.546 ,  503.714 ,    0.000 ,  503.714 ,  504.714 ,    0.000 ,    8.356 ,    2.168 ,    1.190 ,        8 , 	)
  14 	 (   5 ,  497.000 ,  707.208 ,        0 ,  520.369 ,  522.537 ,    0.000 ,  522.537 ,  524.537 ,    0.000 ,    8.356 ,    2.168 ,    1.051 ,        9 , 	)
  12 	 (   7 ,  480.000 ,  660.000 ,        0 ,  528.229 ,  530.397 ,    0.000 ,  530.397 ,  532.397 ,    0.000 ,    8.356 ,    2.168 ,    2.671 ,       10 , 	)
 115 	 (   5 ,  547.000 ,  727.000 ,        0 ,  544.832 ,  547.000 ,    0.000 ,  547.000 ,  549.000 ,   22.463 ,    8.356 ,    0.000 ,   -4.353 ,       11 , 	)
 111 	 (   3 ,  542.000 ,  782.000 ,        0 ,  567.812 ,  567.812 ,    0.000 ,  567.812 ,  569.812 ,   83.644 ,    8.356 ,    0.000 ,   -1.220 ,       12 , 	)
  29 	 (   5 ,  480.000 ,  720.000 ,        0 ,  584.389 ,  584.389 ,    0.000 ,  584.389 ,  586.389 ,    0.000 ,   19.750 ,    0.000 ,    0.895 ,       13 , 	)
  88 	 (   7 ,  480.000 ,  720.000 ,        0 ,  599.099 ,  599.099 ,    0.000 ,  599.099 ,  601.099 ,    0.000 ,   19.750 ,    0.000 ,    4.410 ,       14 , 	)
 106 	 (   6 ,  571.000 ,  811.000 ,        0 ,  605.964 ,  605.964 ,    0.000 ,  605.964 ,  606.964 ,  101.250 ,   19.750 ,    0.000 ,    0.000 ,       15 , 	)
  21 	 (   8 ,  480.000 ,  720.000 ,        0 ,  606.964 ,  606.964 ,    0.000 ,  606.964 ,  608.964 ,    0.000 ,   21.114 ,    0.000 ,    0.000 ,       16 , 	)
 189 	 (   6 ,  526.000 ,  766.000 ,        0 ,  629.487 ,  629.487 ,    0.000 ,  629.487 ,  631.487 ,   28.388 ,   21.114 ,    0.000 ,    1.977 ,       17 , 	)
 113 	 (   4 ,  554.000 ,  794.000 ,        0 ,  636.239 ,  636.239 ,    0.000 ,  636.239 ,  638.239 ,  103.842 ,   21.114 ,    0.000 ,   -2.195 ,       18 , 	)
 122 	 (   2 ,  554.000 ,  794.000 ,        0 ,  651.795 ,  651.795 ,    0.000 ,  651.795 ,  653.795 ,   42.831 ,   21.114 ,    0.000 ,    2.272 ,       19 , 	)
 130 	 (   0 ,  551.000 ,  791.000 ,        0 ,  659.275 ,  659.275 ,    0.000 ,  659.275 ,  661.275 ,   72.886 ,   21.114 ,    0.000 ,    4.511 ,       20 , 	)
 203 	 (   0 ,    0.000 , 1440.000 ,        0 ,  667.756 ,  667.756 ,    0.000 ,  667.756 ,  667.756 ,    0.000 ,  772.244 ,    0.000 ,    0.000 ,       21 , 	)
