10
	VALUE ALL : ( Cost : 4278.509 , TRT : 3689.138 , TWT : 194.214 , TD : 4421.712 )
	VIOLATIONS TOTAL : ( VC :       0 , VTW :   0.000 , VTD :   0.000 , VTRT :   0.000 )
 	COUT_ALL : (   0.003 )  T2B:   43801

	16 sommets 
	values : ( Cost : 489.880 , TRT : 386.331 , TWT :   0.000 , TD : 674.096 )
	violations : ( VC :       0 , VTW :   0.000 , VTD :   0.000 , VTRT :   0.000 )
	cout global : (   0.000	 )
S(i)	 (   C ,     TW0 ,       TW1 ,       VTW ,       Min ,       A ,       W ,       B ,       D ,       L ,       F ,       E ,       Det ,       [Imp ,       Imp]	)
   0 	 (   0 ,    0.000 , 1440.000 ,        0 ,    0.000 ,  293.930 ,    0.000 ,  293.930 ,  293.930 ,    0.000 ,    9.717 ,  293.930 ,    0.000 ,        0 , 	)
  26 	 (   1 ,  240.000 ,  420.000 ,        0 ,   15.397 ,  309.327 ,    0.000 ,  309.327 ,  310.327 ,    0.000 ,    9.717 ,   69.327 ,    0.044 ,        1 , 	)
  29 	 (   2 ,  300.000 ,  480.000 ,        0 ,  278.429 ,  347.756 ,    0.000 ,  347.756 ,  348.756 ,    0.000 ,    9.717 ,   47.756 ,    7.701 ,        2 , 	)
  94 	 (   1 ,  290.000 ,  528.000 ,        0 ,  311.243 ,  358.998 ,    0.000 ,  358.998 ,  359.998 ,   48.671 ,    9.717 ,   47.756 ,    0.175 ,        3 , 	)
  41 	 (   3 ,  360.000 ,  420.000 ,        0 ,  339.289 ,  387.044 ,    0.000 ,  387.044 ,  389.044 ,    0.000 ,    9.717 ,   27.044 ,    8.802 ,        4 , 	)
  40 	 (   5 ,  240.000 ,  420.000 ,        0 ,  383.238 ,  410.283 ,    0.000 ,  410.283 ,  412.283 ,    0.000 ,    9.717 ,   27.044 ,    1.064 ,        5 , 	)
  56 	 (   6 ,  240.000 ,  480.000 ,        0 ,  390.392 ,  417.436 ,    0.000 ,  417.436 ,  418.436 ,    0.000 ,   12.252 ,   27.044 ,    2.547 ,        6 , 	)
  97 	 (   5 ,  343.000 ,  578.000 ,        0 ,  400.150 ,  427.194 ,    0.000 ,  427.194 ,  428.194 ,   78.438 ,   12.252 ,   27.044 ,   -2.639 ,        7 , 	)
  35 	 (   6 ,  300.000 ,  480.000 ,        0 ,  412.741 ,  439.786 ,    0.000 ,  439.786 ,  440.786 ,    0.000 ,   12.252 ,   27.044 ,    1.662 ,        8 , 	)
 109 	 (   4 ,  394.141 ,  508.000 ,        0 ,  435.748 ,  462.792 ,    0.000 ,  462.792 ,  464.792 ,   73.748 ,   12.252 ,   27.044 ,   10.268 ,        9 , 	)
  20 	 (   5 ,  480.000 ,  720.000 ,        0 ,  452.956 ,  480.000 ,    0.000 ,  480.000 ,  481.000 ,    0.000 ,   14.692 ,    0.000 ,    1.226 ,       10 , 	)
 108 	 (   3 ,  313.000 ,  553.000 ,        0 ,  492.280 ,  492.280 ,    0.000 ,  492.280 ,  494.280 ,   79.998 ,   13.256 ,    0.000 ,   17.020 ,       11 , 	)
 103 	 (   2 ,  421.000 ,  601.000 ,        0 ,  556.973 ,  556.973 ,    0.000 ,  556.973 ,  557.973 ,  116.187 ,   13.256 ,    0.000 ,   41.629 ,       12 , 	)
  88 	 (   1 ,  570.000 ,  810.000 ,        0 ,  587.744 ,  587.744 ,    0.000 ,  587.744 ,  588.744 ,  106.744 ,   13.256 ,    0.000 ,    0.000 ,       13 , 	)
 124 	 (   0 ,  379.000 ,  619.000 ,        0 ,  588.744 ,  588.744 ,    0.000 ,  588.744 ,  589.744 ,  170.308 ,   14.692 ,    0.000 ,    0.000 ,       14 , 	)
 137 	 (   0 ,    0.000 , 1440.000 ,        0 ,  680.261 ,  680.261 ,    0.000 ,  680.261 ,  680.261 ,    0.000 ,  759.739 ,    0.000 ,    0.000 ,       15 , 	)

	12 sommets 
	values : ( Cost : 428.542 , TRT : 338.212 , TWT :   0.000 , TD : 182.382 )
	violations : ( VC :       0 , VTW :   0.000 , VTD :   0.000 , VTRT :   0.000 )
	cout global : (   0.000	 )
S(i)	 (   C ,     TW0 ,       TW1 ,       VTW ,       Min ,       A ,       W ,       B ,       D ,       L ,       F ,       E ,       Det ,       [Imp ,       Imp]	)
   0 	 (   0 ,    0.000 , 1440.000 ,        0 ,    0.000 ,  231.680 ,    0.000 ,  231.680 ,  231.680 ,    0.000 ,    4.847 ,  231.680 ,    0.000 ,        0 , 	)
  10 	 (   1 ,  240.000 ,  480.000 ,        0 ,   79.798 ,  311.478 ,    0.000 ,  311.478 ,  312.478 ,    0.000 ,    4.847 ,   71.478 ,    0.820 ,        1 , 	)
  78 	 (   0 ,  355.000 ,  535.000 ,        0 ,  283.522 ,  355.000 ,    0.000 ,  355.000 ,  356.000 ,   42.522 ,    4.847 ,    0.000 ,   47.830 ,        2 , 	)
  55 	 (   3 ,  300.000 ,  420.000 ,        0 ,  397.505 ,  397.505 ,    0.000 ,  397.505 ,  400.505 ,    0.000 ,    4.847 ,    0.000 ,   35.086 ,        3 , 	)
 123 	 (   0 ,  329.037 ,  493.000 ,        0 ,  426.542 ,  426.542 ,    0.000 ,  426.542 ,  429.542 ,   26.037 ,    4.847 ,    0.000 ,   10.647 ,        4 , 	)
   6 	 (   1 ,  300.000 ,  480.000 ,        0 ,  457.965 ,  457.965 ,    0.000 ,  457.965 ,  458.965 ,    0.000 ,    4.847 ,    0.000 ,   12.901 ,        5 , 	)
  65 	 (   2 ,  300.000 ,  480.000 ,        0 ,  470.856 ,  470.856 ,    0.000 ,  470.856 ,  471.856 ,    0.000 ,    4.847 ,    0.000 ,    3.563 ,        6 , 	)
  28 	 (   4 ,  240.000 ,  480.000 ,        0 ,  475.153 ,  475.153 ,    0.000 ,  475.153 ,  477.153 ,    0.000 ,    4.847 ,    0.000 ,   -0.490 ,        7 , 	)
  96 	 (   2 ,  275.000 ,  515.000 ,        0 ,  494.117 ,  494.117 ,    0.000 ,  494.117 ,  496.117 ,   16.964 ,   20.883 ,    0.000 ,   -2.946 ,        8 , 	)
  74 	 (   1 ,  387.000 ,  567.000 ,        0 ,  508.666 ,  508.666 ,    0.000 ,  508.666 ,  509.666 ,   49.702 ,   58.334 ,    0.000 ,   -3.366 ,        9 , 	)
 133 	 (   0 ,  387.000 ,  627.000 ,        0 ,  519.014 ,  519.014 ,    0.000 ,  519.014 ,  520.014 ,   47.158 ,  107.986 ,    0.000 ,    8.695 ,       10 , 	)
 137 	 (   0 ,    0.000 , 1440.000 ,        0 ,  569.892 ,  569.892 ,    0.000 ,  569.892 ,  569.892 ,    0.000 ,  870.108 ,    0.000 ,    0.000 ,       11 , 	)

	28 sommets 
	values : ( Cost : 464.821 , TRT : 409.490 , TWT :   0.000 , TD : 712.866 )
	violations : ( VC :       0 , VTW :   0.000 , VTD :   0.000 , VTRT :   0.000 )
	cout global : (   0.000	 )
S(i)	 (   C ,     TW0 ,       TW1 ,       VTW ,       Min ,       A ,       W ,       B ,       D ,       L ,       F ,       E ,       Det ,       [Imp ,       Imp]	)
   0 	 (   0 ,    0.000 , 1440.000 ,        0 ,    0.000 ,  613.446 ,    0.000 ,  613.446 ,  613.446 ,    0.000 ,   14.882 ,  613.446 ,    0.000 ,        0 , 	)
  25 	 (   3 ,  540.000 ,  660.000 ,        0 ,   15.397 ,  628.843 ,    0.000 ,  628.843 ,  631.843 ,    0.000 ,   14.882 ,   88.843 ,   -0.865 ,        1 , 	)
  42 	 (   7 ,  480.000 ,  720.000 ,        0 ,  555.453 ,  644.295 ,    0.000 ,  644.295 ,  648.295 ,    0.000 ,   14.882 ,   88.843 ,    8.424 ,        2 , 	)
 110 	 (   3 ,  544.000 ,  784.000 ,        0 ,  589.810 ,  678.653 ,    0.000 ,  678.653 ,  682.653 ,   30.357 ,   14.882 ,   88.843 ,    1.599 ,        3 , 	)
  93 	 (   0 ,  637.000 ,  757.000 ,        0 ,  608.520 ,  697.363 ,    0.000 ,  697.363 ,  700.363 ,   65.520 ,   14.882 ,   60.363 ,    1.635 ,        4 , 	)
  22 	 (   3 ,  480.000 ,  720.000 ,        0 ,  644.066 ,  704.429 ,    0.000 ,  704.429 ,  707.429 ,    0.000 ,   14.882 ,   60.363 ,   -1.648 ,        5 , 	)
  23 	 (   4 ,  720.000 ,  960.000 ,        0 ,  663.674 ,  724.038 ,    0.000 ,  724.038 ,  725.038 ,    0.000 ,   14.882 ,    4.038 ,    2.321 ,        6 , 	)
  90 	 (   1 ,  529.000 ,  769.000 ,        0 ,  730.074 ,  734.111 ,    0.000 ,  734.111 ,  737.111 ,   26.682 ,   14.882 ,    4.038 ,    0.000 ,        7 , 	)
  21 	 (   5 ,  720.000 ,  840.000 ,        0 ,  733.074 ,  737.111 ,    0.000 ,  737.111 ,  741.111 ,    0.000 ,   14.882 ,    4.038 ,    0.000 ,        8 , 	)
  30 	 (   6 ,  720.000 ,  840.000 ,        0 ,  761.999 ,  766.037 ,    0.000 ,  766.037 ,  767.037 ,    0.000 ,   14.882 ,    4.038 ,    4.560 ,        9 , 	)
  33 	 (   7 ,  722.000 ,  960.000 ,        0 ,  774.063 ,  778.101 ,    0.000 ,  778.101 ,  779.101 ,    0.000 ,   14.882 ,    4.038 ,    5.529 ,       10 , 	)
  89 	 (   3 ,  766.000 ,  941.000 ,        0 ,  808.513 ,  812.550 ,    0.000 ,  812.550 ,  816.550 ,   71.439 ,   14.882 ,    4.038 ,    5.392 ,       11 , 	)
  98 	 (   2 ,  757.724 ,  939.000 ,        0 ,  815.620 ,  819.657 ,    0.000 ,  819.657 ,  820.657 ,   52.620 ,   14.882 ,    4.038 ,    0.000 ,       12 , 	)
  50 	 (   6 ,  720.000 ,  900.000 ,        0 ,  816.620 ,  820.657 ,    0.000 ,  820.657 ,  824.657 ,    0.000 ,   14.882 ,    4.038 ,    0.000 ,       13 , 	)
  91 	 (   5 ,  839.000 , 1019.000 ,        0 ,  834.962 ,  839.000 ,    0.000 ,  839.000 ,  840.000 ,  113.962 ,   14.882 ,    0.000 ,    0.000 ,       14 , 	)
 101 	 (   4 ,  829.000 , 1009.000 ,        0 ,  840.000 ,  840.000 ,    0.000 ,  840.000 ,  841.000 ,   60.899 ,   14.882 ,    0.000 ,    0.000 ,       15 , 	)
 118 	 (   0 ,  754.098 ,  985.000 ,        0 ,  865.443 ,  865.443 ,    0.000 ,  865.443 ,  869.443 ,   40.786 ,   14.882 ,    0.000 ,    2.723 ,       16 , 	)
   5 	 (   1 ,  780.000 ,  960.000 ,        0 ,  878.594 ,  878.594 ,    0.000 ,  878.594 ,  879.594 ,    0.000 ,   14.882 ,    0.000 ,    1.819 ,       17 , 	)
  13 	 (   2 ,  720.000 ,  900.000 ,        0 ,  885.118 ,  885.118 ,    0.000 ,  885.118 ,  886.118 ,    0.000 ,   14.882 ,    0.000 ,    2.464 ,       18 , 	)
  15 	 (   3 ,  738.000 ,  950.157 ,        0 ,  896.641 ,  896.641 ,    0.000 ,  896.641 ,  897.641 ,    0.000 ,   34.646 ,    0.000 ,    1.507 ,       19 , 	)
  73 	 (   2 ,  809.106 , 1036.000 ,        0 ,  913.167 ,  913.167 ,    0.000 ,  913.167 ,  914.167 ,   33.573 ,   13.287 ,    0.000 ,    1.041 ,       20 , 	)
  53 	 (   5 ,  780.000 ,  960.000 ,        0 ,  916.485 ,  916.485 ,    0.000 ,  916.485 ,  919.485 ,    0.000 ,   13.287 ,    0.000 ,    0.664 ,       21 , 	)
  64 	 (   8 ,  780.000 ,  960.000 ,        0 ,  921.982 ,  921.982 ,    0.000 ,  921.982 ,  924.982 ,    0.000 ,   13.287 ,    0.000 ,   -0.591 ,       22 , 	)
  81 	 (   7 ,  751.131 ,  982.000 ,        0 ,  930.098 ,  930.098 ,    0.000 ,  930.098 ,  931.098 ,   43.980 ,   13.287 ,    0.000 ,    6.981 ,       23 , 	)
  83 	 (   6 ,  803.000 ,  983.000 ,        0 ,  948.354 ,  948.354 ,    0.000 ,  948.354 ,  949.354 ,   50.713 ,   13.287 ,    0.000 ,    3.005 ,       24 , 	)
 121 	 (   3 ,  881.000 , 1121.000 ,        0 ,  972.369 ,  972.369 ,    0.000 ,  972.369 ,  975.369 ,   52.884 ,   70.550 ,    0.000 ,    7.850 ,       25 , 	)
 132 	 (   0 ,  857.000 , 1097.000 ,        0 ,  994.432 ,  994.432 ,    0.000 ,  994.432 ,  997.432 ,   69.450 ,   70.550 ,    0.000 ,   -0.001 ,       26 , 	)
 137 	 (   0 ,    0.000 , 1440.000 ,        0 , 1022.935 , 1022.935 ,    0.000 , 1022.935 , 1022.935 ,    0.000 ,  417.065 ,    0.000 ,    0.000 ,       27 , 	)

	20 sommets 
	values : ( Cost : 459.593 , TRT : 479.662 , TWT :  98.104 , TD : 885.759 )
	violations : ( VC :       0 , VTW :   0.000 , VTD :   0.000 , VTRT :   0.000 )
	cout global : (   0.000	 )
S(i)	 (   C ,     TW0 ,       TW1 ,       VTW ,       Min ,       A ,       W ,       B ,       D ,       L ,       F ,       E ,       Det ,       [Imp ,       Imp]	)
   0 	 (   0 ,    0.000 , 1440.000 ,        0 ,    0.000 ,  713.041 ,    0.000 ,  713.041 ,  713.041 ,    0.000 ,    0.000 ,  713.041 ,    0.000 ,        0 , 	)
  14 	 (   3 ,  720.000 ,  960.000 ,        0 ,   43.297 ,  756.338 ,    0.000 ,  756.338 ,  759.338 ,    0.000 ,    0.000 ,   36.338 ,    9.733 ,        1 , 	)
  82 	 (   0 ,  747.000 ,  987.000 ,        0 ,  735.495 ,  771.833 ,    0.000 ,  771.833 ,  774.833 ,   12.495 ,    0.000 ,   24.833 ,    5.360 ,        2 , 	)
  67 	 (   2 ,  720.000 ,  960.000 ,        0 ,  755.918 ,  780.751 ,    0.000 ,  780.751 ,  782.751 ,    0.000 ,    0.000 ,   24.833 ,    5.774 ,        3 , 	)
  49 	 (   3 ,  780.000 ,  960.000 ,        0 ,  795.032 ,  819.865 ,    0.000 ,  819.865 ,  820.865 ,    0.000 ,    0.000 ,   24.833 ,    8.562 ,        4 , 	)
  60 	 (   5 ,  720.000 ,  840.000 ,        0 ,  815.167 ,  840.000 ,    0.000 ,  840.000 ,  842.000 ,    0.000 ,   -0.000 ,   24.833 ,    5.459 ,        5 , 	)
   2 	 (   6 ,  720.000 ,  960.000 ,        0 ,  835.548 ,  860.381 ,   15.659 ,  876.040 ,  877.040 ,    0.000 ,    0.000 ,   40.492 ,   22.175 ,        6 , 	)
 128 	 (   4 ,  757.693 ,  937.000 ,        0 ,  876.035 ,  916.527 ,    0.000 ,  916.527 ,  918.527 ,   74.527 ,    0.000 ,   40.492 ,    0.000 ,        7 , 	)
  45 	 (   7 ,  780.000 ,  960.000 ,        0 ,  878.035 ,  918.527 ,    0.000 ,  918.527 ,  921.527 ,    0.000 ,    0.000 ,   40.492 ,    0.000 ,        8 , 	)
   8 	 (   8 ,  780.000 ,  960.000 ,        0 ,  885.753 ,  926.244 ,    0.000 ,  926.244 ,  927.244 ,    0.000 ,    0.000 ,   40.492 ,    0.921 ,        9 , 	)
  70 	 (   7 ,  844.000 , 1084.000 ,        0 ,  892.979 ,  933.471 ,    0.000 ,  933.471 ,  934.471 ,   56.431 ,    0.000 ,   40.492 ,    0.373 ,       10 , 	)
 135 	 (   5 ,  832.000 , 1072.000 ,        0 ,  909.259 ,  949.751 ,    0.000 ,  949.751 ,  951.751 ,  167.000 ,    0.000 ,   40.492 ,    0.000 ,       11 , 	)
  54 	 (   6 ,  960.000 , 1140.000 ,        0 ,  911.259 ,  951.751 ,   26.150 ,  977.901 ,  978.901 ,    0.000 ,    0.000 ,   17.901 ,    0.000 ,       12 , 	)
  76 	 (   5 ,  802.388 , 1018.000 ,        0 ,  965.168 ,  983.069 ,    0.000 ,  983.069 ,  984.069 ,   55.825 ,    0.000 ,   17.901 ,    0.537 ,       13 , 	)
 113 	 (   2 ,  807.648 , 1029.000 ,        0 ,  969.626 ,  987.527 ,    0.000 ,  987.527 ,  990.527 ,   66.000 ,    0.000 ,   17.901 ,    3.696 ,       14 , 	)
 122 	 (   1 , 1035.000 , 1215.000 ,        0 ,  997.279 , 1015.180 ,   19.820 , 1035.000 , 1036.000 ,   56.099 ,   25.340 ,    0.000 ,   24.781 ,       15 , 	)
  24 	 (   5 , 1020.000 , 1200.000 ,        0 , 1066.278 , 1066.278 ,   25.340 , 1091.618 , 1095.618 ,    0.000 ,    0.000 ,   25.340 ,    2.895 ,       16 , 	)
 117 	 (   4 ,  970.000 , 1210.000 ,        0 , 1125.525 , 1150.865 ,    0.000 , 1150.865 , 1151.865 ,  330.000 ,    0.000 ,   25.340 ,    0.000 ,       17 , 	)
  92 	 (   0 , 1163.000 , 1283.000 ,        0 , 1126.525 , 1151.865 ,   11.135 , 1163.000 , 1167.000 ,   67.382 ,   79.618 ,    0.000 ,    0.000 ,       18 , 	)
 137 	 (   0 ,    0.000 , 1440.000 ,        0 , 1192.703 , 1192.703 ,    0.000 , 1192.703 , 1192.703 ,    0.000 ,  247.297 ,    0.000 ,    0.000 ,       19 , 	)

	6 sommets 
	values : ( Cost : 175.114 , TRT : 137.665 , TWT :   0.000 , TD :  82.374 )
	violations : ( VC :       0 , VTW :   0.000 , VTD :   0.000 , VTRT :   0.000 )
	cout global : (   0.000	 )
S(i)	 (   C ,     TW0 ,       TW1 ,       VTW ,       Min ,       A ,       W ,       B ,       D ,       L ,       F ,       E ,       Det ,       [Imp ,       Imp]	)
   0 	 (   0 ,    0.000 , 1440.000 ,        0 ,    0.000 ,  283.162 ,    0.000 ,  283.162 ,  283.162 ,    0.000 ,  104.518 ,  283.162 ,    0.000 ,        0 , 	)
   9 	 (   1 ,  300.000 ,  480.000 ,        0 ,   39.593 ,  322.756 ,    0.000 ,  322.756 ,  323.756 ,    0.000 ,  104.518 ,   22.756 ,   55.476 ,        1 , 	)
  37 	 (   3 ,  251.000 ,  474.817 ,        0 ,  345.597 ,  368.353 ,    0.000 ,  368.353 ,  370.353 ,    0.000 ,   49.756 ,   22.756 ,   13.367 ,        2 , 	)
  77 	 (   2 ,  378.000 ,  558.000 ,        0 ,  355.244 ,  378.000 ,    0.000 ,  378.000 ,  379.000 ,   54.244 ,   41.871 ,    0.000 ,    0.946 ,        3 , 	)
 105 	 (   0 ,  323.000 ,  503.000 ,        0 ,  398.482 ,  398.482 ,    0.000 ,  398.482 ,  400.482 ,   28.129 ,   41.871 ,    0.000 ,   17.820 ,        4 , 	)
 137 	 (   0 ,    0.000 , 1440.000 ,        0 ,  420.827 ,  420.827 ,    0.000 ,  420.827 ,  420.827 ,    0.000 , 1019.173 ,    0.000 ,    0.000 ,        5 , 	)

	16 sommets 
	values : ( Cost : 406.005 , TRT : 353.341 , TWT :  28.074 , TD : 544.274 )
	violations : ( VC :       0 , VTW :   0.000 , VTD :   0.000 , VTRT :   0.000 )
	cout global : (   0.000	 )
S(i)	 (   C ,     TW0 ,       TW1 ,       VTW ,       Min ,       A ,       W ,       B ,       D ,       L ,       F ,       E ,       Det ,       [Imp ,       Imp]	)
   0 	 (   0 ,    0.000 , 1440.000 ,        0 ,    0.000 ,  771.284 ,    0.000 ,  771.284 ,  771.284 ,    0.000 ,    0.000 ,  771.284 ,    0.000 ,        0 , 	)
   7 	 (   1 ,  720.000 ,  960.000 ,        0 ,   41.832 ,  813.116 ,    0.000 ,  813.116 ,  814.116 ,    0.000 ,    0.000 ,   93.116 ,    0.000 ,        1 , 	)
  47 	 (   2 ,  780.000 ,  960.000 ,        0 ,  721.000 ,  814.116 ,    0.000 ,  814.116 ,  815.116 ,    0.000 ,    0.000 ,   34.116 ,    0.000 ,        2 , 	)
  43 	 (   3 ,  720.000 ,  960.000 ,        0 ,  781.000 ,  815.116 ,    0.000 ,  815.116 ,  816.116 ,    0.000 ,    0.000 ,   34.116 ,    0.000 ,        3 , 	)
  75 	 (   2 ,  778.000 , 1018.000 ,        0 ,  810.797 ,  844.913 ,    0.000 ,  844.913 ,  845.913 ,   30.797 ,    0.000 ,   34.116 ,   15.298 ,        4 , 	)
  52 	 (   3 ,  720.000 ,  960.000 ,        0 ,  828.779 ,  862.895 ,    0.000 ,  862.895 ,  863.895 ,    0.000 ,    0.000 ,   34.116 ,   17.682 ,        5 , 	)
 115 	 (   2 ,  859.000 , 1039.000 ,        0 ,  862.880 ,  896.995 ,    0.000 ,  896.995 ,  897.995 ,   81.880 ,    0.000 ,   34.116 ,    0.000 ,        6 , 	)
 120 	 (   1 ,  787.000 , 1027.000 ,        0 ,  863.880 ,  897.995 ,    0.000 ,  897.995 ,  898.995 ,   34.101 ,    0.000 ,   34.116 ,    0.000 ,        7 , 	)
  27 	 (   2 ,  720.000 ,  900.000 ,        0 ,  864.880 ,  898.995 ,    0.000 ,  898.995 ,  899.995 ,    0.000 ,    0.000 ,   34.116 ,    0.000 ,        8 , 	)
  16 	 (   6 ,  720.000 ,  960.000 ,        0 ,  901.137 ,  935.253 ,    0.000 ,  935.253 ,  939.253 ,    0.000 ,    0.000 ,   34.116 ,   27.604 ,        9 , 	)
  68 	 (   7 ,  963.000 , 1200.000 ,        0 ,  929.884 ,  964.000 ,    0.000 ,  964.000 ,  965.000 ,    0.000 ,    0.000 ,    1.000 ,    0.000 ,       10 , 	)
  95 	 (   6 ,  785.000 ,  965.000 ,        0 ,  964.000 ,  965.000 ,    0.000 ,  965.000 ,  966.000 ,   65.005 ,    0.000 ,    1.000 ,    0.000 ,       11 , 	)
  84 	 (   2 ,  790.000 , 1030.000 ,        0 ,  982.608 ,  983.608 ,    0.000 ,  983.608 ,  987.608 ,   44.356 ,   29.074 ,    1.000 ,    9.767 ,       12 , 	)
 111 	 (   1 ,  890.000 , 1070.000 ,        0 , 1001.253 , 1002.253 ,    0.000 , 1002.253 , 1003.253 ,  186.137 ,   29.074 ,    1.000 ,   19.395 ,       13 , 	)
 136 	 (   0 , 1067.000 , 1247.000 ,        0 , 1037.926 , 1038.926 ,   28.074 , 1067.000 , 1068.000 ,  102.000 ,    1.000 ,    0.000 ,   44.125 ,       14 , 	)
 137 	 (   0 ,    0.000 , 1440.000 ,        0 , 1124.626 , 1124.626 ,    0.000 , 1124.626 , 1124.626 ,    0.000 ,  315.374 ,    0.000 ,    0.000 ,       15 , 	)

	12 sommets 
	values : ( Cost : 462.791 , TRT : 357.963 , TWT :   0.000 , TD : 234.042 )
	violations : ( VC :       0 , VTW :   0.000 , VTD :   0.000 , VTRT :   0.000 )
	cout global : (   0.000	 )
S(i)	 (   C ,     TW0 ,       TW1 ,       VTW ,       Min ,       A ,       W ,       B ,       D ,       L ,       F ,       E ,       Det ,       [Imp ,       Imp]	)
   0 	 (   0 ,    0.000 , 1440.000 ,        0 ,    0.000 ,  713.111 ,    0.000 ,  713.111 ,  713.111 ,    0.000 ,    5.717 ,  713.111 ,    0.000 ,        0 , 	)
  51 	 (   1 ,  720.000 ,  960.000 ,        0 ,   35.198 ,  748.308 ,    0.000 ,  748.308 ,  749.308 ,    0.000 ,    5.717 ,   28.308 ,   15.213 ,        1 , 	)
 119 	 (   0 ,  767.000 , 1007.000 ,        0 ,  738.692 ,  767.000 ,    0.000 ,  767.000 ,  768.000 ,   17.692 ,    5.717 ,    0.000 ,   23.512 ,        2 , 	)
  32 	 (   1 ,  720.000 ,  960.000 ,        0 ,  838.441 ,  838.441 ,    0.000 ,  838.441 ,  839.441 ,    0.000 ,    5.717 ,    0.000 ,   20.965 ,        3 , 	)
 100 	 (   0 ,  784.000 , 1024.000 ,        0 ,  871.668 ,  871.668 ,    0.000 ,  871.668 ,  872.668 ,   32.228 ,    5.717 ,    0.000 ,    1.371 ,        4 , 	)
  19 	 (   1 ,  720.000 ,  900.000 ,        0 ,  894.283 ,  894.283 ,    0.000 ,  894.283 ,  895.283 ,    0.000 ,    5.717 ,    0.000 ,   16.638 ,        5 , 	)
  57 	 (   2 ,  720.000 ,  960.000 ,        0 ,  909.944 ,  909.944 ,    0.000 ,  909.944 ,  910.944 ,    0.000 ,   21.183 ,    0.000 ,    4.326 ,        6 , 	)
  66 	 (   3 ,  720.000 ,  960.000 ,        0 ,  922.947 ,  922.947 ,    0.000 ,  922.947 ,  923.947 ,    0.000 ,   21.183 ,    0.000 ,   16.592 ,        7 , 	)
 125 	 (   2 ,  775.000 , 1015.000 ,        0 ,  955.949 ,  955.949 ,    0.000 ,  955.949 ,  956.949 ,   45.005 ,   21.183 ,    0.000 ,    3.562 ,        8 , 	)
 134 	 (   1 ,  784.000 , 1024.000 ,        0 ,  960.247 ,  960.247 ,    0.000 ,  960.247 ,  961.247 ,   36.300 ,   21.183 ,    0.000 ,   -1.350 ,        9 , 	)
  87 	 (   0 ,  783.000 , 1023.000 ,        0 ,  998.100 ,  998.100 ,    0.000 ,  998.100 ,  999.100 ,  102.817 ,   21.183 ,    0.000 ,   29.029 ,       10 , 	)
 137 	 (   0 ,    0.000 , 1440.000 ,        0 , 1071.074 , 1071.074 ,    0.000 , 1071.074 , 1071.074 ,    0.000 ,  368.926 ,   -0.000 ,    0.000 ,       11 , 	)

	10 sommets 
	values : ( Cost : 417.385 , TRT : 337.823 , TWT :   0.000 , TD : 216.639 )
	violations : ( VC :       0 , VTW :   0.000 , VTD :   0.000 , VTRT :   0.000 )
	cout global : (   0.000	 )
S(i)	 (   C ,     TW0 ,       TW1 ,       VTW ,       Min ,       A ,       W ,       B ,       D ,       L ,       F ,       E ,       Det ,       [Imp ,       Imp]	)
   0 	 (   0 ,    0.000 , 1440.000 ,        0 ,    0.000 ,  287.596 ,    0.000 ,  287.596 ,  287.596 ,    0.000 ,   31.921 ,  287.596 ,    0.000 ,        0 , 	)
   4 	 (   4 ,  241.000 ,  480.000 ,        0 ,   86.211 ,  373.807 ,    0.000 ,  373.807 ,  377.807 ,    0.000 ,   31.921 ,  132.807 ,   12.522 ,        1 , 	)
   1 	 (   7 ,  240.000 ,  480.000 ,        0 ,  254.693 ,  387.500 ,    0.000 ,  387.500 ,  390.500 ,    0.000 ,   31.921 ,  132.807 ,    6.634 ,        2 , 	)
  72 	 (   3 ,  356.000 ,  536.000 ,        0 ,  296.205 ,  429.012 ,    0.000 ,  429.012 ,  433.012 ,   51.205 ,   31.921 ,   73.012 ,    0.000 ,        3 , 	)
  63 	 (   7 ,  259.000 ,  464.933 ,        0 ,  360.000 ,  433.012 ,    0.000 ,  433.012 ,  437.012 ,    0.000 ,   31.921 ,   73.012 ,    0.000 ,        4 , 	)
 131 	 (   3 ,  304.000 ,  484.000 ,        0 ,  379.067 ,  452.079 ,    0.000 ,  452.079 ,  456.079 ,   15.067 ,   25.933 ,   73.012 ,   20.033 ,        5 , 	)
  69 	 (   0 ,  363.000 ,  603.000 ,        0 ,  434.524 ,  507.536 ,    0.000 ,  507.536 ,  510.536 ,  117.036 ,   44.964 ,   73.012 ,   17.517 ,        6 , 	)
  44 	 (   1 ,  480.000 ,  660.000 ,        0 ,  491.657 ,  564.669 ,    0.000 ,  564.669 ,  565.669 ,    0.000 ,   95.331 ,   73.012 ,   35.165 ,        7 , 	)
 112 	 (   0 ,  599.000 ,  719.000 ,        0 ,  525.988 ,  599.000 ,    0.000 ,  599.000 ,  600.000 ,   33.331 ,   99.669 ,    0.000 ,   21.074 ,        8 , 	)
 137 	 (   0 ,    0.000 , 1440.000 ,        0 ,  625.420 ,  625.420 ,    0.000 ,  625.420 ,  625.420 ,    0.000 ,  814.580 ,    0.000 ,    0.000 ,        9 , 	)

	18 sommets 
	values : ( Cost : 463.145 , TRT : 451.163 , TWT :  48.934 , TD : 462.558 )
	violations : ( VC :       0 , VTW :   0.000 , VTD :   0.000 , VTRT :   0.000 )
	cout global : (   0.000	 )
S(i)	 (   C ,     TW0 ,       TW1 ,       VTW ,       Min ,       A ,       W ,       B ,       D ,       L ,       F ,       E ,       Det ,       [Imp ,       Imp]	)
   0 	 (   0 ,    0.000 , 1440.000 ,        0 ,    0.000 ,  457.993 ,    0.000 ,  457.993 ,  457.993 ,    0.000 ,    0.000 ,  457.993 ,    0.000 ,        0 , 	)
  34 	 (   3 ,  240.000 ,  480.000 ,        0 ,   22.007 ,  480.000 ,    0.000 ,  480.000 ,  483.000 ,    0.000 ,    0.000 ,  240.000 ,    0.939 ,        1 , 	)
 102 	 (   0 ,  384.000 ,  564.000 ,        0 ,  284.879 ,  524.879 ,    0.000 ,  524.879 ,  527.879 ,   41.879 ,   39.121 ,  140.879 ,    0.000 ,        2 , 	)
  46 	 (   4 ,  480.000 ,  720.000 ,        0 ,  387.000 ,  527.879 ,   48.934 ,  576.813 ,  580.813 ,    0.000 ,    3.330 ,   96.813 ,    0.000 ,        3 , 	)
 114 	 (   0 ,  587.000 ,  827.000 ,        0 ,  536.177 ,  632.990 ,    0.000 ,  632.990 ,  636.990 ,   52.177 ,    3.330 ,   45.990 ,    0.000 ,        4 , 	)
  17 	 (   4 ,  480.000 ,  720.000 ,        0 ,  591.000 ,  636.990 ,    0.000 ,  636.990 ,  640.990 ,    0.000 ,    3.330 ,   45.990 ,    0.000 ,        5 , 	)
  48 	 (   6 ,  660.000 ,  720.000 ,        0 ,  614.010 ,  660.000 ,    0.000 ,  660.000 ,  662.000 ,    0.000 ,    3.330 ,    0.000 ,    0.510 ,        6 , 	)
  85 	 (   2 ,  542.000 ,  782.000 ,        0 ,  672.962 ,  672.962 ,    0.000 ,  672.962 ,  676.962 ,   31.971 ,    3.196 ,    0.000 ,   -0.043 ,        7 , 	)
   3 	 (   6 ,  480.000 ,  720.000 ,        0 ,  681.381 ,  681.381 ,    0.000 ,  681.381 ,  685.381 ,    0.000 ,    3.196 ,    0.000 ,    1.059 ,        8 , 	)
  11 	 (   8 ,  480.000 ,  720.000 ,        0 ,  706.374 ,  706.374 ,    0.000 ,  706.374 ,  708.374 ,    0.000 ,    3.196 ,    0.000 ,   27.810 ,        9 , 	)
 116 	 (   6 ,  688.350 ,  793.000 ,        0 ,  729.804 ,  729.804 ,    0.000 ,  729.804 ,  731.804 ,   67.804 ,    3.196 ,    0.000 ,    4.527 ,       10 , 	)
  79 	 (   4 ,  545.000 ,  785.000 ,        0 ,  746.653 ,  746.653 ,    0.000 ,  746.653 ,  748.653 ,   38.278 ,    3.330 ,    0.000 ,    0.753 ,       11 , 	)
  12 	 (   8 ,  720.000 ,  780.000 ,        0 ,  774.342 ,  774.342 ,    0.000 ,  774.342 ,  778.342 ,    0.000 ,    3.330 ,    0.000 ,    6.913 ,       12 , 	)
  71 	 (   4 ,  609.000 ,  789.000 ,        0 ,  785.670 ,  785.670 ,    0.000 ,  785.670 ,  789.670 ,  100.289 ,    3.330 ,    0.000 ,    0.424 ,       13 , 	)
  58 	 (   8 ,  720.000 ,  960.000 ,        0 ,  798.631 ,  798.631 ,    0.000 ,  798.631 ,  802.631 ,    0.000 ,   39.021 ,    0.000 ,   17.471 ,       14 , 	)
  80 	 (   4 ,  740.341 ,  871.000 ,        0 ,  826.321 ,  826.321 ,    0.000 ,  826.321 ,  830.321 ,   47.979 ,   39.021 ,    0.000 ,   25.354 ,       15 , 	)
 126 	 (   0 ,  859.000 , 1039.000 ,        0 ,  884.811 ,  884.811 ,    0.000 ,  884.811 ,  888.811 ,   82.180 ,   58.820 ,    0.000 ,   17.820 ,       16 , 	)
 137 	 (   0 ,    0.000 , 1440.000 ,        0 ,  909.156 ,  909.156 ,    0.000 ,  909.156 ,  909.156 ,    0.000 ,  530.844 ,    0.000 ,    0.000 ,       17 , 	)

	18 sommets 
	values : ( Cost : 511.233 , TRT : 437.487 , TWT :  19.102 , TD : 426.722 )
	violations : ( VC :       0 , VTW :   0.000 , VTD :   0.000 , VTRT :   0.000 )
	cout global : (   0.000	 )
S(i)	 (   C ,     TW0 ,       TW1 ,       VTW ,       Min ,       A ,       W ,       B ,       D ,       L ,       F ,       E ,       Det ,       [Imp ,       Imp]	)
   0 	 (   0 ,    0.000 , 1440.000 ,        0 ,    0.000 ,  827.632 ,    0.000 ,  827.632 ,  827.632 ,    0.000 ,    0.000 ,  827.632 ,    0.000 ,        0 , 	)
  59 	 (   2 ,  720.000 ,  900.000 ,        0 ,   38.209 ,  865.841 ,    0.000 ,  865.841 ,  867.841 ,    0.000 ,    0.000 ,  145.841 ,   25.079 ,        1 , 	)
  38 	 (   5 ,  747.000 ,  945.659 ,        0 ,  750.418 ,  896.259 ,    0.000 ,  896.259 ,  899.259 ,    0.000 ,    0.000 ,  145.841 ,    0.000 ,        2 , 	)
 127 	 (   3 ,  750.418 ,  978.000 ,        0 ,  753.418 ,  899.259 ,    0.000 ,  899.259 ,  901.259 ,   31.418 ,    0.000 ,  145.841 ,    0.000 ,        3 , 	)
  18 	 (   6 ,  720.000 ,  960.000 ,        0 ,  772.186 ,  918.027 ,    0.000 ,  918.027 ,  921.027 ,    0.000 ,    0.000 ,  145.841 ,    0.067 ,        4 , 	)
 106 	 (   3 ,  876.000 ,  996.000 ,        0 ,  805.826 ,  951.666 ,    0.000 ,  951.666 ,  954.666 ,   52.408 ,    0.000 ,   75.666 ,    3.529 ,        5 , 	)
  36 	 (   5 ,  780.000 ,  960.000 ,        0 ,  884.334 ,  960.000 ,    0.000 ,  960.000 ,  962.000 ,    0.000 ,   -0.000 ,   75.666 ,   -3.889 ,        6 , 	)
 104 	 (   3 ,  832.000 , 1072.000 ,        0 ,  916.483 ,  992.150 ,    0.000 ,  992.150 ,  994.150 ,   30.150 ,   79.850 ,   75.666 ,   11.185 ,        7 , 	)
  62 	 (   7 , 1020.000 , 1200.000 ,        0 ,  925.232 , 1000.898 ,   19.102 , 1020.000 , 1024.000 ,    0.000 ,   68.583 ,    0.000 ,   12.768 ,        8 , 	)
  86 	 (   4 ,  935.000 , 1175.000 ,        0 , 1034.526 , 1034.526 ,    0.000 , 1034.526 , 1037.526 ,  113.499 ,    8.283 ,   -0.000 ,    6.433 ,        9 , 	)
 130 	 (   0 , 1034.283 , 1232.000 ,        0 , 1043.717 , 1043.717 ,    0.000 , 1043.717 , 1047.717 ,   19.717 ,    8.283 ,   -0.000 ,    5.947 ,       10 , 	)
  39 	 (   1 ,  960.000 , 1200.000 ,        0 , 1055.140 , 1055.140 ,    0.000 , 1055.140 , 1056.140 ,    0.000 ,   68.583 ,   -0.000 ,    2.456 ,       11 , 	)
 107 	 (   0 , 1069.000 , 1309.000 ,        0 , 1114.449 , 1114.449 ,    0.000 , 1114.449 , 1115.449 ,   58.309 ,   68.583 ,   -0.000 ,    3.268 ,       12 , 	)
  31 	 (   1 , 1020.000 , 1200.000 ,        0 , 1130.417 , 1130.417 ,    0.000 , 1130.417 , 1131.417 ,    0.000 ,   68.583 ,   -0.000 ,    0.000 ,       13 , 	)
  61 	 (   2 ,  960.000 , 1200.000 ,        0 , 1131.417 , 1131.417 ,    0.000 , 1131.417 , 1132.417 ,    0.000 ,   68.583 ,   -0.000 ,    0.000 ,       14 , 	)
  99 	 (   1 , 1075.000 , 1315.000 ,        0 , 1174.798 , 1174.798 ,    0.000 , 1174.798 , 1175.798 ,   43.380 ,   58.159 ,   -0.000 ,   25.773 ,       15 , 	)
 129 	 (   0 , 1062.000 , 1302.000 ,        0 , 1210.259 , 1210.259 ,    0.000 , 1210.259 , 1211.259 ,   77.841 ,   58.159 ,   -0.000 ,    2.177 ,       16 , 	)
 137 	 (   0 ,    0.000 , 1440.000 ,        0 , 1265.119 , 1265.119 ,    0.000 , 1265.119 , 1265.119 ,    0.000 ,  174.881 ,   -0.000 ,    0.000 ,       17 , 	)
