10
	VALUE ALL : ( Cost : 4164.120 , TRT : 3685.872 , TWT : 208.955 , TD : 5363.840 )
	VIOLATIONS TOTAL : ( VC :       0 , VTW :   0.000 , VTD :   0.000 , VTRT :   0.000 )
 	COUT_ALL : (   0.003 )  T2B:   22201

	24 sommets 
	values : ( Cost : 484.514 , TRT : 472.231 , TWT :  65.935 , TD : 825.053 )
	violations : ( VC :       0 , VTW :   0.000 , VTD :   0.000 , VTRT :   0.000 )
	cout global : (   0.000	 )
S(i)	 (   C ,     TW0 ,       TW1 ,       VTW ,       Min ,       A ,       W ,       B ,       D ,       L ,       F ,       E ,       Det ,       [Imp ,       Imp]	)
   0 	 (   0 ,    0.000 , 1440.000 ,        0 ,    0.000 ,  382.551 ,    0.000 ,  382.551 ,  382.551 ,    0.000 ,    0.000 ,  382.551 ,    0.000 ,        0 , 	)
  17 	 (   1 ,  240.000 ,  420.000 ,        0 ,   27.523 ,  410.074 ,    0.000 ,  410.074 ,  411.074 ,    0.000 ,    0.000 ,  170.074 ,    2.327 ,        1 , 	)
  55 	 (   2 ,  360.000 ,  480.000 ,        0 ,  260.838 ,  430.911 ,    0.000 ,  430.911 ,  431.911 ,    0.000 ,    0.000 ,   70.911 ,    0.648 ,        2 , 	)
  43 	 (   3 ,  300.000 ,  480.000 ,        0 ,  369.995 ,  440.906 ,    0.000 ,  440.906 ,  441.906 ,    0.000 ,    0.000 ,   70.911 ,    7.341 ,        3 , 	)
  33 	 (   7 ,  240.000 ,  480.000 ,        0 ,  394.847 ,  465.759 ,    0.000 ,  465.759 ,  469.759 ,    0.000 ,    0.000 ,   70.911 ,   -3.143 ,        4 , 	)
 123 	 (   6 ,  412.000 ,  652.000 ,        0 ,  414.359 ,  485.270 ,    0.000 ,  485.270 ,  486.270 ,   43.364 ,    0.000 ,   70.911 ,   -2.649 ,        5 , 	)
  97 	 (   5 ,  338.000 ,  518.000 ,        0 ,  423.232 ,  494.143 ,    0.000 ,  494.143 ,  495.143 ,   83.069 ,    0.000 ,   70.911 ,    1.453 ,        6 , 	)
 113 	 (   1 ,  382.000 ,  562.000 ,        0 ,  437.714 ,  508.625 ,    0.000 ,  508.625 ,  512.625 ,   38.866 ,    0.000 ,   70.911 ,    0.000 ,        7 , 	)
  15 	 (   3 ,  480.000 ,  660.000 ,        0 ,  441.714 ,  512.625 ,    0.000 ,  512.625 ,  514.625 ,    0.000 ,    0.000 ,   32.625 ,    0.000 ,        8 , 	)
 135 	 (   2 ,  465.000 ,  585.000 ,        0 ,  492.479 ,  525.104 ,    0.000 ,  525.104 ,  526.104 ,   93.192 ,    0.000 ,   32.625 ,    3.306 ,        9 , 	)
   7 	 (   6 ,  483.000 ,  720.000 ,        0 ,  507.794 ,  540.419 ,    0.000 ,  540.419 ,  544.419 ,    0.000 ,    0.000 ,   32.625 ,    6.465 ,       10 , 	)
  95 	 (   4 ,  512.000 ,  752.000 ,        0 ,  520.058 ,  552.683 ,    0.000 ,  552.683 ,  554.683 ,   38.058 ,    0.000 ,   32.625 ,    6.461 ,       11 , 	)
  87 	 (   0 ,  592.000 ,  772.000 ,        0 ,  559.703 ,  592.328 ,    0.000 ,  592.328 ,  596.328 ,   47.909 ,    0.000 ,    0.328 ,    5.335 ,       12 , 	)
  41 	 (   1 ,  480.000 ,  660.000 ,        0 ,  610.686 ,  611.014 ,    0.000 ,  611.014 ,  612.014 ,    0.000 ,    0.000 ,    0.328 ,    1.307 ,       13 , 	)
  50 	 (   5 ,  480.000 ,  720.000 ,        0 ,  634.352 ,  634.680 ,    0.000 ,  634.680 ,  638.680 ,    0.000 ,    0.000 ,    0.328 ,    0.000 ,       14 , 	)
  18 	 (   6 ,  600.000 ,  660.000 ,        0 ,  638.352 ,  638.680 ,    0.000 ,  638.680 ,  639.680 ,    0.000 ,    0.000 ,    0.328 ,    0.000 ,       15 , 	)
  98 	 (   5 ,  641.723 ,  824.000 ,        0 ,  680.075 ,  680.403 ,    0.000 ,  680.403 ,  681.403 ,   40.723 ,    0.000 ,    0.328 ,    0.000 ,       16 , 	)
  39 	 (   6 ,  521.000 ,  686.674 ,        0 ,  686.346 ,  686.674 ,    0.000 ,  686.674 ,  687.674 ,    0.000 ,    0.000 ,    0.328 ,   -1.405 ,       17 , 	)
 119 	 (   5 ,  595.000 ,  715.000 ,        0 ,  714.672 ,  715.000 ,    0.000 ,  715.000 ,  716.000 ,   27.326 ,    0.000 ,    0.328 ,    0.000 ,       18 , 	)
  58 	 (   6 ,  725.000 ,  960.000 ,        0 ,  715.672 ,  716.000 ,   59.047 ,  775.047 ,  776.047 ,    0.000 ,    0.000 ,   50.047 ,    0.000 ,       19 , 	)
 121 	 (   5 ,  606.000 ,  786.000 ,        0 ,  729.968 ,  780.014 ,    0.000 ,  780.014 ,  781.014 ,  168.000 ,    0.000 ,   50.047 ,    2.732 ,       20 , 	)
 138 	 (   4 ,  823.000 , 1003.000 ,        0 ,  766.065 ,  816.112 ,    6.888 ,  823.000 ,  824.000 ,   46.953 ,   15.409 ,    0.000 ,   -0.504 ,       21 , 	)
 130 	 (   0 ,  673.000 ,  853.000 ,        0 ,  836.271 ,  836.271 ,    0.000 ,  836.271 ,  840.271 ,  197.591 ,   15.409 ,    0.000 ,    1.980 ,       22 , 	)
 161 	 (   0 ,    0.000 , 1440.000 ,        0 ,  854.782 ,  854.782 ,    0.000 ,  854.782 ,  854.782 ,    0.000 ,  585.218 ,    0.000 ,    0.000 ,       23 , 	)

	12 sommets 
	values : ( Cost : 270.390 , TRT : 227.301 , TWT :   0.000 , TD : 253.174 )
	violations : ( VC :       0 , VTW :   0.000 , VTD :   0.000 , VTRT :   0.000 )
	cout global : (   0.000	 )
S(i)	 (   C ,     TW0 ,       TW1 ,       VTW ,       Min ,       A ,       W ,       B ,       D ,       L ,       F ,       E ,       Det ,       [Imp ,       Imp]	)
   0 	 (   0 ,    0.000 , 1440.000 ,        0 ,    0.000 ,  251.956 ,    0.000 ,  251.956 ,  251.956 ,    0.000 ,   35.020 ,  251.956 ,    0.000 ,        0 , 	)
  30 	 (   2 ,  240.000 ,  480.000 ,        0 ,   19.194 ,  271.150 ,    0.000 ,  271.150 ,  273.150 ,    0.000 ,   35.020 ,   31.150 ,    6.073 ,        1 , 	)
 110 	 (   0 ,  305.000 ,  545.000 ,        0 ,  273.850 ,  305.000 ,    0.000 ,  305.000 ,  307.000 ,   31.850 ,   35.020 ,    0.000 ,  -13.493 ,        2 , 	)
  32 	 (   4 ,  300.000 ,  360.000 ,        0 ,  324.980 ,  324.980 ,    0.000 ,  324.980 ,  328.980 ,    0.000 ,   35.020 ,    0.000 ,   18.123 ,        3 , 	)
  42 	 (   5 ,  293.000 ,  443.634 ,        0 ,  345.163 ,  345.163 ,    0.000 ,  345.163 ,  346.163 ,    0.000 ,   37.798 ,    0.000 ,    4.575 ,        4 , 	)
 112 	 (   1 ,  329.626 ,  433.000 ,        0 ,  360.182 ,  360.182 ,    0.000 ,  360.182 ,  364.182 ,   31.202 ,   37.798 ,    0.000 ,   23.146 ,        5 , 	)
   6 	 (   5 ,  300.000 ,  480.000 ,        0 ,  396.182 ,  396.182 ,    0.000 ,  396.182 ,  400.182 ,    0.000 ,   41.196 ,    0.000 ,   -5.717 ,        6 , 	)
  37 	 (   6 ,  300.000 ,  480.000 ,        0 ,  409.762 ,  409.762 ,    0.000 ,  409.762 ,  410.762 ,    0.000 ,   41.196 ,    0.000 ,    1.321 ,        7 , 	)
  86 	 (   2 ,  337.000 ,  569.000 ,        0 ,  434.401 ,  434.401 ,    0.000 ,  434.401 ,  438.401 ,   34.219 ,   27.899 ,    0.000 ,    1.801 ,        8 , 	)
 122 	 (   1 ,  439.000 ,  499.000 ,        0 ,  449.967 ,  449.967 ,    0.000 ,  449.967 ,  450.967 ,  103.804 ,   27.899 ,    0.000 ,    7.556 ,        9 , 	)
 117 	 (   0 ,  366.000 ,  546.000 ,        0 ,  462.863 ,  462.863 ,    0.000 ,  462.863 ,  463.863 ,   52.101 ,   27.899 ,    0.000 ,    0.744 ,       10 , 	)
 161 	 (   0 ,    0.000 , 1440.000 ,        0 ,  479.257 ,  479.257 ,    0.000 ,  479.257 ,  479.257 ,    0.000 ,  960.743 ,    0.000 ,    0.000 ,       11 , 	)

	18 sommets 
	values : ( Cost : 439.142 , TRT : 450.054 , TWT :  77.872 , TD : 530.871 )
	violations : ( VC :       0 , VTW :   0.000 , VTD :   0.000 , VTRT :   0.000 )
	cout global : (   0.000	 )
S(i)	 (   C ,     TW0 ,       TW1 ,       VTW ,       Min ,       A ,       W ,       B ,       D ,       L ,       F ,       E ,       Det ,       [Imp ,       Imp]	)
   0 	 (   0 ,    0.000 , 1440.000 ,        0 ,    0.000 ,  540.358 ,    0.000 ,  540.358 ,  540.358 ,    0.000 ,    0.000 ,  540.358 ,    0.000 ,        0 , 	)
  67 	 (   2 ,  498.000 ,  705.084 ,        0 ,   27.271 ,  567.629 ,    0.000 ,  567.629 ,  569.629 ,    0.000 ,    0.000 ,   69.629 ,    1.008 ,        1 , 	)
  60 	 (   5 ,  480.000 ,  720.000 ,        0 ,  505.329 ,  574.958 ,    0.000 ,  574.958 ,  577.958 ,    0.000 ,    0.000 ,   69.629 ,    2.363 ,        2 , 	)
 147 	 (   3 ,  543.000 ,  723.000 ,        0 ,  521.279 ,  590.908 ,    0.000 ,  590.908 ,  592.908 ,   21.279 ,    0.000 ,   47.908 ,    1.609 ,        3 , 	)
  66 	 (   7 ,  515.000 ,  694.298 ,        0 ,  560.393 ,  608.301 ,    0.000 ,  608.301 ,  612.301 ,    0.000 ,    0.000 ,   47.908 ,   10.702 ,        4 , 	)
  14 	 (   8 ,  553.000 ,  651.788 ,        0 ,  589.553 ,  637.462 ,    0.000 ,  637.462 ,  638.462 ,    0.000 ,    0.000 ,   47.908 ,    6.702 ,        5 , 	)
 146 	 (   4 ,  614.000 ,  734.000 ,        0 ,  607.797 ,  655.705 ,    0.000 ,  655.705 ,  659.705 ,   43.404 ,    0.000 ,   41.705 ,   10.326 ,        6 , 	)
  94 	 (   3 ,  616.000 ,  676.000 ,        0 ,  634.295 ,  676.000 ,    0.000 ,  676.000 ,  677.000 ,   37.538 ,   -0.000 ,   41.705 ,    6.026 ,        7 , 	)
  80 	 (   7 ,  731.000 ,  956.573 ,        0 ,  640.595 ,  682.301 ,   77.872 ,  760.173 ,  764.173 ,    0.000 ,   38.245 ,   29.173 ,    3.389 ,        8 , 	)
  45 	 (   8 ,  728.000 ,  960.000 ,        0 ,  747.605 ,  776.778 ,    0.000 ,  776.778 ,  777.778 ,    0.000 ,    5.558 ,   29.173 ,    7.390 ,        9 , 	)
 140 	 (   5 ,  646.000 ,  886.000 ,        0 ,  756.540 ,  785.713 ,    0.000 ,  785.713 ,  788.713 ,  207.755 ,    5.558 ,   29.173 ,    0.381 ,       10 , 	)
 125 	 (   4 ,  812.000 ,  992.000 ,        0 ,  782.827 ,  812.000 ,    0.000 ,  812.000 ,  813.000 ,   34.222 ,    5.558 ,    0.000 ,   15.071 ,       11 , 	)
 160 	 (   0 ,  808.000 ,  988.000 ,        0 ,  831.615 ,  831.615 ,    0.000 ,  831.615 ,  835.615 ,   67.442 ,    5.558 ,    0.000 ,   -2.398 ,       12 , 	)
  11 	 (   3 ,  720.000 ,  960.000 ,        0 ,  858.574 ,  858.574 ,    0.000 ,  858.574 ,  861.574 ,    0.000 ,   47.452 ,    0.000 ,  -14.019 ,       13 , 	)
  59 	 (   6 ,  767.000 ,  931.968 ,        0 ,  873.329 ,  873.329 ,    0.000 ,  873.329 ,  876.329 ,    0.000 ,   28.989 ,    0.000 ,   14.353 ,       14 , 	)
  91 	 (   3 ,  777.000 , 1017.000 ,        0 ,  906.585 ,  906.585 ,    0.000 ,  906.585 ,  909.585 ,   45.011 ,   28.989 ,    0.000 ,    8.187 ,       15 , 	)
 139 	 (   0 ,  938.000 ,  998.000 ,        0 ,  950.548 ,  950.548 ,    0.000 ,  950.548 ,  953.548 ,   74.220 ,   47.452 ,    0.000 ,   26.008 ,       16 , 	)
 161 	 (   0 ,    0.000 , 1440.000 ,        0 ,  990.412 ,  990.412 ,    0.000 ,  990.412 ,  990.412 ,    0.000 ,  449.588 ,    0.000 ,    0.000 ,       17 , 	)

	22 sommets 
	values : ( Cost : 514.459 , TRT : 461.759 , TWT :  34.948 , TD : 831.496 )
	violations : ( VC :       0 , VTW :   0.000 , VTD :   0.000 , VTRT :   0.000 )
	cout global : (   0.000	 )
S(i)	 (   C ,     TW0 ,       TW1 ,       VTW ,       Min ,       A ,       W ,       B ,       D ,       L ,       F ,       E ,       Det ,       [Imp ,       Imp]	)
   0 	 (   0 ,    0.000 , 1440.000 ,        0 ,    0.000 ,  260.978 ,    0.000 ,  260.978 ,  260.978 ,    0.000 ,    0.000 ,  260.978 ,    0.000 ,        0 , 	)
   5 	 (   1 ,  307.000 ,  480.000 ,        0 ,   56.258 ,  317.236 ,    0.000 ,  317.236 ,  318.236 ,    0.000 ,    0.000 ,   10.236 ,   12.997 ,        1 , 	)
  61 	 (   2 ,  240.000 ,  480.000 ,        0 ,  329.444 ,  339.680 ,    0.000 ,  339.680 ,  340.680 ,    0.000 ,    0.000 ,   10.236 ,    0.000 ,        2 , 	)
  23 	 (   3 ,  240.000 ,  480.000 ,        0 ,  330.444 ,  340.680 ,    0.000 ,  340.680 ,  341.680 ,    0.000 ,    0.000 ,   10.236 ,    0.000 ,        3 , 	)
  22 	 (   5 ,  240.000 ,  360.000 ,        0 ,  349.764 ,  360.000 ,    0.000 ,  360.000 ,  362.000 ,    0.000 ,    0.000 ,   10.236 ,   13.525 ,        4 , 	)
  38 	 (   6 ,  360.000 ,  480.000 ,        0 ,  358.322 ,  368.558 ,    4.948 ,  373.506 ,  374.506 ,    0.000 ,    0.000 ,   13.506 ,    7.877 ,        5 , 	)
 102 	 (   4 ,  280.350 ,  465.000 ,        0 ,  400.669 ,  414.175 ,    0.000 ,  414.175 ,  416.175 ,   52.175 ,    0.000 ,   13.506 ,   15.055 ,        6 , 	)
 103 	 (   3 ,  344.000 ,  584.000 ,        0 ,  413.712 ,  427.218 ,    0.000 ,  427.218 ,  428.218 ,   85.538 ,    0.000 ,   13.506 ,    1.047 ,        7 , 	)
 118 	 (   2 ,  394.000 ,  566.000 ,        0 ,  427.138 ,  440.644 ,    0.000 ,  440.644 ,  441.644 ,   66.138 ,    0.000 ,   13.506 ,   -2.577 ,        8 , 	)
 141 	 (   1 ,  367.000 ,  547.000 ,        0 ,  439.938 ,  453.444 ,    0.000 ,  453.444 ,  454.444 ,  112.764 ,    0.000 ,   13.506 ,   -1.647 ,        9 , 	)
  12 	 (   5 ,  300.000 ,  480.000 ,        0 ,  466.494 ,  480.000 ,    0.000 ,  480.000 ,  484.000 ,    0.000 ,    0.000 ,   13.506 ,    0.000 ,       10 , 	)
  52 	 (   7 ,  480.000 ,  720.000 ,        0 ,  470.494 ,  484.000 ,   30.000 ,  514.000 ,  516.000 ,    0.000 ,    4.849 ,   34.000 ,    0.000 ,       11 , 	)
  85 	 (   6 ,  516.000 ,  576.000 ,        0 ,  482.000 ,  516.000 ,    0.000 ,  516.000 ,  517.000 ,  197.764 ,    4.849 ,    0.000 ,    0.000 ,       12 , 	)
  92 	 (   2 ,  330.532 ,  555.000 ,        0 ,  543.532 ,  543.532 ,    0.000 ,  543.532 ,  547.532 ,   59.532 ,    4.849 ,    0.000 ,   13.165 ,       13 , 	)
 132 	 (   0 ,  531.000 ,  771.000 ,        0 ,  559.037 ,  559.037 ,    0.000 ,  559.037 ,  561.037 ,   43.037 ,    4.849 ,    0.000 ,    8.054 ,       14 , 	)
  65 	 (   3 ,  480.000 ,  720.000 ,        0 ,  582.550 ,  582.550 ,    0.000 ,  582.550 ,  585.550 ,    0.000 ,    4.849 ,    0.000 ,   18.737 ,       15 , 	)
  69 	 (   4 ,  480.000 ,  600.000 ,        0 ,  595.151 ,  595.151 ,    0.000 ,  595.151 ,  596.151 ,    0.000 ,    4.849 ,    0.000 ,  -10.415 ,       16 , 	)
  73 	 (   8 ,  480.000 ,  720.000 ,        0 ,  603.612 ,  603.612 ,    0.000 ,  603.612 ,  607.612 ,    0.000 ,   28.577 ,    0.000 ,   12.436 ,       17 , 	)
 149 	 (   7 ,  507.758 ,  673.000 ,        0 ,  639.345 ,  639.345 ,    0.000 ,  639.345 ,  640.345 ,   43.194 ,   28.577 ,    0.000 ,   27.528 ,       18 , 	)
 145 	 (   4 ,  563.000 ,  803.000 ,        0 ,  664.973 ,  664.973 ,    0.000 ,  664.973 ,  667.973 ,   79.423 ,   28.577 ,    0.000 ,    7.394 ,       19 , 	)
 153 	 (   0 ,  632.000 ,  812.000 ,        0 ,  699.544 ,  699.544 ,    0.000 ,  699.544 ,  703.544 ,   91.932 ,   67.068 ,    0.000 ,    6.073 ,       20 , 	)
 161 	 (   0 ,    0.000 , 1440.000 ,        0 ,  722.738 ,  722.738 ,    0.000 ,  722.738 ,  722.738 ,    0.000 ,  717.262 ,    0.000 ,    0.000 ,       21 , 	)

	22 sommets 
	values : ( Cost : 474.961 , TRT : 403.341 , TWT :   0.228 , TD : 607.101 )
	violations : ( VC :       0 , VTW :   0.000 , VTD :   0.000 , VTRT :   0.000 )
	cout global : (   0.000	 )
S(i)	 (   C ,     TW0 ,       TW1 ,       VTW ,       Min ,       A ,       W ,       B ,       D ,       L ,       F ,       E ,       Det ,       [Imp ,       Imp]	)
   0 	 (   0 ,    0.000 , 1440.000 ,        0 ,    0.000 ,  533.722 ,    0.000 ,  533.722 ,  533.722 ,    0.000 ,    0.000 ,  533.722 ,    0.000 ,        0 , 	)
  54 	 (   1 ,  499.000 ,  707.413 ,        0 ,   24.802 ,  558.523 ,    0.000 ,  558.523 ,  559.523 ,    0.000 ,    0.000 ,   59.523 ,   16.472 ,        1 , 	)
 134 	 (   0 ,  556.000 ,  736.000 ,        0 ,  527.587 ,  587.111 ,    0.000 ,  587.111 ,  588.111 ,   27.587 ,    0.000 ,   31.111 ,    2.177 ,        2 , 	)
  79 	 (   4 ,  540.000 ,  720.000 ,        0 ,  568.248 ,  599.359 ,    0.000 ,  599.359 ,  603.359 ,    0.000 ,    0.000 ,   31.111 ,    2.494 ,        3 , 	)
  51 	 (   5 ,  540.000 ,  660.000 ,        0 ,  597.269 ,  628.380 ,    0.000 ,  628.380 ,  629.380 ,    0.000 ,    0.000 ,   31.111 ,  -10.419 ,        4 , 	)
  70 	 (   6 ,  480.000 ,  720.000 ,        0 ,  620.753 ,  651.864 ,    0.000 ,  651.864 ,  652.864 ,    0.000 ,    0.000 ,   31.111 ,   22.674 ,        5 , 	)
 159 	 (   2 ,  661.000 ,  781.000 ,        0 ,  649.196 ,  680.307 ,    0.000 ,  680.307 ,  684.307 ,   76.948 ,    0.000 ,   19.307 ,  -11.151 ,        6 , 	)
 131 	 (   1 ,  582.719 ,  772.000 ,        0 ,  682.142 ,  701.449 ,    0.000 ,  701.449 ,  702.449 ,   72.069 ,    0.000 ,   19.307 ,   14.374 ,        7 , 	)
   4 	 (   5 ,  480.000 ,  720.000 ,        0 ,  699.204 ,  718.511 ,    0.000 ,  718.511 ,  722.511 ,    0.000 ,    0.000 ,   19.307 ,    4.405 ,        8 , 	)
  16 	 (   8 ,  720.000 ,  960.000 ,        0 ,  710.567 ,  729.874 ,    0.000 ,  729.874 ,  732.874 ,    0.000 ,    0.000 ,    9.874 ,    5.468 ,        9 , 	)
 150 	 (   7 ,  571.000 ,  811.000 ,        0 ,  731.441 ,  741.315 ,    0.000 ,  741.315 ,  742.315 ,   88.451 ,    0.000 ,    9.874 ,    3.783 ,       10 , 	)
  84 	 (   3 ,  530.000 ,  770.000 ,        0 ,  760.126 ,  770.000 ,    0.000 ,  770.000 ,  774.000 ,   47.489 ,   -0.000 ,    9.874 ,   -0.168 ,       11 , 	)
  76 	 (   4 ,  720.000 ,  900.000 ,        0 ,  775.632 ,  785.505 ,    0.228 ,  785.733 ,  786.733 ,    0.000 ,   26.628 ,   10.101 ,    4.898 ,       12 , 	)
  96 	 (   1 ,  798.000 , 1038.000 ,        0 ,  787.899 ,  798.000 ,    0.000 ,  798.000 ,  801.000 ,   65.126 ,   26.628 ,    0.000 ,   10.025 ,       13 , 	)
  26 	 (   4 ,  720.000 ,  960.000 ,        0 ,  813.819 ,  813.819 ,    0.000 ,  813.819 ,  816.819 ,    0.000 ,   26.628 ,    0.000 ,   -1.623 ,       14 , 	)
  21 	 (   8 ,  721.000 ,  960.000 ,        0 ,  836.002 ,  836.002 ,    0.000 ,  836.002 ,  840.002 ,    0.000 ,   26.628 ,    0.000 ,    3.214 ,       15 , 	)
 156 	 (   7 ,  824.000 , 1064.000 ,        0 ,  860.009 ,  860.009 ,    0.000 ,  860.009 ,  861.009 ,   73.276 ,   26.628 ,    0.000 ,    4.880 ,       16 , 	)
  24 	 (   8 ,  720.000 ,  900.000 ,        0 ,  873.372 ,  873.372 ,    0.000 ,  873.372 ,  874.372 ,    0.000 ,   26.628 ,    0.000 ,    0.000 ,       17 , 	)
 106 	 (   5 ,  810.000 , 1050.000 ,        0 ,  874.372 ,  874.372 ,    0.000 ,  874.372 ,  877.372 ,   57.553 ,   25.950 ,    0.000 ,    0.000 ,       18 , 	)
 104 	 (   4 ,  738.050 ,  947.000 ,        0 ,  894.422 ,  894.422 ,    0.000 ,  894.422 ,  895.422 ,   20.050 ,   25.950 ,    0.000 ,   13.938 ,       19 , 	)
 101 	 (   0 ,  837.000 , 1017.000 ,        0 ,  918.552 ,  918.552 ,    0.000 ,  918.552 ,  922.552 ,   78.550 ,   33.450 ,    0.000 ,    3.847 ,       20 , 	)
 161 	 (   0 ,    0.000 , 1440.000 ,        0 ,  937.063 ,  937.063 ,    0.000 ,  937.063 ,  937.063 ,    0.000 ,  502.937 ,    0.000 ,    0.000 ,       21 , 	)

	20 sommets 
	values : ( Cost : 493.322 , TRT : 401.653 , TWT :   0.735 , TD : 603.798 )
	violations : ( VC :       0 , VTW :   0.000 , VTD :   0.000 , VTRT :   0.000 )
	cout global : (   0.000	 )
S(i)	 (   C ,     TW0 ,       TW1 ,       VTW ,       Min ,       A ,       W ,       B ,       D ,       L ,       F ,       E ,       Det ,       [Imp ,       Imp]	)
   0 	 (   0 ,    0.000 , 1440.000 ,        0 ,    0.000 ,  791.571 ,    0.000 ,  791.571 ,  791.571 ,    0.000 ,    0.000 ,  791.571 ,    0.000 ,        0 , 	)
  29 	 (   4 ,  720.000 ,  900.000 ,        0 ,   36.864 ,  828.435 ,    0.000 ,  828.435 ,  832.435 ,    0.000 ,    0.000 ,  108.435 ,   25.602 ,        1 , 	)
   3 	 (   5 ,  720.000 ,  960.000 ,        0 ,  739.285 ,  847.720 ,    0.000 ,  847.720 ,  848.720 ,    0.000 ,    0.000 ,  108.435 ,    1.956 ,        2 , 	)
  56 	 (   6 ,  840.000 ,  960.000 ,        0 ,  746.666 ,  855.101 ,    0.000 ,  855.101 ,  856.101 ,    0.000 ,    0.000 ,   15.101 ,    0.474 ,        3 , 	)
 109 	 (   2 ,  802.000 ,  982.000 ,        0 ,  863.411 ,  878.511 ,    0.000 ,  878.511 ,  882.511 ,   46.077 ,    0.000 ,   15.101 ,    7.898 ,        4 , 	)
  19 	 (   3 ,  780.000 ,  960.000 ,        0 ,  885.479 ,  900.580 ,    0.000 ,  900.580 ,  901.580 ,    0.000 ,    0.000 ,   15.101 ,    3.062 ,        5 , 	)
  99 	 (   2 ,  813.527 , 1026.000 ,        0 ,  919.006 ,  934.107 ,    0.000 ,  934.107 ,  935.107 ,   32.527 ,    0.000 ,   15.101 ,   -1.330 ,        6 , 	)
  78 	 (   3 ,  780.000 ,  960.000 ,        0 ,  944.899 ,  960.000 ,    0.000 ,  960.000 ,  961.000 ,    0.000 ,    0.000 ,   15.101 ,   16.022 ,        7 , 	)
 136 	 (   2 ,  872.171 , 1086.000 ,        0 ,  956.471 ,  971.571 ,    0.000 ,  971.571 ,  972.571 ,  115.471 ,    0.917 ,   15.101 ,    5.698 ,        8 , 	)
 158 	 (   1 ,  798.805 , 1009.000 ,        0 ,  970.402 ,  985.502 ,    0.000 ,  985.502 ,  986.502 ,   24.502 ,    0.917 ,   15.101 ,    7.051 ,        9 , 	)
  75 	 (   5 ,  981.000 , 1183.864 ,        0 ,  988.029 , 1003.129 ,    0.735 , 1003.864 , 1007.864 ,    0.000 ,    0.183 ,   15.835 ,    8.637 ,       10 , 	)
 155 	 (   1 , 1030.000 , 1210.000 ,        0 , 1014.165 , 1030.000 ,    0.000 , 1030.000 , 1034.000 ,   22.136 ,    0.183 ,    0.000 ,    1.849 ,       11 , 	)
   9 	 (   2 ,  960.000 , 1200.000 ,        0 , 1039.664 , 1039.664 ,    0.000 , 1039.664 , 1040.664 ,    0.000 ,    0.183 ,    0.000 ,   -0.046 ,       12 , 	)
  83 	 (   1 ,  870.000 , 1110.000 ,        0 , 1048.537 , 1048.537 ,    0.000 , 1048.537 , 1049.537 ,  199.817 ,    0.183 ,   -0.000 ,    3.283 ,       13 , 	)
  35 	 (   2 , 1020.000 , 1200.000 ,        0 , 1055.150 , 1055.150 ,    0.000 , 1055.150 , 1056.150 ,    0.000 ,   35.092 ,   -0.000 ,    4.753 ,       14 , 	)
  89 	 (   1 , 1078.000 , 1258.000 ,        0 , 1081.724 , 1081.724 ,    0.000 , 1081.724 , 1082.724 ,   41.060 ,   35.092 ,   -0.000 ,   27.526 ,       15 , 	)
  47 	 (   2 ,  960.000 , 1140.000 ,        0 , 1104.908 , 1104.908 ,    0.000 , 1104.908 , 1105.908 ,    0.000 ,   35.092 ,   -0.000 ,    0.653 ,       16 , 	)
 127 	 (   1 ,  991.530 , 1223.000 ,        0 , 1136.438 , 1136.438 ,    0.000 , 1136.438 , 1137.438 ,   30.530 ,   44.323 ,   -0.000 ,    7.709 ,       17 , 	)
 115 	 (   0 , 1092.000 , 1332.000 ,        0 , 1147.827 , 1147.827 ,    0.000 , 1147.827 , 1148.827 ,   91.677 ,   44.323 ,   -0.000 ,    2.966 ,       18 , 	)
 161 	 (   0 ,    0.000 , 1440.000 ,        0 , 1193.224 , 1193.224 ,    0.000 , 1193.224 , 1193.224 ,    0.000 ,  246.776 ,   -0.000 ,    0.000 ,       19 , 	)

	18 sommets 
	values : ( Cost : 383.553 , TRT : 334.386 , TWT :   0.000 , TD : 346.753 )
	violations : ( VC :       0 , VTW :   0.000 , VTD :   0.000 , VTRT :   0.000 )
	cout global : (   0.000	 )
S(i)	 (   C ,     TW0 ,       TW1 ,       VTW ,       Min ,       A ,       W ,       B ,       D ,       L ,       F ,       E ,       Det ,       [Imp ,       Imp]	)
   0 	 (   0 ,    0.000 , 1440.000 ,        0 ,    0.000 ,  698.877 ,    0.000 ,  698.877 ,  698.877 ,    0.000 ,   31.243 ,  698.877 ,    0.000 ,        0 , 	)
  10 	 (   4 ,  720.000 ,  840.000 ,        0 ,   36.006 ,  734.883 ,    0.000 ,  734.883 ,  738.883 ,    0.000 ,   31.243 ,   14.883 ,    4.199 ,        1 , 	)
   8 	 (   8 ,  720.000 ,  900.000 ,        0 ,  746.628 ,  761.511 ,    0.000 ,  761.511 ,  765.511 ,    0.000 ,   23.734 ,   14.883 ,   17.335 ,        2 , 	)
  88 	 (   4 ,  764.000 ,  944.000 ,        0 ,  765.889 ,  780.773 ,    0.000 ,  780.773 ,  784.773 ,   15.262 ,   23.734 ,   14.883 ,   -0.015 ,        3 , 	)
  90 	 (   0 ,  770.465 ,  937.000 ,        0 ,  793.266 ,  808.150 ,    0.000 ,  808.150 ,  812.150 ,   69.266 ,   23.734 ,   14.883 ,    9.695 ,        4 , 	)
  71 	 (   2 ,  780.000 ,  960.000 ,        0 ,  811.868 ,  826.752 ,    0.000 ,  826.752 ,  828.752 ,    0.000 ,   31.243 ,   14.883 ,    0.000 ,        5 , 	)
   1 	 (   6 ,  724.000 ,  960.000 ,        0 ,  813.868 ,  828.752 ,    0.000 ,  828.752 ,  832.752 ,    0.000 ,   31.243 ,   14.883 ,    0.000 ,        6 , 	)
  68 	 (   8 ,  780.000 ,  900.000 ,        0 ,  830.414 ,  845.297 ,    0.000 ,  845.297 ,  847.297 ,    0.000 ,   31.243 ,   14.883 ,   -2.137 ,        7 , 	)
  81 	 (   4 ,  827.000 , 1007.000 ,        0 ,  854.826 ,  869.710 ,    0.000 ,  869.710 ,  873.710 ,   36.958 ,   31.243 ,   14.883 ,   -6.213 ,        8 , 	)
 151 	 (   2 ,  880.000 , 1060.000 ,        0 ,  865.117 ,  880.000 ,    0.000 ,  880.000 ,  882.000 ,   51.248 ,   31.243 ,    0.000 ,   -0.517 ,        9 , 	)
  77 	 (   4 ,  737.000 ,  946.620 ,        0 ,  891.692 ,  891.692 ,    0.000 ,  891.692 ,  893.692 ,    0.000 ,   31.243 ,    0.000 ,   18.769 ,       10 , 	)
 148 	 (   2 ,  851.000 ,  971.000 ,        0 ,  907.657 ,  907.657 ,    0.000 ,  907.657 ,  909.657 ,   60.360 ,   26.802 ,    0.000 ,    0.817 ,       11 , 	)
 157 	 (   0 ,  786.000 ,  966.000 ,        0 ,  913.890 ,  913.890 ,    0.000 ,  913.890 ,  915.890 ,   20.198 ,   26.802 ,    0.000 ,   -0.843 ,       12 , 	)
  57 	 (   2 ,  900.000 ,  960.000 ,        0 ,  922.710 ,  922.710 ,    0.000 ,  922.710 ,  924.710 ,    0.000 ,   31.243 ,    0.000 ,    1.092 ,       13 , 	)
  48 	 (   5 ,  780.000 ,  960.000 ,        0 ,  928.757 ,  928.757 ,    0.000 ,  928.757 ,  931.757 ,    0.000 ,   31.243 ,    0.000 ,    4.605 ,       14 , 	)
 137 	 (   3 ,  934.383 , 1049.000 ,        0 ,  964.698 ,  964.698 ,    0.000 ,  964.698 ,  966.698 ,   39.988 ,   44.770 ,    0.000 ,   13.050 ,       15 , 	)
 128 	 (   0 ,  970.000 , 1030.000 ,        0 ,  985.230 ,  985.230 ,    0.000 ,  985.230 ,  988.230 ,   53.473 ,   44.770 ,    0.000 ,   -4.794 ,       16 , 	)
 161 	 (   0 ,    0.000 , 1440.000 ,        0 , 1033.263 , 1033.263 ,    0.000 , 1033.263 , 1033.263 ,    0.000 ,  406.737 ,   -0.000 ,    0.000 ,       17 , 	)

	16 sommets 
	values : ( Cost : 410.386 , TRT : 367.799 , TWT :  29.238 , TD : 542.556 )
	violations : ( VC :       0 , VTW :   0.000 , VTD :   0.000 , VTRT :   0.000 )
	cout global : (   0.000	 )
S(i)	 (   C ,     TW0 ,       TW1 ,       VTW ,       Min ,       A ,       W ,       B ,       D ,       L ,       F ,       E ,       Det ,       [Imp ,       Imp]	)
   0 	 (   0 ,    0.000 , 1440.000 ,        0 ,    0.000 ,  290.832 ,    0.000 ,  290.832 ,  290.832 ,    0.000 ,    0.000 ,  290.832 ,    0.000 ,        0 , 	)
  44 	 (   1 ,  300.000 ,  480.000 ,        0 ,   51.820 ,  342.651 ,    0.000 ,  342.651 ,  343.651 ,    0.000 ,    0.000 ,   42.651 ,   12.687 ,        1 , 	)
  34 	 (   2 ,  240.000 ,  480.000 ,        0 ,  316.302 ,  358.953 ,    0.000 ,  358.953 ,  359.953 ,    0.000 ,    0.000 ,   42.651 ,    4.929 ,        2 , 	)
  49 	 (   6 ,  300.000 ,  480.000 ,        0 ,  331.479 ,  374.130 ,    0.000 ,  374.130 ,  378.130 ,    0.000 ,    0.000 ,   42.651 ,    2.208 ,        3 , 	)
 124 	 (   5 ,  323.733 ,  542.000 ,        0 ,  343.084 ,  385.735 ,    0.000 ,  385.735 ,  386.735 ,   42.084 ,    0.000 ,   42.651 ,    3.005 ,        4 , 	)
  27 	 (   8 ,  240.000 ,  480.000 ,        0 ,  352.750 ,  395.401 ,    0.000 ,  395.401 ,  398.401 ,    0.000 ,    0.000 ,   42.651 ,    4.962 ,        5 , 	)
 129 	 (   4 ,  429.000 ,  549.000 ,        0 ,  388.989 ,  431.640 ,    0.000 ,  431.640 ,  435.640 ,   53.510 ,    0.000 ,    2.640 ,    9.853 ,        6 , 	)
  74 	 (   7 ,  420.000 ,  480.000 ,        0 ,  440.455 ,  443.095 ,    0.000 ,  443.095 ,  446.095 ,    0.000 ,    0.000 ,    2.640 ,   10.466 ,        7 , 	)
 154 	 (   4 ,  440.646 ,  530.000 ,        0 ,  461.101 ,  463.741 ,    0.000 ,  463.741 ,  466.741 ,   17.646 ,    0.000 ,    2.640 ,   11.648 ,        8 , 	)
 114 	 (   3 ,  400.000 ,  580.000 ,        0 ,  496.741 ,  499.380 ,    0.000 ,  499.380 ,  500.380 ,  139.427 ,    0.000 ,    2.640 ,    2.951 ,        9 , 	)
  20 	 (   5 ,  480.000 ,  720.000 ,        0 ,  501.733 ,  504.373 ,    0.000 ,  504.373 ,  506.373 ,    0.000 ,    0.000 ,    2.640 ,    0.000 ,       10 , 	)
  53 	 (   6 ,  480.000 ,  600.000 ,        0 ,  503.733 ,  506.373 ,    0.000 ,  506.373 ,  507.373 ,    0.000 ,    0.000 ,    2.640 ,    0.000 ,       11 , 	)
 133 	 (   5 ,  508.663 ,  675.000 ,        0 ,  532.396 ,  535.036 ,    0.000 ,  535.036 ,  536.036 ,   27.663 ,    0.000 ,    2.640 ,   12.608 ,       12 , 	)
 107 	 (   2 ,  439.000 ,  559.000 ,        0 ,  556.360 ,  559.000 ,    0.000 ,  559.000 ,  562.000 ,  160.599 ,    0.000 ,    2.640 ,   16.442 ,       13 , 	)
 100 	 (   0 ,  608.000 ,  788.000 ,        0 ,  576.123 ,  578.762 ,   29.238 ,  608.000 ,  610.000 ,  101.627 ,   28.373 ,    0.000 ,   10.080 ,       14 , 	)
 161 	 (   0 ,    0.000 , 1440.000 ,        0 ,  658.630 ,  658.630 ,    0.000 ,  658.630 ,  658.630 ,    0.000 ,  781.370 ,    0.000 ,    0.000 ,       15 , 	)

	24 sommets 
	values : ( Cost : 525.593 , TRT : 433.183 , TWT :   0.000 , TD : 778.217 )
	violations : ( VC :       0 , VTW :   0.000 , VTD :   0.000 , VTRT :   0.000 )
	cout global : (   0.000	 )
S(i)	 (   C ,     TW0 ,       TW1 ,       VTW ,       Min ,       A ,       W ,       B ,       D ,       L ,       F ,       E ,       Det ,       [Imp ,       Imp]	)
   0 	 (   0 ,    0.000 , 1440.000 ,        0 ,    0.000 ,  775.301 ,    0.000 ,  775.301 ,  775.301 ,    0.000 ,    2.071 ,  775.301 ,    0.000 ,        0 , 	)
  25 	 (   4 ,  780.000 ,  960.000 ,        0 ,   58.169 ,  833.471 ,    0.000 ,  833.471 ,  837.471 ,    0.000 ,    2.071 ,   53.471 ,   10.400 ,        1 , 	)
  13 	 (   5 ,  840.000 ,  900.000 ,        0 ,  797.512 ,  850.983 ,    0.000 ,  850.983 ,  851.983 ,    0.000 ,    2.071 ,   10.983 ,    5.295 ,        2 , 	)
  93 	 (   4 ,  870.593 ,  980.000 ,        0 ,  870.593 ,  881.576 ,    0.000 ,  881.576 ,  882.576 ,   29.593 ,    2.071 ,   10.983 ,    0.326 ,        3 , 	)
  36 	 (   5 ,  720.000 ,  900.000 ,        0 ,  875.231 ,  886.214 ,    0.000 ,  886.214 ,  887.214 ,    0.000 ,    2.071 ,   10.983 ,    0.470 ,        4 , 	)
 105 	 (   1 ,  904.000 , 1144.000 ,        0 ,  893.017 ,  904.000 ,    0.000 ,  904.000 ,  908.000 ,   66.529 ,    2.071 ,    0.000 ,    0.000 ,        5 , 	)
   2 	 (   2 ,  720.000 ,  960.000 ,        0 ,  908.000 ,  908.000 ,    0.000 ,  908.000 ,  909.000 ,    0.000 ,    2.071 ,    0.000 ,    0.000 ,        6 , 	)
  64 	 (   6 ,  780.000 ,  960.000 ,        0 ,  925.740 ,  925.740 ,    0.000 ,  925.740 ,  929.740 ,    0.000 ,    2.071 ,    0.000 ,   10.813 ,        7 , 	)
  40 	 (   7 ,  780.000 ,  960.000 ,        0 ,  945.353 ,  945.353 ,    0.000 ,  945.353 ,  946.353 ,    0.000 ,    2.071 ,    0.000 ,   -0.199 ,        8 , 	)
  82 	 (   6 ,  784.000 , 1024.000 ,        0 ,  956.920 ,  956.920 ,    0.000 ,  956.920 ,  957.920 ,   47.920 ,    2.071 ,    0.000 ,    3.220 ,        9 , 	)
 116 	 (   5 ,  833.000 , 1073.000 ,        0 ,  974.025 ,  974.025 ,    0.000 ,  974.025 ,  975.025 ,   86.811 ,    2.071 ,    0.000 ,   14.228 ,       10 , 	)
  31 	 (   6 ,  960.000 , 1140.000 ,        0 ,  983.490 ,  983.490 ,    0.000 ,  983.490 ,  984.490 ,    0.000 ,    2.071 ,    0.000 ,  -18.028 ,       11 , 	)
 120 	 (   5 ,  861.000 , 1041.000 ,        0 , 1009.265 , 1009.265 ,    0.000 , 1009.265 , 1010.265 ,   62.911 ,    2.071 ,    0.000 ,    6.777 ,       12 , 	)
  62 	 (   7 ,  960.000 , 1200.000 ,        0 , 1021.622 , 1021.622 ,    0.000 , 1021.622 , 1023.622 ,    0.000 ,    2.071 ,    0.000 ,    0.464 ,       13 , 	)
 144 	 (   3 ,  910.000 , 1030.000 ,        0 , 1027.929 , 1027.929 ,    0.000 , 1027.929 , 1031.929 ,   98.189 ,    2.071 ,   -0.000 ,    8.015 ,       14 , 	)
  46 	 (   4 , 1020.000 , 1200.000 ,        0 , 1051.440 , 1051.440 ,    0.000 , 1051.440 , 1052.440 ,    0.000 ,   14.868 ,   -0.000 ,    0.638 ,       15 , 	)
 142 	 (   2 , 1049.000 , 1289.000 ,        0 , 1077.340 , 1077.340 ,    0.000 , 1077.340 , 1079.340 ,   53.718 ,   14.868 ,   -0.000 ,    8.714 ,       16 , 	)
  28 	 (   3 ,  960.000 , 1200.000 ,        0 , 1090.849 , 1090.849 ,    0.000 , 1090.849 , 1091.849 ,    0.000 ,   14.868 ,   -0.000 ,   -8.541 ,       17 , 	)
  63 	 (   5 , 1020.000 , 1200.000 ,        0 , 1113.343 , 1113.343 ,    0.000 , 1113.343 , 1115.343 ,    0.000 ,   11.347 ,   -0.000 ,   -2.541 ,       18 , 	)
 126 	 (   4 , 1100.000 , 1340.000 ,        0 , 1125.089 , 1125.089 ,    0.000 , 1125.089 , 1126.089 ,   72.649 ,   11.347 ,   -0.000 ,    4.008 ,       19 , 	)
 111 	 (   3 , 1082.000 , 1262.000 ,        0 , 1132.622 , 1132.622 ,    0.000 , 1132.622 , 1133.622 ,  148.132 ,   11.347 ,   -0.000 ,    9.031 ,       20 , 	)
 108 	 (   2 , 1012.000 , 1252.000 ,        0 , 1150.502 , 1150.502 ,    0.000 , 1150.502 , 1151.502 ,   58.653 ,   11.347 ,   -0.000 ,   -1.160 ,       21 , 	)
 143 	 (   0 , 1125.000 , 1365.000 ,        0 , 1168.454 , 1168.454 ,    0.000 , 1168.454 , 1170.454 ,   53.111 ,  147.889 ,   -0.000 ,   -2.196 ,       22 , 	)
 161 	 (   0 ,    0.000 , 1440.000 ,        0 , 1208.484 , 1208.484 ,    0.000 , 1208.484 , 1208.484 ,    0.000 ,  231.516 ,   -0.000 ,    0.000 ,       23 , 	)

	4 sommets 
	values : ( Cost : 167.800 , TRT : 134.165 , TWT :   0.000 , TD :  44.822 )
	violations : ( VC :       0 , VTW :   0.000 , VTD :   0.000 , VTRT :   0.000 )
	cout global : (   0.000	 )
S(i)	 (   C ,     TW0 ,       TW1 ,       VTW ,       Min ,       A ,       W ,       B ,       D ,       L ,       F ,       E ,       Det ,       [Imp ,       Imp]	)
   0 	 (   0 ,    0.000 , 1440.000 ,        0 ,    0.000 ,  314.549 ,    0.000 ,  314.549 ,  314.549 ,    0.000 ,   60.000 ,  314.549 ,    0.000 ,        0 , 	)
  72 	 (   4 ,  314.000 ,  419.178 ,        0 ,   44.629 ,  359.178 ,    0.000 ,  359.178 ,  363.178 ,    0.000 ,   60.000 ,   45.178 ,   52.737 ,        1 , 	)
 152 	 (   0 ,  408.000 ,  468.000 ,        0 ,  362.822 ,  408.000 ,    0.000 ,  408.000 ,  412.000 ,   44.822 ,   45.178 ,    0.000 ,   36.907 ,        2 , 	)
 161 	 (   0 ,    0.000 , 1440.000 ,        0 ,  448.714 ,  448.714 ,    0.000 ,  448.714 ,  448.714 ,    0.000 ,  991.286 ,    0.000 ,    0.000 ,        3 , 	)
