14
	VALUE ALL : ( Cost : 5561.836 , TRT : 5468.576 , TWT : 800.744 , TD : 7738.820 )
	VIOLATIONS TOTAL : ( VC :       0 , VTW :   0.000 , VTD :   0.000 , VTRT :   0.000 )
 	COUT_ALL : (   0.004 )  T2B:   11401

	14 sommets 
	values : ( Cost : 371.056 , TRT : 306.689 , TWT :   5.700 , TD : 593.914 )
	violations : ( VC :       0 , VTW :   0.000 , VTD :   0.000 , VTRT :   0.000 )
	cout global : (   0.000	 )
S(i)	 (   C ,     TW0 ,       TW1 ,       VTW ,       Min ,       A ,       W ,       B ,       D ,       L ,       F ,       E ,       Det ,       [Imp ,       Imp]	)
   0 	 (   0 ,    0.000 , 1440.000 ,        0 ,    0.000 ,  223.720 ,    0.000 ,  223.720 ,  223.720 ,    0.000 ,    0.000 ,  223.720 ,    0.000 ,        0 , 	)
 106 	 (   1 ,  240.000 ,  480.000 ,        0 ,   67.360 ,  291.080 ,    0.000 ,  291.080 ,  292.080 ,    0.000 ,    0.000 ,   51.080 ,   -0.136 ,        1 , 	)
   3 	 (   3 ,  240.000 ,  420.000 ,        0 ,  263.059 ,  314.140 ,    0.000 ,  314.140 ,  316.140 ,    0.000 ,    0.000 ,   51.080 ,   18.987 ,        2 , 	)
 102 	 (   5 ,  240.000 ,  480.000 ,        0 ,  274.508 ,  325.588 ,    0.000 ,  325.588 ,  327.588 ,    0.000 ,    0.000 ,   51.080 ,   -0.114 ,        3 , 	)
  71 	 (   6 ,  250.000 ,  477.435 ,        0 ,  284.930 ,  336.011 ,    0.000 ,  336.011 ,  337.011 ,    0.000 ,    0.000 ,   51.080 ,    5.556 ,        4 , 	)
 115 	 (   4 ,  305.000 ,  485.000 ,        0 ,  305.762 ,  356.842 ,    0.000 ,  356.842 ,  358.842 ,   40.702 ,    0.000 ,   51.080 ,   13.708 ,        5 , 	)
 183 	 (   3 ,  327.000 ,  507.000 ,        0 ,  330.202 ,  381.283 ,    0.000 ,  381.283 ,  382.283 ,   44.272 ,    0.000 ,   51.080 ,   17.438 ,        6 , 	)
  59 	 (   6 ,  240.000 ,  480.000 ,        0 ,  353.421 ,  404.502 ,    0.000 ,  404.502 ,  407.502 ,    0.000 ,    0.000 ,   51.080 ,    7.181 ,        7 , 	)
  98 	 (   8 ,  240.000 ,  420.000 ,        0 ,  368.920 ,  420.000 ,    0.000 ,  420.000 ,  422.000 ,    0.000 ,    0.000 ,   51.080 ,   12.469 ,        8 , 	)
 210 	 (   6 ,  270.358 ,  498.000 ,        0 ,  399.277 ,  450.358 ,    0.000 ,  450.358 ,  452.358 ,   28.358 ,   34.326 ,   51.080 ,    2.747 ,        9 , 	)
 214 	 (   4 ,  410.000 ,  590.000 ,        0 ,  428.182 ,  479.262 ,    0.000 ,  479.262 ,  481.262 ,  151.674 ,   34.326 ,   51.080 ,    2.555 ,       10 , 	)
 218 	 (   3 ,  511.000 ,  691.000 ,        0 ,  454.220 ,  505.300 ,    5.700 ,  511.000 ,  512.000 ,  218.920 ,   77.013 ,    0.000 ,   -0.000 ,       11 , 	)
 171 	 (   0 ,  382.000 ,  622.000 ,        0 ,  517.489 ,  517.489 ,    0.000 ,  517.489 ,  520.489 ,  109.987 ,   77.013 ,    0.000 ,    3.821 ,       12 , 	)
 225 	 (   0 ,    0.000 , 1440.000 ,        0 ,  530.410 ,  530.410 ,    0.000 ,  530.410 ,  530.410 ,    0.000 ,  909.590 ,    0.000 ,    0.000 ,       13 , 	)

	4 sommets 
	values : ( Cost : 106.132 , TRT :  83.798 , TWT :   0.000 , TD :  34.205 )
	violations : ( VC :       0 , VTW :   0.000 , VTD :   0.000 , VTRT :   0.000 )
	cout global : (   0.000	 )
S(i)	 (   C ,     TW0 ,       TW1 ,       VTW ,       Min ,       A ,       W ,       B ,       D ,       L ,       F ,       E ,       Det ,       [Imp ,       Imp]	)
   0 	 (   0 ,    0.000 , 1440.000 ,        0 ,    0.000 ,  975.452 ,    0.000 ,  975.452 ,  975.452 ,    0.000 ,  207.205 ,  975.452 ,    0.000 ,        0 , 	)
  83 	 (   2 ,  960.000 , 1200.000 ,        0 ,   17.344 ,  992.795 ,    0.000 ,  992.795 ,  994.795 ,    0.000 ,  207.205 ,   32.795 ,   23.298 ,        1 , 	)
 195 	 (   0 , 1029.000 , 1269.000 ,        0 ,  996.205 , 1029.000 ,    0.000 , 1029.000 , 1031.000 ,   34.205 ,   56.795 ,    0.000 ,   45.111 ,        2 , 	)
 225 	 (   0 ,    0.000 , 1440.000 ,        0 , 1059.250 , 1059.250 ,    0.000 , 1059.250 , 1059.250 ,    0.000 ,  380.750 ,    0.000 ,    0.000 ,        3 , 	)

	16 sommets 
	values : ( Cost : 299.471 , TRT : 474.396 , TWT : 227.229 , TD : 341.182 )
	violations : ( VC :       0 , VTW :   0.000 , VTD :   0.000 , VTRT :   0.000 )
	cout global : (   0.000	 )
S(i)	 (   C ,     TW0 ,       TW1 ,       VTW ,       Min ,       A ,       W ,       B ,       D ,       L ,       F ,       E ,       Det ,       [Imp ,       Imp]	)
   0 	 (   0 ,    0.000 , 1440.000 ,        0 ,    0.000 ,  415.135 ,    0.000 ,  415.135 ,  415.135 ,    0.000 ,    0.000 ,  415.135 ,    0.000 ,        0 , 	)
  62 	 (   3 ,  240.000 ,  480.000 ,        0 ,   21.110 ,  436.245 ,    0.000 ,  436.245 ,  439.245 ,    0.000 ,    0.000 ,  196.245 ,   17.375 ,        1 , 	)
  76 	 (   4 ,  248.000 ,  480.000 ,        0 ,  277.635 ,  473.880 ,    0.000 ,  473.880 ,  474.880 ,    0.000 ,    0.000 ,  196.245 ,    3.350 ,        2 , 	)
 108 	 (   5 ,  480.000 ,  660.000 ,        0 ,  301.780 ,  498.026 ,    0.000 ,  498.026 ,  499.026 ,    0.000 ,    0.000 ,   18.026 ,    0.398 ,        3 , 	)
 220 	 (   4 ,  496.000 ,  676.000 ,        0 ,  488.917 ,  506.942 ,    0.000 ,  506.942 ,  507.942 ,    7.917 ,    0.000 ,   10.942 ,    0.561 ,        4 , 	)
 188 	 (   3 ,  332.000 ,  512.000 ,        0 ,  501.058 ,  512.000 ,    0.000 ,  512.000 ,  513.000 ,   37.120 ,    0.000 ,   10.942 ,    4.240 ,        5 , 	)
 174 	 (   0 ,  379.000 ,  619.000 ,        0 ,  519.158 ,  530.100 ,    0.000 ,  530.100 ,  533.100 ,   90.855 ,   88.900 ,   10.942 ,   11.816 ,        6 , 	)
  34 	 (   1 ,  720.000 ,  900.000 ,        0 ,  532.805 ,  543.747 ,  227.229 ,  770.976 ,  771.976 ,    0.000 ,  129.024 ,   50.976 ,    9.481 ,        7 , 	)
  86 	 (   4 ,  780.000 ,  960.000 ,        0 ,  729.024 ,  780.000 ,    0.000 ,  780.000 ,  783.000 ,    0.000 ,   20.404 ,    0.000 ,    6.244 ,        8 , 	)
  52 	 (   5 ,  780.000 ,  960.000 ,        0 ,  797.566 ,  797.566 ,    0.000 ,  797.566 ,  798.566 ,    0.000 ,   20.404 ,    0.000 ,    0.000 ,        9 , 	)
  17 	 (   6 ,  720.000 ,  960.000 ,        0 ,  798.566 ,  798.566 ,    0.000 ,  798.566 ,  799.566 ,    0.000 ,   20.404 ,    0.000 ,    0.000 ,       10 , 	)
 146 	 (   5 ,  746.855 ,  970.000 ,        0 ,  820.572 ,  820.572 ,    0.000 ,  820.572 ,  821.572 ,   48.596 ,   20.404 ,    0.000 ,   -0.001 ,       11 , 	)
 129 	 (   4 ,  809.000 , 1049.000 ,        0 ,  827.261 ,  827.261 ,    0.000 ,  827.261 ,  828.261 ,   27.695 ,   42.436 ,    0.000 ,    3.284 ,       12 , 	)
 164 	 (   3 ,  832.000 , 1071.000 ,        0 ,  849.002 ,  849.002 ,    0.000 ,  849.002 ,  850.002 ,   50.436 ,   42.436 ,    0.000 ,    8.680 ,       13 , 	)
 198 	 (   0 ,  843.000 , 1083.000 ,        0 ,  861.564 ,  861.564 ,    0.000 ,  861.564 ,  864.564 ,   78.564 ,   42.436 ,    0.000 ,    8.159 ,       14 , 	)
 225 	 (   0 ,    0.000 , 1440.000 ,        0 ,  889.531 ,  889.531 ,    0.000 ,  889.531 ,  889.531 ,    0.000 ,  550.469 ,    0.000 ,    0.000 ,       15 , 	)

	24 sommets 
	values : ( Cost : 560.392 , TRT : 472.780 , TWT :   5.433 , TD : 877.285 )
	violations : ( VC :       0 , VTW :   0.000 , VTD :   0.000 , VTRT :   0.000 )
	cout global : (   0.000	 )
S(i)	 (   C ,     TW0 ,       TW1 ,       VTW ,       Min ,       A ,       W ,       B ,       D ,       L ,       F ,       E ,       Det ,       [Imp ,       Imp]	)
   0 	 (   0 ,    0.000 , 1440.000 ,        0 ,    0.000 ,  742.717 ,    0.000 ,  742.717 ,  742.717 ,    0.000 ,    0.000 ,  742.717 ,    0.000 ,        0 , 	)
  53 	 (   4 ,  720.000 ,  960.000 ,        0 ,    5.605 ,  748.321 ,    0.000 ,  748.321 ,  752.321 ,    0.000 ,    0.000 ,   28.321 ,   11.138 ,        1 , 	)
  48 	 (   6 ,  774.000 ,  920.314 ,        0 ,  767.903 ,  796.224 ,    0.000 ,  796.224 ,  798.224 ,    0.000 ,    0.000 ,   22.224 ,   27.888 ,        2 , 	)
 165 	 (   2 ,  787.000 , 1027.000 ,        0 ,  791.689 ,  813.913 ,    0.000 ,  813.913 ,  817.913 ,   61.592 ,    0.000 ,   22.224 ,    0.244 ,        3 , 	)
  31 	 (   6 ,  720.000 ,  960.000 ,        0 ,  818.536 ,  840.760 ,    0.000 ,  840.760 ,  844.760 ,    0.000 ,    0.000 ,   22.224 ,   10.969 ,        4 , 	)
  81 	 (   7 ,  721.000 ,  900.000 ,        0 ,  844.685 ,  866.909 ,    0.000 ,  866.909 ,  867.909 ,    0.000 ,    0.000 ,   22.224 ,    5.711 ,        5 , 	)
 193 	 (   6 ,  807.000 ,  927.000 ,        0 ,  866.795 ,  889.020 ,    0.000 ,  889.020 ,  890.020 ,   21.111 ,    0.000 ,   22.224 ,   12.529 ,        6 , 	)
  97 	 (   7 ,  780.000 ,  960.000 ,        0 ,  883.965 ,  906.189 ,    0.000 ,  906.189 ,  907.189 ,    0.000 ,    0.000 ,   22.224 ,    9.711 ,        7 , 	)
 160 	 (   5 ,  914.000 ,  974.000 ,        0 ,  900.144 ,  922.368 ,    0.000 ,  922.368 ,  924.368 ,  124.144 ,    0.000 ,    8.368 ,    9.822 ,        8 , 	)
  82 	 (   8 ,  720.000 ,  960.000 ,        0 ,  923.126 ,  931.493 ,    0.000 ,  931.493 ,  934.493 ,    0.000 ,    0.000 ,    8.368 ,    7.319 ,        9 , 	)
 209 	 (   7 ,  804.908 , 1025.000 ,        0 ,  937.733 ,  946.101 ,    0.000 ,  946.101 ,  947.101 ,   38.912 ,    0.000 ,    8.368 ,   12.600 ,       10 , 	)
  39 	 (   8 ,  780.000 ,  960.000 ,        0 ,  951.632 ,  960.000 ,    0.000 ,  960.000 ,  961.000 ,    0.000 ,   -0.000 ,    8.368 ,    9.505 ,       11 , 	)
 194 	 (   5 ,  802.000 , 1042.000 ,        0 ,  981.880 ,  990.248 ,    0.000 ,  990.248 ,  993.248 ,   55.755 ,   24.332 ,    8.368 ,   -0.950 ,       12 , 	)
 111 	 (   6 ,  960.000 , 1200.000 ,        0 ,  991.588 ,  999.956 ,    5.433 , 1005.389 , 1006.389 ,    0.000 ,   18.899 ,   13.801 ,    9.048 ,       13 , 	)
 151 	 (   5 ,  861.000 , 1041.000 ,        0 , 1008.099 , 1021.899 ,    0.000 , 1021.899 , 1022.899 ,   60.899 ,   18.899 ,   13.801 ,   11.756 ,       14 , 	)
  99 	 (   7 ,  960.000 , 1140.000 ,        0 , 1014.991 , 1028.792 ,    0.000 , 1028.792 , 1030.792 ,    0.000 ,   18.899 ,   13.801 ,    0.002 ,       15 , 	)
 143 	 (   3 ,  909.000 , 1089.000 ,        0 , 1020.060 , 1033.861 ,    0.000 , 1033.861 , 1037.861 ,  189.101 ,   18.899 ,   13.801 ,    0.932 ,       16 , 	)
 223 	 (   2 , 1078.000 , 1258.000 ,        0 , 1064.199 , 1078.000 ,    0.000 , 1078.000 , 1079.000 ,   71.611 ,   29.518 ,    0.000 ,    1.453 ,       17 , 	)
 110 	 (   5 , 1020.000 , 1140.000 ,        0 , 1100.115 , 1100.115 ,    0.000 , 1100.115 , 1103.115 ,    0.000 ,   29.518 ,    0.000 ,   -0.963 ,       18 , 	)
  24 	 (   6 , 1024.000 , 1200.000 ,        0 , 1107.762 , 1107.762 ,    0.000 , 1107.762 , 1108.762 ,    0.000 ,   29.518 ,    0.000 ,    7.712 ,       19 , 	)
 222 	 (   3 , 1094.000 , 1214.000 ,        0 , 1147.822 , 1147.822 ,    0.000 , 1147.822 , 1150.822 ,   44.707 ,   29.518 ,   -0.000 ,    6.140 ,       20 , 	)
 136 	 (   2 , 1123.000 , 1243.000 ,        0 , 1154.735 , 1154.735 ,    0.000 , 1154.735 , 1155.735 ,   45.972 ,   29.518 ,   -0.000 ,   -0.636 ,       21 , 	)
 211 	 (   0 , 1106.000 , 1286.000 ,        0 , 1194.274 , 1194.274 ,    0.000 , 1194.274 , 1196.274 ,  163.482 ,   29.518 ,   -0.000 ,    4.355 ,       22 , 	)
 225 	 (   0 ,    0.000 , 1440.000 ,        0 , 1215.497 , 1215.497 ,    0.000 , 1215.497 , 1215.497 ,    0.000 ,  224.503 ,   -0.000 ,    0.000 ,       23 , 	)

	20 sommets 
	values : ( Cost : 476.606 , TRT : 402.350 , TWT :   0.000 , TD : 602.324 )
	violations : ( VC :       0 , VTW :   0.000 , VTD :   0.000 , VTRT :   0.000 )
	cout global : (   0.000	 )
S(i)	 (   C ,     TW0 ,       TW1 ,       VTW ,       Min ,       A ,       W ,       B ,       D ,       L ,       F ,       E ,       Det ,       [Imp ,       Imp]	)
   0 	 (   0 ,    0.000 , 1440.000 ,        0 ,    0.000 ,  609.826 ,    0.000 ,  609.826 ,  609.826 ,    0.000 ,   29.619 ,  609.826 ,    0.000 ,        0 , 	)
  88 	 (   2 ,  480.000 ,  720.000 ,        0 ,   16.385 ,  626.211 ,    0.000 ,  626.211 ,  628.211 ,    0.000 ,   29.619 ,  146.211 ,    7.844 ,        1 , 	)
  96 	 (   6 ,  540.000 ,  720.000 ,        0 ,  516.047 ,  662.258 ,    0.000 ,  662.258 ,  666.258 ,    0.000 ,   29.619 ,  122.258 ,    8.930 ,        2 , 	)
 200 	 (   4 ,  666.000 ,  846.000 ,        0 ,  596.695 ,  718.953 ,    0.000 ,  718.953 ,  720.953 ,   90.741 ,   29.619 ,   52.953 ,   28.768 ,        3 , 	)
  77 	 (   5 ,  720.000 ,  960.000 ,        0 ,  687.832 ,  740.784 ,    0.000 ,  740.784 ,  741.784 ,    0.000 ,   29.619 ,   20.784 ,    1.168 ,        4 , 	)
  30 	 (   8 ,  720.000 ,  840.000 ,        0 ,  724.311 ,  745.095 ,    0.000 ,  745.095 ,  748.095 ,    0.000 ,   29.619 ,   20.784 ,    5.448 ,        5 , 	)
 208 	 (   4 ,  640.000 ,  820.000 ,        0 ,  735.217 ,  756.002 ,    0.000 ,  756.002 ,  760.002 ,   89.744 ,   29.619 ,   20.784 ,    0.769 ,        6 , 	)
  40 	 (   7 ,  720.000 ,  960.000 ,        0 ,  741.536 ,  762.320 ,    0.000 ,  762.320 ,  765.320 ,    0.000 ,   29.619 ,   20.784 ,    0.029 ,        7 , 	)
 189 	 (   6 ,  796.000 , 1036.000 ,        0 ,  775.216 ,  796.000 ,    0.000 ,  796.000 ,  797.000 ,   54.216 ,   29.619 ,    0.000 ,   19.617 ,        8 , 	)
 142 	 (   3 ,  764.780 ,  955.000 ,        0 ,  818.295 ,  818.295 ,    0.000 ,  818.295 ,  821.295 ,   70.200 ,   29.619 ,    0.000 ,    5.205 ,        9 , 	)
 152 	 (   0 ,  811.000 , 1051.000 ,        0 ,  838.677 ,  838.677 ,    0.000 ,  838.677 ,  841.677 ,   73.356 ,   29.619 ,    0.000 ,    4.776 ,       10 , 	)
  51 	 (   4 ,  720.000 ,  960.000 ,        0 ,  846.008 ,  846.008 ,    0.000 ,  846.008 ,  850.008 ,    0.000 ,   29.619 ,    0.000 ,   -0.859 ,       11 , 	)
  25 	 (   7 ,  780.000 ,  960.000 ,        0 ,  864.540 ,  864.540 ,    0.000 ,  864.540 ,  867.540 ,    0.000 ,   11.774 ,    0.000 ,    0.662 ,       12 , 	)
 105 	 (   8 ,  780.000 ,  960.000 ,        0 ,  871.123 ,  871.123 ,    0.000 ,  871.123 ,  872.123 ,    0.000 ,   11.774 ,    0.000 ,   -0.220 ,       13 , 	)
 217 	 (   7 ,  804.873 , 1025.000 ,        0 ,  895.995 ,  895.995 ,    0.000 ,  895.995 ,  896.995 ,   23.873 ,   11.774 ,    0.000 ,    4.515 ,       14 , 	)
 163 	 (   3 ,  773.000 , 1013.000 ,        0 ,  905.235 ,  905.235 ,    0.000 ,  905.235 ,  909.235 ,   55.226 ,   11.774 ,    0.000 ,   -0.123 ,       15 , 	)
  46 	 (   4 ,  720.000 ,  960.000 ,        0 ,  930.381 ,  930.381 ,    0.000 ,  930.381 ,  931.381 ,    0.000 ,   29.619 ,    0.000 ,    5.308 ,       16 , 	)
 137 	 (   1 ,  873.000 , 1053.000 ,        0 ,  951.935 ,  951.935 ,    0.000 ,  951.935 ,  954.935 ,   84.395 ,   36.605 ,    0.000 ,    7.109 ,       17 , 	)
 158 	 (   0 ,  821.000 , 1061.000 ,        0 ,  991.953 ,  991.953 ,    0.000 ,  991.953 ,  992.953 ,   60.572 ,   69.047 ,    0.000 ,    3.398 ,       18 , 	)
 225 	 (   0 ,    0.000 , 1440.000 ,        0 , 1012.177 , 1012.177 ,    0.000 , 1012.177 , 1012.177 ,    0.000 ,  427.823 ,    0.000 ,    0.000 ,       19 , 	)

	24 sommets 
	values : ( Cost : 548.581 , TRT : 464.467 , TWT :   0.000 , TD : 773.424 )
	violations : ( VC :       0 , VTW :   0.000 , VTD :   0.000 , VTRT :   0.000 )
	cout global : (   0.000	 )
S(i)	 (   C ,     TW0 ,       TW1 ,       VTW ,       Min ,       A ,       W ,       B ,       D ,       L ,       F ,       E ,       Det ,       [Imp ,       Imp]	)
   0 	 (   0 ,    0.000 , 1440.000 ,        0 ,    0.000 ,  747.817 ,    0.000 ,  747.817 ,  747.817 ,    0.000 ,    0.997 ,  747.817 ,    0.000 ,        0 , 	)
  16 	 (   4 ,  780.000 ,  900.000 ,        0 ,   32.183 ,  780.000 ,    0.000 ,  780.000 ,  784.000 ,    0.000 ,    0.997 ,    0.000 ,   -8.998 ,        1 , 	)
   9 	 (   6 ,  780.000 ,  960.000 ,        0 ,  803.492 ,  803.492 ,    0.000 ,  803.492 ,  805.492 ,    0.000 ,    0.997 ,    0.000 ,    8.800 ,        2 , 	)
 128 	 (   2 ,  818.677 ,  997.000 ,        0 ,  829.477 ,  829.477 ,    0.000 ,  829.477 ,  833.477 ,   45.477 ,    0.997 ,    0.000 ,    1.397 ,        3 , 	)
  44 	 (   5 ,  780.000 ,  840.000 ,        0 ,  839.003 ,  839.003 ,    0.000 ,  839.003 ,  842.003 ,    0.000 ,    0.997 ,    0.000 ,    9.460 ,        4 , 	)
  91 	 (   8 ,  720.000 ,  900.000 ,        0 ,  855.326 ,  855.326 ,    0.000 ,  855.326 ,  858.326 ,    0.000 ,    6.610 ,    0.000 ,   12.083 ,        5 , 	)
 121 	 (   6 ,  811.712 , 1042.000 ,        0 ,  877.425 ,  877.425 ,    0.000 ,  877.425 ,  879.425 ,   71.932 ,    6.610 ,    0.000 ,    0.826 ,        6 , 	)
  80 	 (   7 ,  727.000 ,  960.000 ,        0 ,  883.749 ,  883.749 ,    0.000 ,  883.749 ,  884.749 ,    0.000 ,    6.610 ,    0.000 ,    3.838 ,        7 , 	)
  73 	 (   8 ,  720.000 ,  960.000 ,        0 ,  902.048 ,  902.048 ,    0.000 ,  902.048 ,  903.048 ,    0.000 ,    6.610 ,    0.000 ,    0.775 ,        8 , 	)
 192 	 (   7 ,  815.000 ,  995.000 ,        0 ,  918.939 ,  918.939 ,    0.000 ,  918.939 ,  919.939 ,   34.190 ,    6.610 ,    0.000 ,   -4.417 ,        9 , 	)
  74 	 (   8 ,  840.000 ,  960.000 ,        0 ,  931.808 ,  931.808 ,    0.000 ,  931.808 ,  932.808 ,    0.000 ,    6.610 ,    0.000 ,   19.965 ,       10 , 	)
 156 	 (   5 ,  817.854 ,  983.000 ,        0 ,  970.237 ,  970.237 ,    0.000 ,  970.237 ,  973.237 ,  128.234 ,    6.610 ,    0.000 ,    2.715 ,       11 , 	)
 185 	 (   4 ,  845.000 , 1085.000 ,        0 ,  990.390 ,  990.390 ,    0.000 ,  990.390 ,  991.390 ,   87.342 ,    6.610 ,    0.000 ,    0.000 ,       12 , 	)
 203 	 (   1 ,  938.000 ,  998.000 ,        0 ,  991.390 ,  991.390 ,    0.000 ,  991.390 ,  994.390 ,  133.065 ,    6.610 ,    0.000 ,    0.000 ,       13 , 	)
  58 	 (   4 , 1020.000 , 1140.000 ,        0 , 1028.968 , 1028.968 ,    0.000 , 1028.968 , 1031.968 ,    0.000 ,   45.411 ,   -0.000 ,    2.986 ,       14 , 	)
 186 	 (   3 ,  971.000 , 1211.000 ,        0 , 1044.908 , 1044.908 ,    0.000 , 1044.908 , 1045.908 ,  112.100 ,   43.085 ,   -0.000 ,    0.502 ,       15 , 	)
  19 	 (   4 ,  960.000 , 1140.000 ,        0 , 1057.511 , 1057.511 ,    0.000 , 1057.511 , 1058.511 ,    0.000 ,   43.085 ,   -0.000 ,    3.196 ,       16 , 	)
 131 	 (   3 ,  975.285 , 1179.000 ,        0 , 1072.796 , 1072.796 ,    0.000 , 1072.796 , 1073.796 ,   14.285 ,   23.715 ,   -0.000 ,    1.478 ,       17 , 	)
 170 	 (   0 , 1069.886 , 1237.000 ,        0 , 1082.883 , 1082.883 ,    0.000 , 1082.883 , 1085.883 ,   50.915 ,   43.085 ,   -0.000 ,    1.778 ,       18 , 	)
  27 	 (   3 ,  960.000 , 1140.000 ,        0 , 1094.589 , 1094.589 ,    0.000 , 1094.589 , 1097.589 ,    0.000 ,   45.411 ,   -0.000 ,    6.392 ,       19 , 	)
  87 	 (   7 ,  965.000 , 1200.000 ,        0 , 1137.646 , 1137.646 ,    0.000 , 1137.646 , 1141.646 ,    0.000 ,   55.652 ,   -0.000 ,    0.659 ,       20 , 	)
 139 	 (   4 , 1110.000 , 1290.000 ,        0 , 1146.771 , 1146.771 ,    0.000 , 1146.771 , 1149.771 ,   49.182 ,   48.298 ,   -0.000 ,    8.223 ,       21 , 	)
 199 	 (   0 , 1064.000 , 1244.000 ,        0 , 1188.348 , 1188.348 ,    0.000 , 1188.348 , 1192.348 ,   46.702 ,   48.298 ,   -0.000 ,    2.573 ,       22 , 	)
 225 	 (   0 ,    0.000 , 1440.000 ,        0 , 1212.284 , 1212.284 ,    0.000 , 1212.284 , 1212.284 ,    0.000 ,  227.716 ,   -0.000 ,    0.000 ,       23 , 	)

	18 sommets 
	values : ( Cost : 412.876 , TRT : 470.780 , TWT : 122.347 , TD : 658.733 )
	violations : ( VC :       0 , VTW :   0.000 , VTD :   0.000 , VTRT :   0.000 )
	cout global : (   0.000	 )
S(i)	 (   C ,     TW0 ,       TW1 ,       VTW ,       Min ,       A ,       W ,       B ,       D ,       L ,       F ,       E ,       Det ,       [Imp ,       Imp]	)
   0 	 (   0 ,    0.000 , 1440.000 ,        0 ,    0.000 ,  384.024 ,    0.000 ,  384.024 ,  384.024 ,    0.000 ,    0.000 ,  384.024 ,    0.000 ,        0 , 	)
  78 	 (   2 ,  240.000 ,  480.000 ,        0 ,    5.605 ,  389.629 ,    0.000 ,  389.629 ,  391.629 ,    0.000 ,    0.000 ,  149.629 ,   -0.178 ,        1 , 	)
  69 	 (   5 ,  240.000 ,  420.000 ,        0 ,  270.371 ,  420.000 ,    0.000 ,  420.000 ,  423.000 ,    0.000 ,    0.000 ,  149.629 ,    6.619 ,        2 , 	)
  90 	 (   6 ,  258.000 ,  464.944 ,        0 ,  301.565 ,  451.194 ,   10.246 ,  461.440 ,  462.440 ,    0.000 ,    0.000 ,  159.874 ,    2.448 ,        3 , 	)
 190 	 (   4 ,  353.000 ,  593.000 ,        0 ,  311.038 ,  470.912 ,    0.000 ,  470.912 ,  472.912 ,   79.283 ,    0.000 ,  117.912 ,    1.505 ,        4 , 	)
 202 	 (   3 ,  302.000 ,  482.000 ,        0 ,  364.088 ,  482.000 ,    0.000 ,  482.000 ,  483.000 ,   19.560 ,    0.000 ,  117.912 ,    0.847 ,        5 , 	)
  49 	 (   7 ,  480.000 ,  660.000 ,        0 ,  387.470 ,  505.382 ,   69.647 ,  575.029 ,  579.029 ,    0.000 ,    0.000 ,   95.029 ,    8.974 ,        6 , 	)
 181 	 (   4 ,  373.000 ,  613.000 ,        0 ,  517.971 ,  613.000 ,    0.000 ,  613.000 ,  616.000 ,  190.000 ,    0.000 ,   95.029 ,    8.567 ,        7 , 	)
  54 	 (   5 ,  540.000 ,  720.000 ,        0 ,  552.711 ,  647.740 ,   42.455 ,  690.195 ,  691.195 ,    0.000 ,   12.805 ,  137.483 ,   16.395 ,        8 , 	)
 161 	 (   1 ,  555.000 ,  795.000 ,        0 ,  564.740 ,  702.223 ,    0.000 ,  702.223 ,  706.223 ,  123.195 ,   12.805 ,  137.483 ,    0.000 ,        9 , 	)
 103 	 (   4 ,  480.000 ,  720.000 ,        0 ,  568.740 ,  706.223 ,    0.000 ,  706.223 ,  709.223 ,    0.000 ,   13.777 ,  137.483 ,    0.000 ,       10 , 	)
  18 	 (   6 ,  720.000 ,  900.000 ,        0 ,  588.756 ,  726.239 ,    0.000 ,  726.239 ,  728.239 ,    0.000 ,   37.129 ,    6.239 ,    0.444 ,       11 , 	)
 166 	 (   5 ,  598.000 ,  778.000 ,        0 ,  725.827 ,  732.066 ,    0.000 ,  732.066 ,  733.066 ,   40.871 ,   37.129 ,    6.239 ,    5.032 ,       12 , 	)
   7 	 (   8 ,  720.000 ,  960.000 ,        0 ,  740.002 ,  746.241 ,    0.000 ,  746.241 ,  749.241 ,    0.000 ,   37.239 ,    6.239 ,   -9.307 ,       13 , 	)
 215 	 (   5 ,  604.000 ,  844.000 ,        0 ,  776.882 ,  783.121 ,    0.000 ,  783.121 ,  786.121 ,   73.898 ,   23.835 ,    6.239 ,   20.066 ,       14 , 	)
 119 	 (   2 ,  778.000 , 1018.000 ,        0 ,  794.167 ,  800.406 ,    0.000 ,  800.406 ,  803.406 ,   51.165 ,   23.835 ,    6.239 ,    4.250 ,       15 , 	)
 130 	 (   0 ,  809.000 ,  989.000 ,        0 ,  802.761 ,  809.000 ,    0.000 ,  809.000 ,  811.000 ,   80.761 ,   37.239 ,    0.000 ,    2.354 ,       16 , 	)
 225 	 (   0 ,    0.000 , 1440.000 ,        0 ,  854.805 ,  854.805 ,    0.000 ,  854.805 ,  854.805 ,    0.000 ,  585.195 ,    0.000 ,    0.000 ,       17 , 	)

	20 sommets 
	values : ( Cost : 343.739 , TRT : 317.553 , TWT :  25.102 , TD : 600.917 )
	violations : ( VC :       0 , VTW :   0.000 , VTD :   0.000 , VTRT :   0.000 )
	cout global : (   0.000	 )
S(i)	 (   C ,     TW0 ,       TW1 ,       VTW ,       Min ,       A ,       W ,       B ,       D ,       L ,       F ,       E ,       Det ,       [Imp ,       Imp]	)
   0 	 (   0 ,    0.000 , 1440.000 ,        0 ,    0.000 ,  791.164 ,    0.000 ,  791.164 ,  791.164 ,    0.000 ,    0.000 ,  791.164 ,    0.000 ,        0 , 	)
  45 	 (   1 ,  780.000 ,  960.000 ,        0 ,    5.949 ,  797.113 ,    0.000 ,  797.113 ,  798.113 ,    0.000 ,    0.000 ,   17.113 ,    0.000 ,        1 , 	)
  56 	 (   2 ,  720.000 ,  960.000 ,        0 ,  781.000 ,  798.113 ,    0.000 ,  798.113 ,  799.113 ,    0.000 ,    0.000 ,   17.113 ,    0.000 ,        2 , 	)
   2 	 (   6 ,  720.000 ,  900.000 ,        0 ,  792.923 ,  810.035 ,    0.000 ,  810.035 ,  814.035 ,    0.000 ,    0.000 ,   17.113 ,   14.035 ,        3 , 	)
 157 	 (   5 ,  807.601 , 1032.000 ,        0 ,  826.636 ,  843.749 ,    0.000 ,  843.749 ,  844.749 ,   45.636 ,    0.000 ,   17.113 ,    3.715 ,        4 , 	)
 114 	 (   1 ,  784.000 ,  964.000 ,        0 ,  831.941 ,  849.053 ,    0.000 ,  849.053 ,  853.053 ,   35.018 ,    0.000 ,   17.113 ,    3.886 ,        5 , 	)
  12 	 (   3 ,  720.000 ,  960.000 ,        0 ,  849.713 ,  866.826 ,    0.000 ,  866.826 ,  868.826 ,    0.000 ,    0.000 ,   17.113 ,    9.489 ,        6 , 	)
 168 	 (   2 ,  814.000 , 1054.000 ,        0 ,  866.847 ,  883.959 ,    0.000 ,  883.959 ,  884.959 ,   84.847 ,    0.000 ,   17.113 ,   10.650 ,        7 , 	)
  32 	 (   6 ,  720.000 ,  900.000 ,        0 ,  882.887 ,  900.000 ,    0.000 ,  900.000 ,  904.000 ,    0.000 ,    0.000 ,   17.113 ,    3.623 ,        8 , 	)
 124 	 (   4 ,  782.000 , 1022.000 ,        0 ,  900.253 ,  917.365 ,    0.000 ,  917.365 ,  919.365 ,   48.540 ,    6.456 ,   17.113 ,    0.000 ,        9 , 	)
  89 	 (   5 ,  720.000 ,  960.000 ,        0 ,  902.253 ,  919.365 ,    6.456 ,  925.822 ,  926.822 ,    0.000 ,    0.000 ,   23.569 ,    0.000 ,       10 , 	)
  79 	 (   6 ,  720.000 ,  960.000 ,        0 ,  914.660 ,  938.229 ,    0.000 ,  938.229 ,  939.229 ,    0.000 ,    0.000 ,   23.569 ,    7.574 ,       11 , 	)
  35 	 (   8 ,  720.000 ,  960.000 ,        0 ,  936.431 ,  960.000 ,    0.000 ,  960.000 ,  962.000 ,    0.000 ,    0.000 ,   23.569 ,  -11.083 ,       12 , 	)
 144 	 (   4 ,  817.000 ,  997.000 ,        0 ,  964.023 ,  987.592 ,    0.000 ,  987.592 ,  991.592 ,   83.592 ,    9.408 ,   23.569 ,   13.317 ,       13 , 	)
 147 	 (   2 ,  855.000 , 1035.000 ,        0 ,  994.630 , 1018.199 ,    0.000 , 1018.199 , 1020.199 ,   56.199 ,   16.801 ,   23.569 ,    7.096 ,       14 , 	)
 201 	 (   1 ,  876.000 , 1116.000 ,        0 , 1024.477 , 1048.047 ,    0.000 , 1048.047 , 1049.047 ,  121.225 ,   47.241 ,   23.569 ,    9.350 ,       15 , 	)
 191 	 (   0 ,  862.000 , 1102.000 ,        0 , 1031.189 , 1054.759 ,    0.000 , 1054.759 , 1055.759 ,  115.529 ,   47.241 ,   23.569 ,    2.065 ,       16 , 	)
  63 	 (   1 , 1080.000 , 1200.000 ,        0 , 1037.785 , 1061.354 ,   18.646 , 1080.000 , 1081.000 ,    0.000 ,  120.000 ,    0.000 ,    1.576 ,       17 , 	)
 175 	 (   0 , 1091.332 , 1222.000 ,        0 , 1091.332 , 1091.332 ,    0.000 , 1091.332 , 1092.332 ,   10.332 ,   10.668 ,    0.000 ,   12.809 ,       18 , 	)
 225 	 (   0 ,    0.000 , 1440.000 ,        0 , 1108.717 , 1108.717 ,    0.000 , 1108.717 , 1108.717 ,    0.000 ,  331.283 ,   -0.000 ,    0.000 ,       19 , 	)

	22 sommets 
	values : ( Cost : 469.442 , TRT : 456.940 , TWT :  57.976 , TD : 797.735 )
	violations : ( VC :       0 , VTW :   0.000 , VTD :   0.000 , VTRT :   0.000 )
	cout global : (   0.000	 )
S(i)	 (   C ,     TW0 ,       TW1 ,       VTW ,       Min ,       A ,       W ,       B ,       D ,       L ,       F ,       E ,       Det ,       [Imp ,       Imp]	)
   0 	 (   0 ,    0.000 , 1440.000 ,        0 ,    0.000 ,  298.558 ,    0.000 ,  298.558 ,  298.558 ,    0.000 ,    0.000 ,  298.558 ,    0.000 ,        0 , 	)
  21 	 (   1 ,  300.000 ,  480.000 ,        0 ,   19.223 ,  317.781 ,    0.000 ,  317.781 ,  318.781 ,    0.000 ,    0.000 ,   17.781 ,    3.592 ,        1 , 	)
  33 	 (   3 ,  300.000 ,  420.000 ,        0 ,  333.992 ,  351.773 ,    0.000 ,  351.773 ,  353.773 ,    0.000 ,    0.000 ,   17.781 ,   16.720 ,        2 , 	)
  20 	 (   7 ,  240.000 ,  420.000 ,        0 ,  363.386 ,  381.168 ,    0.000 ,  381.168 ,  385.168 ,    0.000 ,    0.000 ,   17.781 ,    3.222 ,        3 , 	)
 145 	 (   5 ,  331.183 ,  500.000 ,        0 ,  372.397 ,  390.178 ,    0.000 ,  390.178 ,  392.178 ,   36.405 ,    0.000 ,   17.781 ,    1.010 ,        4 , 	)
  92 	 (   7 ,  240.000 ,  420.000 ,        0 ,  395.517 ,  413.298 ,    0.000 ,  413.298 ,  415.298 ,    0.000 ,    0.000 ,   17.781 ,    8.931 ,        5 , 	)
 132 	 (   3 ,  287.000 ,  523.000 ,        0 ,  418.345 ,  436.126 ,    0.000 ,  436.126 ,  440.126 ,   50.959 ,    0.000 ,   17.781 ,   13.404 ,        6 , 	)
  70 	 (   6 ,  240.000 ,  480.000 ,        0 ,  438.789 ,  456.570 ,    0.000 ,  456.570 ,  459.570 ,    0.000 ,    0.000 ,   17.781 ,    0.498 ,        7 , 	)
 133 	 (   5 ,  424.000 ,  664.000 ,        0 ,  451.327 ,  469.108 ,    0.000 ,  469.108 ,  470.108 ,  150.327 ,    0.000 ,   17.781 ,    0.868 ,        8 , 	)
 104 	 (   7 ,  240.000 ,  480.000 ,        0 ,  462.219 ,  480.000 ,    0.000 ,  480.000 ,  482.000 ,    0.000 ,    0.000 ,   17.781 ,    3.110 ,        9 , 	)
 204 	 (   5 ,  310.000 ,  550.000 ,        0 ,  471.841 ,  489.623 ,    0.000 ,  489.623 ,  491.623 ,   74.324 ,   46.155 ,   17.781 ,    3.959 ,       10 , 	)
  11 	 (   6 ,  540.000 ,  720.000 ,        0 ,  481.375 ,  499.156 ,   46.155 ,  545.311 ,  546.311 ,    0.000 ,    0.000 ,    5.311 ,    0.571 ,       11 , 	)
 182 	 (   3 ,  334.000 ,  574.000 ,        0 ,  562.789 ,  568.101 ,    0.000 ,  568.101 ,  571.101 ,  108.531 ,    0.000 ,    5.311 ,    9.339 ,       12 , 	)
 109 	 (   7 ,  480.000 ,  720.000 ,        0 ,  572.497 ,  577.808 ,    0.000 ,  577.808 ,  581.808 ,    0.000 ,    0.000 ,    5.311 ,    0.817 ,       13 , 	)
 216 	 (   5 ,  349.000 ,  589.000 ,        0 ,  583.689 ,  589.000 ,    0.000 ,  589.000 ,  591.000 ,  107.000 ,    0.000 ,    5.311 ,   -2.191 ,       14 , 	)
 101 	 (   8 ,  540.000 ,  720.000 ,        0 ,  596.283 ,  601.595 ,   11.821 ,  613.416 ,  616.416 ,    0.000 ,   36.311 ,   17.132 ,    1.282 ,       15 , 	)
 123 	 (   7 ,  629.000 ,  809.000 ,        0 ,  611.868 ,  629.000 ,    0.000 ,  629.000 ,  630.000 ,   82.689 ,   21.401 ,    0.000 ,   -0.450 ,       16 , 	)
 221 	 (   3 ,  607.000 ,  787.000 ,        0 ,  649.165 ,  649.165 ,    0.000 ,  649.165 ,  653.165 ,   67.356 ,   21.401 ,    0.000 ,    1.623 ,       17 , 	)
  15 	 (   4 ,  480.000 ,  720.000 ,        0 ,  666.789 ,  666.789 ,    0.000 ,  666.789 ,  667.789 ,    0.000 ,   21.401 ,    0.000 ,   25.626 ,       18 , 	)
 127 	 (   3 ,  535.000 ,  775.000 ,        0 ,  695.334 ,  695.334 ,    0.000 ,  695.334 ,  696.334 ,   27.545 ,   21.401 ,    0.000 ,   -1.514 ,       19 , 	)
 213 	 (   0 ,  588.000 ,  828.000 ,        0 ,  709.015 ,  709.015 ,    0.000 ,  709.015 ,  712.015 ,   92.599 ,   21.401 ,    0.000 ,    4.234 ,       20 , 	)
 225 	 (   0 ,    0.000 , 1440.000 ,        0 ,  755.498 ,  755.498 ,    0.000 ,  755.498 ,  755.498 ,    0.000 ,  684.502 ,    0.000 ,    0.000 ,       21 , 	)

	20 sommets 
	values : ( Cost : 398.146 , TRT : 356.862 , TWT :  21.504 , TD : 640.802 )
	violations : ( VC :       0 , VTW :   0.000 , VTD :   0.000 , VTRT :   0.000 )
	cout global : (   0.000	 )
S(i)	 (   C ,     TW0 ,       TW1 ,       VTW ,       Min ,       A ,       W ,       B ,       D ,       L ,       F ,       E ,       Det ,       [Imp ,       Imp]	)
   0 	 (   0 ,    0.000 , 1440.000 ,        0 ,    0.000 ,  264.368 ,    0.000 ,  264.368 ,  264.368 ,    0.000 ,    0.000 ,  264.368 ,    0.000 ,        0 , 	)
  66 	 (   1 ,  240.000 ,  480.000 ,        0 ,   18.723 ,  283.091 ,    0.000 ,  283.091 ,  284.091 ,    0.000 ,    0.000 ,   43.091 ,   26.189 ,        1 , 	)
 178 	 (   0 ,  316.000 ,  556.000 ,        0 ,  278.815 ,  321.906 ,    0.000 ,  321.906 ,  322.906 ,   37.815 ,    0.000 ,    5.906 ,    2.611 ,        2 , 	)
  85 	 (   4 ,  289.000 ,  438.013 ,        0 ,  333.962 ,  339.868 ,    0.000 ,  339.868 ,  343.868 ,    0.000 ,    0.000 ,    5.906 ,   -0.549 ,        3 , 	)
 112 	 (   6 ,  240.000 ,  480.000 ,        0 ,  355.143 ,  361.049 ,    0.000 ,  361.049 ,  363.049 ,    0.000 ,    0.000 ,    5.906 ,   -0.343 ,        4 , 	)
 197 	 (   2 ,  351.000 ,  471.000 ,        0 ,  368.606 ,  374.512 ,    0.000 ,  374.512 ,  378.512 ,   30.644 ,    0.000 ,    5.906 ,   16.421 ,        5 , 	)
  95 	 (   3 ,  270.000 ,  461.337 ,        0 ,  385.289 ,  391.195 ,    0.000 ,  391.195 ,  392.195 ,    0.000 ,    0.000 ,    5.906 ,   -1.567 ,        6 , 	)
  13 	 (   5 ,  244.000 ,  480.000 ,        0 ,  416.056 ,  421.962 ,    0.000 ,  421.962 ,  423.962 ,    0.000 ,    0.000 ,    5.906 ,    2.398 ,        7 , 	)
  65 	 (   6 ,  240.000 ,  480.000 ,        0 ,  431.226 ,  437.132 ,    0.000 ,  437.132 ,  438.132 ,    0.000 ,    0.000 ,    5.906 ,    1.794 ,        8 , 	)
  50 	 (   7 ,  242.000 ,  480.000 ,        0 ,  446.894 ,  452.800 ,    0.000 ,  452.800 ,  453.800 ,    0.000 ,    0.000 ,    5.906 ,    5.279 ,        9 , 	)
 207 	 (   6 ,  385.000 ,  505.000 ,        0 ,  453.641 ,  459.547 ,    0.000 ,  459.547 ,  460.547 ,   67.352 ,    0.000 ,    5.906 ,    4.977 ,       10 , 	)
 224 	 (   4 ,  343.000 ,  583.000 ,        0 ,  466.471 ,  472.377 ,    0.000 ,  472.377 ,  474.377 ,  109.328 ,    0.000 ,    5.906 ,    0.862 ,       11 , 	)
  84 	 (   8 ,  240.000 ,  480.000 ,        0 ,  474.094 ,  480.000 ,    0.000 ,  480.000 ,  484.000 ,    0.000 ,    0.000 ,    5.906 ,   -0.080 ,       12 , 	)
 125 	 (   6 ,  347.000 ,  527.000 ,        0 ,  485.368 ,  491.274 ,    0.000 ,  491.274 ,  493.274 ,   67.313 ,   10.456 ,    5.906 ,    0.000 ,       13 , 	)
  47 	 (   8 ,  481.000 ,  720.000 ,        0 ,  487.368 ,  493.274 ,   10.456 ,  503.731 ,  505.731 ,    0.000 ,    0.000 ,   16.362 ,    0.000 ,       14 , 	)
 162 	 (   7 ,  352.000 ,  532.000 ,        0 ,  515.638 ,  532.000 ,    0.000 ,  532.000 ,  533.000 ,   78.200 ,    0.000 ,   16.362 ,    0.673 ,       15 , 	)
 177 	 (   6 ,  319.000 ,  559.000 ,        0 ,  520.894 ,  537.256 ,    0.000 ,  537.256 ,  538.256 ,   99.125 ,    6.875 ,   16.362 ,   -0.001 ,       16 , 	)
 196 	 (   2 ,  393.000 ,  633.000 ,        0 ,  528.393 ,  544.756 ,    0.000 ,  544.756 ,  548.756 ,   60.756 ,   33.778 ,   16.362 ,    9.462 ,       17 , 	)
 159 	 (   0 ,  596.000 ,  776.000 ,        0 ,  568.590 ,  584.953 ,   11.047 ,  596.000 ,  598.000 ,   90.269 ,   22.731 ,    0.000 ,    2.526 ,       18 , 	)
 225 	 (   0 ,    0.000 , 1440.000 ,        0 ,  621.229 ,  621.229 ,    0.000 ,  621.229 ,  621.229 ,    0.000 ,  818.771 ,    0.000 ,    0.000 ,       19 , 	)

	16 sommets 
	values : ( Cost : 363.151 , TRT : 476.783 , TWT : 165.738 , TD : 448.754 )
	violations : ( VC :       0 , VTW :   0.000 , VTD :   0.000 , VTRT :   0.000 )
	cout global : (   0.000	 )
S(i)	 (   C ,     TW0 ,       TW1 ,       VTW ,       Min ,       A ,       W ,       B ,       D ,       L ,       F ,       E ,       Det ,       [Imp ,       Imp]	)
   0 	 (   0 ,    0.000 , 1440.000 ,        0 ,    0.000 ,  401.453 ,    0.000 ,  401.453 ,  401.453 ,    0.000 ,    0.000 ,  401.453 ,    0.000 ,        0 , 	)
  36 	 (   3 ,  300.000 ,  480.000 ,        0 ,   31.838 ,  433.291 ,    0.000 ,  433.291 ,  436.291 ,    0.000 ,    0.000 ,  133.291 ,    0.001 ,        1 , 	)
 148 	 (   0 ,  357.000 ,  537.000 ,        0 ,  330.800 ,  464.091 ,    0.000 ,  464.091 ,  467.091 ,   27.800 ,    0.000 ,  107.091 ,    2.874 ,        2 , 	)
  61 	 (   4 ,  360.000 ,  480.000 ,        0 ,  372.909 ,  480.000 ,    0.000 ,  480.000 ,  484.000 ,    0.000 ,    0.000 ,  107.091 ,   -1.464 ,        3 , 	)
  37 	 (   6 ,  480.000 ,  720.000 ,        0 ,  383.671 ,  490.762 ,   80.801 ,  571.563 ,  573.563 ,    0.000 ,    0.000 ,   91.563 ,    5.897 ,        4 , 	)
  55 	 (   8 ,  521.000 ,  686.879 ,        0 ,  492.300 ,  583.863 ,    0.000 ,  583.863 ,  585.863 ,    0.000 ,    0.000 ,   62.863 ,    3.369 ,        5 , 	)
 167 	 (   6 ,  596.000 ,  716.000 ,        0 ,  550.121 ,  612.984 ,    0.000 ,  612.984 ,  614.984 ,   27.121 ,    0.000 ,   16.984 ,    4.992 ,        6 , 	)
 149 	 (   4 ,  575.000 ,  815.000 ,        0 ,  614.917 ,  631.901 ,    0.000 ,  631.901 ,  633.901 ,   58.338 ,    0.000 ,   16.984 ,   -4.735 ,        7 , 	)
 173 	 (   0 ,  473.000 ,  653.000 ,        0 ,  636.016 ,  653.000 ,    0.000 ,  653.000 ,  657.000 ,  169.000 ,    0.000 ,   16.984 ,    1.140 ,        8 , 	)
   8 	 (   3 ,  720.000 ,  780.000 ,        0 ,  651.832 ,  668.816 ,   84.936 ,  753.752 ,  756.752 ,    0.000 ,   26.248 ,   33.752 ,   21.114 ,        9 , 	)
  41 	 (   6 ,  729.000 ,  959.633 ,        0 ,  742.191 ,  775.943 ,    0.000 ,  775.943 ,  778.943 ,    0.000 ,   98.091 ,   33.752 ,    8.357 ,       10 , 	)
  68 	 (   8 ,  720.000 ,  900.000 ,        0 ,  768.157 ,  801.909 ,    0.000 ,  801.909 ,  803.909 ,    0.000 ,   46.943 ,   33.752 ,    1.690 ,       11 , 	)
 153 	 (   5 ,  813.000 ,  993.000 ,        0 ,  779.248 ,  813.000 ,    0.000 ,  813.000 ,  816.000 ,   34.057 ,   46.943 ,    0.000 ,    6.111 ,       12 , 	)
 180 	 (   3 ,  756.000 ,  996.000 ,        0 ,  837.086 ,  837.086 ,    0.000 ,  837.086 ,  839.086 ,   33.177 ,   63.823 ,    0.000 ,    1.831 ,       13 , 	)
 120 	 (   0 ,  816.000 ,  989.000 ,        0 ,  856.014 ,  856.014 ,    0.000 ,  856.014 ,  859.014 ,   99.262 ,  106.738 ,    0.000 ,    0.105 ,       14 , 	)
 225 	 (   0 ,    0.000 , 1440.000 ,        0 ,  878.237 ,  878.237 ,    0.000 ,  878.237 ,  878.237 ,    0.000 ,  561.763 ,    0.000 ,    0.000 ,       15 , 	)

	22 sommets 
	values : ( Cost : 494.095 , TRT : 437.251 , TWT :  19.751 , TD : 617.162 )
	violations : ( VC :       0 , VTW :   0.000 , VTD :   0.000 , VTRT :   0.000 )
	cout global : (   0.000	 )
S(i)	 (   C ,     TW0 ,       TW1 ,       VTW ,       Min ,       A ,       W ,       B ,       D ,       L ,       F ,       E ,       Det ,       [Imp ,       Imp]	)
   0 	 (   0 ,    0.000 , 1440.000 ,        0 ,    0.000 ,  831.041 ,    0.000 ,  831.041 ,  831.041 ,    0.000 ,    0.000 ,  831.041 ,    0.000 ,        0 , 	)
  43 	 (   3 ,  780.000 ,  960.000 ,        0 ,   21.110 ,  852.151 ,    0.000 ,  852.151 ,  855.151 ,    0.000 ,    0.000 ,   72.151 ,    0.000 ,        1 , 	)
   4 	 (   6 ,  720.000 ,  960.000 ,        0 ,  783.000 ,  855.151 ,    0.000 ,  855.151 ,  858.151 ,    0.000 ,    0.000 ,   72.151 ,    0.000 ,        2 , 	)
 155 	 (   3 ,  811.314 , 1039.000 ,        0 ,  814.314 ,  886.465 ,    0.000 ,  886.465 ,  889.465 ,   31.314 ,    0.000 ,   72.151 ,   10.407 ,        3 , 	)
  26 	 (   6 ,  760.000 ,  927.456 ,        0 ,  843.708 ,  915.859 ,    0.000 ,  915.859 ,  918.859 ,    0.000 ,    0.000 ,   72.151 ,   -0.547 ,        4 , 	)
  94 	 (   7 ,  720.000 ,  960.000 ,        0 ,  868.668 ,  940.819 ,    0.000 ,  940.819 ,  941.819 ,    0.000 ,    0.000 ,   72.151 ,   10.598 ,        5 , 	)
 138 	 (   4 ,  839.000 ,  959.000 ,        0 ,  886.849 ,  959.000 ,    0.000 ,  959.000 ,  962.000 ,   40.141 ,    0.000 ,   72.151 ,    9.120 ,        6 , 	)
 206 	 (   3 ,  790.000 , 1030.000 ,        0 ,  916.717 ,  988.868 ,    0.000 ,  988.868 ,  989.868 ,   47.049 ,   22.421 ,   72.151 ,    9.676 ,        7 , 	)
  93 	 (   6 , 1020.000 , 1140.000 ,        0 ,  928.098 , 1000.249 ,   19.751 , 1020.000 , 1023.000 ,    0.000 ,    2.670 ,    0.000 ,    0.863 ,        8 , 	)
 116 	 (   3 ,  852.000 , 1092.000 ,        0 , 1028.481 , 1028.481 ,    0.000 , 1028.481 , 1031.481 ,  170.330 ,    2.670 ,    0.000 ,    3.934 ,        9 , 	)
 107 	 (   5 ,  960.000 , 1200.000 ,        0 , 1059.414 , 1059.414 ,    0.000 , 1059.414 , 1061.414 ,    0.000 ,   41.404 ,   -0.000 ,    2.736 ,       10 , 	)
 219 	 (   3 , 1021.000 , 1261.000 ,        0 , 1091.302 , 1091.302 ,    0.000 , 1091.302 , 1093.302 ,   29.889 ,   41.404 ,   -0.000 ,    0.774 ,       11 , 	)
  72 	 (   4 ,  960.000 , 1140.000 ,        0 , 1098.596 , 1098.596 ,    0.000 , 1098.596 , 1099.596 ,    0.000 ,   41.404 ,   -0.000 ,    0.000 ,       12 , 	)
 205 	 (   1 , 1080.350 , 1296.000 ,        0 , 1099.596 , 1099.596 ,    0.000 , 1099.596 , 1102.596 ,   76.596 ,   54.685 ,   -0.000 ,    0.000 ,       13 , 	)
  67 	 (   5 , 1020.000 , 1200.000 ,        0 , 1117.710 , 1117.710 ,    0.000 , 1117.710 , 1121.710 ,    0.000 ,   54.685 ,   -0.000 ,    0.796 ,       14 , 	)
   1 	 (   7 , 1020.000 , 1200.000 ,        0 , 1129.868 , 1129.868 ,    0.000 , 1129.868 , 1131.868 ,    0.000 ,   14.655 ,   -0.000 ,   10.750 ,       15 , 	)
  10 	 (   8 ,  960.000 , 1200.000 ,        0 , 1145.315 , 1145.315 ,    0.000 , 1145.315 , 1146.315 ,    0.000 ,   14.655 ,   -0.000 ,    2.491 ,       16 , 	)
 179 	 (   4 , 1057.000 , 1237.000 ,        0 , 1152.055 , 1152.055 ,    0.000 , 1152.055 , 1156.055 ,   30.345 ,   14.655 ,   -0.000 ,    0.000 ,       17 , 	)
 184 	 (   3 , 1046.000 , 1226.000 ,        0 , 1156.055 , 1156.055 ,    0.000 , 1156.055 , 1157.055 ,   56.459 ,   36.429 ,   -0.000 ,    0.000 ,       18 , 	)
 113 	 (   1 , 1051.658 , 1281.000 ,        0 , 1174.439 , 1174.439 ,    0.000 , 1174.439 , 1176.439 ,   42.571 ,   36.429 ,   -0.000 ,   14.656 ,       19 , 	)
 122 	 (   0 , 1091.000 , 1331.000 ,        0 , 1238.783 , 1238.783 ,    0.000 , 1238.783 , 1239.783 ,   92.468 ,   82.532 ,   -0.000 ,   12.012 ,       20 , 	)
 225 	 (   0 ,    0.000 , 1440.000 ,        0 , 1268.292 , 1268.292 ,    0.000 , 1268.292 , 1268.292 ,    0.000 ,  171.708 ,   -0.000 ,    0.000 ,       21 , 	)

	16 sommets 
	values : ( Cost : 373.903 , TRT : 459.094 , TWT : 149.964 , TD : 456.244 )
	violations : ( VC :       0 , VTW :   0.000 , VTD :   0.000 , VTRT :   0.000 )
	cout global : (   0.000	 )
S(i)	 (   C ,     TW0 ,       TW1 ,       VTW ,       Min ,       A ,       W ,       B ,       D ,       L ,       F ,       E ,       Det ,       [Imp ,       Imp]	)
   0 	 (   0 ,    0.000 , 1440.000 ,        0 ,    0.000 ,  316.547 ,    0.000 ,  316.547 ,  316.547 ,    0.000 ,    0.000 ,  316.547 ,    0.000 ,        0 , 	)
  75 	 (   1 ,  300.000 ,  480.000 ,        0 ,   39.737 ,  356.283 ,    0.000 ,  356.283 ,  357.283 ,    0.000 ,    0.000 ,   56.283 ,   12.703 ,        1 , 	)
 187 	 (   0 ,  346.000 ,  526.000 ,        0 ,  323.768 ,  380.051 ,    0.000 ,  380.051 ,  381.051 ,   22.768 ,    0.000 ,   34.051 ,   -5.444 ,        2 , 	)
  28 	 (   3 ,  240.000 ,  480.000 ,        0 ,  369.476 ,  403.527 ,    0.000 ,  403.527 ,  406.527 ,    0.000 ,    0.000 ,   34.051 ,   -0.053 ,        3 , 	)
  42 	 (   6 ,  240.000 ,  480.000 ,        0 ,  378.626 ,  412.677 ,    0.000 ,  412.677 ,  415.677 ,    0.000 ,    0.000 ,   34.051 ,    1.074 ,        4 , 	)
   6 	 (   7 ,  240.000 ,  480.000 ,        0 ,  387.965 ,  422.016 ,    0.000 ,  422.016 ,  423.016 ,    0.000 ,    0.000 ,   34.051 ,    8.252 ,        5 , 	)
   5 	 (   8 ,  420.000 ,  480.000 ,        0 ,  402.141 ,  436.192 ,    0.000 ,  436.192 ,  437.192 ,    0.000 ,    0.000 ,   16.192 ,    3.768 ,        6 , 	)
 140 	 (   5 ,  376.000 ,  556.000 ,        0 ,  448.375 ,  464.567 ,    0.000 ,  464.567 ,  467.567 ,   58.040 ,    0.000 ,   16.192 ,   14.176 ,        7 , 	)
 100 	 (   8 ,  240.000 ,  480.000 ,        0 ,  463.808 ,  480.000 ,    0.000 ,  480.000 ,  483.000 ,    0.000 ,   -0.000 ,   16.192 ,   19.020 ,        8 , 	)
 118 	 (   7 ,  361.000 ,  541.000 ,        0 ,  482.423 ,  498.615 ,    0.000 ,  498.615 ,  499.615 ,   75.599 ,   14.743 ,   16.192 ,    1.394 ,        9 , 	)
 212 	 (   4 ,  297.000 ,  537.000 ,        0 ,  496.599 ,  512.791 ,    0.000 ,  512.791 ,  515.791 ,   29.791 ,   14.743 ,   16.192 ,   17.259 ,       10 , 	)
 154 	 (   1 ,  375.000 ,  555.000 ,        0 ,  521.742 ,  537.934 ,    0.000 ,  537.934 ,  540.934 ,  122.257 ,   14.743 ,   16.192 ,    7.506 ,       11 , 	)
 117 	 (   0 ,  493.000 ,  613.000 ,        0 ,  536.372 ,  552.564 ,    0.000 ,  552.564 ,  553.564 ,  115.372 ,   22.628 ,   16.192 ,    0.406 ,       12 , 	)
  60 	 (   2 ,  720.000 ,  840.000 ,        0 ,  553.844 ,  570.036 ,  149.964 ,  720.000 ,  722.000 ,    0.000 ,  120.000 ,    0.000 ,    8.139 ,       13 , 	)
 172 	 (   0 ,  754.417 ,  929.000 ,        0 ,  754.417 ,  754.417 ,    0.000 ,  754.417 ,  756.417 ,   32.417 ,   54.583 ,    0.000 ,   10.789 ,       14 , 	)
 225 	 (   0 ,    0.000 , 1440.000 ,        0 ,  775.641 ,  775.641 ,    0.000 ,  775.641 ,  775.641 ,    0.000 ,  664.359 ,    0.000 ,    0.000 ,       15 , 	)

	16 sommets 
	values : ( Cost : 344.246 , TRT : 288.832 , TWT :   0.000 , TD : 296.139 )
	violations : ( VC :       0 , VTW :   0.000 , VTD :   0.000 , VTRT :   0.000 )
	cout global : (   0.000	 )
S(i)	 (   C ,     TW0 ,       TW1 ,       VTW ,       Min ,       A ,       W ,       B ,       D ,       L ,       F ,       E ,       Det ,       [Imp ,       Imp]	)
   0 	 (   0 ,    0.000 , 1440.000 ,        0 ,    0.000 ,  199.117 ,    0.000 ,  199.117 ,  199.117 ,    0.000 ,   43.491 ,  199.117 ,    0.000 ,        0 , 	)
  23 	 (   3 ,  240.000 ,  480.000 ,        0 ,   62.592 ,  261.708 ,    0.000 ,  261.708 ,  264.708 ,    0.000 ,   43.491 ,   21.708 ,    6.875 ,        1 , 	)
  38 	 (   5 ,  240.000 ,  420.000 ,        0 ,  265.640 ,  287.348 ,    0.000 ,  287.348 ,  289.348 ,    0.000 ,   22.914 ,   21.708 ,    8.046 ,        2 , 	)
  29 	 (   8 ,  240.000 ,  480.000 ,        0 ,  278.903 ,  300.611 ,    0.000 ,  300.611 ,  303.611 ,    0.000 ,   22.914 ,   21.708 ,   -0.550 ,        3 , 	)
 150 	 (   6 ,  322.000 ,  502.000 ,        0 ,  310.350 ,  332.058 ,    0.000 ,  332.058 ,  334.058 ,   42.710 ,   22.914 ,   10.058 ,    1.794 ,        4 , 	)
 135 	 (   3 ,  320.000 ,  560.000 ,        0 ,  335.736 ,  345.794 ,    0.000 ,  345.794 ,  348.794 ,   81.086 ,   22.914 ,   10.058 ,    2.923 ,        5 , 	)
 141 	 (   0 ,  358.000 ,  538.000 ,        0 ,  347.942 ,  358.000 ,    0.000 ,  358.000 ,  361.000 ,   54.389 ,   43.491 ,    0.000 ,    1.686 ,        6 , 	)
  14 	 (   4 ,  240.000 ,  480.000 ,        0 ,  382.003 ,  382.003 ,    0.000 ,  382.003 ,  386.003 ,    0.000 ,   43.491 ,    0.000 ,   11.048 ,        7 , 	)
  22 	 (   5 ,  314.000 ,  471.070 ,        0 ,  400.850 ,  400.850 ,    0.000 ,  400.850 ,  401.850 ,    0.000 ,   43.491 ,    0.000 ,    4.547 ,        8 , 	)
 126 	 (   1 ,  289.000 ,  529.000 ,        0 ,  408.816 ,  408.816 ,    0.000 ,  408.816 ,  412.816 ,   22.813 ,   29.643 ,    0.000 ,    0.021 ,        9 , 	)
  64 	 (   2 ,  300.000 ,  480.000 ,        0 ,  418.234 ,  418.234 ,    0.000 ,  418.234 ,  419.234 ,    0.000 ,   29.643 ,    0.000 ,    2.426 ,       10 , 	)
 134 	 (   1 ,  374.000 ,  494.000 ,        0 ,  431.207 ,  431.207 ,    0.000 ,  431.207 ,  432.207 ,   29.357 ,   29.643 ,    0.000 ,    1.189 ,       11 , 	)
  57 	 (   2 ,  240.000 ,  480.000 ,        0 ,  436.509 ,  436.509 ,    0.000 ,  436.509 ,  437.509 ,    0.000 ,   37.571 ,    0.000 ,    0.441 ,       12 , 	)
 176 	 (   1 ,  327.908 ,  553.000 ,        0 ,  453.663 ,  453.663 ,    0.000 ,  453.663 ,  454.663 ,   34.429 ,   37.571 ,    0.000 ,    0.980 ,       13 , 	)
 169 	 (   0 ,  299.000 ,  539.000 ,        0 ,  468.865 ,  468.865 ,    0.000 ,  468.865 ,  469.865 ,   31.356 ,   47.644 ,    0.000 ,   20.992 ,       14 , 	)
 225 	 (   0 ,    0.000 , 1440.000 ,        0 ,  487.948 ,  487.948 ,    0.000 ,  487.948 ,  487.948 ,    0.000 ,  952.052 ,    0.000 ,    0.000 ,       15 , 	)
