16
	VALUE ALL : ( Cost : 5824.228 , TRT : 5286.591 , TWT : 347.472 , TD : 7872.872 )
	VIOLATIONS TOTAL : ( VC :       0 , VTW :   0.000 , VTD :   0.000 , VTRT :   0.000 )
 	COUT_ALL : (   0.004 )  T2B:   19201

	18 sommets 
	values : ( Cost : 392.089 , TRT : 332.804 , TWT :   0.000 , TD : 527.181 )
	violations : ( VC :       0 , VTW :   0.000 , VTD :   0.000 , VTRT :   0.000 )
	cout global : (   0.000	 )
S(i)	 (   C ,     TW0 ,       TW1 ,       VTW ,       Min ,       A ,       W ,       B ,       D ,       L ,       F ,       E ,       Det ,       [Imp ,       Imp]	)
   0 	 (   0 ,    0.000 , 1440.000 ,        0 ,    0.000 ,  651.336 ,    0.000 ,  651.336 ,  651.336 ,    0.000 ,   28.005 ,  651.336 ,    0.000 ,        0 , 	)
  28 	 (   1 ,  484.000 ,  720.000 ,        0 ,   21.027 ,  672.363 ,    0.000 ,  672.363 ,  673.363 ,    0.000 ,   28.005 ,  188.363 ,    1.547 ,        1 , 	)
  66 	 (   3 ,  482.000 ,  720.000 ,        0 ,  491.083 ,  679.446 ,    0.000 ,  679.446 ,  681.446 ,    0.000 ,   28.005 ,  188.363 ,    0.564 ,        2 , 	)
 150 	 (   2 ,  584.000 ,  764.000 ,        0 ,  524.717 ,  713.080 ,    0.000 ,  713.080 ,  714.080 ,   39.717 ,   28.005 ,  129.080 ,    5.888 ,        3 , 	)
  96 	 (   3 ,  720.000 ,  960.000 ,        0 ,  590.920 ,  720.000 ,    0.000 ,  720.000 ,  721.000 ,    0.000 ,   28.005 ,    0.000 ,   -0.315 ,        4 , 	)
 188 	 (   1 ,  590.000 ,  770.000 ,        0 ,  733.443 ,  733.443 ,    0.000 ,  733.443 ,  735.443 ,   51.997 ,    8.777 ,    0.000 ,    2.999 ,        5 , 	)
   1 	 (   4 ,  720.000 ,  900.000 ,        0 ,  765.186 ,  765.186 ,    0.000 ,  765.186 ,  768.186 ,    0.000 ,    8.777 ,    0.000 ,    9.818 ,        6 , 	)
  90 	 (   8 ,  720.000 ,  900.000 ,        0 ,  774.385 ,  774.385 ,    0.000 ,  774.385 ,  778.385 ,    0.000 ,    8.777 ,    0.000 ,   -1.625 ,        7 , 	)
 218 	 (   7 ,  808.000 , 1048.000 ,        0 ,  829.223 ,  829.223 ,    0.000 ,  829.223 ,  830.223 ,  108.223 ,    8.777 ,    0.000 ,   15.302 ,        8 , 	)
 212 	 (   3 ,  787.000 , 1027.000 ,        0 ,  841.655 ,  841.655 ,    0.000 ,  841.655 ,  845.655 ,   63.270 ,   28.005 ,    0.000 ,    5.554 ,        9 , 	)
  53 	 (   4 ,  720.000 ,  900.000 ,        0 ,  848.941 ,  848.941 ,    0.000 ,  848.941 ,  849.941 ,    0.000 ,   28.005 ,    0.000 ,    0.474 ,       10 , 	)
 123 	 (   1 ,  817.000 ,  997.000 ,        0 ,  854.758 ,  854.758 ,    0.000 ,  854.758 ,  857.758 ,   86.572 ,    9.159 ,    0.000 ,    3.510 ,       11 , 	)
 115 	 (   5 ,  780.000 ,  960.000 ,        0 ,  876.862 ,  876.862 ,    0.000 ,  876.862 ,  880.862 ,    0.000 ,    9.159 ,    0.000 ,    3.123 ,       12 , 	)
 108 	 (   8 ,  791.000 ,  954.769 ,        0 ,  912.717 ,  912.717 ,    0.000 ,  912.717 ,  915.717 ,    0.000 ,    9.159 ,    0.000 ,    8.868 ,       13 , 	)
 175 	 (   7 ,  796.000 ,  976.000 ,        0 ,  931.782 ,  931.782 ,    0.000 ,  931.782 ,  932.782 ,   81.841 ,    9.159 ,    0.000 ,    3.729 ,       14 , 	)
 237 	 (   3 ,  872.000 , 1052.000 ,        0 ,  936.146 ,  936.146 ,    0.000 ,  936.146 ,  940.146 ,   55.284 ,   28.005 ,    0.000 ,    0.410 ,       15 , 	)
 230 	 (   0 ,  864.000 ,  984.000 ,        0 ,  955.995 ,  955.995 ,    0.000 ,  955.995 ,  958.995 ,   40.277 ,   28.005 ,    0.000 ,   10.530 ,       16 , 	)
 245 	 (   0 ,    0.000 , 1440.000 ,        0 ,  984.140 ,  984.140 ,    0.000 ,  984.140 ,  984.140 ,    0.000 ,  455.860 ,    0.000 ,    0.000 ,       17 , 	)

	16 sommets 
	values : ( Cost : 283.623 , TRT : 249.250 , TWT :   0.000 , TD : 348.266 )
	violations : ( VC :       0 , VTW :   0.000 , VTD :   0.000 , VTRT :   0.000 )
	cout global : (   0.000	 )
S(i)	 (   C ,     TW0 ,       TW1 ,       VTW ,       Min ,       A ,       W ,       B ,       D ,       L ,       F ,       E ,       Det ,       [Imp ,       Imp]	)
   0 	 (   0 ,    0.000 , 1440.000 ,        0 ,    0.000 ,  769.692 ,    0.000 ,  769.692 ,  769.692 ,    0.000 ,    8.845 ,  769.692 ,    0.000 ,        0 , 	)
  75 	 (   3 ,  780.000 ,  900.000 ,        0 ,   10.308 ,  780.000 ,    0.000 ,  780.000 ,  783.000 ,    0.000 ,    8.845 ,    0.000 ,   12.800 ,        1 , 	)
 197 	 (   0 ,  806.728 , 1030.000 ,        0 ,  806.728 ,  806.728 ,    0.000 ,  806.728 ,  809.728 ,   23.728 ,    8.845 ,    0.000 ,   14.321 ,        2 , 	)
  58 	 (   1 ,  720.000 ,  900.000 ,        0 ,  825.616 ,  825.616 ,    0.000 ,  825.616 ,  826.616 ,    0.000 ,    8.845 ,    0.000 ,   -5.656 ,        3 , 	)
  71 	 (   4 ,  746.000 ,  887.917 ,        0 ,  832.336 ,  832.336 ,    0.000 ,  832.336 ,  835.336 ,    0.000 ,    8.845 ,    0.000 ,    0.001 ,        4 , 	)
 116 	 (   8 ,  796.000 ,  887.953 ,        0 ,  851.886 ,  851.886 ,    0.000 ,  851.886 ,  855.886 ,    0.000 ,    8.845 ,    0.000 ,    3.153 ,        5 , 	)
 180 	 (   7 ,  752.034 ,  984.000 ,        0 ,  867.805 ,  867.805 ,    0.000 ,  867.805 ,  868.805 ,   41.189 ,    8.845 ,    0.000 ,    0.465 ,        6 , 	)
  91 	 (   8 ,  725.000 ,  960.000 ,        0 ,  875.587 ,  875.587 ,    0.000 ,  875.587 ,  876.587 ,    0.000 ,    8.845 ,    0.000 ,    3.031 ,        7 , 	)
 238 	 (   4 ,  851.000 ,  911.000 ,        0 ,  881.335 ,  881.335 ,    0.000 ,  881.335 ,  885.335 ,   25.448 ,    8.845 ,    0.000 ,    2.256 ,        8 , 	)
 193 	 (   1 ,  880.000 ,  940.000 ,        0 ,  906.380 ,  906.380 ,    0.000 ,  906.380 ,  909.380 ,   71.044 ,    8.845 ,    0.000 ,    1.192 ,        9 , 	)
  83 	 (   3 ,  740.000 ,  957.618 ,        0 ,  933.708 ,  933.708 ,    0.000 ,  933.708 ,  935.708 ,    0.000 ,    8.845 ,    0.000 ,    4.713 ,       10 , 	)
  78 	 (   7 ,  720.000 ,  960.000 ,        0 ,  940.977 ,  940.977 ,    0.000 ,  940.977 ,  944.977 ,    0.000 ,    8.845 ,    0.000 ,    0.540 ,       11 , 	)
 213 	 (   6 ,  822.000 , 1002.000 ,        0 ,  951.364 ,  951.364 ,    0.000 ,  951.364 ,  952.364 ,   74.777 ,    8.845 ,    0.000 ,    0.000 ,       12 , 	)
 200 	 (   2 ,  799.000 , 1039.000 ,        0 ,  983.611 ,  983.611 ,    0.000 ,  983.611 ,  987.611 ,   38.634 ,    8.845 ,    0.000 ,    4.439 ,       13 , 	)
 205 	 (   0 ,  898.000 , 1018.000 ,        0 , 1009.155 , 1009.155 ,    0.000 , 1009.155 , 1011.155 ,   73.447 ,    8.845 ,    0.000 ,    0.729 ,       14 , 	)
 245 	 (   0 ,    0.000 , 1440.000 ,        0 , 1018.942 , 1018.942 ,    0.000 , 1018.942 , 1018.942 ,    0.000 ,  421.058 ,    0.000 ,    0.000 ,       15 , 	)

	18 sommets 
	values : ( Cost : 413.103 , TRT : 352.604 , TWT :   0.000 , TD : 482.015 )
	violations : ( VC :       0 , VTW :   0.000 , VTD :   0.000 , VTRT :   0.000 )
	cout global : (   0.000	 )
S(i)	 (   C ,     TW0 ,       TW1 ,       VTW ,       Min ,       A ,       W ,       B ,       D ,       L ,       F ,       E ,       Det ,       [Imp ,       Imp]	)
   0 	 (   0 ,    0.000 , 1440.000 ,        0 ,    0.000 ,  837.701 ,    0.000 ,  837.701 ,  837.701 ,    0.000 ,   15.708 ,  837.701 ,    0.000 ,        0 , 	)
  44 	 (   4 ,  722.000 ,  960.000 ,        0 ,    7.787 ,  845.489 ,    0.000 ,  845.489 ,  849.489 ,    0.000 ,   15.708 ,  123.489 ,    3.383 ,        1 , 	)
  99 	 (   6 ,  720.000 ,  960.000 ,        0 ,  757.408 ,  880.897 ,    0.000 ,  880.897 ,  882.897 ,    0.000 ,   15.708 ,  123.489 ,   12.928 ,        2 , 	)
  13 	 (   8 ,  720.000 ,  960.000 ,        0 ,  775.253 ,  898.741 ,    0.000 ,  898.741 ,  900.741 ,    0.000 ,   15.708 ,  123.489 ,   13.217 ,        3 , 	)
 135 	 (   6 ,  790.000 , 1030.000 ,        0 ,  802.864 ,  926.353 ,    0.000 ,  926.353 ,  928.353 ,   25.611 ,   15.708 ,  123.489 ,    0.000 ,        4 , 	)
 118 	 (   7 ,  732.000 ,  953.330 ,        0 ,  804.864 ,  928.353 ,    0.000 ,  928.353 ,  929.353 ,    0.000 ,   15.708 ,  123.489 ,    0.000 ,        5 , 	)
 221 	 (   5 ,  783.000 , 1023.000 ,        0 ,  811.239 ,  934.728 ,    0.000 ,  934.728 ,  936.728 ,   51.831 ,   15.708 ,  123.489 ,    7.269 ,        6 , 	)
 240 	 (   4 ,  799.000 ,  979.000 ,        0 ,  839.803 ,  963.292 ,    0.000 ,  963.292 ,  964.292 ,   33.939 ,   15.708 ,  123.489 ,    0.459 ,        7 , 	)
   9 	 (   7 ,  960.000 , 1140.000 ,        0 ,  849.457 ,  972.946 ,    0.000 ,  972.946 ,  975.946 ,    0.000 ,   27.625 ,   12.946 ,   16.850 ,        8 , 	)
 166 	 (   3 ,  957.000 , 1017.000 ,        0 ,  976.429 ,  989.375 ,    0.000 ,  989.375 ,  993.375 ,  139.886 ,   27.625 ,   12.946 ,    2.426 ,        9 , 	)
 120 	 (   6 ,  960.000 , 1080.000 ,        0 , 1001.041 , 1013.987 ,    0.000 , 1013.987 , 1016.987 ,    0.000 ,   43.946 ,   12.946 ,    6.814 ,       10 , 	)
 242 	 (   3 , 1005.000 , 1185.000 ,        0 , 1031.542 , 1044.488 ,    0.000 , 1044.488 , 1047.488 ,   27.501 ,   43.946 ,   12.946 ,    0.011 ,       11 , 	)
 131 	 (   0 , 1050.000 , 1230.000 ,        0 , 1037.054 , 1050.000 ,    0.000 , 1050.000 , 1053.000 ,   74.054 ,   43.946 ,    0.000 ,   -3.856 ,       12 , 	)
  70 	 (   4 , 1020.000 , 1200.000 ,        0 , 1066.035 , 1066.035 ,    0.000 , 1066.035 , 1070.035 ,    0.000 ,   99.516 ,    0.000 ,   14.207 ,       13 , 	)
  12 	 (   6 , 1020.000 , 1200.000 ,        0 , 1100.484 , 1100.484 ,    0.000 , 1100.484 , 1102.484 ,    0.000 ,   74.677 ,   -0.000 ,    8.273 ,       14 , 	)
 192 	 (   2 , 1125.000 , 1305.000 ,        0 , 1131.358 , 1131.358 ,    0.000 , 1131.358 , 1135.358 ,   61.323 ,   63.130 ,   -0.000 ,   14.734 ,       15 , 	)
 134 	 (   0 , 1119.000 , 1299.000 ,        0 , 1170.354 , 1170.354 ,    0.000 , 1170.354 , 1172.354 ,   67.870 ,   63.130 ,   -0.000 ,   11.229 ,       16 , 	)
 245 	 (   0 ,    0.000 , 1440.000 ,        0 , 1190.305 , 1190.305 ,    0.000 , 1190.305 , 1190.305 ,    0.000 ,  249.695 ,   -0.000 ,    0.000 ,       17 , 	)

	14 sommets 
	values : ( Cost : 298.428 , TRT : 260.371 , TWT :  17.989 , TD : 585.916 )
	violations : ( VC :       0 , VTW :   0.000 , VTD :   0.000 , VTRT :   0.000 )
	cout global : (   0.000	 )
S(i)	 (   C ,     TW0 ,       TW1 ,       VTW ,       Min ,       A ,       W ,       B ,       D ,       L ,       F ,       E ,       Det ,       [Imp ,       Imp]	)
   0 	 (   0 ,    0.000 , 1440.000 ,        0 ,    0.000 ,  304.520 ,    0.000 ,  304.520 ,  304.520 ,    0.000 ,    0.000 ,  304.520 ,    0.000 ,        0 , 	)
  76 	 (   1 ,  240.000 ,  420.000 ,        0 ,   39.880 ,  344.401 ,    0.000 ,  344.401 ,  345.401 ,    0.000 ,    0.000 ,  104.401 ,    2.339 ,        1 , 	)
  64 	 (   2 ,  253.000 ,  480.000 ,        0 ,  260.518 ,  364.919 ,    0.000 ,  364.919 ,  365.919 ,    0.000 ,    0.000 ,  104.401 ,    8.642 ,        2 , 	)
   7 	 (   4 ,  360.000 ,  480.000 ,        0 ,  273.390 ,  377.791 ,    0.000 ,  377.791 ,  379.791 ,    0.000 ,    0.000 ,   17.791 ,    4.135 ,        3 , 	)
  69 	 (   6 ,  302.000 ,  428.484 ,        0 ,  388.600 ,  406.391 ,    0.000 ,  406.391 ,  408.391 ,    0.000 ,    0.000 ,   17.791 ,    9.590 ,        4 , 	)
  31 	 (   8 ,  240.000 ,  420.000 ,        0 ,  402.209 ,  420.000 ,    0.000 ,  420.000 ,  422.000 ,    0.000 ,    0.000 ,   17.791 ,    4.306 ,        5 , 	)
 186 	 (   7 ,  351.000 ,  531.000 ,        0 ,  427.552 ,  445.343 ,    0.000 ,  445.343 ,  446.343 ,   79.424 ,    4.441 ,   17.791 ,   -1.543 ,        6 , 	)
 191 	 (   5 ,  410.000 ,  470.000 ,        0 ,  439.408 ,  457.199 ,    0.000 ,  457.199 ,  459.199 ,   48.808 ,    4.441 ,   17.791 ,    6.552 ,        7 , 	)
 198 	 (   4 ,  319.000 ,  559.000 ,        0 ,  468.169 ,  485.960 ,    0.000 ,  485.960 ,  486.960 ,  140.559 ,    4.441 ,   17.791 ,   -1.531 ,        8 , 	)
  10 	 (   5 ,  480.000 ,  720.000 ,        0 ,  474.305 ,  492.095 ,   17.989 ,  510.085 ,  511.085 ,    0.000 ,   10.000 ,   30.085 ,    9.732 ,        9 , 	)
 132 	 (   4 ,  542.000 ,  782.000 ,        0 ,  511.915 ,  542.000 ,    0.000 ,  542.000 ,  543.000 ,   30.915 ,   10.000 ,    0.000 ,    0.000 ,       10 , 	)
 153 	 (   2 ,  313.000 ,  553.000 ,        0 ,  543.000 ,  543.000 ,    0.000 ,  543.000 ,  545.000 ,  121.000 ,   10.000 ,    0.000 ,    0.000 ,       11 , 	)
 129 	 (   0 ,  446.000 ,  675.000 ,        0 ,  545.000 ,  545.000 ,    0.000 ,  545.000 ,  547.000 ,  165.209 ,   27.791 ,    0.000 ,    0.000 ,       12 , 	)
 245 	 (   0 ,    0.000 , 1440.000 ,        0 ,  564.892 ,  564.892 ,    0.000 ,  564.892 ,  564.892 ,    0.000 ,  875.108 ,    0.000 ,    0.000 ,       13 , 	)

	14 sommets 
	values : ( Cost : 328.941 , TRT : 265.324 , TWT :   0.000 , TD : 397.560 )
	violations : ( VC :       0 , VTW :   0.000 , VTD :   0.000 , VTRT :   0.000 )
	cout global : (   0.000	 )
S(i)	 (   C ,     TW0 ,       TW1 ,       VTW ,       Min ,       A ,       W ,       B ,       D ,       L ,       F ,       E ,       Det ,       [Imp ,       Imp]	)
   0 	 (   0 ,    0.000 , 1440.000 ,        0 ,    0.000 ,  974.486 ,    0.000 ,  974.486 ,  974.486 ,    0.000 ,   37.189 ,  974.486 ,    0.000 ,        0 , 	)
  38 	 (   1 ,  960.000 , 1140.000 ,        0 ,   10.036 ,  984.522 ,    0.000 ,  984.522 ,  985.522 ,    0.000 ,   37.189 ,   24.522 ,    9.732 ,        1 , 	)
  57 	 (   2 ,  960.000 , 1200.000 ,        0 ,  981.494 , 1006.016 ,    0.000 , 1006.016 , 1007.016 ,    0.000 ,   37.189 ,   24.522 ,    8.141 ,        2 , 	)
  59 	 (   4 ,  982.000 , 1195.286 ,        0 ,  995.240 , 1019.762 ,    0.000 , 1019.762 , 1021.762 ,    0.000 ,   35.638 ,   24.522 ,    7.093 ,        3 , 	)
 160 	 (   3 , 1005.000 , 1241.000 ,        0 , 1008.485 , 1033.007 ,    0.000 , 1033.007 , 1034.007 ,   47.485 ,   35.638 ,   24.522 ,    3.987 ,        4 , 	)
 100 	 (   6 ,  975.000 , 1188.769 ,        0 , 1017.864 , 1042.386 ,    0.000 , 1042.386 , 1045.386 ,    0.000 ,   35.638 ,   24.522 ,   11.046 ,        5 , 	)
 222 	 (   3 , 1032.000 , 1212.000 ,        0 , 1041.095 , 1065.617 ,    0.000 , 1065.617 , 1068.617 ,   20.231 ,   33.769 ,   24.522 ,    2.876 ,        6 , 	)
   5 	 (   4 , 1020.000 , 1140.000 ,        0 , 1071.244 , 1095.766 ,    0.000 , 1095.766 , 1096.766 ,    0.000 ,   35.638 ,   24.522 ,    4.553 ,        7 , 	)
 179 	 (   3 , 1062.000 , 1302.000 ,        0 , 1082.856 , 1107.377 ,    0.000 , 1107.377 , 1108.377 ,  100.362 ,   31.332 ,   24.522 ,    7.755 ,        8 , 	)
  37 	 (   4 , 1006.000 , 1159.108 ,        0 , 1091.713 , 1116.235 ,    0.000 , 1116.235 , 1117.235 ,    0.000 ,   31.332 ,   24.522 ,    7.886 ,        9 , 	)
 181 	 (   2 , 1133.000 , 1253.000 ,        0 , 1108.478 , 1133.000 ,    0.000 , 1133.000 , 1135.000 ,  111.238 ,   27.424 ,    0.000 ,    3.684 ,       10 , 	)
 159 	 (   1 , 1060.000 , 1180.000 ,        0 , 1142.811 , 1142.811 ,    0.000 , 1142.811 , 1143.811 ,   25.576 ,   27.424 ,   -0.000 ,   10.541 ,       11 , 	)
 127 	 (   0 , 1083.000 , 1263.000 ,        0 , 1189.435 , 1189.435 ,    0.000 , 1189.435 , 1190.435 ,   92.668 ,   31.332 ,   -0.000 ,    7.421 ,       12 , 	)
 245 	 (   0 ,    0.000 , 1440.000 ,        0 , 1239.810 , 1239.810 ,    0.000 , 1239.810 , 1239.810 ,    0.000 ,  200.190 ,   -0.000 ,    0.000 ,       13 , 	)

	24 sommets 
	values : ( Cost : 449.350 , TRT : 471.954 , TWT :  80.097 , TD : 467.378 )
	violations : ( VC :       0 , VTW :   0.000 , VTD :   0.000 , VTRT :   0.000 )
	cout global : (   0.000	 )
S(i)	 (   C ,     TW0 ,       TW1 ,       VTW ,       Min ,       A ,       W ,       B ,       D ,       L ,       F ,       E ,       Det ,       [Imp ,       Imp]	)
   0 	 (   0 ,    0.000 , 1440.000 ,        0 ,    0.000 ,  278.732 ,    0.000 ,  278.732 ,  278.732 ,    0.000 ,    0.000 ,  278.732 ,    0.000 ,        0 , 	)
 101 	 (   2 ,  240.000 ,  420.000 ,        0 ,    4.103 ,  282.835 ,    0.000 ,  282.835 ,  284.835 ,    0.000 ,    0.000 ,   42.835 ,    3.244 ,        1 , 	)
 223 	 (   0 ,  269.000 ,  449.000 ,        0 ,  255.881 ,  298.717 ,    0.000 ,  298.717 ,  300.717 ,   13.881 ,    0.000 ,   29.717 ,   14.484 ,        2 , 	)
  51 	 (   4 ,  240.000 ,  480.000 ,        0 ,  291.709 ,  321.426 ,    0.000 ,  321.426 ,  325.426 ,    0.000 ,    0.000 ,   29.717 ,    1.617 ,        3 , 	)
  11 	 (   5 ,  240.000 ,  480.000 ,        0 ,  326.563 ,  356.280 ,    0.000 ,  356.280 ,  357.280 ,    0.000 ,    0.000 ,   29.717 ,    5.023 ,        4 , 	)
  65 	 (   6 ,  286.000 ,  437.873 ,        0 ,  335.253 ,  364.970 ,    0.000 ,  364.970 ,  365.970 ,    0.000 ,    0.000 ,   29.717 ,    0.335 ,        5 , 	)
 187 	 (   5 ,  338.000 ,  458.000 ,        0 ,  355.380 ,  385.097 ,    0.000 ,  385.097 ,  386.097 ,   19.127 ,    0.000 ,   29.717 ,    5.529 ,        6 , 	)
  30 	 (   6 ,  240.000 ,  480.000 ,        0 ,  361.843 ,  391.559 ,    0.000 ,  391.559 ,  392.559 ,    0.000 ,    0.000 ,   29.717 ,   -0.181 ,        7 , 	)
 173 	 (   2 ,  378.000 ,  558.000 ,        0 ,  380.064 ,  409.780 ,    0.000 ,  409.780 ,  413.780 ,   84.355 ,    0.000 ,   29.717 ,    0.000 ,        8 , 	)
 133 	 (   1 ,  311.000 ,  551.000 ,        0 ,  384.064 ,  413.780 ,    0.000 ,  413.780 ,  414.780 ,   56.501 ,    0.000 ,   29.717 ,    0.000 ,        9 , 	)
  39 	 (   2 ,  300.000 ,  420.000 ,        0 ,  390.283 ,  420.000 ,    0.000 ,  420.000 ,  421.000 ,    0.000 ,   -0.000 ,   29.717 ,    1.262 ,       10 , 	)
 161 	 (   1 ,  315.950 ,  461.000 ,        0 ,  406.234 ,  435.950 ,    0.000 ,  435.950 ,  436.950 ,   14.950 ,    4.975 ,   29.717 ,    1.153 ,       11 , 	)
 152 	 (   0 ,  303.000 ,  543.000 ,        0 ,  418.775 ,  448.492 ,    0.000 ,  448.492 ,  449.492 ,   55.932 ,    4.975 ,   29.717 ,    1.178 ,       12 , 	)
 119 	 (   4 ,  259.000 ,  463.474 ,        0 ,  428.783 ,  458.499 ,    4.975 ,  463.474 ,  467.474 ,    0.000 ,    0.000 ,   34.692 ,   11.534 ,       13 , 	)
 241 	 (   0 ,  302.000 ,  482.000 ,        0 ,  447.308 ,  482.000 ,    0.000 ,  482.000 ,  486.000 ,   14.526 ,    0.000 ,   34.692 ,    0.389 ,       14 , 	)
  60 	 (   4 ,  480.000 ,  720.000 ,        0 ,  462.022 ,  496.714 ,   75.122 ,  571.835 ,  575.835 ,    0.000 ,   34.938 ,   91.835 ,   18.677 ,       15 , 	)
  46 	 (   5 ,  556.000 ,  648.756 ,        0 ,  496.920 ,  588.756 ,    0.000 ,  588.756 ,  589.756 ,    0.000 ,   34.938 ,   32.756 ,    2.756 ,       16 , 	)
 168 	 (   4 ,  609.000 ,  669.000 ,        0 ,  576.244 ,  609.000 ,    0.000 ,  609.000 ,  610.000 ,   19.244 ,   32.756 ,    0.000 ,    5.381 ,       17 , 	)
  97 	 (   8 ,  480.000 ,  660.000 ,        0 ,  625.062 ,  625.062 ,    0.000 ,  625.062 ,  629.062 ,    0.000 ,   34.938 ,    0.000 ,   18.789 ,       18 , 	)
 182 	 (   4 ,  608.000 ,  788.000 ,        0 ,  671.181 ,  671.181 ,    0.000 ,  671.181 ,  675.181 ,   95.346 ,   37.761 ,    0.000 ,    4.220 ,       19 , 	)
   3 	 (   8 ,  540.000 ,  720.000 ,        0 ,  682.239 ,  682.239 ,    0.000 ,  682.239 ,  686.239 ,    0.000 ,   37.761 ,    0.000 ,   -0.013 ,       20 , 	)
 219 	 (   4 ,  624.000 ,  864.000 ,        0 ,  692.595 ,  692.595 ,    0.000 ,  692.595 ,  696.595 ,   63.532 ,   36.017 ,    0.000 ,    1.222 ,       21 , 	)
 125 	 (   0 ,  592.000 ,  772.000 ,        0 ,  716.223 ,  716.223 ,    0.000 ,  716.223 ,  720.223 ,   29.983 ,   36.017 ,    0.000 ,    6.379 ,       22 , 	)
 245 	 (   0 ,    0.000 , 1440.000 ,        0 ,  750.686 ,  750.686 ,    0.000 ,  750.686 ,  750.686 ,    0.000 ,  689.314 ,    0.000 ,    0.000 ,       23 , 	)

	20 sommets 
	values : ( Cost : 421.802 , TRT : 380.244 , TWT :  25.099 , TD : 635.097 )
	violations : ( VC :       0 , VTW :   0.000 , VTD :   0.000 , VTRT :   0.000 )
	cout global : (   0.000	 )
S(i)	 (   C ,     TW0 ,       TW1 ,       VTW ,       Min ,       A ,       W ,       B ,       D ,       L ,       F ,       E ,       Det ,       [Imp ,       Imp]	)
   0 	 (   0 ,    0.000 , 1440.000 ,        0 ,    0.000 ,  262.029 ,    0.000 ,  262.029 ,  262.029 ,    0.000 ,    0.000 ,  262.029 ,    0.000 ,        0 , 	)
  80 	 (   1 ,  240.000 ,  480.000 ,        0 ,   41.955 ,  303.984 ,    0.000 ,  303.984 ,  304.984 ,    0.000 ,    0.000 ,   63.984 ,    7.965 ,        1 , 	)
  26 	 (   5 ,  291.000 ,  430.402 ,        0 ,  275.056 ,  339.040 ,    0.000 ,  339.040 ,  343.040 ,    0.000 ,    0.000 ,   48.040 ,   22.655 ,        2 , 	)
 148 	 (   1 ,  326.000 ,  446.000 ,        0 ,  306.598 ,  354.638 ,    0.000 ,  354.638 ,  358.638 ,   11.598 ,    0.000 ,   28.638 ,   13.671 ,        3 , 	)
  42 	 (   4 ,  240.000 ,  480.000 ,        0 ,  364.547 ,  393.185 ,    0.000 ,  393.185 ,  396.185 ,    0.000 ,    0.000 ,   28.638 ,    2.793 ,        4 , 	)
  81 	 (   6 ,  242.000 ,  480.000 ,        0 ,  380.028 ,  408.666 ,    0.000 ,  408.666 ,  410.666 ,    0.000 ,    0.000 ,   28.638 ,    2.049 ,        5 , 	)
  45 	 (   7 ,  244.000 ,  480.000 ,        0 ,  388.016 ,  416.654 ,    0.000 ,  416.654 ,  417.654 ,    0.000 ,    0.000 ,   28.638 ,    6.613 ,        6 , 	)
 202 	 (   6 ,  341.000 ,  581.000 ,        0 ,  408.859 ,  437.497 ,    0.000 ,  437.497 ,  438.497 ,  132.513 ,    0.000 ,   28.638 ,   -1.221 ,        7 , 	)
  77 	 (   7 ,  240.000 ,  480.000 ,        0 ,  418.276 ,  446.914 ,    0.000 ,  446.914 ,  447.914 ,    0.000 ,    0.000 ,   28.638 ,   -0.146 ,        8 , 	)
 164 	 (   4 ,  310.000 ,  550.000 ,        0 ,  442.026 ,  470.665 ,    0.000 ,  470.665 ,  473.665 ,   74.480 ,    0.000 ,   28.638 ,    4.332 ,        9 , 	)
  63 	 (   6 ,  240.000 ,  480.000 ,        0 ,  451.362 ,  480.000 ,    0.000 ,  480.000 ,  482.000 ,    0.000 ,    0.000 ,   28.638 ,    3.078 ,       10 , 	)
 203 	 (   4 ,  352.000 ,  532.000 ,        0 ,  461.514 ,  490.152 ,    0.000 ,  490.152 ,  492.152 ,   79.486 ,    3.946 ,   28.638 ,    1.210 ,       11 , 	)
 167 	 (   3 ,  346.000 ,  526.000 ,        0 ,  486.070 ,  514.708 ,    0.000 ,  514.708 ,  515.708 ,   97.054 ,    3.946 ,   28.638 ,   10.335 ,       12 , 	)
 185 	 (   1 ,  306.000 ,  546.000 ,        0 ,  500.731 ,  529.369 ,    0.000 ,  529.369 ,  531.369 ,   47.369 ,   16.631 ,   28.638 ,    0.000 ,       13 , 	)
  32 	 (   5 ,  540.000 ,  720.000 ,        0 ,  502.731 ,  531.369 ,   17.124 ,  548.493 ,  552.493 ,    0.000 ,    0.000 ,    8.493 ,    0.000 ,       14 , 	)
 199 	 (   4 ,  333.000 ,  573.000 ,        0 ,  563.421 ,  571.914 ,    0.000 ,  571.914 ,  572.914 ,  124.000 ,    0.000 ,    8.493 ,    4.602 ,       15 , 	)
  24 	 (   5 ,  480.000 ,  720.000 ,        0 ,  573.532 ,  582.025 ,    7.975 ,  590.000 ,  591.000 ,    0.000 ,   25.493 ,   16.468 ,    0.000 ,       16 , 	)
 154 	 (   1 ,  591.000 ,  771.000 ,        0 ,  574.532 ,  591.000 ,    0.000 ,  591.000 ,  595.000 ,   38.507 ,   25.493 ,    0.000 ,    0.000 ,       17 , 	)
 146 	 (   0 ,  532.000 ,  772.000 ,        0 ,  621.090 ,  621.090 ,    0.000 ,  621.090 ,  622.090 ,   30.090 ,   39.910 ,    0.000 ,   20.319 ,       18 , 	)
 245 	 (   0 ,    0.000 , 1440.000 ,        0 ,  642.273 ,  642.273 ,    0.000 ,  642.273 ,  642.273 ,    0.000 ,  797.727 ,    0.000 ,    0.000 ,       19 , 	)

	14 sommets 
	values : ( Cost : 285.674 , TRT : 246.792 , TWT :   0.000 , TD : 300.801 )
	violations : ( VC :       0 , VTW :   0.000 , VTD :   0.000 , VTRT :   0.000 )
	cout global : (   0.000	 )
S(i)	 (   C ,     TW0 ,       TW1 ,       VTW ,       Min ,       A ,       W ,       B ,       D ,       L ,       F ,       E ,       Det ,       [Imp ,       Imp]	)
   0 	 (   0 ,    0.000 , 1440.000 ,        0 ,    0.000 ,  738.730 ,    0.000 ,  738.730 ,  738.730 ,    0.000 ,   16.228 ,  738.730 ,    0.000 ,        0 , 	)
  73 	 (   4 ,  720.000 ,  900.000 ,        0 ,   30.549 ,  769.279 ,    0.000 ,  769.279 ,  773.279 ,    0.000 ,   16.228 ,   49.279 ,    3.766 ,        1 , 	)
  36 	 (   8 ,  723.000 ,  960.000 ,        0 ,  744.762 ,  794.041 ,    0.000 ,  794.041 ,  798.041 ,    0.000 ,   16.228 ,   49.279 ,    2.498 ,        2 , 	)
 195 	 (   4 ,  813.000 ,  993.000 ,        0 ,  764.158 ,  813.437 ,    0.000 ,  813.437 ,  817.437 ,   40.158 ,   16.228 ,    0.437 ,    3.078 ,        3 , 	)
 110 	 (   5 ,  780.000 ,  840.000 ,        0 ,  823.335 ,  823.772 ,    0.000 ,  823.772 ,  824.772 ,    0.000 ,   16.228 ,    0.437 ,   -0.389 ,        4 , 	)
 158 	 (   1 ,  831.000 , 1011.000 ,        0 ,  855.468 ,  855.905 ,    0.000 ,  855.905 ,  859.905 ,   57.864 ,   25.495 ,    0.437 ,   -2.474 ,        5 , 	)
  48 	 (   2 ,  814.000 ,  935.840 ,        0 ,  865.473 ,  865.910 ,    0.000 ,  865.910 ,  866.910 ,    0.000 ,   25.495 ,    0.437 ,    0.000 ,        6 , 	)
 232 	 (   1 ,  820.611 ,  947.000 ,        0 ,  866.473 ,  866.910 ,    0.000 ,  866.910 ,  867.910 ,   42.138 ,   25.495 ,    0.437 ,    0.000 ,        7 , 	)
 113 	 (   5 ,  720.000 ,  900.000 ,        0 ,  874.068 ,  874.505 ,    0.000 ,  874.505 ,  878.505 ,    0.000 ,   25.495 ,    0.437 ,    3.696 ,        8 , 	)
  29 	 (   7 ,  722.000 ,  960.000 ,        0 ,  884.743 ,  885.180 ,    0.000 ,  885.180 ,  887.180 ,    0.000 ,   51.910 ,    0.437 ,   -0.796 ,        9 , 	)
 170 	 (   6 ,  914.000 ,  974.000 ,        0 ,  913.563 ,  914.000 ,    0.000 ,  914.000 ,  915.000 ,   47.090 ,   51.910 ,    0.000 ,    5.086 ,       10 , 	)
 151 	 (   4 ,  832.000 , 1012.000 ,        0 ,  933.827 ,  933.827 ,    0.000 ,  933.827 ,  935.827 ,   46.647 ,   61.353 ,    0.000 ,    6.836 ,       11 , 	)
 235 	 (   0 ,  828.000 , 1068.000 ,        0 ,  945.408 ,  945.408 ,    0.000 ,  945.408 ,  949.408 ,   66.904 ,  122.592 ,    0.000 ,    1.983 ,       12 , 	)
 245 	 (   0 ,    0.000 , 1440.000 ,        0 ,  985.523 ,  985.523 ,    0.000 ,  985.523 ,  985.523 ,    0.000 ,  454.477 ,    0.000 ,    0.000 ,       13 , 	)

	18 sommets 
	values : ( Cost : 355.112 , TRT : 303.002 , TWT :   0.000 , TD : 532.086 )
	violations : ( VC :       0 , VTW :   0.000 , VTD :   0.000 , VTRT :   0.000 )
	cout global : (   0.000	 )
S(i)	 (   C ,     TW0 ,       TW1 ,       VTW ,       Min ,       A ,       W ,       B ,       D ,       L ,       F ,       E ,       Det ,       [Imp ,       Imp]	)
   0 	 (   0 ,    0.000 , 1440.000 ,        0 ,    0.000 ,  307.866 ,    0.000 ,  307.866 ,  307.866 ,    0.000 ,    0.332 ,  307.866 ,    0.000 ,        0 , 	)
  43 	 (   1 ,  240.000 ,  480.000 ,        0 ,   31.489 ,  339.355 ,    0.000 ,  339.355 ,  340.355 ,    0.000 ,    0.332 ,   99.355 ,    0.986 ,        1 , 	)
 111 	 (   2 ,  321.000 ,  403.926 ,        0 ,  244.298 ,  343.653 ,    0.000 ,  343.653 ,  344.653 ,    0.000 ,    0.332 ,   22.653 ,    0.080 ,        2 , 	)
   6 	 (   6 ,  240.000 ,  360.000 ,        0 ,  337.015 ,  359.668 ,    0.000 ,  359.668 ,  363.668 ,    0.000 ,    0.332 ,   22.653 ,   16.808 ,        3 , 	)
 233 	 (   5 ,  367.000 ,  427.000 ,        0 ,  364.882 ,  387.535 ,    0.000 ,  387.535 ,  388.535 ,   42.882 ,    2.118 ,   20.535 ,   19.272 ,        4 , 	)
 165 	 (   4 ,  298.000 ,  538.000 ,        0 ,  389.321 ,  409.856 ,    0.000 ,  409.856 ,  410.856 ,   69.501 ,    5.798 ,   20.535 ,    4.227 ,        5 , 	)
 128 	 (   0 ,  270.365 ,  470.000 ,        0 ,  396.114 ,  416.648 ,    0.000 ,  416.648 ,  420.648 ,   52.980 ,    5.798 ,   20.535 ,    0.717 ,        6 , 	)
  98 	 (   3 ,  242.000 ,  480.000 ,        0 ,  416.158 ,  436.692 ,    0.000 ,  436.692 ,  439.692 ,    0.000 ,    5.798 ,   20.535 ,   -1.847 ,        7 , 	)
  52 	 (   6 ,  240.000 ,  480.000 ,        0 ,  423.352 ,  443.886 ,    0.000 ,  443.886 ,  446.886 ,    0.000 ,    5.798 ,   20.535 ,    7.080 ,        8 , 	)
  95 	 (   7 ,  300.000 ,  480.000 ,        0 ,  448.329 ,  468.863 ,    0.000 ,  468.863 ,  469.863 ,    0.000 ,    5.798 ,   20.535 ,    1.054 ,        9 , 	)
 117 	 (   8 ,  240.000 ,  480.000 ,        0 ,  453.667 ,  474.201 ,    0.000 ,  474.201 ,  475.201 ,    0.000 ,    5.798 ,   20.535 ,    3.919 ,       10 , 	)
 220 	 (   5 ,  354.000 ,  534.000 ,        0 ,  482.433 ,  502.968 ,    0.000 ,  502.968 ,  505.968 ,   63.275 ,   28.532 ,   20.535 ,    1.058 ,       11 , 	)
 217 	 (   4 ,  334.000 ,  566.000 ,        0 ,  490.127 ,  510.662 ,    0.000 ,  510.662 ,  511.662 ,   40.798 ,   28.532 ,   20.535 ,    2.416 ,       12 , 	)
  89 	 (   8 ,  498.000 ,  710.750 ,        0 ,  506.658 ,  527.192 ,    0.000 ,  527.192 ,  531.192 ,    0.000 ,   28.532 ,   20.535 ,   22.194 ,       13 , 	)
 174 	 (   5 ,  337.000 ,  577.000 ,        0 ,  524.820 ,  545.355 ,    0.000 ,  545.355 ,  548.355 ,   98.468 ,   28.532 ,   20.535 ,    0.558 ,       14 , 	)
 211 	 (   1 ,  567.000 ,  747.000 ,        0 ,  546.465 ,  567.000 ,    0.000 ,  567.000 ,  571.000 ,   35.808 ,   29.192 ,    0.000 ,   19.868 ,       15 , 	)
 239 	 (   0 ,  454.000 ,  634.000 ,        0 ,  603.575 ,  603.575 ,    0.000 ,  603.575 ,  604.575 ,  128.374 ,   30.425 ,    0.000 ,    6.160 ,       16 , 	)
 245 	 (   0 ,    0.000 , 1440.000 ,        0 ,  610.868 ,  610.868 ,    0.000 ,  610.868 ,  610.868 ,    0.000 ,  829.132 ,    0.000 ,    0.000 ,       17 , 	)

	16 sommets 
	values : ( Cost : 411.570 , TRT : 466.093 , TWT : 116.642 , TD : 397.814 )
	violations : ( VC :       0 , VTW :   0.000 , VTD :   0.000 , VTRT :   0.000 )
	cout global : (   0.000	 )
S(i)	 (   C ,     TW0 ,       TW1 ,       VTW ,       Min ,       A ,       W ,       B ,       D ,       L ,       F ,       E ,       Det ,       [Imp ,       Imp]	)
   0 	 (   0 ,    0.000 , 1440.000 ,        0 ,    0.000 ,  461.929 ,    0.000 ,  461.929 ,  461.929 ,    0.000 ,    0.000 ,  461.929 ,    0.000 ,        0 , 	)
  35 	 (   1 ,  240.000 ,  480.000 ,        0 ,   18.071 ,  480.000 ,    0.000 ,  480.000 ,  481.000 ,    0.000 ,    0.000 ,  240.000 ,   26.440 ,        1 , 	)
 112 	 (   5 ,  540.000 ,  600.000 ,        0 ,  291.902 ,  531.902 ,   17.165 ,  549.067 ,  553.067 ,    0.000 ,    0.000 ,    9.067 ,   37.412 ,        2 , 	)
 234 	 (   1 ,  584.644 ,  767.000 ,        0 ,  584.644 ,  593.711 ,    0.000 ,  593.711 ,  597.711 ,   40.644 ,    0.000 ,    9.067 ,    5.105 ,        3 , 	)
 157 	 (   0 ,  460.000 ,  640.000 ,        0 ,  630.933 ,  640.000 ,    0.000 ,  640.000 ,  641.000 ,  159.000 ,   -0.000 ,    9.067 ,   12.018 ,        4 , 	)
 102 	 (   3 ,  733.000 ,  952.627 ,        0 ,  638.395 ,  647.462 ,   95.123 ,  742.586 ,  745.586 ,    0.000 ,    0.000 ,    9.586 ,    5.642 ,        5 , 	)
  72 	 (   6 ,  720.000 ,  900.000 ,        0 ,  747.471 ,  757.057 ,    0.000 ,  757.057 ,  760.057 ,    0.000 ,    0.000 ,    9.586 ,   -0.117 ,        6 , 	)
 194 	 (   3 ,  740.000 ,  920.000 ,        0 ,  759.277 ,  768.863 ,    0.000 ,  768.863 ,  771.863 ,    8.806 ,    0.000 ,    9.586 ,   13.526 ,        7 , 	)
 106 	 (   6 ,  720.000 ,  780.000 ,        0 ,  770.414 ,  780.000 ,    0.000 ,  780.000 ,  783.000 ,    0.000 ,    0.000 ,    9.586 ,   11.414 ,        8 , 	)
 224 	 (   3 ,  799.000 ,  979.000 ,        0 ,  785.061 ,  794.647 ,    4.353 ,  799.000 ,  802.000 ,   53.414 ,    9.586 ,    0.000 ,    2.521 ,        9 , 	)
 228 	 (   0 ,  757.642 ,  876.000 ,        0 ,  827.517 ,  827.517 ,    0.000 ,  827.517 ,  830.517 ,   44.517 ,   30.989 ,    0.000 ,   17.185 ,       10 , 	)
  94 	 (   2 ,  720.000 ,  900.000 ,        0 ,  852.638 ,  852.638 ,    0.000 ,  852.638 ,  854.638 ,    0.000 ,   30.989 ,    0.000 ,    2.498 ,       11 , 	)
  40 	 (   6 ,  720.000 ,  900.000 ,        0 ,  869.011 ,  869.011 ,    0.000 ,  869.011 ,  873.011 ,    0.000 ,   17.365 ,    0.000 ,    1.120 ,       12 , 	)
 162 	 (   2 ,  750.797 ,  976.000 ,        0 ,  899.808 ,  899.808 ,    0.000 ,  899.808 ,  903.808 ,   26.797 ,   17.365 ,    0.000 ,   15.446 ,       13 , 	)
 216 	 (   0 ,  763.022 ,  984.000 ,        0 ,  919.274 ,  919.274 ,    0.000 ,  919.274 ,  921.274 ,   64.635 ,   17.365 ,    0.000 ,    8.458 ,       14 , 	)
 245 	 (   0 ,    0.000 , 1440.000 ,        0 ,  928.022 ,  928.022 ,    0.000 ,  928.022 ,  928.022 ,    0.000 ,  511.978 ,    0.000 ,    0.000 ,       15 , 	)

	20 sommets 
	values : ( Cost : 434.765 , TRT : 374.891 , TWT :   0.000 , TD : 424.114 )
	violations : ( VC :       0 , VTW :   0.000 , VTD :   0.000 , VTRT :   0.000 )
	cout global : (   0.000	 )
S(i)	 (   C ,     TW0 ,       TW1 ,       VTW ,       Min ,       A ,       W ,       B ,       D ,       L ,       F ,       E ,       Det ,       [Imp ,       Imp]	)
   0 	 (   0 ,    0.000 , 1440.000 ,        0 ,    0.000 ,  667.927 ,    0.000 ,  667.927 ,  667.927 ,    0.000 ,    2.110 ,  667.927 ,    0.000 ,        0 , 	)
  20 	 (   1 ,  480.000 ,  720.000 ,        0 ,   49.963 ,  717.890 ,    0.000 ,  717.890 ,  718.890 ,    0.000 ,    2.110 ,  237.890 ,   -2.264 ,        1 , 	)
 142 	 (   0 ,  528.000 ,  768.000 ,        0 ,  504.932 ,  742.823 ,    0.000 ,  742.823 ,  743.823 ,   23.932 ,   12.540 ,  214.823 ,    1.587 ,        2 , 	)
  79 	 (   3 ,  720.000 ,  780.000 ,        0 ,  540.222 ,  755.044 ,    0.000 ,  755.044 ,  758.044 ,    0.000 ,   12.540 ,   35.044 ,   -0.443 ,        3 , 	)
  84 	 (   7 ,  720.000 ,  960.000 ,        0 ,  730.553 ,  765.598 ,    0.000 ,  765.598 ,  769.598 ,    0.000 ,   12.540 ,   35.044 ,    5.156 ,        4 , 	)
 201 	 (   4 ,  740.753 ,  878.000 ,        0 ,  749.908 ,  784.953 ,    0.000 ,  784.953 ,  787.953 ,   26.908 ,   12.540 ,   35.044 ,    3.239 ,        5 , 	)
 105 	 (   6 ,  780.000 ,  960.000 ,        0 ,  759.610 ,  794.654 ,    0.000 ,  794.654 ,  796.654 ,    0.000 ,   12.540 ,   14.654 ,    0.839 ,        6 , 	)
  49 	 (   8 ,  734.000 ,  950.396 ,        0 ,  808.100 ,  822.754 ,    0.000 ,  822.754 ,  824.754 ,    0.000 ,   12.540 ,   14.654 ,   13.013 ,        7 , 	)
 227 	 (   6 ,  842.000 , 1022.000 ,        0 ,  827.346 ,  842.000 ,    0.000 ,  842.000 ,  844.000 ,   45.346 ,   12.540 ,    0.000 ,    1.995 ,        8 , 	)
 171 	 (   4 ,  794.000 ,  974.000 ,        0 ,  850.353 ,  850.353 ,    0.000 ,  850.353 ,  852.353 ,   25.599 ,   12.540 ,    0.000 ,    2.265 ,        9 , 	)
  88 	 (   8 ,  720.000 ,  900.000 ,        0 ,  863.633 ,  863.633 ,    0.000 ,  863.633 ,  867.633 ,    0.000 ,   12.540 ,    0.000 ,   16.112 ,       10 , 	)
 206 	 (   4 ,  819.000 , 1059.000 ,        0 ,  878.025 ,  878.025 ,    0.000 ,  878.025 ,  882.025 ,  108.427 ,   12.540 ,    0.000 ,    1.447 ,       11 , 	)
  82 	 (   8 ,  720.000 ,  960.000 ,        0 ,  888.449 ,  888.449 ,    0.000 ,  888.449 ,  892.449 ,    0.000 ,   12.540 ,    0.000 ,    5.687 ,       12 , 	)
 210 	 (   4 ,  790.000 ,  970.000 ,        0 ,  914.426 ,  914.426 ,    0.000 ,  914.426 ,  918.426 ,   46.792 ,   12.540 ,    0.000 ,    6.605 ,       13 , 	)
  62 	 (   5 ,  840.000 ,  960.000 ,        0 ,  947.460 ,  947.460 ,    0.000 ,  947.460 ,  948.460 ,    0.000 ,   12.540 ,    0.000 ,    8.347 ,       14 , 	)
 204 	 (   1 ,  819.000 , 1059.000 ,        0 ,  979.702 ,  979.702 ,    0.000 ,  979.702 ,  983.702 ,   87.253 ,   32.485 ,    0.000 ,    9.111 ,       15 , 	)
 184 	 (   0 ,  908.000 , 1028.000 ,        0 ,  995.515 ,  995.515 ,    0.000 ,  995.515 ,  996.515 ,   47.055 ,   32.485 ,    0.000 ,    1.021 ,       16 , 	)
  16 	 (   3 ,  980.000 , 1182.200 ,        0 , 1016.729 , 1016.729 ,    0.000 , 1016.729 , 1019.729 ,    0.000 ,  165.471 ,    0.000 ,   16.639 ,       17 , 	)
 138 	 (   0 , 1018.000 , 1198.000 ,        0 , 1032.529 , 1032.529 ,    0.000 , 1032.529 , 1035.529 ,   12.800 ,   22.200 ,    0.000 ,    2.197 ,       18 , 	)
 245 	 (   0 ,    0.000 , 1440.000 ,        0 , 1042.818 , 1042.818 ,    0.000 , 1042.818 , 1042.818 ,    0.000 ,  397.182 ,    0.000 ,    0.000 ,       19 , 	)

	22 sommets 
	values : ( Cost : 444.428 , TRT : 372.156 , TWT :   0.000 , TD : 796.224 )
	violations : ( VC :       0 , VTW :   0.000 , VTD :   0.000 , VTRT :   0.000 )
	cout global : (   0.000	 )
S(i)	 (   C ,     TW0 ,       TW1 ,       VTW ,       Min ,       A ,       W ,       B ,       D ,       L ,       F ,       E ,       Det ,       [Imp ,       Imp]	)
   0 	 (   0 ,    0.000 , 1440.000 ,        0 ,    0.000 ,  788.474 ,    0.000 ,  788.474 ,  788.474 ,    0.000 ,   18.953 ,  788.474 ,    0.000 ,        0 , 	)
  56 	 (   1 ,  727.000 ,  960.000 ,        0 ,   38.002 ,  826.476 ,    0.000 ,  826.476 ,  827.476 ,    0.000 ,   18.953 ,   99.476 ,    9.138 ,        1 , 	)
  47 	 (   2 ,  780.000 ,  900.000 ,        0 ,  736.923 ,  836.398 ,    0.000 ,  836.398 ,  837.398 ,    0.000 ,    4.117 ,   56.398 ,    7.660 ,        2 , 	)
  93 	 (   3 ,  720.000 ,  960.000 ,        0 ,  796.298 ,  852.697 ,    0.000 ,  852.697 ,  853.697 ,    0.000 ,    4.117 ,   56.398 ,    4.526 ,        3 , 	)
  74 	 (   6 ,  761.000 ,  926.001 ,        0 ,  805.178 ,  861.577 ,    0.000 ,  861.577 ,  864.577 ,    0.000 ,    4.117 ,   56.398 ,   -0.997 ,        4 , 	)
  92 	 (   7 ,  780.000 ,  960.000 ,        0 ,  824.041 ,  880.440 ,    0.000 ,  880.440 ,  881.440 ,    0.000 ,    4.117 ,   56.398 ,    1.440 ,        5 , 	)
 196 	 (   4 ,  836.000 ,  956.000 ,        0 ,  837.617 ,  894.016 ,    0.000 ,  894.016 ,  897.016 ,   29.439 ,    4.117 ,   56.398 ,    1.841 ,        6 , 	)
  87 	 (   5 ,  720.000 ,  960.000 ,        0 ,  847.605 ,  904.003 ,    0.000 ,  904.003 ,  905.003 ,    0.000 ,    4.117 ,   56.398 ,    3.004 ,        7 , 	)
 178 	 (   4 ,  816.000 ,  996.000 ,        0 ,  854.960 ,  911.359 ,    0.000 ,  911.359 ,  912.359 ,   83.883 ,    4.117 ,   56.398 ,    0.000 ,        8 , 	)
 169 	 (   3 ,  829.772 , 1031.000 ,        0 ,  872.910 ,  929.308 ,    0.000 ,  929.308 ,  930.308 ,   91.910 ,   11.481 ,   56.398 ,    1.320 ,        9 , 	)
  68 	 (   7 ,  780.000 ,  960.000 ,        0 ,  884.649 ,  941.047 ,    0.000 ,  941.047 ,  945.047 ,    0.000 ,   11.481 ,   56.398 ,   11.879 ,       10 , 	)
 214 	 (   6 ,  859.000 , 1039.000 ,        0 ,  918.560 ,  974.959 ,    0.000 ,  974.959 ,  975.959 ,   93.519 ,   11.481 ,   56.398 ,    1.254 ,       11 , 	)
 215 	 (   5 ,  868.000 , 1048.000 ,        0 ,  923.244 ,  979.643 ,    0.000 ,  979.643 ,  980.643 ,  125.946 ,   32.054 ,   56.398 ,    2.024 ,       12 , 	)
 209 	 (   4 ,  815.000 , 1055.000 ,        0 ,  946.386 , 1002.784 ,    0.000 , 1002.784 , 1003.784 ,   97.781 ,   52.216 ,   56.398 ,    9.240 ,       13 , 	)
   4 	 (   7 ,  960.000 , 1200.000 ,        0 ,  956.166 , 1012.565 ,    0.000 , 1012.565 , 1015.565 ,    0.000 ,   56.027 ,   52.565 ,    3.908 ,       14 , 	)
 190 	 (   3 ,  856.000 , 1096.000 ,        0 ,  973.456 , 1026.020 ,    0.000 , 1026.020 , 1030.020 ,   80.973 ,   49.871 ,   52.565 ,    2.998 ,       15 , 	)
 103 	 (   4 , 1020.000 , 1200.000 ,        0 ,  985.011 , 1037.576 ,    0.000 , 1037.576 , 1038.576 ,    0.000 ,   49.871 ,   17.576 ,    9.724 ,       16 , 	)
 104 	 (   7 ,  972.000 , 1194.374 ,        0 , 1039.034 , 1056.610 ,    0.000 , 1056.610 , 1059.610 ,    0.000 ,   49.871 ,   17.576 ,   -5.160 ,       17 , 	)
 225 	 (   6 , 1083.000 , 1323.000 ,        0 , 1065.424 , 1083.000 ,    0.000 , 1083.000 , 1084.000 ,   44.424 ,   49.871 ,    0.000 ,    4.108 ,       18 , 	)
 126 	 (   3 , 1062.000 , 1302.000 ,        0 , 1099.693 , 1099.693 ,    0.000 , 1099.693 , 1102.693 ,   84.129 ,   49.871 ,    0.000 ,   21.816 ,       19 , 	)
 226 	 (   0 , 1101.000 , 1221.000 ,        0 , 1123.831 , 1123.831 ,    0.000 , 1123.831 , 1126.831 ,   64.221 ,   61.779 ,   -0.000 ,    0.761 ,       20 , 	)
 245 	 (   0 ,    0.000 , 1440.000 ,        0 , 1160.631 , 1160.631 ,    0.000 , 1160.631 , 1160.631 ,    0.000 ,  279.369 ,   -0.000 ,    0.000 ,       21 , 	)

	16 sommets 
	values : ( Cost : 364.529 , TRT : 390.585 , TWT :  84.503 , TD : 555.226 )
	violations : ( VC :       0 , VTW :   0.000 , VTD :   0.000 , VTRT :   0.000 )
	cout global : (   0.000	 )
S(i)	 (   C ,     TW0 ,       TW1 ,       VTW ,       Min ,       A ,       W ,       B ,       D ,       L ,       F ,       E ,       Det ,       [Imp ,       Imp]	)
   0 	 (   0 ,    0.000 , 1440.000 ,        0 ,    0.000 ,  274.058 ,    0.000 ,  274.058 ,  274.058 ,    0.000 ,    0.000 ,  274.058 ,    0.000 ,        0 , 	)
  22 	 (   1 ,  240.000 ,  480.000 ,        0 ,   60.571 ,  334.629 ,    0.000 ,  334.629 ,  335.629 ,    0.000 ,    0.000 ,   94.629 ,   21.935 ,        1 , 	)
 121 	 (   2 ,  300.000 ,  420.000 ,        0 ,  275.606 ,  370.235 ,    0.000 ,  370.235 ,  371.235 ,    0.000 ,    0.000 ,   70.235 ,    5.914 ,        2 , 	)
  41 	 (   6 ,  240.000 ,  420.000 ,        0 ,  312.017 ,  382.252 ,    0.000 ,  382.252 ,  386.252 ,    0.000 ,    0.000 ,   70.235 ,   12.857 ,        3 , 	)
 144 	 (   5 ,  357.000 ,  597.000 ,        0 ,  328.128 ,  398.363 ,    0.000 ,  398.363 ,  399.363 ,   62.734 ,    0.000 ,   41.363 ,    1.610 ,        4 , 	)
  34 	 (   7 ,  360.000 ,  420.000 ,        0 ,  365.845 ,  407.208 ,    0.000 ,  407.208 ,  409.208 ,    0.000 ,    0.000 ,   41.363 ,    0.005 ,        5 , 	)
  54 	 (   8 ,  244.000 ,  480.000 ,        0 ,  394.737 ,  436.100 ,    0.000 ,  436.100 ,  437.100 ,    0.000 ,    0.000 ,   41.363 ,   17.511 ,        6 , 	)
 156 	 (   6 ,  388.929 ,  530.000 ,        0 ,  413.285 ,  454.648 ,    0.000 ,  454.648 ,  456.648 ,   45.440 ,    0.000 ,   41.363 ,    5.353 ,        7 , 	)
 163 	 (   2 ,  305.000 ,  545.000 ,        0 ,  419.450 ,  460.814 ,    0.000 ,  460.814 ,  464.814 ,   74.562 ,    0.000 ,   41.363 ,    1.240 ,        8 , 	)
 243 	 (   1 ,  335.498 ,  559.000 ,        0 ,  437.637 ,  479.000 ,    0.000 ,  479.000 ,  480.000 ,  107.765 ,    0.000 ,   41.363 ,    0.000 ,        9 , 	)
  55 	 (   5 ,  300.000 ,  480.000 ,        0 ,  438.637 ,  480.000 ,    0.000 ,  480.000 ,  484.000 ,    0.000 ,    0.000 ,   41.363 ,    0.000 ,       10 , 	)
 109 	 (   8 ,  480.000 ,  720.000 ,        0 ,  457.002 ,  498.365 ,   17.902 ,  516.266 ,  519.266 ,    0.000 ,    0.000 ,   36.266 ,    4.056 ,       11 , 	)
 176 	 (   7 ,  344.000 ,  524.000 ,        0 ,  487.734 ,  524.000 ,    0.000 ,  524.000 ,  525.000 ,   86.900 ,    0.000 ,   36.266 ,   -0.611 ,       12 , 	)
 177 	 (   3 ,  370.000 ,  550.000 ,        0 ,  510.826 ,  547.092 ,    0.000 ,  547.092 ,  551.092 ,   63.092 ,    2.908 ,   36.266 ,    7.124 ,       13 , 	)
 231 	 (   0 ,  634.000 ,  814.000 ,        0 ,  531.132 ,  567.398 ,   66.602 ,  634.000 ,  637.000 ,  114.734 ,   80.266 ,    0.000 ,    5.159 ,       14 , 	)
 245 	 (   0 ,    0.000 , 1440.000 ,        0 ,  664.643 ,  664.643 ,    0.000 ,  664.643 ,  664.643 ,    0.000 ,  775.357 ,    0.000 ,    0.000 ,       15 , 	)

	10 sommets 
	values : ( Cost : 189.818 , TRT : 160.720 , TWT :   0.000 , TD : 117.810 )
	violations : ( VC :       0 , VTW :   0.000 , VTD :   0.000 , VTRT :   0.000 )
	cout global : (   0.000	 )
S(i)	 (   C ,     TW0 ,       TW1 ,       VTW ,       Min ,       A ,       W ,       B ,       D ,       L ,       F ,       E ,       Det ,       [Imp ,       Imp]	)
   0 	 (   0 ,    0.000 , 1440.000 ,        0 ,    0.000 ,  301.305 ,    0.000 ,  301.305 ,  301.305 ,    0.000 ,   50.449 ,  301.305 ,    0.000 ,        0 , 	)
  86 	 (   1 ,  300.000 ,  480.000 ,        0 ,   22.617 ,  323.922 ,    0.000 ,  323.922 ,  324.922 ,    0.000 ,   50.449 ,   23.922 ,    5.181 ,        1 , 	)
 208 	 (   0 ,  350.000 ,  530.000 ,        0 ,  326.078 ,  350.000 ,    0.000 ,  350.000 ,  351.000 ,   25.078 ,   41.922 ,    0.000 ,    2.747 ,        2 , 	)
  25 	 (   3 ,  250.000 ,  478.357 ,        0 ,  357.391 ,  357.391 ,    0.000 ,  357.391 ,  360.391 ,    0.000 ,   50.449 ,    0.000 ,   10.021 ,        3 , 	)
   8 	 (   4 ,  300.000 ,  480.000 ,        0 ,  390.457 ,  390.457 ,    0.000 ,  390.457 ,  391.457 ,    0.000 ,   30.389 ,    0.000 ,   16.968 ,        4 , 	)
 147 	 (   1 ,  330.000 ,  510.000 ,        0 ,  407.002 ,  407.002 ,    0.000 ,  407.002 ,  410.002 ,   46.611 ,   28.605 ,    0.000 ,    4.004 ,        5 , 	)
 130 	 (   0 ,  322.392 ,  538.000 ,        0 ,  419.853 ,  419.853 ,    0.000 ,  419.853 ,  420.853 ,   28.395 ,   28.605 ,    0.000 ,   -2.084 ,        6 , 	)
  17 	 (   4 ,  300.000 ,  480.000 ,        0 ,  429.551 ,  429.551 ,    0.000 ,  429.551 ,  433.551 ,    0.000 ,   50.449 ,    0.000 ,    7.281 ,        7 , 	)
 139 	 (   0 ,  321.726 ,  532.000 ,        0 ,  451.277 ,  451.277 ,    0.000 ,  451.277 ,  455.277 ,   17.726 ,   30.274 ,    0.000 ,    8.478 ,        8 , 	)
 245 	 (   0 ,    0.000 , 1440.000 ,        0 ,  462.025 ,  462.025 ,    0.000 ,  462.025 ,  462.025 ,    0.000 ,  977.975 ,    0.000 ,    0.000 ,        9 , 	)

	20 sommets 
	values : ( Cost : 398.979 , TRT : 341.984 , TWT :   0.000 , TD : 697.469 )
	violations : ( VC :       0 , VTW :   0.000 , VTD :   0.000 , VTRT :   0.000 )
	cout global : (   0.000	 )
S(i)	 (   C ,     TW0 ,       TW1 ,       VTW ,       Min ,       A ,       W ,       B ,       D ,       L ,       F ,       E ,       Det ,       [Imp ,       Imp]	)
   0 	 (   0 ,    0.000 , 1440.000 ,        0 ,    0.000 ,  722.763 ,    0.000 ,  722.763 ,  722.763 ,    0.000 ,   20.217 ,  722.763 ,    0.000 ,        0 , 	)
  85 	 (   1 ,  730.000 ,  900.000 ,        0 ,   17.951 ,  740.714 ,    0.000 ,  740.714 ,  741.714 ,    0.000 ,   20.217 ,   10.714 ,    1.021 ,        1 , 	)
  15 	 (   5 ,  720.000 ,  960.000 ,        0 ,  735.750 ,  746.464 ,    0.000 ,  746.464 ,  750.464 ,    0.000 ,    5.505 ,   10.714 ,   -2.163 ,        2 , 	)
 107 	 (   8 ,  720.000 ,  900.000 ,        0 ,  760.797 ,  771.511 ,    0.000 ,  771.511 ,  774.511 ,    0.000 ,    5.505 ,   10.714 ,    3.621 ,        3 , 	)
 137 	 (   4 ,  791.000 , 1031.000 ,        0 ,  780.286 ,  791.000 ,    0.000 ,  791.000 ,  795.000 ,   40.536 ,    5.505 ,    0.000 ,    0.000 ,        4 , 	)
  50 	 (   6 ,  720.000 ,  900.000 ,        0 ,  795.000 ,  795.000 ,    0.000 ,  795.000 ,  797.000 ,    0.000 ,    5.505 ,    0.000 ,    0.000 ,        5 , 	)
 229 	 (   3 ,  782.000 ,  962.000 ,        0 ,  822.672 ,  822.672 ,    0.000 ,  822.672 ,  825.672 ,   48.161 ,    5.505 ,    0.000 ,    3.032 ,        6 , 	)
  21 	 (   4 ,  779.000 ,  912.651 ,        0 ,  837.383 ,  837.383 ,    0.000 ,  837.383 ,  838.383 ,    0.000 ,    5.505 ,    0.000 ,    2.853 ,        7 , 	)
  19 	 (   7 ,  780.000 ,  960.000 ,        0 ,  843.589 ,  843.589 ,    0.000 ,  843.589 ,  846.589 ,    0.000 ,    5.505 ,    0.000 ,   -0.788 ,        8 , 	)
 172 	 (   5 ,  804.000 ,  984.000 ,        0 ,  856.136 ,  856.136 ,    0.000 ,  856.136 ,  858.136 ,   59.136 ,    5.505 ,    0.000 ,    5.178 ,        9 , 	)
  23 	 (   7 ,  720.000 ,  900.000 ,        0 ,  877.496 ,  877.496 ,    0.000 ,  877.496 ,  879.496 ,    0.000 ,    5.505 ,    0.000 ,    3.661 ,       10 , 	)
 141 	 (   4 ,  812.977 , 1043.000 ,        0 ,  885.658 ,  885.658 ,    0.000 ,  885.658 ,  888.658 ,   39.068 ,    5.505 ,    0.000 ,    0.962 ,       11 , 	)
 143 	 (   3 ,  898.000 ,  958.000 ,        0 ,  899.964 ,  899.964 ,    0.000 ,  899.964 ,  900.964 ,   61.580 ,    5.505 ,    0.000 ,    1.244 ,       12 , 	)
  33 	 (   7 ,  780.000 ,  960.000 ,        0 ,  905.035 ,  905.035 ,    0.000 ,  905.035 ,  909.035 ,    0.000 ,    5.505 ,    0.000 ,    1.691 ,       13 , 	)
  67 	 (   8 ,  750.000 ,  941.874 ,        0 ,  916.644 ,  916.644 ,    0.000 ,  916.644 ,  917.644 ,    0.000 ,    5.505 ,    0.000 ,    0.495 ,       14 , 	)
 207 	 (   7 ,  926.000 ,  986.000 ,        0 ,  931.209 ,  931.209 ,    0.000 ,  931.209 ,  932.209 ,  189.495 ,    5.505 ,    0.000 ,    4.012 ,       15 , 	)
 189 	 (   6 ,  866.000 ,  986.000 ,        0 ,  965.783 ,  965.783 ,    0.000 ,  965.783 ,  966.783 ,   48.138 ,   20.217 ,    0.000 ,    2.768 ,       16 , 	)
 155 	 (   2 ,  920.000 , 1100.000 ,        0 ,  987.769 ,  987.769 ,    0.000 ,  987.769 ,  991.769 ,   78.735 ,   74.884 ,    0.000 ,    2.412 ,       17 , 	)
 145 	 (   0 ,  847.000 , 1087.000 ,        0 , 1012.116 , 1012.116 ,    0.000 , 1012.116 , 1014.116 ,  132.620 ,   74.884 ,    0.000 ,   19.616 ,       18 , 	)
 245 	 (   0 ,    0.000 , 1440.000 ,        0 , 1064.747 , 1064.747 ,    0.000 , 1064.747 , 1064.747 ,    0.000 ,  375.253 ,    0.000 ,    0.000 ,       19 , 	)

	16 sommets 
	values : ( Cost : 352.017 , TRT : 317.816 , TWT :  23.141 , TD : 607.915 )
	violations : ( VC :       0 , VTW :   0.000 , VTD :   0.000 , VTRT :   0.000 )
	cout global : (   0.000	 )
S(i)	 (   C ,     TW0 ,       TW1 ,       VTW ,       Min ,       A ,       W ,       B ,       D ,       L ,       F ,       E ,       Det ,       [Imp ,       Imp]	)
   0 	 (   0 ,    0.000 , 1440.000 ,        0 ,    0.000 ,  828.128 ,    0.000 ,  828.128 ,  828.128 ,    0.000 ,    0.000 ,  828.128 ,    0.000 ,        0 , 	)
  61 	 (   4 ,  720.000 ,  960.000 ,        0 ,   18.071 ,  846.199 ,    0.000 ,  846.199 ,  850.199 ,    0.000 ,    0.000 ,  126.199 ,    0.000 ,        1 , 	)
 122 	 (   5 ,  780.000 ,  960.000 ,        0 ,  724.000 ,  850.199 ,    0.000 ,  850.199 ,  851.199 ,    0.000 ,    0.000 ,   70.199 ,    0.000 ,        2 , 	)
  18 	 (   7 ,  720.000 ,  960.000 ,        0 ,  789.735 ,  859.935 ,    0.000 ,  859.935 ,  861.935 ,    0.000 ,    0.000 ,   70.199 ,    2.836 ,        3 , 	)
  27 	 (   8 ,  840.000 ,  960.000 ,        0 ,  807.868 ,  878.067 ,    0.000 ,  878.067 ,  879.067 ,    0.000 ,    0.000 ,   38.067 ,   -1.031 ,        4 , 	)
 244 	 (   7 ,  870.000 , 1050.000 ,        0 ,  864.410 ,  902.477 ,    0.000 ,  902.477 ,  903.477 ,   51.277 ,    0.000 ,   32.477 ,    2.999 ,        5 , 	)
 183 	 (   3 ,  822.000 , 1062.000 ,        0 ,  877.885 ,  910.362 ,    0.000 ,  910.362 ,  914.362 ,   60.162 ,    0.000 ,   32.477 ,   -0.228 ,        6 , 	)
   2 	 (   5 ,  753.000 ,  938.540 ,        0 ,  899.879 ,  932.356 ,    0.000 ,  932.356 ,  934.356 ,    0.000 ,    0.000 ,   32.477 ,    3.682 ,        7 , 	)
  14 	 (   8 ,  720.000 ,  960.000 ,        0 ,  916.035 ,  948.511 ,    0.000 ,  948.511 ,  951.511 ,    0.000 ,    0.000 ,   32.477 ,    3.184 ,        8 , 	)
 124 	 (   6 ,  860.000 ,  980.000 ,        0 ,  947.523 ,  980.000 ,    0.000 ,  980.000 ,  982.000 ,   45.644 ,    0.000 ,   32.477 ,   12.480 ,        9 , 	)
 136 	 (   3 ,  790.000 , 1030.000 ,        0 ,  967.370 ,  999.847 ,    0.000 ,  999.847 , 1002.847 ,   48.335 ,   16.256 ,   32.477 ,    5.001 ,       10 , 	)
 149 	 (   2 ,  931.000 , 1162.000 ,        0 ,  989.633 , 1022.110 ,    0.000 , 1022.110 , 1023.110 ,  143.043 ,   16.256 ,   32.477 ,   11.132 ,       11 , 	)
 114 	 (   4 , 1031.000 , 1135.953 ,        0 ,  999.814 , 1032.291 ,   16.256 , 1048.547 , 1050.547 ,    0.000 ,    0.000 ,   17.547 ,    3.342 ,       12 , 	)
 140 	 (   2 ,  875.000 , 1115.000 ,        0 , 1049.387 , 1066.935 ,    0.000 , 1066.935 , 1068.935 ,  205.000 ,    0.000 ,   17.547 ,   18.521 ,       13 , 	)
 236 	 (   0 , 1105.000 , 1165.000 ,        0 , 1080.568 , 1098.115 ,    6.885 , 1105.000 , 1107.000 ,   54.453 ,   17.547 ,    0.000 ,    0.920 ,       14 , 	)
 245 	 (   0 ,    0.000 , 1440.000 ,        0 , 1145.944 , 1145.944 ,    0.000 , 1145.944 , 1145.944 ,    0.000 ,  294.056 ,    0.000 ,    0.000 ,       15 , 	)
