10
	VALUE ALL : ( Cost : 3412.338 , TRT : 3361.657 , TWT : 523.989 , TD : 3944.187 )
	VIOLATIONS TOTAL : ( VC :       0 , VTW :   0.000 , VTD :   0.000 , VTRT :   0.000 )
 	COUT_ALL : (   0.003 )  T2B:    3600

	18 sommets 
	values : ( Cost : 364.228 , TRT : 301.834 , TWT :   1.978 , TD : 568.358 )
	violations : ( VC :       0 , VTW :   0.000 , VTD :   0.000 , VTRT :   0.000 )
	cout global : (   0.000	 )
S(i)	 (   C ,     TW0 ,       TW1 ,       VTW ,       Min ,       A ,       W ,       B ,       D ,       L ,       F ,       E ,       Det ,       [Imp ,       Imp]	)
   0 	 (   0 ,    0.000 , 1440.000 ,        0 ,    0.000 ,  278.456 ,    0.000 ,  278.456 ,  278.456 ,    0.000 ,    0.000 ,  278.456 ,    0.000 ,        0 , 	)
  43 	 (   1 ,  240.000 ,  480.000 ,        0 ,   28.801 ,  307.256 ,    0.000 ,  307.256 ,  308.256 ,    0.000 ,    0.000 ,   67.256 ,   11.983 ,        1 , 	)
  31 	 (   2 ,  240.000 ,  480.000 ,        0 ,  263.092 ,  330.349 ,    0.000 ,  330.349 ,  331.349 ,    0.000 ,    0.000 ,   67.256 ,    3.996 ,        2 , 	)
  60 	 (   3 ,  240.000 ,  360.000 ,        0 ,  272.561 ,  339.817 ,    0.000 ,  339.817 ,  340.817 ,    0.000 ,    0.000 ,   67.256 ,    0.505 ,        3 , 	)
 103 	 (   2 ,  300.000 ,  540.000 ,        0 ,  277.610 ,  344.866 ,    0.000 ,  344.866 ,  345.866 ,   36.610 ,    0.000 ,   44.866 ,    7.468 ,        4 , 	)
  44 	 (   5 ,  240.000 ,  420.000 ,        0 ,  320.891 ,  365.757 ,    0.000 ,  365.757 ,  368.757 ,    0.000 ,    0.000 ,   44.866 ,    4.632 ,        5 , 	)
 120 	 (   4 ,  265.838 ,  461.000 ,        0 ,  336.889 ,  381.756 ,    0.000 ,  381.756 ,  382.756 ,   40.938 ,    0.000 ,   44.866 ,    0.001 ,        6 , 	)
  52 	 (   5 ,  300.000 ,  480.000 ,        0 ,  365.559 ,  410.425 ,    0.000 ,  410.425 ,  411.425 ,    0.000 ,    0.000 ,   44.866 ,    5.811 ,        7 , 	)
  91 	 (   4 ,  445.000 ,  625.000 ,        0 ,  412.234 ,  457.100 ,    0.000 ,  457.100 ,  458.100 ,  125.751 ,    0.000 ,   12.100 ,    0.000 ,        8 , 	)
  41 	 (   5 ,  300.000 ,  480.000 ,        0 ,  446.000 ,  458.100 ,    0.000 ,  458.100 ,  459.100 ,    0.000 ,    0.000 ,   12.100 ,    0.000 ,        9 , 	)
 104 	 (   2 ,  357.000 ,  537.000 ,        0 ,  460.258 ,  472.358 ,    0.000 ,  472.358 ,  475.358 ,  103.601 ,    0.000 ,   12.100 ,    0.000 ,       10 , 	)
  33 	 (   3 ,  240.000 ,  480.000 ,        0 ,  467.900 ,  480.000 ,    0.000 ,  480.000 ,  481.000 ,    0.000 ,   -0.000 ,   12.100 ,    0.718 ,       11 , 	)
  18 	 (   7 ,  480.000 ,  660.000 ,        0 ,  479.871 ,  491.971 ,    1.978 ,  493.950 ,  497.950 ,    0.000 ,    9.055 ,   13.950 ,    0.208 ,       12 , 	)
 101 	 (   6 ,  345.000 ,  581.000 ,        0 ,  493.420 ,  507.370 ,    0.000 ,  507.370 ,  508.370 ,   48.270 ,    9.055 ,   13.950 ,    0.000 ,       13 , 	)
 112 	 (   5 ,  379.000 ,  559.000 ,        0 ,  494.420 ,  508.370 ,    0.000 ,  508.370 ,  509.370 ,   96.945 ,    9.055 ,   13.950 ,    0.000 ,       14 , 	)
  93 	 (   4 ,  316.000 ,  556.000 ,        0 ,  521.243 ,  535.192 ,    0.000 ,  535.192 ,  536.192 ,   54.192 ,   20.808 ,   13.950 ,    7.006 ,       15 , 	)
  78 	 (   0 ,  560.000 ,  740.000 ,        0 ,  546.050 ,  560.000 ,    0.000 ,  560.000 ,  564.000 ,   62.050 ,   30.950 ,    0.000 ,   13.706 ,       16 , 	)
 121 	 (   0 ,    0.000 , 1440.000 ,        0 ,  580.289 ,  580.289 ,    0.000 ,  580.289 ,  580.289 ,    0.000 ,  859.711 ,    0.000 ,    0.000 ,       17 , 	)

	12 sommets 
	values : ( Cost : 380.041 , TRT : 411.545 , TWT : 101.800 , TD : 401.760 )
	violations : ( VC :       0 , VTW :   0.000 , VTD :   0.000 , VTRT :   0.000 )
	cout global : (   0.000	 )
S(i)	 (   C ,     TW0 ,       TW1 ,       VTW ,       Min ,       A ,       W ,       B ,       D ,       L ,       F ,       E ,       Det ,       [Imp ,       Imp]	)
   0 	 (   0 ,    0.000 , 1440.000 ,        0 ,    0.000 ,  368.144 ,    0.000 ,  368.144 ,  368.144 ,    0.000 ,    0.000 ,  368.144 ,    0.000 ,        0 , 	)
  48 	 (   1 ,  335.000 ,  454.602 ,        0 ,   32.677 ,  400.820 ,    0.000 ,  400.820 ,  401.820 ,    0.000 ,    0.000 ,   65.820 ,    5.002 ,        1 , 	)
  14 	 (   4 ,  240.000 ,  480.000 ,        0 ,  345.785 ,  411.605 ,    0.000 ,  411.605 ,  414.605 ,    0.000 ,    0.000 ,   65.820 ,    1.865 ,        2 , 	)
   8 	 (   8 ,  300.000 ,  420.000 ,        0 ,  354.180 ,  420.000 ,    0.000 ,  420.000 ,  424.000 ,    0.000 ,    0.000 ,   65.820 ,    8.091 ,        3 , 	)
  74 	 (   5 ,  333.000 ,  573.000 ,        0 ,  388.112 ,  453.932 ,    0.000 ,  453.932 ,  456.932 ,   39.327 ,   10.740 ,   65.820 ,    8.747 ,        4 , 	)
 108 	 (   4 ,  431.000 ,  491.000 ,        0 ,  414.440 ,  480.260 ,    0.000 ,  480.260 ,  481.260 ,   78.440 ,   10.740 ,   49.260 ,    4.095 ,        5 , 	)
  55 	 (   7 ,  480.000 ,  660.000 ,        0 ,  459.679 ,  508.939 ,   23.080 ,  532.019 ,  535.019 ,    0.000 ,    0.000 ,   52.019 ,   32.678 ,        6 , 	)
  68 	 (   3 ,  406.000 ,  586.000 ,        0 ,  533.981 ,  586.000 ,    0.000 ,  586.000 ,  590.000 ,  162.000 ,    0.000 ,   52.019 ,    8.217 ,        7 , 	)
 115 	 (   0 ,  632.000 ,  812.000 ,        0 ,  570.305 ,  622.323 ,    9.677 ,  632.000 ,  635.000 ,   96.981 ,  103.019 ,    0.000 ,    1.986 ,        8 , 	)
  17 	 (   1 ,  720.000 ,  780.000 ,        0 ,  650.956 ,  650.956 ,   69.044 ,  720.000 ,  721.000 ,    0.000 ,   60.000 ,    0.000 ,    6.587 ,        9 , 	)
  77 	 (   0 ,  746.012 ,  848.000 ,        0 ,  746.012 ,  746.012 ,    0.000 ,  746.012 ,  747.012 ,   25.012 ,   41.988 ,    0.000 ,   10.452 ,       10 , 	)
 121 	 (   0 ,    0.000 , 1440.000 ,        0 ,  779.689 ,  779.689 ,    0.000 ,  779.689 ,  779.689 ,    0.000 ,  660.311 ,    0.000 ,    0.000 ,       11 , 	)

	18 sommets 
	values : ( Cost : 477.311 , TRT : 411.662 , TWT :  16.781 , TD : 512.208 )
	violations : ( VC :       0 , VTW :   0.000 , VTD :   0.000 , VTRT :   0.000 )
	cout global : (   0.000	 )
S(i)	 (   C ,     TW0 ,       TW1 ,       VTW ,       Min ,       A ,       W ,       B ,       D ,       L ,       F ,       E ,       Det ,       [Imp ,       Imp]	)
   0 	 (   0 ,    0.000 , 1440.000 ,        0 ,    0.000 ,  601.738 ,    0.000 ,  601.738 ,  601.738 ,    0.000 ,    0.000 ,  601.738 ,    0.000 ,        0 , 	)
  49 	 (   4 ,  480.000 ,  720.000 ,        0 ,    3.855 ,  605.593 ,    0.000 ,  605.593 ,  609.593 ,    0.000 ,    0.000 ,  125.593 ,    7.910 ,        1 , 	)
  27 	 (   5 ,  480.000 ,  660.000 ,        0 ,  504.152 ,  629.745 ,    0.000 ,  629.745 ,  630.745 ,    0.000 ,    0.000 ,  125.593 ,    0.000 ,        2 , 	)
 109 	 (   1 ,  523.000 ,  763.000 ,        0 ,  505.152 ,  630.745 ,    0.000 ,  630.745 ,  634.745 ,   21.152 ,    0.000 ,  107.745 ,    0.000 ,        3 , 	)
   1 	 (   2 ,  480.000 ,  720.000 ,        0 ,  567.161 ,  674.906 ,    0.000 ,  674.906 ,  675.906 ,    0.000 ,    0.000 ,  107.745 ,   67.673 ,        4 , 	)
  22 	 (   4 ,  720.000 ,  780.000 ,        0 ,  618.753 ,  726.498 ,    0.000 ,  726.498 ,  728.498 ,    0.000 ,    0.000 ,    6.498 ,    3.450 ,        5 , 	)
  61 	 (   3 ,  609.000 ,  789.000 ,        0 ,  724.308 ,  730.807 ,    0.000 ,  730.807 ,  731.807 ,   54.901 ,    0.000 ,    6.498 ,    0.602 ,        6 , 	)
  87 	 (   2 ,  593.000 ,  773.000 ,        0 ,  766.502 ,  773.000 ,    0.000 ,  773.000 ,  774.000 ,  142.255 ,    0.000 ,    6.498 ,   20.769 ,        7 , 	)
  82 	 (   0 ,  759.586 ,  882.000 ,        0 ,  783.561 ,  790.059 ,    0.000 ,  790.059 ,  792.059 ,   61.561 ,   17.505 ,    6.498 ,   11.350 ,        8 , 	)
  32 	 (   3 ,  746.000 ,  947.330 ,        0 ,  804.050 ,  810.549 ,   16.781 ,  827.330 ,  830.330 ,    0.000 ,    0.723 ,   23.280 ,    7.158 ,        9 , 	)
  92 	 (   0 ,  879.000 ,  999.000 ,        0 ,  855.720 ,  879.000 ,    0.000 ,  879.000 ,  882.000 ,   48.670 ,    0.723 ,    0.000 ,   16.617 ,       10 , 	)
  23 	 (   2 ,  780.000 ,  900.000 ,        0 ,  893.615 ,  893.615 ,    0.000 ,  893.615 ,  895.615 ,    0.000 ,    0.723 ,    0.000 ,    0.217 ,       11 , 	)
  51 	 (   6 ,  720.000 ,  900.000 ,        0 ,  899.277 ,  899.277 ,    0.000 ,  899.277 ,  903.277 ,    0.000 ,    0.723 ,    0.000 ,    5.359 ,       12 , 	)
   4 	 (   7 ,  720.000 ,  960.000 ,        0 ,  930.093 ,  930.093 ,    0.000 ,  930.093 ,  931.093 ,    0.000 ,   22.889 ,    0.000 ,    9.093 ,       13 , 	)
 111 	 (   3 ,  785.000 , 1025.000 ,        0 ,  959.581 ,  959.581 ,    0.000 ,  959.581 ,  963.581 ,   56.305 ,    8.982 ,    0.000 ,   10.171 ,       14 , 	)
  83 	 (   1 ,  825.639 , 1019.000 ,        0 ,  970.962 ,  970.962 ,    0.000 ,  970.962 ,  972.962 ,   75.347 ,    8.982 ,    0.000 ,    4.111 ,       15 , 	)
  64 	 (   0 ,  766.000 , 1006.000 ,        0 ,  983.111 ,  983.111 ,    0.000 ,  983.111 ,  984.111 ,   52.018 ,    8.982 ,    0.000 ,   -0.384 ,       16 , 	)
 121 	 (   0 ,    0.000 , 1440.000 ,        0 , 1013.400 , 1013.400 ,    0.000 , 1013.400 , 1013.400 ,    0.000 ,  426.600 ,    0.000 ,    0.000 ,       17 , 	)

	14 sommets 
	values : ( Cost : 346.404 , TRT : 479.026 , TWT : 192.571 , TD : 405.094 )
	violations : ( VC :       0 , VTW :   0.000 , VTD :   0.000 , VTRT :   0.000 )
	cout global : (   0.000	 )
S(i)	 (   C ,     TW0 ,       TW1 ,       VTW ,       Min ,       A ,       W ,       B ,       D ,       L ,       F ,       E ,       Det ,       [Imp ,       Imp]	)
   0 	 (   0 ,    0.000 , 1440.000 ,        0 ,    0.000 ,  384.934 ,    0.000 ,  384.934 ,  384.934 ,    0.000 ,    0.000 ,  384.934 ,    0.000 ,        0 , 	)
  38 	 (   2 ,  300.000 ,  480.000 ,        0 ,   10.642 ,  395.576 ,    0.000 ,  395.576 ,  397.576 ,    0.000 ,    0.000 ,   95.576 ,   12.079 ,        1 , 	)
  39 	 (   3 ,  300.000 ,  480.000 ,        0 ,  325.192 ,  420.768 ,    0.000 ,  420.768 ,  421.768 ,    0.000 ,    0.000 ,   95.576 ,   24.094 ,        2 , 	)
  45 	 (   7 ,  240.000 ,  480.000 ,        0 ,  370.502 ,  466.078 ,    0.000 ,  466.078 ,  470.078 ,    0.000 ,    0.000 ,   95.576 ,    0.000 ,        3 , 	)
  98 	 (   5 ,  388.000 ,  568.000 ,        0 ,  374.502 ,  470.078 ,    0.000 ,  470.078 ,  472.078 ,   72.502 ,    0.000 ,   82.078 ,    0.000 ,        4 , 	)
  16 	 (   6 ,  300.000 ,  480.000 ,        0 ,  393.468 ,  475.547 ,    0.000 ,  475.547 ,  476.547 ,    0.000 ,    0.000 ,   82.078 ,    1.961 ,        5 , 	)
  54 	 (   8 ,  240.000 ,  480.000 ,        0 ,  397.922 ,  480.000 ,    0.000 ,  480.000 ,  482.000 ,    0.000 ,    0.000 ,   82.078 ,    0.614 ,        6 , 	)
  99 	 (   7 ,  384.000 ,  564.000 ,        0 ,  405.756 ,  487.834 ,    0.000 ,  487.834 ,  488.834 ,   66.065 ,   17.440 ,   82.078 ,    3.649 ,        7 , 	)
  76 	 (   6 ,  346.000 ,  526.000 ,        0 ,  426.482 ,  508.560 ,    0.000 ,  508.560 ,  509.560 ,   32.014 ,   17.440 ,   82.078 ,   12.470 ,        8 , 	)
 114 	 (   4 ,  342.000 ,  582.000 ,        0 ,  470.084 ,  552.162 ,    0.000 ,  552.162 ,  554.162 ,   70.162 ,   29.838 ,   82.078 ,    1.500 ,        9 , 	)
 105 	 (   0 ,  439.000 ,  619.000 ,        0 ,  503.175 ,  585.253 ,    0.000 ,  585.253 ,  589.253 ,  115.175 ,   33.747 ,   82.078 ,    0.000 ,       10 , 	)
  20 	 (   3 ,  732.000 ,  900.000 ,        0 ,  507.175 ,  589.253 ,  192.571 ,  781.825 ,  784.825 ,    0.000 ,  118.175 ,   49.825 ,    0.000 ,       11 , 	)
  80 	 (   0 ,  834.000 ,  954.000 ,        0 ,  784.175 ,  834.000 ,    0.000 ,  834.000 ,  837.000 ,   49.175 ,   49.825 ,    0.000 ,   12.523 ,       12 , 	)
 121 	 (   0 ,    0.000 , 1440.000 ,        0 ,  863.959 ,  863.959 ,    0.000 ,  863.959 ,  863.959 ,    0.000 ,  576.041 ,    0.000 ,    0.000 ,       13 , 	)

	14 sommets 
	values : ( Cost : 391.485 , TRT : 334.835 , TWT :   8.485 , TD : 505.105 )
	violations : ( VC :       0 , VTW :   0.000 , VTD :   0.000 , VTRT :   0.000 )
	cout global : (   0.000	 )
S(i)	 (   C ,     TW0 ,       TW1 ,       VTW ,       Min ,       A ,       W ,       B ,       D ,       L ,       F ,       E ,       Det ,       [Imp ,       Imp]	)
   0 	 (   0 ,    0.000 , 1440.000 ,        0 ,    0.000 ,  784.539 ,    0.000 ,  784.539 ,  784.539 ,    0.000 ,    0.000 ,  784.539 ,    0.000 ,        0 , 	)
   5 	 (   3 ,  720.000 ,  960.000 ,        0 ,    3.846 ,  788.385 ,    0.000 ,  788.385 ,  791.385 ,    0.000 ,    0.000 ,   68.385 ,    0.172 ,        1 , 	)
  12 	 (   6 ,  720.000 ,  900.000 ,        0 ,  740.456 ,  808.841 ,    0.000 ,  808.841 ,  811.841 ,    0.000 ,    0.000 ,   68.385 ,   20.953 ,        2 , 	)
  37 	 (   7 ,  780.000 ,  960.000 ,        0 ,  772.289 ,  840.674 ,    0.000 ,  840.674 ,  841.674 ,    0.000 ,    0.000 ,   60.674 ,    8.080 ,        3 , 	)
  72 	 (   4 ,  798.000 ,  978.000 ,        0 ,  798.323 ,  858.998 ,    0.000 ,  858.998 ,  861.998 ,   47.157 ,    0.000 ,   60.674 ,   10.929 ,        4 , 	)
  42 	 (   5 ,  840.000 ,  960.000 ,        0 ,  816.008 ,  876.683 ,    0.000 ,  876.683 ,  877.683 ,    0.000 ,    0.000 ,   36.683 ,    6.186 ,        5 , 	)
  65 	 (   2 ,  887.000 , 1067.000 ,        0 ,  868.292 ,  904.975 ,    0.000 ,  904.975 ,  907.975 ,  113.590 ,    0.000 ,   17.975 ,    5.162 ,        6 , 	)
  97 	 (   1 ,  833.000 , 1061.000 ,        0 ,  903.628 ,  921.603 ,    0.000 ,  921.603 ,  922.603 ,   79.929 ,    0.000 ,   17.975 ,   18.214 ,        7 , 	)
  59 	 (   5 ,  720.000 ,  960.000 ,        0 ,  935.587 ,  953.562 ,    0.000 ,  953.562 ,  957.562 ,    0.000 ,    0.000 ,   17.975 ,    0.577 ,        8 , 	)
 102 	 (   4 ,  958.000 , 1078.000 ,        0 ,  946.657 ,  964.632 ,    0.000 ,  964.632 ,  965.632 ,   86.950 ,    0.000 ,    6.632 ,    0.345 ,        9 , 	)
  26 	 (   8 ,  960.000 , 1200.000 ,        0 , 1002.326 , 1008.959 ,    0.000 , 1008.959 , 1012.959 ,    0.000 ,    0.000 ,    6.632 ,   45.883 ,       10 , 	)
 119 	 (   4 ,  823.000 , 1063.000 ,        0 , 1056.368 , 1063.000 ,    0.000 , 1063.000 , 1067.000 ,  105.438 ,    0.000 ,    6.632 ,   13.650 ,       11 , 	)
  86 	 (   0 , 1085.000 , 1265.000 ,        0 , 1069.883 , 1076.515 ,    8.485 , 1085.000 , 1089.000 ,   72.041 ,   50.959 ,    0.000 ,    5.380 ,       12 , 	)
 121 	 (   0 ,    0.000 , 1440.000 ,        0 , 1119.374 , 1119.374 ,    0.000 , 1119.374 , 1119.374 ,    0.000 ,  320.626 ,   -0.000 ,    0.000 ,       13 , 	)

	14 sommets 
	values : ( Cost : 345.976 , TRT : 466.165 , TWT : 174.033 , TD : 272.664 )
	violations : ( VC :       0 , VTW :   0.000 , VTD :   0.000 , VTRT :   0.000 )
	cout global : (   0.000	 )
S(i)	 (   C ,     TW0 ,       TW1 ,       VTW ,       Min ,       A ,       W ,       B ,       D ,       L ,       F ,       E ,       Det ,       [Imp ,       Imp]	)
   0 	 (   0 ,    0.000 , 1440.000 ,        0 ,    0.000 ,  660.611 ,    0.000 ,  660.611 ,  660.611 ,    0.000 ,    0.000 ,  660.611 ,    0.000 ,        0 , 	)
  36 	 (   3 ,  523.000 ,  681.774 ,        0 ,   21.162 ,  681.774 ,    0.000 ,  681.774 ,  684.774 ,    0.000 ,    0.000 ,  158.774 ,   -0.677 ,        1 , 	)
  96 	 (   0 ,  588.000 ,  708.000 ,        0 ,  549.226 ,  708.000 ,    0.000 ,  708.000 ,  711.000 ,   23.226 ,    0.000 ,  120.000 ,   14.851 ,        2 , 	)
  35 	 (   4 ,  782.000 ,  960.000 ,        0 ,  598.514 ,  718.514 ,  126.320 ,  844.834 ,  848.834 ,    0.000 ,    0.000 ,   62.834 ,    6.605 ,        3 , 	)
   3 	 (   7 ,  780.000 ,  960.000 ,        0 ,  790.671 ,  853.505 ,    0.000 ,  853.505 ,  856.505 ,    0.000 ,    0.000 ,   62.834 ,    2.567 ,        4 , 	)
  63 	 (   4 ,  867.000 , 1047.000 ,        0 ,  825.651 ,  888.485 ,    0.000 ,  888.485 ,  891.485 ,   31.980 ,    0.000 ,   21.485 ,    0.000 ,        5 , 	)
   7 	 (   6 ,  806.000 ,  949.272 ,        0 ,  870.000 ,  891.485 ,    0.000 ,  891.485 ,  893.485 ,    0.000 ,    0.000 ,   21.485 ,    0.000 ,        6 , 	)
  95 	 (   2 ,  893.000 , 1013.000 ,        0 ,  877.567 ,  899.052 ,    0.000 ,  899.052 ,  903.052 ,   50.218 ,    0.000 ,    6.052 ,    0.862 ,        7 , 	)
  28 	 (   3 ,  780.000 ,  960.000 ,        0 ,  907.657 ,  913.709 ,    0.000 ,  913.709 ,  914.709 ,    0.000 ,    0.000 ,    6.052 ,   20.451 ,        8 , 	)
  88 	 (   2 ,  885.000 , 1065.000 ,        0 ,  947.809 ,  953.861 ,    0.000 ,  953.861 ,  954.861 ,   39.152 ,    0.000 ,    6.052 ,   19.637 ,        9 , 	)
  67 	 (   0 ,  941.000 , 1001.000 ,        0 ,  994.948 , 1001.000 ,    0.000 , 1001.000 , 1003.000 ,  107.515 ,    0.000 ,    6.052 ,   33.082 ,       10 , 	)
  25 	 (   3 , 1035.000 , 1129.427 ,        0 , 1015.662 , 1021.714 ,   47.713 , 1069.427 , 1072.427 ,    0.000 ,   60.000 ,   34.427 ,   32.648 ,       11 , 	)
  85 	 (   0 , 1093.000 , 1153.000 ,        0 , 1058.573 , 1093.000 ,    0.000 , 1093.000 , 1096.000 ,   20.573 ,   34.427 ,    0.000 ,   40.708 ,       12 , 	)
 121 	 (   0 ,    0.000 , 1440.000 ,        0 , 1126.777 , 1126.777 ,    0.000 , 1126.777 , 1126.777 ,    0.000 ,  313.223 ,   -0.000 ,    0.000 ,       13 , 	)

	12 sommets 
	values : ( Cost : 298.431 , TRT : 250.384 , TWT :   0.000 , TD : 213.241 )
	violations : ( VC :       0 , VTW :   0.000 , VTD :   0.000 , VTRT :   0.000 )
	cout global : (   0.000	 )
S(i)	 (   C ,     TW0 ,       TW1 ,       VTW ,       Min ,       A ,       W ,       B ,       D ,       L ,       F ,       E ,       Det ,       [Imp ,       Imp]	)
   0 	 (   0 ,    0.000 , 1440.000 ,        0 ,    0.000 ,  222.845 ,    0.000 ,  222.845 ,  222.845 ,    0.000 ,   74.668 ,  222.845 ,    0.000 ,        0 , 	)
   2 	 (   1 ,  240.000 ,  480.000 ,        0 ,   64.063 ,  286.908 ,    0.000 ,  286.908 ,  287.908 ,    0.000 ,   74.668 ,   46.908 ,   84.066 ,        1 , 	)
  62 	 (   0 ,  336.000 ,  576.000 ,        0 ,  289.092 ,  336.000 ,    0.000 ,  336.000 ,  337.000 ,   48.092 ,   74.668 ,    0.000 ,    0.000 ,        2 , 	)
  11 	 (   3 ,  240.000 ,  480.000 ,        0 ,  337.000 ,  337.000 ,    0.000 ,  337.000 ,  340.000 ,    0.000 ,   74.668 ,    0.000 ,    0.000 ,        3 , 	)
  19 	 (   4 ,  300.000 ,  420.000 ,        0 ,  345.332 ,  345.332 ,    0.000 ,  345.332 ,  346.332 ,    0.000 ,   32.863 ,    0.000 ,    3.420 ,        4 , 	)
  58 	 (   8 ,  300.000 ,  480.000 ,        0 ,  376.235 ,  376.235 ,    0.000 ,  376.235 ,  380.235 ,    0.000 ,   32.863 ,    0.000 ,    0.000 ,        5 , 	)
  79 	 (   7 ,  330.904 ,  501.000 ,        0 ,  380.235 ,  380.235 ,    0.000 ,  380.235 ,  381.235 ,   33.904 ,   23.343 ,    0.000 ,    0.000 ,        6 , 	)
  71 	 (   4 ,  306.000 ,  546.000 ,        0 ,  392.137 ,  392.137 ,    0.000 ,  392.137 ,  395.137 ,   52.137 ,   23.343 ,    0.000 ,    9.550 ,        7 , 	)
   9 	 (   8 ,  300.000 ,  480.000 ,        0 ,  404.218 ,  404.218 ,    0.000 ,  404.218 ,  408.218 ,    0.000 ,   23.343 ,    0.000 ,    0.000 ,        8 , 	)
 118 	 (   4 ,  328.108 ,  549.000 ,        0 ,  421.892 ,  421.892 ,    0.000 ,  421.892 ,  425.892 ,   41.657 ,   23.343 ,    0.000 ,   16.597 ,        9 , 	)
  69 	 (   0 ,  348.000 ,  528.000 ,        0 ,  445.669 ,  445.669 ,    0.000 ,  445.669 ,  449.669 ,   37.451 ,   30.549 ,    0.000 ,   18.538 ,       10 , 	)
 121 	 (   0 ,    0.000 , 1440.000 ,        0 ,  473.229 ,  473.229 ,    0.000 ,  473.229 ,  473.229 ,    0.000 ,  966.771 ,    0.000 ,    0.000 ,       11 , 	)

	14 sommets 
	values : ( Cost : 271.349 , TRT : 232.022 , TWT :   0.000 , TD : 395.453 )
	violations : ( VC :       0 , VTW :   0.000 , VTD :   0.000 , VTRT :   0.000 )
	cout global : (   0.000	 )
S(i)	 (   C ,     TW0 ,       TW1 ,       VTW ,       Min ,       A ,       W ,       B ,       D ,       L ,       F ,       E ,       Det ,       [Imp ,       Imp]	)
   0 	 (   0 ,    0.000 , 1440.000 ,        0 ,    0.000 ,  767.133 ,    0.000 ,  767.133 ,  767.133 ,    0.000 ,   30.971 ,  767.133 ,    0.000 ,        0 , 	)
  57 	 (   2 ,  720.000 ,  900.000 ,        0 ,    3.855 ,  770.988 ,    0.000 ,  770.988 ,  772.988 ,    0.000 ,   30.971 ,   50.988 ,    0.790 ,        1 , 	)
  29 	 (   4 ,  725.000 ,  960.000 ,        0 ,  725.840 ,  776.828 ,    0.000 ,  776.828 ,  778.828 ,    0.000 ,   30.971 ,   50.988 ,    5.514 ,        2 , 	)
  10 	 (   7 ,  728.000 ,  959.466 ,        0 ,  762.347 ,  813.335 ,    0.000 ,  813.335 ,  816.335 ,    0.000 ,   30.971 ,   50.988 ,    5.329 ,        3 , 	)
  89 	 (   5 ,  823.000 , 1003.000 ,        0 ,  772.012 ,  823.000 ,    0.000 ,  823.000 ,  825.000 ,   44.172 ,   30.971 ,    0.000 ,    3.352 ,        4 , 	)
  34 	 (   8 ,  734.000 ,  952.189 ,        0 ,  836.435 ,  836.435 ,    0.000 ,  836.435 ,  839.435 ,    0.000 ,   30.971 ,    0.000 ,    5.565 ,        5 , 	)
  70 	 (   5 ,  813.000 ,  993.000 ,        0 ,  857.941 ,  857.941 ,    0.000 ,  857.941 ,  860.941 ,   41.605 ,   28.407 ,    0.000 ,    3.782 ,        6 , 	)
  30 	 (   8 ,  720.000 ,  900.000 ,        0 ,  869.029 ,  869.029 ,    0.000 ,  869.029 ,  872.029 ,    0.000 ,   28.407 ,    0.000 ,    0.000 ,        7 , 	)
  94 	 (   5 ,  798.000 ,  978.000 ,        0 ,  872.029 ,  872.029 ,    0.000 ,  872.029 ,  875.029 ,   32.593 ,   28.407 ,    0.000 ,    0.000 ,        8 , 	)
  53 	 (   6 ,  720.000 ,  960.000 ,        0 ,  889.505 ,  889.505 ,    0.000 ,  889.505 ,  890.505 ,    0.000 ,   49.461 ,    0.000 ,    5.370 ,        9 , 	)
  90 	 (   3 ,  781.000 , 1021.000 ,        0 ,  926.018 ,  926.018 ,    0.000 ,  926.018 ,  929.018 ,   53.989 ,   49.461 ,    0.000 ,    9.183 ,       10 , 	)
 113 	 (   2 ,  853.000 , 1033.000 ,        0 ,  941.059 ,  941.059 ,    0.000 ,  941.059 ,  942.059 ,   50.553 ,   49.461 ,    0.000 ,    1.011 ,       11 , 	)
 117 	 (   0 ,  839.000 , 1079.000 ,        0 ,  945.527 ,  945.527 ,    0.000 ,  945.527 ,  947.527 ,  172.539 ,   49.461 ,    0.000 ,    5.926 ,       12 , 	)
 121 	 (   0 ,    0.000 , 1440.000 ,        0 ,  999.155 ,  999.155 ,    0.000 ,  999.155 ,  999.155 ,    0.000 ,  440.845 ,    0.000 ,    0.000 ,       13 , 	)

	12 sommets 
	values : ( Cost : 212.485 , TRT : 183.763 , TWT :   0.000 , TD : 325.472 )
	violations : ( VC :       0 , VTW :   0.000 , VTD :   0.000 , VTRT :   0.000 )
	cout global : (   0.000	 )
S(i)	 (   C ,     TW0 ,       TW1 ,       VTW ,       Min ,       A ,       W ,       B ,       D ,       L ,       F ,       E ,       Det ,       [Imp ,       Imp]	)
   0 	 (   0 ,    0.000 , 1440.000 ,        0 ,    0.000 ,  750.975 ,    0.000 ,  750.975 ,  750.975 ,    0.000 ,   35.386 ,  750.975 ,    0.000 ,        0 , 	)
  21 	 (   2 ,  720.000 ,  960.000 ,        0 ,   10.926 ,  761.901 ,    0.000 ,  761.901 ,  763.901 ,    0.000 ,   35.386 ,   41.901 ,   14.638 ,        1 , 	)
  24 	 (   4 ,  720.000 ,  960.000 ,        0 ,  729.566 ,  771.468 ,    0.000 ,  771.468 ,  773.468 ,    0.000 ,   24.744 ,   41.901 ,    0.494 ,        2 , 	)
  40 	 (   5 ,  757.000 ,  931.035 ,        0 ,  757.297 ,  799.198 ,    0.000 ,  799.198 ,  800.198 ,    0.000 ,   24.744 ,   41.901 ,   10.751 ,        3 , 	)
  47 	 (   8 ,  731.000 ,  955.353 ,        0 ,  771.971 ,  813.873 ,    0.000 ,  813.873 ,  816.873 ,    0.000 ,   24.744 ,   41.901 ,   16.597 ,        4 , 	)
  81 	 (   6 ,  795.000 , 1035.000 ,        0 ,  796.256 ,  838.157 ,    0.000 ,  838.157 ,  840.157 ,   74.256 ,    4.802 ,   41.901 ,    2.311 ,        5 , 	)
 100 	 (   5 ,  844.000 ,  964.000 ,        0 ,  814.170 ,  856.071 ,    0.000 ,  856.071 ,  857.071 ,   55.873 ,    4.802 ,   12.071 ,    0.000 ,        6 , 	)
  84 	 (   3 ,  872.000 , 1052.000 ,        0 ,  859.929 ,  872.000 ,    0.000 ,  872.000 ,  874.000 ,   98.532 ,    4.802 ,    0.000 ,    0.000 ,        7 , 	)
   6 	 (   7 ,  771.000 ,  915.904 ,        0 ,  874.000 ,  874.000 ,    0.000 ,  874.000 ,  878.000 ,    0.000 ,    4.802 ,    0.000 ,    0.000 ,        8 , 	)
 107 	 (   4 ,  805.000 ,  985.000 ,        0 ,  883.071 ,  883.071 ,    0.000 ,  883.071 ,  886.071 ,   66.198 ,    4.802 ,    0.000 ,    3.517 ,        9 , 	)
  66 	 (   0 ,  824.000 ,  944.000 ,        0 ,  908.614 ,  908.614 ,    0.000 ,  908.614 ,  912.614 ,   30.614 ,   18.386 ,    0.000 ,    4.424 ,       10 , 	)
 121 	 (   0 ,    0.000 , 1440.000 ,        0 ,  934.738 ,  934.738 ,    0.000 ,  934.738 ,  934.738 ,    0.000 ,  505.262 ,    0.000 ,    0.000 ,       11 , 	)

	12 sommets 
	values : ( Cost : 324.628 , TRT : 290.421 , TWT :  28.340 , TD : 344.833 )
	violations : ( VC :       0 , VTW :   0.000 , VTD :   0.000 , VTRT :   0.000 )
	cout global : (   0.000	 )
S(i)	 (   C ,     TW0 ,       TW1 ,       VTW ,       Min ,       A ,       W ,       B ,       D ,       L ,       F ,       E ,       Det ,       [Imp ,       Imp]	)
   0 	 (   0 ,    0.000 , 1440.000 ,        0 ,    0.000 ,  319.188 ,    0.000 ,  319.188 ,  319.188 ,    0.000 ,    0.000 ,  319.188 ,    0.000 ,        0 , 	)
  13 	 (   1 ,  360.000 ,  480.000 ,        0 ,   42.991 ,  362.179 ,    0.000 ,  362.179 ,  363.179 ,    0.000 ,    0.000 ,    2.179 ,   23.502 ,        1 , 	)
  46 	 (   2 ,  300.000 ,  480.000 ,        0 ,  393.968 ,  396.147 ,    0.000 ,  396.147 ,  397.147 ,    0.000 ,    0.000 ,    2.179 ,   14.065 ,        2 , 	)
 106 	 (   1 ,  343.000 ,  523.000 ,        0 ,  416.178 ,  418.357 ,    0.000 ,  418.357 ,  419.357 ,   21.210 ,    0.000 ,    2.179 ,    3.124 ,        3 , 	)
  15 	 (   4 ,  360.000 ,  480.000 ,        0 ,  421.238 ,  423.417 ,    0.000 ,  423.417 ,  426.417 ,    0.000 ,    0.000 ,    2.179 ,    0.037 ,        4 , 	)
  50 	 (   5 ,  279.000 ,  447.050 ,        0 ,  444.871 ,  447.050 ,    0.000 ,  447.050 ,  448.050 ,    0.000 ,    0.000 ,    2.179 ,    3.531 ,        5 , 	)
 110 	 (   4 ,  413.000 ,  473.000 ,        0 ,  470.821 ,  473.000 ,    0.000 ,  473.000 ,  474.000 ,   24.950 ,    0.000 ,    2.179 ,   11.177 ,        6 , 	)
  73 	 (   3 ,  511.000 ,  691.000 ,        0 ,  480.481 ,  482.660 ,   28.340 ,  511.000 ,  512.000 ,  147.821 ,   71.980 ,    0.000 ,    1.097 ,        7 , 	)
  75 	 (   0 ,  445.000 ,  674.000 ,        0 ,  545.436 ,  545.436 ,    0.000 ,  545.436 ,  548.436 ,  119.020 ,   71.980 ,    0.000 ,    0.000 ,        8 , 	)
  56 	 (   3 ,  488.000 ,  720.000 ,        0 ,  548.436 ,  548.436 ,    0.000 ,  548.436 ,  551.436 ,    0.000 ,  171.564 ,    0.000 ,    0.000 ,        9 , 	)
 116 	 (   0 ,  576.000 ,  756.000 ,        0 ,  583.268 ,  583.268 ,    0.000 ,  583.268 ,  586.268 ,   31.832 ,   53.168 ,    0.000 ,   33.417 ,       10 , 	)
 121 	 (   0 ,    0.000 , 1440.000 ,        0 ,  609.609 ,  609.609 ,    0.000 ,  609.609 ,  609.609 ,    0.000 ,  830.391 ,    0.000 ,    0.000 ,       11 , 	)
