14
	VALUE ALL : ( Cost : 5230.885 , TRT : 5194.413 , TWT : 871.416 , TD : 6778.666 )
	VIOLATIONS TOTAL : ( VC :       0 , VTW :   0.000 , VTD :   0.000 , VTRT :   0.000 )
 	COUT_ALL : (   0.004 )  T2B:    9000

	12 sommets 
	values : ( Cost : 314.077 , TRT : 358.248 , TWT : 100.100 , TD : 480.659 )
	violations : ( VC :       0 , VTW :   0.000 , VTD :   0.000 , VTRT :   0.000 )
	cout global : (   0.000	 )
S(i)	 (   C ,     TW0 ,       TW1 ,       VTW ,       Min ,       A ,       W ,       B ,       D ,       L ,       F ,       E ,       Det ,       [Imp ,       Imp]	)
   0 	 (   0 ,    0.000 , 1440.000 ,        0 ,    0.000 ,  278.029 ,    0.000 ,  278.029 ,  278.029 ,    0.000 ,    0.000 ,  278.029 ,    0.000 ,        0 , 	)
   1 	 (   3 ,  240.000 ,  420.000 ,        0 ,   31.031 ,  309.059 ,    0.000 ,  309.059 ,  312.059 ,    0.000 ,    0.000 ,   69.059 ,    6.042 ,        1 , 	)
   9 	 (   5 ,  240.000 ,  480.000 ,        0 ,  299.062 ,  368.122 ,    0.000 ,  368.122 ,  370.122 ,    0.000 ,    0.000 ,   69.059 ,    5.786 ,        2 , 	)
  18 	 (   7 ,  240.000 ,  480.000 ,        0 ,  309.541 ,  378.600 ,    0.000 ,  378.600 ,  380.600 ,    0.000 ,    0.000 ,   69.059 ,   -0.000 ,        3 , 	)
  87 	 (   8 ,  300.000 ,  480.000 ,        0 ,  319.344 ,  388.404 ,    0.000 ,  388.404 ,  389.404 ,    0.000 ,    0.000 ,   69.059 ,    6.905 ,        4 , 	)
 112 	 (   6 ,  261.000 ,  501.000 ,        0 ,  329.592 ,  398.651 ,    0.000 ,  398.651 ,  400.651 ,   18.051 ,    0.000 ,   69.059 ,    2.595 ,        5 , 	)
  95 	 (   3 ,  339.000 ,  519.000 ,        0 ,  340.926 ,  409.986 ,    0.000 ,  409.986 ,  412.986 ,   97.926 ,    0.000 ,   69.059 ,    5.620 ,        6 , 	)
  26 	 (   6 ,  300.000 ,  420.000 ,        0 ,  350.941 ,  420.000 ,    0.000 ,  420.000 ,  423.000 ,    0.000 ,    0.000 ,   69.059 ,    1.971 ,        7 , 	)
 103 	 (   4 ,  361.000 ,  541.000 ,        0 ,  386.233 ,  455.292 ,    0.000 ,  455.292 ,  457.292 ,   85.171 ,   34.829 ,   69.059 ,   20.917 ,        8 , 	)
 120 	 (   1 ,  344.000 ,  519.000 ,        0 ,  412.856 ,  481.915 ,    0.000 ,  481.915 ,  484.915 ,   58.915 ,   37.085 ,   69.059 ,   22.653 ,        9 , 	)
 181 	 (   0 ,  610.000 ,  670.000 ,        0 ,  440.841 ,  509.900 ,  100.100 ,  610.000 ,  611.000 ,  220.596 ,   60.000 ,    0.000 ,   10.941 ,       10 , 	)
 189 	 (   0 ,    0.000 , 1440.000 ,        0 ,  636.277 ,  636.277 ,    0.000 ,  636.277 ,  636.277 ,    0.000 ,  803.723 ,    0.000 ,    0.000 ,       11 , 	)

	18 sommets 
	values : ( Cost : 371.497 , TRT : 448.132 , TWT : 136.811 , TD : 478.129 )
	violations : ( VC :       0 , VTW :   0.000 , VTD :   0.000 , VTRT :   0.000 )
	cout global : (   0.000	 )
S(i)	 (   C ,     TW0 ,       TW1 ,       VTW ,       Min ,       A ,       W ,       B ,       D ,       L ,       F ,       E ,       Det ,       [Imp ,       Imp]	)
   0 	 (   0 ,    0.000 , 1440.000 ,        0 ,    0.000 ,  272.777 ,    0.000 ,  272.777 ,  272.777 ,    0.000 ,    0.000 ,  272.777 ,    0.000 ,        0 , 	)
  65 	 (   2 ,  240.000 ,  300.000 ,        0 ,   24.127 ,  296.905 ,    0.000 ,  296.905 ,  298.905 ,    0.000 ,    0.000 ,   56.905 ,   -4.186 ,        1 , 	)
  53 	 (   5 ,  252.000 ,  474.120 ,        0 ,  252.902 ,  309.807 ,    0.000 ,  309.807 ,  312.807 ,    0.000 ,    0.000 ,   56.905 ,    9.011 ,        2 , 	)
  10 	 (   6 ,  300.000 ,  480.000 ,        0 ,  272.677 ,  329.581 ,    0.000 ,  329.581 ,  330.581 ,    0.000 ,    0.000 ,   29.581 ,    9.917 ,        3 , 	)
 147 	 (   3 ,  322.000 ,  502.000 ,        0 ,  319.023 ,  348.605 ,    0.000 ,  348.605 ,  351.605 ,   35.798 ,    0.000 ,   26.605 ,    3.767 ,        4 , 	)
 159 	 (   1 ,  268.050 ,  372.000 ,        0 ,  330.962 ,  357.566 ,    0.000 ,  357.566 ,  359.566 ,   58.662 ,    0.000 ,   26.605 ,   -0.004 ,        5 , 	)
  60 	 (   5 ,  240.000 ,  480.000 ,        0 ,  341.913 ,  368.517 ,    0.000 ,  368.517 ,  372.517 ,    0.000 ,    0.000 ,   26.605 ,    0.889 ,        6 , 	)
  81 	 (   6 ,  283.000 ,  443.308 ,        0 ,  387.180 ,  413.785 ,    0.000 ,  413.785 ,  414.785 ,    0.000 ,    0.000 ,   26.605 ,    8.085 ,        7 , 	)
 154 	 (   2 ,  345.000 ,  585.000 ,        0 ,  406.011 ,  432.616 ,    0.000 ,  432.616 ,  436.616 ,   60.098 ,    0.000 ,   26.605 ,   -0.032 ,        8 , 	)
 104 	 (   1 ,  394.000 ,  634.000 ,        0 ,  422.730 ,  449.335 ,    0.000 ,  449.335 ,  450.335 ,  118.753 ,    0.000 ,   26.605 ,    8.474 ,        9 , 	)
 175 	 (   0 ,  348.000 ,  468.000 ,        0 ,  441.395 ,  468.000 ,    0.000 ,  468.000 ,  469.000 ,   53.215 ,   -0.000 ,   26.605 ,   10.600 ,       10 , 	)
  54 	 (   3 ,  482.000 ,  720.000 ,        0 ,  447.294 ,  473.898 ,  136.811 ,  610.710 ,  613.710 ,    0.000 ,   45.488 ,  128.710 ,   -0.661 ,       11 , 	)
  27 	 (   4 ,  480.000 ,  720.000 ,        0 ,  493.076 ,  621.786 ,    0.000 ,  621.786 ,  622.786 ,    0.000 ,   45.488 ,  128.710 ,   -1.682 ,       12 , 	)
 121 	 (   3 ,  508.000 ,  748.000 ,        0 ,  507.901 ,  636.611 ,    0.000 ,  636.611 ,  637.611 ,   13.825 ,   23.175 ,  128.611 ,    2.117 ,       13 , 	)
  84 	 (   4 ,  484.000 ,  720.000 ,        0 ,  545.902 ,  674.512 ,    0.000 ,  674.512 ,  675.512 ,    0.000 ,   45.488 ,  128.611 ,    5.862 ,       14 , 	)
 148 	 (   1 ,  712.000 ,  832.000 ,        0 ,  583.389 ,  712.000 ,    0.000 ,  712.000 ,  715.000 ,   98.290 ,   48.000 ,    0.000 ,    0.000 ,       15 , 	)
 178 	 (   0 ,  583.000 ,  763.000 ,        0 ,  715.000 ,  715.000 ,    0.000 ,  715.000 ,  716.000 ,   39.488 ,   48.000 ,    0.000 ,    0.000 ,       16 , 	)
 189 	 (   0 ,    0.000 , 1440.000 ,        0 ,  720.910 ,  720.910 ,    0.000 ,  720.910 ,  720.910 ,    0.000 ,  719.090 ,    0.000 ,    0.000 ,       17 , 	)

	18 sommets 
	values : ( Cost : 532.825 , TRT : 430.620 , TWT :   0.000 , TD : 575.264 )
	violations : ( VC :       0 , VTW :   0.000 , VTD :   0.000 , VTRT :   0.000 )
	cout global : (   0.000	 )
S(i)	 (   C ,     TW0 ,       TW1 ,       VTW ,       Min ,       A ,       W ,       B ,       D ,       L ,       F ,       E ,       Det ,       [Imp ,       Imp]	)
   0 	 (   0 ,    0.000 , 1440.000 ,        0 ,    0.000 ,  239.843 ,    0.000 ,  239.843 ,  239.843 ,    0.000 ,    8.501 ,  239.843 ,    0.000 ,        0 , 	)
  47 	 (   4 ,  240.000 ,  420.000 ,        0 ,   80.297 ,  320.140 ,    0.000 ,  320.140 ,  324.140 ,    0.000 ,    8.501 ,   80.140 ,    9.636 ,        1 , 	)
  91 	 (   8 ,  240.000 ,  480.000 ,        0 ,  255.639 ,  335.779 ,    0.000 ,  335.779 ,  339.779 ,    0.000 ,    8.501 ,   80.140 ,   13.658 ,        2 , 	)
 141 	 (   4 ,  352.000 ,  472.000 ,        0 ,  285.301 ,  365.441 ,    0.000 ,  365.441 ,  369.441 ,   41.301 ,    2.551 ,   13.441 ,   27.610 ,        3 , 	)
 185 	 (   0 ,  300.000 ,  540.000 ,        0 ,  391.787 ,  405.228 ,    0.000 ,  405.228 ,  409.228 ,   65.449 ,    2.551 ,   13.441 ,    8.483 ,        4 , 	)
  22 	 (   1 ,  240.000 ,  480.000 ,        0 ,  439.631 ,  453.071 ,    0.000 ,  453.071 ,  454.071 ,    0.000 ,    8.501 ,   13.441 ,    0.000 ,        5 , 	)
  23 	 (   2 ,  245.000 ,  480.000 ,        0 ,  440.631 ,  454.071 ,    0.000 ,  454.071 ,  455.071 ,    0.000 ,    8.501 ,   13.441 ,    0.000 ,        6 , 	)
  58 	 (   3 ,  240.000 ,  480.000 ,        0 ,  448.517 ,  461.958 ,    0.000 ,  461.958 ,  462.958 ,    0.000 ,    8.501 ,   13.441 ,    0.653 ,        7 , 	)
  20 	 (   5 ,  480.000 ,  720.000 ,        0 ,  471.573 ,  485.014 ,    0.000 ,  485.014 ,  487.014 ,    0.000 ,    8.501 ,    5.014 ,    0.153 ,        8 , 	)
 117 	 (   4 ,  343.000 ,  523.000 ,        0 ,  490.229 ,  495.242 ,    0.000 ,  495.242 ,  496.242 ,   40.171 ,    8.501 ,    5.014 ,   16.305 ,        9 , 	)
 114 	 (   2 ,  527.000 ,  767.000 ,        0 ,  521.986 ,  527.000 ,    0.000 ,  527.000 ,  529.000 ,   39.986 ,    8.501 ,    0.000 ,    2.483 ,       10 , 	)
  25 	 (   3 ,  480.000 ,  720.000 ,        0 ,  538.275 ,  538.275 ,    0.000 ,  538.275 ,  539.275 ,    0.000 ,    8.501 ,    0.000 ,    1.732 ,       11 , 	)
   4 	 (   4 ,  480.000 ,  720.000 ,        0 ,  547.456 ,  547.456 ,    0.000 ,  547.456 ,  548.456 ,    0.000 ,    8.501 ,    0.000 ,    3.756 ,       12 , 	)
 152 	 (   3 ,  381.000 ,  621.000 ,        0 ,  568.753 ,  568.753 ,    0.000 ,  568.753 ,  569.753 ,  105.795 ,    8.501 ,    0.000 ,    1.208 ,       13 , 	)
 116 	 (   2 ,  408.000 ,  588.000 ,        0 ,  579.499 ,  579.499 ,    0.000 ,  579.499 ,  580.499 ,  125.428 ,    8.501 ,    0.000 ,   14.532 ,       14 , 	)
 119 	 (   1 ,  564.000 ,  804.000 ,        0 ,  592.315 ,  592.315 ,    0.000 ,  592.315 ,  593.315 ,   53.040 ,   65.905 ,    0.000 ,    6.605 ,       15 , 	)
  98 	 (   0 ,  637.000 ,  817.000 ,        0 ,  652.550 ,  652.550 ,    0.000 ,  652.550 ,  653.550 ,  104.095 ,   65.905 ,    0.000 ,    1.735 ,       16 , 	)
 189 	 (   0 ,    0.000 , 1440.000 ,        0 ,  670.463 ,  670.463 ,    0.000 ,  670.463 ,  670.463 ,    0.000 ,  769.537 ,    0.000 ,    0.000 ,       17 , 	)

	8 sommets 
	values : ( Cost : 265.312 , TRT : 227.678 , TWT :  18.195 , TD : 304.115 )
	violations : ( VC :       0 , VTW :   0.000 , VTD :   0.000 , VTRT :   0.000 )
	cout global : (   0.000	 )
S(i)	 (   C ,     TW0 ,       TW1 ,       VTW ,       Min ,       A ,       W ,       B ,       D ,       L ,       F ,       E ,       Det ,       [Imp ,       Imp]	)
   0 	 (   0 ,    0.000 , 1440.000 ,        0 ,    0.000 ,  350.017 ,    0.000 ,  350.017 ,  350.017 ,    0.000 ,    0.000 ,  350.017 ,    0.000 ,        0 , 	)
  55 	 (   2 ,  360.000 ,  480.000 ,        0 ,   27.431 ,  377.448 ,    0.000 ,  377.448 ,  379.448 ,    0.000 ,    0.000 ,   17.448 ,    4.307 ,        1 , 	)
  44 	 (   4 ,  240.000 ,  420.000 ,        0 ,  402.552 ,  420.000 ,    0.000 ,  420.000 ,  422.000 ,    0.000 ,    0.000 ,   17.448 ,    6.155 ,        2 , 	)
  72 	 (   5 ,  360.000 ,  480.000 ,        0 ,  427.962 ,  445.411 ,   18.195 ,  463.606 ,  464.606 ,    0.000 ,   16.394 ,   35.644 ,    2.556 ,        3 , 	)
 149 	 (   3 ,  474.000 ,  714.000 ,        0 ,  438.356 ,  474.000 ,    0.000 ,  474.000 ,  476.000 ,   94.552 ,   29.559 ,    0.000 ,   16.235 ,        4 , 	)
 166 	 (   2 ,  402.887 ,  593.000 ,        0 ,  524.729 ,  524.729 ,    0.000 ,  524.729 ,  525.729 ,   60.123 ,   29.559 ,    0.000 ,    1.098 ,        5 , 	)
 138 	 (   0 ,  421.000 ,  601.000 ,        0 ,  571.441 ,  571.441 ,    0.000 ,  571.441 ,  573.441 ,  149.441 ,   29.559 ,    0.000 ,    7.984 ,        6 , 	)
 189 	 (   0 ,    0.000 , 1440.000 ,        0 ,  577.695 ,  577.695 ,    0.000 ,  577.695 ,  577.695 ,    0.000 ,  862.305 ,    0.000 ,    0.000 ,        7 , 	)

	16 sommets 
	values : ( Cost : 391.042 , TRT : 465.208 , TWT : 149.192 , TD : 431.933 )
	violations : ( VC :       0 , VTW :   0.000 , VTD :   0.000 , VTRT :   0.000 )
	cout global : (   0.000	 )
S(i)	 (   C ,     TW0 ,       TW1 ,       VTW ,       Min ,       A ,       W ,       B ,       D ,       L ,       F ,       E ,       Det ,       [Imp ,       Imp]	)
   0 	 (   0 ,    0.000 , 1440.000 ,        0 ,    0.000 ,  454.394 ,    0.000 ,  454.394 ,  454.394 ,    0.000 ,    0.000 ,  454.394 ,    0.000 ,        0 , 	)
  93 	 (   2 ,  300.000 ,  480.000 ,        0 ,   25.606 ,  480.000 ,    0.000 ,  480.000 ,  482.000 ,    0.000 ,    0.000 ,  180.000 ,    3.340 ,        1 , 	)
 187 	 (   0 ,  371.000 ,  611.000 ,        0 ,  352.176 ,  532.176 ,    0.000 ,  532.176 ,  534.176 ,   50.176 ,   78.824 ,  161.176 ,    4.450 ,        2 , 	)
  79 	 (   1 ,  480.000 ,  720.000 ,        0 ,  376.138 ,  537.314 ,  149.192 ,  686.506 ,  687.506 ,    0.000 ,   33.494 ,  206.506 ,    2.083 ,        3 , 	)
  92 	 (   4 ,  720.000 ,  780.000 ,        0 ,  519.374 ,  725.880 ,    0.000 ,  725.880 ,  728.880 ,    0.000 ,   40.426 ,    5.880 ,   18.564 ,        4 , 	)
 173 	 (   3 ,  554.000 ,  794.000 ,        0 ,  740.199 ,  746.080 ,    0.000 ,  746.080 ,  747.080 ,   58.574 ,   35.080 ,    5.880 ,   13.501 ,        5 , 	)
  32 	 (   4 ,  720.000 ,  960.000 ,        0 ,  768.510 ,  774.390 ,    0.000 ,  774.390 ,  775.390 ,    0.000 ,   35.080 ,    5.880 ,    3.377 ,        6 , 	)
  14 	 (   5 ,  720.000 ,  840.000 ,        0 ,  777.652 ,  783.532 ,    0.000 ,  783.532 ,  784.532 ,    0.000 ,   35.080 ,    5.880 ,    2.867 ,        7 , 	)
  73 	 (   6 ,  780.000 ,  960.000 ,        0 ,  783.989 ,  789.869 ,    0.000 ,  789.869 ,  790.869 ,    0.000 ,   30.165 ,    5.880 ,    6.126 ,        8 , 	)
 186 	 (   3 ,  764.323 ,  893.000 ,        0 ,  797.920 ,  803.801 ,    0.000 ,  803.801 ,  806.801 ,   74.920 ,    5.252 ,    5.880 ,    7.692 ,        9 , 	)
 167 	 (   2 ,  806.000 ,  986.000 ,        0 ,  810.737 ,  816.617 ,    0.000 ,  816.617 ,  817.617 ,   25.748 ,    5.252 ,    5.880 ,    0.693 ,       10 , 	)
  30 	 (   4 ,  753.000 ,  936.930 ,        0 ,  828.487 ,  834.368 ,    0.000 ,  834.368 ,  836.368 ,    0.000 ,   30.165 ,    5.880 ,    0.000 ,       11 , 	)
 108 	 (   3 ,  781.000 ,  901.000 ,        0 ,  830.487 ,  836.368 ,    0.000 ,  836.368 ,  837.368 ,   51.835 ,   30.165 ,    5.880 ,    0.000 ,       12 , 	)
 124 	 (   1 ,  857.000 ,  977.000 ,        0 ,  869.557 ,  875.438 ,    0.000 ,  875.438 ,  877.438 ,   39.070 ,   62.930 ,    5.880 ,   19.600 ,       13 , 	)
 126 	 (   0 ,  907.000 , 1087.000 ,        0 ,  901.120 ,  907.000 ,    0.000 ,  907.000 ,  908.000 ,  131.610 ,   78.390 ,    0.000 ,    1.950 ,       14 , 	)
 189 	 (   0 ,    0.000 , 1440.000 ,        0 ,  919.602 ,  919.602 ,    0.000 ,  919.602 ,  919.602 ,    0.000 ,  520.398 ,    0.000 ,    0.000 ,       15 , 	)

	12 sommets 
	values : ( Cost : 240.227 , TRT : 321.063 , TWT : 112.441 , TD : 367.215 )
	violations : ( VC :       0 , VTW :   0.000 , VTD :   0.000 , VTRT :   0.000 )
	cout global : (   0.000	 )
S(i)	 (   C ,     TW0 ,       TW1 ,       VTW ,       Min ,       A ,       W ,       B ,       D ,       L ,       F ,       E ,       Det ,       [Imp ,       Imp]	)
   0 	 (   0 ,    0.000 , 1440.000 ,        0 ,    0.000 ,  708.778 ,    0.000 ,  708.778 ,  708.778 ,    0.000 ,    0.000 ,  708.778 ,    0.000 ,        0 , 	)
  28 	 (   4 ,  480.000 ,  720.000 ,        0 ,   11.222 ,  720.000 ,    0.000 ,  720.000 ,  724.000 ,    0.000 ,    0.000 ,  240.000 ,   15.429 ,        1 , 	)
  39 	 (   8 ,  778.000 ,  915.385 ,        0 ,  510.256 ,  750.256 ,   86.329 ,  836.585 ,  840.585 ,    0.000 ,    0.000 ,   58.585 ,    1.129 ,        2 , 	)
 122 	 (   4 ,  688.000 ,  868.000 ,        0 ,  809.415 ,  868.000 ,    0.000 ,  868.000 ,  872.000 ,  144.000 ,    0.000 ,   58.585 ,   11.855 ,        3 , 	)
  16 	 (   5 ,  796.000 ,  947.976 ,        0 ,  822.695 ,  881.280 ,   26.112 ,  907.392 ,  908.392 ,    0.000 ,   15.450 ,   84.697 ,    2.402 ,        4 , 	)
  37 	 (   7 ,  720.000 ,  960.000 ,        0 ,  836.202 ,  920.899 ,    0.000 ,  920.899 ,  922.899 ,    0.000 ,    6.842 ,   84.697 ,    2.898 ,        5 , 	)
 133 	 (   3 ,  906.000 ,  966.000 ,        0 ,  853.204 ,  937.901 ,    0.000 ,  937.901 ,  941.901 ,   97.316 ,    5.049 ,   31.901 ,   11.051 ,        6 , 	)
 110 	 (   2 ,  848.000 ,  968.000 ,        0 ,  920.650 ,  952.550 ,    0.000 ,  952.550 ,  953.550 ,   44.158 ,    5.049 ,   31.901 ,   -0.547 ,        7 , 	)
   2 	 (   5 ,  960.000 , 1020.000 ,        0 ,  928.099 ,  960.000 ,    0.000 ,  960.000 ,  963.000 ,    0.000 ,    5.049 ,    0.000 ,    0.650 ,        8 , 	)
 131 	 (   3 ,  757.000 ,  997.000 ,        0 ,  965.850 ,  965.850 ,    0.000 ,  965.850 ,  967.850 ,   42.951 ,    5.049 ,    0.000 ,    1.554 ,        9 , 	)
  96 	 (   0 ,  998.236 , 1117.000 ,        0 , 1001.790 , 1001.790 ,    0.000 , 1001.790 , 1004.790 ,   38.790 ,   55.210 ,    0.000 ,    2.323 ,       10 , 	)
 189 	 (   0 ,    0.000 , 1440.000 ,        0 , 1029.841 , 1029.841 ,    0.000 , 1029.841 , 1029.841 ,    0.000 ,  410.159 ,    0.000 ,    0.000 ,       11 , 	)

	12 sommets 
	values : ( Cost : 271.891 , TRT : 478.493 , TWT : 248.064 , TD : 232.634 )
	violations : ( VC :       0 , VTW :   0.000 , VTD :   0.000 , VTRT :   0.000 )
	cout global : (   0.000	 )
S(i)	 (   C ,     TW0 ,       TW1 ,       VTW ,       Min ,       A ,       W ,       B ,       D ,       L ,       F ,       E ,       Det ,       [Imp ,       Imp]	)
   0 	 (   0 ,    0.000 , 1440.000 ,        0 ,    0.000 ,  395.271 ,    0.000 ,  395.271 ,  395.271 ,    0.000 ,    0.000 ,  395.271 ,    0.000 ,        0 , 	)
  57 	 (   4 ,  275.000 ,  454.030 ,        0 ,   18.765 ,  414.036 ,    0.000 ,  414.036 ,  418.036 ,    0.000 ,    0.000 ,  139.036 ,    9.310 ,        1 , 	)
 151 	 (   0 ,  373.000 ,  493.000 ,        0 ,  313.970 ,  453.006 ,    0.000 ,  453.006 ,  457.006 ,   34.970 ,    0.000 ,   80.006 ,    8.750 ,        2 , 	)
   6 	 (   3 ,  258.000 ,  470.374 ,        0 ,  390.368 ,  470.374 ,    0.000 ,  470.374 ,  473.374 ,    0.000 ,    0.000 ,   80.006 ,    1.471 ,        3 , 	)
 100 	 (   0 ,  384.000 ,  504.000 ,        0 ,  423.994 ,  504.000 ,    0.000 ,  504.000 ,  507.000 ,   30.626 ,    0.000 ,   80.006 ,    3.616 ,        4 , 	)
   5 	 (   4 ,  720.000 ,  960.000 ,        0 ,  432.371 ,  512.377 ,  248.064 ,  760.441 ,  764.441 ,    0.000 ,  123.232 ,   40.441 ,    4.705 ,        5 , 	)
  78 	 (   5 ,  720.000 ,  900.000 ,        0 ,  736.327 ,  776.768 ,    0.000 ,  776.768 ,  777.768 ,    0.000 ,   72.441 ,   40.441 ,    0.202 ,        6 , 	)
  17 	 (   6 ,  730.000 ,  957.507 ,        0 ,  751.885 ,  792.326 ,    0.000 ,  792.326 ,  793.326 ,    0.000 ,   72.441 ,   40.441 ,    2.217 ,        7 , 	)
  99 	 (   2 ,  815.000 , 1055.000 ,        0 ,  774.559 ,  815.000 ,    0.000 ,  815.000 ,  819.000 ,   50.559 ,   37.606 ,    0.000 ,    5.901 ,        8 , 	)
 111 	 (   1 ,  807.000 ,  987.000 ,        0 ,  831.720 ,  831.720 ,    0.000 ,  831.720 ,  832.720 ,   38.394 ,   37.606 ,    0.000 ,    5.504 ,        9 , 	)
 172 	 (   0 ,  829.000 , 1069.000 ,        0 ,  855.852 ,  855.852 ,    0.000 ,  855.852 ,  856.852 ,   78.084 ,  129.916 ,    0.000 ,    5.842 ,       10 , 	)
 189 	 (   0 ,    0.000 , 1440.000 ,        0 ,  873.765 ,  873.765 ,    0.000 ,  873.765 ,  873.765 ,    0.000 ,  566.235 ,    0.000 ,    0.000 ,       11 , 	)

	12 sommets 
	values : ( Cost : 383.458 , TRT : 316.748 , TWT :   6.434 , TD : 322.576 )
	violations : ( VC :       0 , VTW :   0.000 , VTD :   0.000 , VTRT :   0.000 )
	cout global : (   0.000	 )
S(i)	 (   C ,     TW0 ,       TW1 ,       VTW ,       Min ,       A ,       W ,       B ,       D ,       L ,       F ,       E ,       Det ,       [Imp ,       Imp]	)
   0 	 (   0 ,    0.000 , 1440.000 ,        0 ,    0.000 ,  287.825 ,    0.000 ,  287.825 ,  287.825 ,    0.000 ,    0.000 ,  287.825 ,    0.000 ,        0 , 	)
  31 	 (   1 ,  240.000 ,  480.000 ,        0 ,   36.431 ,  324.256 ,    0.000 ,  324.256 ,  325.256 ,    0.000 ,    0.000 ,   84.256 ,   30.062 ,        1 , 	)
  36 	 (   2 ,  240.000 ,  420.000 ,        0 ,  267.089 ,  351.345 ,    0.000 ,  351.345 ,  352.345 ,    0.000 ,    0.000 ,   84.256 ,   12.798 ,        2 , 	)
  94 	 (   5 ,  261.000 ,  465.578 ,        0 ,  278.219 ,  362.474 ,    0.000 ,  362.474 ,  365.474 ,    0.000 ,    0.000 ,   84.256 ,    6.567 ,        3 , 	)
 125 	 (   4 ,  315.000 ,  555.000 ,        0 ,  295.129 ,  379.384 ,    0.000 ,  379.384 ,  380.384 ,   54.129 ,    0.000 ,   64.384 ,   14.730 ,        4 , 	)
 188 	 (   1 ,  313.000 ,  493.000 ,        0 ,  341.242 ,  405.626 ,    0.000 ,  405.626 ,  408.626 ,   40.152 ,    0.000 ,   64.384 ,    0.002 ,        5 , 	)
 130 	 (   0 ,  416.000 ,  536.000 ,        0 ,  393.895 ,  458.280 ,    0.000 ,  458.280 ,  459.280 ,  105.935 ,    0.000 ,   42.280 ,   16.920 ,        6 , 	)
  42 	 (   4 ,  360.000 ,  480.000 ,        0 ,  437.720 ,  480.000 ,    0.000 ,  480.000 ,  484.000 ,    0.000 ,    0.000 ,   42.280 ,    3.409 ,        7 , 	)
  76 	 (   6 ,  480.000 ,  720.000 ,        0 ,  454.734 ,  497.014 ,    6.434 ,  503.447 ,  505.447 ,    0.000 ,   42.192 ,   23.447 ,   17.753 ,        8 , 	)
 170 	 (   4 ,  530.000 ,  770.000 ,        0 ,  506.553 ,  530.000 ,    0.000 ,  530.000 ,  532.000 ,   24.553 ,   41.447 ,    0.000 ,   12.263 ,        9 , 	)
 136 	 (   0 ,  416.451 ,  624.000 ,        0 ,  581.808 ,  581.808 ,    0.000 ,  581.808 ,  585.808 ,   97.808 ,   42.192 ,    0.000 ,    9.096 ,       10 , 	)
 189 	 (   0 ,    0.000 , 1440.000 ,        0 ,  604.573 ,  604.573 ,    0.000 ,  604.573 ,  604.573 ,    0.000 ,  835.427 ,    0.000 ,    0.000 ,       11 , 	)

	24 sommets 
	values : ( Cost : 462.588 , TRT : 416.881 , TWT :  23.071 , TD : 731.706 )
	violations : ( VC :       0 , VTW :   0.000 , VTD :   0.000 , VTRT :   0.000 )
	cout global : (   0.000	 )
S(i)	 (   C ,     TW0 ,       TW1 ,       VTW ,       Min ,       A ,       W ,       B ,       D ,       L ,       F ,       E ,       Det ,       [Imp ,       Imp]	)
   0 	 (   0 ,    0.000 , 1440.000 ,        0 ,    0.000 ,  752.379 ,    0.000 ,  752.379 ,  752.379 ,    0.000 ,    0.000 ,  752.379 ,    0.000 ,        0 , 	)
  71 	 (   1 ,  720.000 ,  780.000 ,        0 ,   16.913 ,  769.292 ,    0.000 ,  769.292 ,  770.292 ,    0.000 ,    0.000 ,   49.292 ,    3.998 ,        1 , 	)
  83 	 (   5 ,  731.000 ,  900.000 ,        0 ,  745.441 ,  794.733 ,    0.000 ,  794.733 ,  798.733 ,    0.000 ,    0.000 ,   49.292 ,   30.405 ,        2 , 	)
  45 	 (   6 ,  720.000 ,  900.000 ,        0 ,  775.944 ,  825.236 ,    0.000 ,  825.236 ,  826.236 ,    0.000 ,    0.000 ,   49.292 ,    0.000 ,        3 , 	)
  11 	 (   7 ,  720.000 ,  900.000 ,        0 ,  776.944 ,  826.236 ,    0.000 ,  826.236 ,  827.236 ,    0.000 ,    0.000 ,   49.292 ,    0.000 ,        4 , 	)
 165 	 (   6 ,  757.521 ,  879.000 ,        0 ,  797.187 ,  846.479 ,    0.000 ,  846.479 ,  847.479 ,   76.187 ,    0.000 ,   49.292 ,    2.192 ,        5 , 	)
 105 	 (   5 ,  833.000 , 1073.000 ,        0 ,  824.020 ,  873.311 ,    0.000 ,  873.311 ,  874.311 ,   46.075 ,    0.000 ,   40.311 ,    0.312 ,        6 , 	)
 177 	 (   1 ,  841.000 ,  961.000 ,        0 ,  842.880 ,  883.191 ,    0.000 ,  883.191 ,  887.191 ,   84.458 ,    0.000 ,   40.311 ,    4.117 ,        7 , 	)
  21 	 (   4 ,  720.000 ,  900.000 ,        0 ,  859.689 ,  900.000 ,    0.000 ,  900.000 ,  903.000 ,    0.000 ,    0.000 ,   40.311 ,    9.808 ,        8 , 	)
  24 	 (   5 ,  840.000 ,  960.000 ,        0 ,  878.072 ,  918.383 ,    3.612 ,  921.995 ,  922.995 ,    0.000 ,    0.000 ,   43.923 ,    0.663 ,        9 , 	)
 139 	 (   4 ,  771.000 , 1009.000 ,        0 ,  882.059 ,  925.983 ,    0.000 ,  925.983 ,  926.983 ,   99.747 ,    0.000 ,   43.923 ,    0.000 ,       10 , 	)
 115 	 (   1 ,  798.000 ,  978.000 ,        0 ,  903.310 ,  947.233 ,    0.000 ,  947.233 ,  950.233 ,   44.233 ,    0.000 ,   43.923 ,    9.423 ,       11 , 	)
  51 	 (   5 ,  720.000 ,  960.000 ,        0 ,  916.077 ,  960.000 ,    0.000 ,  960.000 ,  964.000 ,    0.000 ,    0.000 ,   43.923 ,    8.868 ,       12 , 	)
  12 	 (   7 ,  960.000 , 1200.000 ,        0 ,  927.393 ,  971.317 ,   19.459 ,  990.775 ,  992.775 ,    0.000 ,    7.567 ,   30.775 ,    1.123 ,       13 , 	)
 145 	 (   3 ,  787.000 , 1027.000 ,        0 ,  987.598 , 1018.373 ,    0.000 , 1018.373 , 1022.373 ,   54.373 ,    7.567 ,   30.775 ,    1.107 ,       14 , 	)
  34 	 (   4 , 1020.000 , 1200.000 ,        0 , 1001.973 , 1032.748 ,    0.000 , 1032.748 , 1033.748 ,    0.000 ,    7.567 ,   12.748 ,    2.091 ,       15 , 	)
 118 	 (   3 ,  914.000 , 1094.000 ,        0 , 1041.680 , 1054.429 ,    0.000 , 1054.429 , 1055.429 ,  131.433 ,    7.567 ,   12.748 ,    0.656 ,       16 , 	)
 106 	 (   1 , 1055.000 , 1295.000 ,        0 , 1061.699 , 1074.447 ,    0.000 , 1074.447 , 1076.447 ,   81.672 ,   44.328 ,   12.748 ,    0.001 ,       17 , 	)
  48 	 (   2 ,  997.000 , 1171.538 ,        0 , 1068.252 , 1081.000 ,    0.000 , 1081.000 , 1082.000 ,    0.000 ,   74.748 ,   12.748 ,    0.000 ,       18 , 	)
 128 	 (   1 , 1082.000 , 1322.000 ,        0 , 1069.252 , 1082.000 ,    0.000 , 1082.000 , 1083.000 ,   48.252 ,   53.538 ,    0.000 ,    0.000 ,       19 , 	)
 142 	 (   0 , 1085.000 , 1205.000 ,        0 , 1115.462 , 1115.462 ,    0.000 , 1115.462 , 1116.462 ,   33.462 ,   53.538 ,   -0.000 ,   10.456 ,       20 , 	)
  41 	 (   4 ,  968.000 , 1200.000 ,        0 , 1124.536 , 1124.536 ,    0.000 , 1124.536 , 1128.536 ,    0.000 ,   75.464 ,   -0.000 ,    3.529 ,       21 , 	)
 135 	 (   0 , 1057.000 , 1237.000 ,        0 , 1160.350 , 1160.350 ,    0.000 , 1160.350 , 1164.350 ,   31.814 ,   53.186 ,   -0.000 ,    6.626 ,       22 , 	)
 189 	 (   0 ,    0.000 , 1440.000 ,        0 , 1169.260 , 1169.260 ,    0.000 , 1169.260 , 1169.260 ,    0.000 ,  270.740 ,   -0.000 ,    0.000 ,       23 , 	)

	14 sommets 
	values : ( Cost : 393.423 , TRT : 325.807 , TWT :   0.000 , TD : 578.116 )
	violations : ( VC :       0 , VTW :   0.000 , VTD :   0.000 , VTRT :   0.000 )
	cout global : (   0.000	 )
S(i)	 (   C ,     TW0 ,       TW1 ,       VTW ,       Min ,       A ,       W ,       B ,       D ,       L ,       F ,       E ,       Det ,       [Imp ,       Imp]	)
   0 	 (   0 ,    0.000 , 1440.000 ,        0 ,    0.000 ,  762.240 ,    0.000 ,  762.240 ,  762.240 ,    0.000 ,   13.164 ,  762.240 ,    0.000 ,        0 , 	)
  15 	 (   1 ,  720.000 ,  960.000 ,        0 ,   11.602 ,  773.842 ,    0.000 ,  773.842 ,  774.842 ,    0.000 ,   13.164 ,   53.842 ,   22.688 ,        1 , 	)
  50 	 (   4 ,  780.000 ,  960.000 ,        0 ,  743.103 ,  796.945 ,    0.000 ,  796.945 ,  799.945 ,    0.000 ,   13.164 ,   16.945 ,    1.271 ,        2 , 	)
  86 	 (   7 ,  720.000 ,  900.000 ,        0 ,  797.923 ,  814.868 ,    0.000 ,  814.868 ,  817.868 ,    0.000 ,   13.164 ,   16.945 ,    6.691 ,        3 , 	)
 180 	 (   4 ,  787.000 , 1027.000 ,        0 ,  829.450 ,  846.395 ,    0.000 ,  846.395 ,  849.395 ,   28.527 ,   13.164 ,   16.945 ,    6.076 ,        4 , 	)
  19 	 (   7 ,  801.000 ,  955.897 ,        0 ,  841.055 ,  858.000 ,    0.000 ,  858.000 ,  861.000 ,    0.000 ,   13.164 ,   16.945 ,    0.000 ,        5 , 	)
 144 	 (   4 ,  861.000 , 1041.000 ,        0 ,  844.055 ,  861.000 ,    0.000 ,  861.000 ,  864.000 ,   61.055 ,   13.164 ,    0.000 ,    0.000 ,        6 , 	)
  38 	 (   8 ,  727.000 ,  960.000 ,        0 ,  914.583 ,  914.583 ,    0.000 ,  914.583 ,  918.583 ,    0.000 ,   13.164 ,    0.000 ,   43.965 ,        7 , 	)
 113 	 (   5 ,  956.000 , 1016.000 ,        0 ,  969.068 ,  969.068 ,    0.000 ,  969.068 ,  972.068 ,  108.068 ,   13.164 ,    0.000 ,   10.425 ,        8 , 	)
 109 	 (   4 ,  878.000 , 1118.000 ,        0 ,  995.068 ,  995.068 ,    0.000 ,  995.068 ,  996.068 ,  220.226 ,   13.164 ,    0.000 ,    1.650 ,        9 , 	)
  82 	 (   5 ,  973.000 , 1192.438 ,        0 , 1025.194 , 1025.194 ,    0.000 , 1025.194 , 1026.194 ,    0.000 ,   13.164 ,   -0.000 ,    2.017 ,       10 , 	)
 132 	 (   1 ,  937.000 , 1057.000 ,        0 , 1043.836 , 1043.836 ,    0.000 , 1043.836 , 1047.836 ,  125.253 ,   13.164 ,   -0.000 ,    7.425 ,       11 , 	)
 176 	 (   0 , 1037.000 , 1217.000 ,        0 , 1061.180 , 1061.180 ,    0.000 , 1061.180 , 1062.180 ,   34.986 ,   28.014 ,   -0.000 ,   -0.005 ,       12 , 	)
 189 	 (   0 ,    0.000 , 1440.000 ,        0 , 1088.047 , 1088.047 ,    0.000 , 1088.047 , 1088.047 ,    0.000 ,  351.953 ,   -0.000 ,    0.000 ,       13 , 	)

	18 sommets 
	values : ( Cost : 435.459 , TRT : 365.413 , TWT :   0.000 , TD : 431.229 )
	violations : ( VC :       0 , VTW :   0.000 , VTD :   0.000 , VTRT :   0.000 )
	cout global : (   0.000	 )
S(i)	 (   C ,     TW0 ,       TW1 ,       VTW ,       Min ,       A ,       W ,       B ,       D ,       L ,       F ,       E ,       Det ,       [Imp ,       Imp]	)
   0 	 (   0 ,    0.000 , 1440.000 ,        0 ,    0.000 ,  652.974 ,    0.000 ,  652.974 ,  652.974 ,    0.000 ,    3.926 ,  652.974 ,    0.000 ,        0 , 	)
   7 	 (   3 ,  720.000 ,  960.000 ,        0 ,   67.026 ,  720.000 ,    0.000 ,  720.000 ,  723.000 ,    0.000 ,    3.926 ,    0.000 ,   15.527 ,        1 , 	)
  75 	 (   5 ,  720.000 ,  900.000 ,        0 ,  738.074 ,  738.074 ,    0.000 ,  738.074 ,  740.074 ,    0.000 ,    3.926 ,    0.000 ,    0.630 ,        2 , 	)
  62 	 (   8 ,  720.000 ,  840.000 ,        0 ,  760.026 ,  760.026 ,    0.000 ,  760.026 ,  763.026 ,    0.000 ,    3.926 ,    0.000 ,    0.000 ,        3 , 	)
 169 	 (   6 ,  741.951 ,  956.000 ,        0 ,  763.026 ,  763.026 ,    0.000 ,  763.026 ,  765.026 ,   22.951 ,    3.926 ,    0.000 ,    0.000 ,        4 , 	)
 156 	 (   3 ,  755.644 ,  930.000 ,        0 ,  797.670 ,  797.670 ,    0.000 ,  797.670 ,  800.670 ,   34.644 ,    3.926 ,    0.000 ,   25.129 ,        5 , 	)
  89 	 (   4 ,  733.000 ,  953.762 ,        0 ,  814.187 ,  814.187 ,    0.000 ,  814.187 ,  815.187 ,    0.000 ,    3.926 ,    0.000 ,    1.915 ,        6 , 	)
  52 	 (   7 ,  780.000 ,  960.000 ,        0 ,  827.608 ,  827.608 ,    0.000 ,  827.608 ,  830.608 ,    0.000 ,    3.926 ,    0.000 ,   20.756 ,        7 , 	)
 183 	 (   6 ,  799.000 ,  979.000 ,        0 ,  863.181 ,  863.181 ,    0.000 ,  863.181 ,  864.181 ,   47.994 ,    3.926 ,    0.000 ,    8.209 ,        8 , 	)
 146 	 (   3 ,  825.000 , 1061.000 ,        0 ,  876.524 ,  876.524 ,    0.000 ,  876.524 ,  879.524 ,   45.916 ,    3.926 ,    0.000 ,    0.000 ,        9 , 	)
 101 	 (   0 ,  879.000 , 1059.000 ,        0 ,  879.524 ,  879.524 ,    0.000 ,  879.524 ,  882.524 ,  156.524 ,    3.926 ,    0.000 ,    0.000 ,       10 , 	)
  61 	 (   4 ,  749.000 ,  942.662 ,        0 ,  882.524 ,  882.524 ,    0.000 ,  882.524 ,  886.524 ,    0.000 ,    3.926 ,    0.000 ,    0.000 ,       11 , 	)
 155 	 (   0 ,  871.000 ,  991.000 ,        0 ,  930.862 ,  930.862 ,    0.000 ,  930.862 ,  934.862 ,   44.338 ,    3.926 ,    0.000 ,    0.302 ,       12 , 	)
  63 	 (   1 ,  780.000 ,  960.000 ,        0 ,  956.074 ,  956.074 ,    0.000 ,  956.074 ,  957.074 ,    0.000 ,    3.926 ,    0.000 ,    2.388 ,       13 , 	)
   3 	 (   3 ,  960.000 , 1080.000 ,        0 ,  972.804 ,  972.804 ,    0.000 ,  972.804 ,  974.804 ,    0.000 ,   28.630 ,    0.000 ,    7.777 ,       14 , 	)
  97 	 (   1 ,  991.566 , 1161.000 ,        0 , 1004.370 , 1004.370 ,    0.000 , 1004.370 , 1006.370 ,   29.566 ,   28.630 ,    0.000 ,    0.000 ,       15 , 	)
 157 	 (   0 ,  855.000 , 1035.000 ,        0 , 1006.370 , 1006.370 ,    0.000 , 1006.370 , 1007.370 ,   49.295 ,   28.630 ,    0.000 ,    0.000 ,       16 , 	)
 189 	 (   0 ,    0.000 , 1440.000 ,        0 , 1018.387 , 1018.387 ,    0.000 , 1018.387 , 1018.387 ,    0.000 ,  421.613 ,    0.000 ,    0.000 ,       17 , 	)

	18 sommets 
	values : ( Cost : 491.945 , TRT : 403.883 , TWT :   0.000 , TD : 626.528 )
	violations : ( VC :       0 , VTW :   0.000 , VTD :   0.000 , VTRT :   0.000 )
	cout global : (   0.000	 )
S(i)	 (   C ,     TW0 ,       TW1 ,       VTW ,       Min ,       A ,       W ,       B ,       D ,       L ,       F ,       E ,       Det ,       [Imp ,       Imp]	)
   0 	 (   0 ,    0.000 , 1440.000 ,        0 ,    0.000 ,  770.629 ,    0.000 ,  770.629 ,  770.629 ,    0.000 ,    1.261 ,  770.629 ,    0.000 ,        0 , 	)
  68 	 (   3 ,  725.000 ,  960.000 ,        0 ,    6.336 ,  776.965 ,    0.000 ,  776.965 ,  779.965 ,    0.000 ,    1.261 ,   51.965 ,   13.212 ,        1 , 	)
  35 	 (   4 ,  754.000 ,  936.456 ,        0 ,  759.003 ,  810.968 ,    0.000 ,  810.968 ,  811.968 ,    0.000 ,    1.261 ,   51.965 ,    0.392 ,        2 , 	)
  64 	 (   6 ,  720.000 ,  960.000 ,        0 ,  764.735 ,  816.699 ,    0.000 ,  816.699 ,  818.699 ,    0.000 ,    1.261 ,   51.965 ,    3.263 ,        3 , 	)
  43 	 (   7 ,  780.000 ,  960.000 ,        0 ,  782.756 ,  834.720 ,    0.000 ,  834.720 ,  835.720 ,    0.000 ,    1.261 ,   51.965 ,    1.938 ,        4 , 	)
 129 	 (   6 ,  855.000 ,  975.000 ,        0 ,  805.749 ,  857.714 ,    0.000 ,  857.714 ,  858.714 ,   45.746 ,    1.261 ,    2.714 ,    2.259 ,        5 , 	)
 162 	 (   3 ,  873.000 , 1053.000 ,        0 ,  876.525 ,  879.238 ,    0.000 ,  879.238 ,  882.238 ,   99.274 ,    1.261 ,    2.714 ,   -2.411 ,        6 , 	)
 158 	 (   1 ,  854.000 , 1094.000 ,        0 ,  899.964 ,  902.677 ,    0.000 ,  902.677 ,  904.677 ,   83.978 ,    1.261 ,    2.714 ,    2.649 ,        7 , 	)
   8 	 (   2 ,  786.000 ,  960.000 ,        0 ,  914.904 ,  917.617 ,    0.000 ,  917.617 ,  918.617 ,    0.000 ,    1.261 ,    2.714 ,    3.747 ,        8 , 	)
  77 	 (   5 ,  720.000 ,  960.000 ,        0 ,  931.545 ,  934.259 ,    0.000 ,  934.259 ,  937.259 ,    0.000 ,    1.261 ,    2.714 ,   25.435 ,        9 , 	)
  85 	 (   7 ,  960.000 , 1200.000 ,        0 ,  978.001 ,  980.714 ,    0.000 ,  980.714 ,  982.714 ,    0.000 ,    1.261 ,    2.714 ,    0.000 ,       10 , 	)
 137 	 (   6 ,  946.000 , 1126.000 ,        0 ,  980.001 ,  982.714 ,    0.000 ,  982.714 ,  983.714 ,  146.994 ,    1.261 ,    2.714 ,    0.000 ,       11 , 	)
 102 	 (   5 ,  878.000 ,  998.000 ,        0 ,  994.026 ,  996.739 ,    0.000 ,  996.739 ,  997.739 ,   78.122 ,    1.261 ,    2.714 ,    5.159 ,       12 , 	)
 171 	 (   2 ,  850.000 , 1090.000 ,        0 , 1015.764 , 1018.477 ,    0.000 , 1018.477 , 1021.477 ,   81.219 ,   22.467 ,    2.714 ,   14.484 ,       13 , 	)
 179 	 (   0 , 1017.000 , 1257.000 ,        0 , 1032.534 , 1035.247 ,    0.000 , 1035.247 , 1037.247 ,   52.533 ,   22.467 ,    2.714 ,   13.041 ,       14 , 	)
  90 	 (   4 , 1023.000 , 1200.000 ,        0 , 1084.624 , 1087.338 ,    0.000 , 1087.338 , 1091.338 ,    0.000 ,  112.662 ,    2.714 ,   32.008 ,       15 , 	)
 184 	 (   0 , 1130.000 , 1250.000 ,        0 , 1127.286 , 1130.000 ,    0.000 , 1130.000 , 1134.000 ,   38.662 ,   64.338 ,    0.000 ,    3.361 ,       16 , 	)
 189 	 (   0 ,    0.000 , 1440.000 ,        0 , 1174.512 , 1174.512 ,    0.000 , 1174.512 , 1174.512 ,    0.000 ,  265.488 ,   -0.000 ,    0.000 ,       17 , 	)

	22 sommets 
	values : ( Cost : 463.657 , TRT : 461.723 , TWT :  77.108 , TD : 975.737 )
	violations : ( VC :       0 , VTW :   0.000 , VTD :   0.000 , VTRT :   0.000 )
	cout global : (   0.000	 )
S(i)	 (   C ,     TW0 ,       TW1 ,       VTW ,       Min ,       A ,       W ,       B ,       D ,       L ,       F ,       E ,       Det ,       [Imp ,       Imp]	)
   0 	 (   0 ,    0.000 , 1440.000 ,        0 ,    0.000 ,  763.672 ,    0.000 ,  763.672 ,  763.672 ,    0.000 ,    0.000 ,  763.672 ,    0.000 ,        0 , 	)
  88 	 (   3 ,  720.000 ,  780.000 ,        0 ,   16.328 ,  780.000 ,    0.000 ,  780.000 ,  783.000 ,    0.000 ,    0.000 ,   60.000 ,    0.000 ,        1 , 	)
  67 	 (   4 ,  780.000 ,  960.000 ,        0 ,  723.000 ,  783.000 ,   23.780 ,  806.780 ,  807.780 ,    0.000 ,    0.000 ,   26.780 ,    0.000 ,        2 , 	)
  56 	 (   5 ,  720.000 ,  960.000 ,        0 ,  799.444 ,  826.224 ,    0.000 ,  826.224 ,  827.224 ,    0.000 ,    0.000 ,   26.780 ,    2.065 ,        3 , 	)
 182 	 (   2 ,  754.380 ,  867.000 ,        0 ,  815.446 ,  842.226 ,    0.000 ,  842.226 ,  845.226 ,   59.226 ,    0.000 ,   26.780 ,    7.422 ,        4 , 	)
  74 	 (   4 ,  720.000 ,  960.000 ,        0 ,  863.877 ,  890.657 ,    0.000 ,  890.657 ,  892.657 ,    0.000 ,    0.000 ,   26.780 ,   35.371 ,        5 , 	)
  46 	 (   5 ,  780.000 ,  960.000 ,        0 ,  900.179 ,  926.959 ,    0.000 ,  926.959 ,  927.959 ,    0.000 ,    0.000 ,   26.780 ,    8.456 ,        6 , 	)
 168 	 (   3 ,  789.000 , 1029.000 ,        0 ,  909.244 ,  936.024 ,    0.000 ,  936.024 ,  938.024 ,   43.367 ,    0.000 ,   26.780 ,   -2.612 ,        7 , 	)
  66 	 (   6 ,  780.000 ,  960.000 ,        0 ,  915.539 ,  942.320 ,    0.000 ,  942.320 ,  945.320 ,    0.000 ,    0.000 ,   26.780 ,    0.000 ,        8 , 	)
  59 	 (   7 ,  720.000 ,  960.000 ,        0 ,  933.220 ,  960.000 ,    0.000 ,  960.000 ,  961.000 ,    0.000 ,    0.000 ,   26.780 ,    1.805 ,        9 , 	)
 140 	 (   6 ,  836.000 , 1076.000 ,        0 ,  964.172 ,  990.953 ,    0.000 ,  990.953 ,  991.953 ,   62.993 ,   20.614 ,   26.780 ,    0.000 ,       10 , 	)
 161 	 (   5 ,  910.000 , 1150.000 ,        0 ,  965.172 ,  991.953 ,    0.000 ,  991.953 ,  992.953 ,  184.172 ,   20.614 ,   26.780 ,    0.000 ,       11 , 	)
 160 	 (   2 ,  844.000 , 1084.000 ,        0 ,  978.462 , 1005.242 ,    0.000 , 1005.242 , 1008.242 ,   59.923 ,   20.614 ,   26.780 ,    5.357 ,       12 , 	)
  49 	 (   6 ,  960.000 , 1200.000 ,        0 ,  991.586 , 1018.367 ,   20.614 , 1038.981 , 1042.981 ,    0.000 ,    0.000 ,   47.395 ,    0.001 ,       13 , 	)
 153 	 (   5 ,  811.000 , 1051.000 ,        0 , 1003.578 , 1050.973 ,    0.000 , 1050.973 , 1051.973 ,   89.973 ,    0.000 ,   47.395 ,    3.386 ,       14 , 	)
  40 	 (   6 , 1020.000 , 1140.000 ,        0 , 1023.519 , 1070.914 ,    0.000 , 1070.914 , 1071.914 ,    0.000 ,    0.000 ,   47.395 ,   20.586 ,       15 , 	)
 134 	 (   5 , 1031.311 , 1169.000 ,        0 , 1034.829 , 1082.224 ,    0.000 , 1082.224 , 1083.224 ,   10.311 ,    0.000 ,   47.395 ,    0.000 ,       16 , 	)
 150 	 (   4 ,  891.000 , 1131.000 ,        0 , 1035.829 , 1083.224 ,    0.000 , 1083.224 , 1084.224 ,  256.000 ,    0.000 ,   47.395 ,    0.000 ,       17 , 	)
  33 	 (   5 , 1140.000 , 1200.000 ,        0 , 1059.892 , 1107.286 ,   32.714 , 1140.000 , 1141.000 ,    0.000 ,   60.000 ,    0.000 ,    4.634 ,       18 , 	)
 127 	 (   4 , 1178.695 , 1302.000 ,        0 , 1178.695 , 1178.695 ,    0.000 , 1178.695 , 1179.695 ,   37.695 ,   63.305 ,    0.000 ,    5.847 ,       19 , 	)
 143 	 (   0 , 1176.000 , 1416.000 ,        0 , 1215.059 , 1215.059 ,    0.000 , 1215.059 , 1219.059 ,  172.077 ,  147.923 ,    0.000 ,    9.362 ,       20 , 	)
 189 	 (   0 ,    0.000 , 1440.000 ,        0 , 1225.395 , 1225.395 ,    0.000 , 1225.395 , 1225.395 ,    0.000 ,  214.605 ,   -0.000 ,    0.000 ,       21 , 	)

	12 sommets 
	values : ( Cost : 213.484 , TRT : 174.514 , TWT :   0.000 , TD : 242.825 )
	violations : ( VC :       0 , VTW :   0.000 , VTD :   0.000 , VTRT :   0.000 )
	cout global : (   0.000	 )
S(i)	 (   C ,     TW0 ,       TW1 ,       VTW ,       Min ,       A ,       W ,       B ,       D ,       L ,       F ,       E ,       Det ,       [Imp ,       Imp]	)
   0 	 (   0 ,    0.000 , 1440.000 ,        0 ,    0.000 ,  315.258 ,    0.000 ,  315.258 ,  315.258 ,    0.000 ,    5.029 ,  315.258 ,    0.000 ,        0 , 	)
  70 	 (   1 ,  300.000 ,  480.000 ,        0 ,   13.186 ,  328.444 ,    0.000 ,  328.444 ,  329.444 ,    0.000 ,    5.029 ,   28.444 ,    2.141 ,        1 , 	)
  29 	 (   2 ,  360.000 ,  480.000 ,        0 ,  331.556 ,  360.000 ,    0.000 ,  360.000 ,  361.000 ,    0.000 ,    5.029 ,    0.000 ,    0.055 ,        2 , 	)
 164 	 (   1 ,  360.000 ,  600.000 ,        0 ,  375.379 ,  375.379 ,    0.000 ,  375.379 ,  376.379 ,   45.935 ,    5.029 ,    0.000 ,    2.477 ,        3 , 	)
  13 	 (   2 ,  240.000 ,  480.000 ,        0 ,  398.427 ,  398.427 ,    0.000 ,  398.427 ,  399.427 ,    0.000 ,    5.029 ,    0.000 ,    3.860 ,        4 , 	)
  69 	 (   3 ,  240.000 ,  420.000 ,        0 ,  414.971 ,  414.971 ,    0.000 ,  414.971 ,  415.971 ,    0.000 ,    5.029 ,    0.000 ,    0.730 ,        5 , 	)
  80 	 (   6 ,  300.000 ,  480.000 ,        0 ,  430.659 ,  430.659 ,    0.000 ,  430.659 ,  433.659 ,    0.000 ,   25.341 ,    0.000 ,    0.000 ,        6 , 	)
 123 	 (   5 ,  385.371 ,  579.000 ,        0 ,  433.659 ,  433.659 ,    0.000 ,  433.659 ,  434.659 ,   72.659 ,   11.223 ,    0.000 ,    0.000 ,        7 , 	)
 107 	 (   4 ,  349.000 ,  529.000 ,        0 ,  440.805 ,  440.805 ,    0.000 ,  440.805 ,  441.805 ,   41.377 ,   11.223 ,    0.000 ,    1.458 ,        8 , 	)
 163 	 (   3 ,  268.408 ,  494.000 ,        0 ,  452.047 ,  452.047 ,    0.000 ,  452.047 ,  453.047 ,   36.076 ,   11.223 ,    0.000 ,    5.705 ,        9 , 	)
 174 	 (   0 ,  331.623 ,  541.000 ,        0 ,  480.436 ,  480.436 ,    0.000 ,  480.436 ,  483.436 ,   46.777 ,   11.223 ,    0.000 ,   13.212 ,       10 , 	)
 189 	 (   0 ,    0.000 , 1440.000 ,        0 ,  489.772 ,  489.772 ,    0.000 ,  489.772 ,  489.772 ,    0.000 ,  950.228 ,    0.000 ,    0.000 ,       11 , 	)
