8
	VALUE ALL : ( Cost : 3112.386 , TRT : 2885.654 , TWT : 255.513 , TD : 4287.111 )
	VIOLATIONS TOTAL : ( VC :       0 , VTW :   0.000 , VTD :   0.000 , VTRT :   0.000 )
 	COUT_ALL : (   0.002 )  T2B:   18601

	14 sommets 
	values : ( Cost : 370.149 , TRT : 416.467 , TWT : 106.159 , TD : 313.064 )
	violations : ( VC :       0 , VTW :   0.000 , VTD :   0.000 , VTRT :   0.000 )
	cout global : (   0.000	 )
S(i)	 (   C ,     TW0 ,       TW1 ,       VTW ,       Min ,       A ,       W ,       B ,       D ,       L ,       F ,       E ,       Det ,       [Imp ,       Imp]	)
   0 	 (   0 ,    0.000 , 1440.000 ,        0 ,    0.000 ,  325.586 ,    0.000 ,  325.586 ,  325.586 ,    0.000 ,    0.000 ,  325.586 ,    0.000 ,        0 , 	)
  38 	 (   1 ,  360.000 ,  480.000 ,        0 ,   46.140 ,  371.726 ,    0.000 ,  371.726 ,  372.726 ,    0.000 ,    0.000 ,   11.726 ,   20.810 ,        1 , 	)
  34 	 (   4 ,  265.000 ,  469.991 ,        0 ,  380.899 ,  392.625 ,    0.000 ,  392.625 ,  395.625 ,    0.000 ,    0.000 ,   11.726 ,   -3.403 ,        2 , 	)
  13 	 (   8 ,  312.000 ,  475.116 ,        0 ,  391.859 ,  403.585 ,    0.000 ,  403.585 ,  407.585 ,    0.000 ,    0.000 ,   11.726 ,    3.387 ,        3 , 	)
  78 	 (   4 ,  385.000 ,  505.000 ,        0 ,  421.744 ,  433.469 ,    0.000 ,  433.469 ,  437.469 ,   25.884 ,    0.000 ,   11.726 ,   -3.731 ,        4 , 	)
   4 	 (   7 ,  240.000 ,  480.000 ,        0 ,  452.729 ,  464.455 ,    0.000 ,  464.455 ,  467.455 ,    0.000 ,    0.000 ,   11.726 ,    0.000 ,        5 , 	)
 103 	 (   6 ,  441.844 ,  643.000 ,        0 ,  455.729 ,  467.455 ,    0.000 ,  467.455 ,  468.455 ,   94.729 ,    0.000 ,   11.726 ,    0.000 ,        6 , 	)
  56 	 (   7 ,  240.000 ,  480.000 ,        0 ,  468.274 ,  480.000 ,    0.000 ,  480.000 ,  481.000 ,    0.000 ,    0.000 ,   11.726 ,    0.000 ,        7 , 	)
  99 	 (   4 ,  404.000 ,  524.000 ,        0 ,  469.274 ,  481.000 ,    0.000 ,  481.000 ,  484.000 ,   85.375 ,   16.277 ,   11.726 ,    0.000 ,        8 , 	)
 121 	 (   3 ,  280.000 ,  520.000 ,        0 ,  491.998 ,  503.723 ,    0.000 ,  503.723 ,  504.723 ,   22.723 ,   16.277 ,   11.726 ,   -0.580 ,        9 , 	)
  69 	 (   0 ,  383.000 ,  563.000 ,        0 ,  518.567 ,  530.292 ,    0.000 ,  530.292 ,  533.292 ,   62.838 ,   32.708 ,   11.726 ,   41.019 ,       10 , 	)
   9 	 (   4 ,  660.000 ,  720.000 ,        0 ,  542.115 ,  553.841 ,  106.159 ,  660.000 ,  664.000 ,    0.000 ,   60.000 ,    0.000 ,   11.130 ,       11 , 	)
  74 	 (   0 ,  685.514 ,  782.000 ,        0 ,  685.514 ,  685.514 ,    0.000 ,  685.514 ,  689.514 ,   21.514 ,   36.486 ,    0.000 ,    3.810 ,       12 , 	)
 131 	 (   0 ,    0.000 , 1440.000 ,        0 ,  742.053 ,  742.053 ,    0.000 ,  742.053 ,  742.053 ,    0.000 ,  697.947 ,    0.000 ,    0.000 ,       13 , 	)

	14 sommets 
	values : ( Cost : 402.906 , TRT : 328.937 , TWT :   0.000 , TD : 348.098 )
	violations : ( VC :       0 , VTW :   0.000 , VTD :   0.000 , VTRT :   0.000 )
	cout global : (   0.000	 )
S(i)	 (   C ,     TW0 ,       TW1 ,       VTW ,       Min ,       A ,       W ,       B ,       D ,       L ,       F ,       E ,       Det ,       [Imp ,       Imp]	)
   0 	 (   0 ,    0.000 , 1440.000 ,        0 ,    0.000 ,  774.292 ,    0.000 ,  774.292 ,  774.292 ,    0.000 ,    9.439 ,  774.292 ,    0.000 ,        0 , 	)
  37 	 (   2 ,  720.000 ,  900.000 ,        0 ,   45.229 ,  819.522 ,    0.000 ,  819.522 ,  821.522 ,    0.000 ,    9.439 ,   99.522 ,   -0.071 ,        1 , 	)
   1 	 (   4 ,  720.000 ,  900.000 ,        0 ,  726.468 ,  825.990 ,    0.000 ,  825.990 ,  827.990 ,    0.000 ,    9.439 ,   99.522 ,    5.726 ,        2 , 	)
  36 	 (   7 ,  784.000 ,  906.056 ,        0 ,  742.771 ,  842.292 ,    0.000 ,  842.292 ,  845.292 ,    0.000 ,    9.439 ,   58.292 ,    1.682 ,        3 , 	)
  47 	 (   8 ,  720.000 ,  900.000 ,        0 ,  807.659 ,  865.952 ,    0.000 ,  865.952 ,  866.952 ,    0.000 ,    7.732 ,   58.292 ,   -3.023 ,        4 , 	)
 102 	 (   6 ,  750.947 ,  980.000 ,        0 ,  812.349 ,  870.641 ,    0.000 ,  870.641 ,  872.641 ,   49.120 ,    7.732 ,   58.292 ,   -0.741 ,        5 , 	)
  66 	 (   4 ,  764.000 , 1000.000 ,        0 ,  827.456 ,  885.748 ,    0.000 ,  885.748 ,  887.748 ,   57.758 ,    7.732 ,   58.292 ,   -2.151 ,        6 , 	)
  18 	 (   8 ,  725.000 ,  960.000 ,        0 ,  839.536 ,  897.829 ,    0.000 ,  897.829 ,  901.829 ,    0.000 ,    7.732 ,   58.292 ,   17.465 ,        7 , 	)
 112 	 (   7 ,  744.132 ,  963.000 ,        0 ,  860.853 ,  919.145 ,    0.000 ,  919.145 ,  920.145 ,   52.193 ,    7.732 ,   58.292 ,   -1.984 ,        8 , 	)
 101 	 (   4 ,  886.000 ,  946.000 ,        0 ,  878.268 ,  936.561 ,    0.000 ,  936.561 ,  939.561 ,   91.268 ,    7.732 ,   50.561 ,    5.307 ,        9 , 	)
  83 	 (   0 ,  823.000 , 1003.000 ,        0 ,  900.532 ,  951.093 ,    0.000 ,  951.093 ,  955.093 ,   49.265 ,   44.735 ,   50.561 ,    9.929 ,       10 , 	)
   3 	 (   1 ,  960.000 , 1200.000 ,        0 ,  956.945 , 1007.506 ,    0.000 , 1007.506 , 1008.506 ,    0.000 ,  192.494 ,   47.506 ,   65.893 ,       11 , 	)
  68 	 (   0 , 1057.000 , 1297.000 ,        0 , 1009.494 , 1057.000 ,    0.000 , 1057.000 , 1058.000 ,   48.494 ,   80.506 ,    0.000 ,   73.675 ,       12 , 	)
 131 	 (   0 ,    0.000 , 1440.000 ,        0 , 1103.229 , 1103.229 ,    0.000 , 1103.229 , 1103.229 ,    0.000 ,  336.771 ,   -0.000 ,    0.000 ,       13 , 	)

	16 sommets 
	values : ( Cost : 376.873 , TRT : 315.363 , TWT :   0.000 , TD : 559.704 )
	violations : ( VC :       0 , VTW :   0.000 , VTD :   0.000 , VTRT :   0.000 )
	cout global : (   0.000	 )
S(i)	 (   C ,     TW0 ,       TW1 ,       VTW ,       Min ,       A ,       W ,       B ,       D ,       L ,       F ,       E ,       Det ,       [Imp ,       Imp]	)
   0 	 (   0 ,    0.000 , 1440.000 ,        0 ,    0.000 ,  221.195 ,    0.000 ,  221.195 ,  221.195 ,    0.000 ,   45.611 ,  221.195 ,    0.000 ,        0 , 	)
  64 	 (   1 ,  247.000 ,  420.000 ,        0 ,   66.407 ,  287.602 ,    0.000 ,  287.602 ,  288.602 ,    0.000 ,   45.611 ,   40.602 ,   17.165 ,        1 , 	)
  53 	 (   2 ,  300.000 ,  480.000 ,        0 ,  259.398 ,  300.000 ,    0.000 ,  300.000 ,  301.000 ,    0.000 ,    4.212 ,    0.000 ,   -4.147 ,        2 , 	)
  20 	 (   3 ,  240.000 ,  480.000 ,        0 ,  320.766 ,  320.766 ,    0.000 ,  320.766 ,  321.766 ,    0.000 ,    4.212 ,    0.000 ,   -8.053 ,        3 , 	)
  27 	 (   7 ,  240.000 ,  420.000 ,        0 ,  352.215 ,  352.215 ,    0.000 ,  352.215 ,  356.215 ,    0.000 ,    4.212 ,    0.000 ,   25.581 ,        4 , 	)
 129 	 (   6 ,  337.000 ,  457.000 ,        0 ,  373.389 ,  373.389 ,    0.000 ,  373.389 ,  374.389 ,   84.788 ,    4.212 ,    0.000 ,    0.000 ,        5 , 	)
  29 	 (   8 ,  240.000 ,  420.000 ,        0 ,  374.389 ,  374.389 ,    0.000 ,  374.389 ,  376.389 ,    0.000 ,   13.995 ,    0.000 ,    0.000 ,        6 , 	)
 118 	 (   7 ,  344.000 ,  584.000 ,        0 ,  398.005 ,  398.005 ,    0.000 ,  398.005 ,  399.005 ,   97.005 ,   13.995 ,    0.000 ,   -5.351 ,        7 , 	)
  92 	 (   3 ,  312.000 ,  552.000 ,        0 ,  408.660 ,  408.660 ,    0.000 ,  408.660 ,  412.660 ,   52.445 ,   45.856 ,    0.000 ,   -0.287 ,        8 , 	)
  94 	 (   1 ,  281.000 ,  515.000 ,        0 ,  416.560 ,  416.560 ,    0.000 ,  416.560 ,  418.560 ,   40.171 ,   45.856 ,    0.000 ,    7.248 ,        9 , 	)
  42 	 (   5 ,  300.000 ,  480.000 ,        0 ,  424.216 ,  424.216 ,    0.000 ,  424.216 ,  428.216 ,    0.000 ,   45.856 ,    0.000 ,    2.123 ,       10 , 	)
  19 	 (   8 ,  240.000 ,  480.000 ,        0 ,  434.144 ,  434.144 ,    0.000 ,  434.144 ,  437.144 ,    0.000 ,   45.856 ,    0.000 ,    8.238 ,       11 , 	)
 107 	 (   4 ,  354.000 ,  594.000 ,        0 ,  469.817 ,  469.817 ,    0.000 ,  469.817 ,  473.817 ,   41.601 ,   77.342 ,    0.000 ,    6.478 ,       12 , 	)
  85 	 (   3 ,  448.000 ,  628.000 ,        0 ,  500.802 ,  500.802 ,    0.000 ,  500.802 ,  501.802 ,  179.036 ,   77.342 ,    0.000 ,    0.000 ,       13 , 	)
  84 	 (   0 ,  348.000 ,  588.000 ,        0 ,  501.802 ,  501.802 ,    0.000 ,  501.802 ,  504.802 ,   64.658 ,   77.342 ,    0.000 ,    0.000 ,       14 , 	)
 131 	 (   0 ,    0.000 , 1440.000 ,        0 ,  536.558 ,  536.558 ,    0.000 ,  536.558 ,  536.558 ,    0.000 ,  903.442 ,    0.000 ,    0.000 ,       15 , 	)

	12 sommets 
	values : ( Cost : 247.770 , TRT : 210.293 , TWT :   0.000 , TD : 286.809 )
	violations : ( VC :       0 , VTW :   0.000 , VTD :   0.000 , VTRT :   0.000 )
	cout global : (   0.000	 )
S(i)	 (   C ,     TW0 ,       TW1 ,       VTW ,       Min ,       A ,       W ,       B ,       D ,       L ,       F ,       E ,       Det ,       [Imp ,       Imp]	)
   0 	 (   0 ,    0.000 , 1440.000 ,        0 ,    0.000 ,  298.169 ,    0.000 ,  298.169 ,  298.169 ,    0.000 ,   12.586 ,  298.169 ,    0.000 ,        0 , 	)
  40 	 (   1 ,  240.000 ,  480.000 ,        0 ,   20.048 ,  318.217 ,    0.000 ,  318.217 ,  319.217 ,    0.000 ,   12.586 ,   78.217 ,   -0.568 ,        1 , 	)
   8 	 (   2 ,  240.000 ,  420.000 ,        0 ,  284.669 ,  362.886 ,    0.000 ,  362.886 ,  363.886 ,    0.000 ,   12.586 ,   78.217 ,    1.819 ,        2 , 	)
 105 	 (   1 ,  365.000 ,  545.000 ,        0 ,  291.346 ,  369.563 ,    0.000 ,  369.563 ,  370.563 ,   50.346 ,   12.586 ,    4.563 ,    6.189 ,        3 , 	)
  11 	 (   5 ,  313.000 ,  471.930 ,        0 ,  370.938 ,  375.501 ,    0.000 ,  375.501 ,  379.501 ,    0.000 ,   12.586 ,    4.563 ,    0.371 ,        4 , 	)
  10 	 (   7 ,  314.000 ,  480.000 ,        0 ,  386.934 ,  391.497 ,    0.000 ,  391.497 ,  393.497 ,    0.000 ,   12.586 ,    4.563 ,    4.812 ,        5 , 	)
  76 	 (   3 ,  379.000 ,  499.000 ,        0 ,  404.820 ,  409.383 ,    0.000 ,  409.383 ,  413.383 ,   29.882 ,   12.586 ,    4.563 ,    3.277 ,        6 , 	)
  73 	 (   2 ,  289.000 ,  526.000 ,        0 ,  434.816 ,  439.379 ,    0.000 ,  439.379 ,  440.379 ,   75.492 ,   12.586 ,    4.563 ,   11.362 ,        7 , 	)
   5 	 (   6 ,  300.000 ,  480.000 ,        0 ,  462.851 ,  467.414 ,    0.000 ,  467.414 ,  471.414 ,    0.000 ,   12.586 ,    4.563 ,    1.526 ,        8 , 	)
  75 	 (   4 ,  497.000 ,  557.000 ,        0 ,  492.437 ,  497.000 ,    0.000 ,  497.000 ,  499.000 ,  103.503 ,   41.414 ,    0.000 ,    0.000 ,        9 , 	)
  70 	 (   0 ,  329.586 ,  553.000 ,        0 ,  499.000 ,  499.000 ,    0.000 ,  499.000 ,  503.000 ,   27.586 ,   41.414 ,    0.000 ,    0.000 ,       10 , 	)
 131 	 (   0 ,    0.000 , 1440.000 ,        0 ,  508.462 ,  508.462 ,    0.000 ,  508.462 ,  508.462 ,    0.000 ,  931.538 ,    0.000 ,    0.000 ,       11 , 	)

	24 sommets 
	values : ( Cost : 443.712 , TRT : 407.376 , TWT :  15.758 , TD : 683.129 )
	violations : ( VC :       0 , VTW :   0.000 , VTD :   0.000 , VTRT :   0.000 )
	cout global : (   0.000	 )
S(i)	 (   C ,     TW0 ,       TW1 ,       VTW ,       Min ,       A ,       W ,       B ,       D ,       L ,       F ,       E ,       Det ,       [Imp ,       Imp]	)
   0 	 (   0 ,    0.000 , 1440.000 ,        0 ,    0.000 ,  185.928 ,    0.000 ,  185.928 ,  185.928 ,    0.000 ,    0.000 ,  185.928 ,    0.000 ,        0 , 	)
  43 	 (   4 ,  240.000 ,  420.000 ,        0 ,   59.230 ,  245.158 ,    0.000 ,  245.158 ,  249.158 ,    0.000 ,    0.000 ,    5.158 ,   14.286 ,        1 , 	)
  39 	 (   8 ,  240.000 ,  420.000 ,        0 ,  264.978 ,  270.136 ,    0.000 ,  270.136 ,  274.136 ,    0.000 ,    0.000 ,    5.158 ,    6.430 ,        2 , 	)
 104 	 (   4 ,  263.589 ,  477.000 ,        0 ,  288.567 ,  293.725 ,    0.000 ,  293.725 ,  297.725 ,   19.589 ,    0.000 ,    5.158 ,   -0.651 ,        3 , 	)
  54 	 (   5 ,  240.000 ,  480.000 ,        0 ,  297.971 ,  303.129 ,    0.000 ,  303.129 ,  304.129 ,    0.000 ,    0.000 ,    5.158 ,   10.578 ,        4 , 	)
  25 	 (   6 ,  240.000 ,  420.000 ,        0 ,  324.420 ,  329.577 ,    0.000 ,  329.577 ,  330.577 ,    0.000 ,    0.000 ,    5.158 ,   14.377 ,        5 , 	)
 108 	 (   2 ,  337.000 ,  517.000 ,        0 ,  342.399 ,  347.556 ,    0.000 ,  347.556 ,  351.556 ,   98.399 ,    0.000 ,    5.158 ,    0.000 ,        6 , 	)
  21 	 (   6 ,  240.000 ,  480.000 ,        0 ,  346.399 ,  351.556 ,    0.000 ,  351.556 ,  355.556 ,    0.000 ,    0.000 ,    5.158 ,    0.000 ,        7 , 	)
  15 	 (   8 ,  240.000 ,  480.000 ,        0 ,  357.959 ,  363.117 ,    0.000 ,  363.117 ,  365.117 ,    0.000 ,    0.000 ,    5.158 ,    0.206 ,        8 , 	)
  90 	 (   7 ,  296.000 ,  536.000 ,        0 ,  380.489 ,  385.647 ,    0.000 ,  385.647 ,  386.647 ,   55.070 ,    0.000 ,    5.158 ,    5.220 ,        9 , 	)
  80 	 (   5 ,  282.000 ,  522.000 ,        0 ,  386.529 ,  391.687 ,    0.000 ,  391.687 ,  393.687 ,   26.570 ,    0.000 ,    5.158 ,    2.358 ,       10 , 	)
  86 	 (   1 ,  397.000 ,  577.000 ,        0 ,  396.494 ,  401.652 ,    0.000 ,  401.652 ,  405.652 ,   46.095 ,    0.000 ,    4.652 ,    2.589 ,       11 , 	)
  46 	 (   5 ,  240.000 ,  420.000 ,        0 ,  415.348 ,  420.000 ,    0.000 ,  420.000 ,  424.000 ,    0.000 ,    0.000 ,    4.652 ,   19.973 ,       12 , 	)
   6 	 (   7 ,  360.000 ,  480.000 ,        0 ,  432.874 ,  437.526 ,    8.273 ,  445.798 ,  447.798 ,    0.000 ,    0.000 ,   12.925 ,    3.966 ,       13 , 	)
 119 	 (   6 ,  355.000 ,  595.000 ,        0 ,  444.205 ,  457.129 ,    0.000 ,  457.129 ,  458.129 ,  153.000 ,    0.000 ,   12.925 ,    0.000 ,       14 , 	)
  41 	 (   8 ,  247.000 ,  480.000 ,        0 ,  445.205 ,  458.129 ,    5.919 ,  464.048 ,  466.048 ,    0.000 ,    0.000 ,   18.844 ,    0.000 ,       15 , 	)
 111 	 (   4 ,  266.826 ,  485.000 ,        0 ,  454.962 ,  473.805 ,    0.000 ,  473.805 ,  477.805 ,   49.805 ,    0.000 ,   18.844 ,    0.000 ,       16 , 	)
  58 	 (   8 ,  360.000 ,  480.000 ,        0 ,  458.962 ,  477.805 ,    0.000 ,  477.805 ,  481.805 ,    0.000 ,    0.000 ,   18.844 ,    0.000 ,       17 , 	)
  71 	 (   6 ,  393.862 ,  567.000 ,        0 ,  487.705 ,  506.549 ,    0.000 ,  506.549 ,  508.549 ,   58.750 ,    0.000 ,   18.844 ,    1.662 ,       18 , 	)
  63 	 (   7 ,  480.000 ,  720.000 ,        0 ,  494.888 ,  513.732 ,    0.000 ,  513.732 ,  514.732 ,    0.000 ,    0.000 ,   18.844 ,    2.441 ,       19 , 	)
 106 	 (   5 ,  337.000 ,  517.000 ,        0 ,  498.156 ,  517.000 ,    0.000 ,  517.000 ,  519.000 ,   50.952 ,    0.000 ,   18.844 ,   -3.483 ,       20 , 	)
 123 	 (   1 ,  402.687 ,  587.000 ,        0 ,  534.592 ,  553.436 ,    0.000 ,  553.436 ,  557.436 ,   71.631 ,   31.369 ,   18.844 ,    5.471 ,       21 , 	)
 128 	 (   0 ,  568.000 ,  808.000 ,        0 ,  547.590 ,  566.434 ,    1.566 ,  568.000 ,  569.000 ,   53.268 ,   63.732 ,    0.000 ,    1.546 ,       22 , 	)
 131 	 (   0 ,    0.000 , 1440.000 ,        0 ,  593.304 ,  593.304 ,    0.000 ,  593.304 ,  593.304 ,    0.000 ,  846.696 ,    0.000 ,    0.000 ,       23 , 	)

	22 sommets 
	values : ( Cost : 447.143 , TRT : 413.302 , TWT :  39.104 , TD : 636.032 )
	violations : ( VC :       0 , VTW :   0.000 , VTD :   0.000 , VTRT :   0.000 )
	cout global : (   0.000	 )
S(i)	 (   C ,     TW0 ,       TW1 ,       VTW ,       Min ,       A ,       W ,       B ,       D ,       L ,       F ,       E ,       Det ,       [Imp ,       Imp]	)
   0 	 (   0 ,    0.000 , 1440.000 ,        0 ,    0.000 ,  430.127 ,    0.000 ,  430.127 ,  430.127 ,    0.000 ,    0.000 ,  430.127 ,    0.000 ,        0 , 	)
  30 	 (   3 ,  240.000 ,  480.000 ,        0 ,   49.873 ,  480.000 ,    0.000 ,  480.000 ,  483.000 ,    0.000 ,    0.000 ,  240.000 ,   13.759 ,        1 , 	)
  22 	 (   4 ,  480.000 ,  600.000 ,        0 ,  266.463 ,  506.463 ,   20.664 ,  527.127 ,  528.127 ,    0.000 ,    0.000 ,   47.127 ,   10.265 ,        2 , 	)
  14 	 (   6 ,  480.000 ,  600.000 ,        0 ,  508.885 ,  556.012 ,    0.000 ,  556.012 ,  558.012 ,    0.000 ,    0.000 ,   47.127 ,    3.184 ,        3 , 	)
  95 	 (   3 ,  327.000 ,  567.000 ,        0 ,  515.996 ,  563.123 ,    0.000 ,  563.123 ,  566.123 ,   80.123 ,    0.000 ,   47.127 ,    0.311 ,        4 , 	)
  33 	 (   5 ,  540.000 ,  720.000 ,        0 ,  524.520 ,  571.647 ,    0.000 ,  571.647 ,  573.647 ,    0.000 ,    0.000 ,   31.647 ,   -5.715 ,        5 , 	)
  79 	 (   3 ,  507.679 ,  671.000 ,        0 ,  557.620 ,  589.266 ,    0.000 ,  589.266 ,  591.266 ,   31.254 ,    0.000 ,   31.647 ,   20.100 ,        6 , 	)
   2 	 (   5 ,  487.000 ,  720.000 ,        0 ,  585.708 ,  617.354 ,    0.000 ,  617.354 ,  619.354 ,    0.000 ,    0.000 ,   31.647 ,   -1.251 ,        7 , 	)
  52 	 (   6 ,  480.000 ,  720.000 ,        0 ,  591.608 ,  623.254 ,    0.000 ,  623.254 ,  624.254 ,    0.000 ,    0.000 ,   31.647 ,    2.464 ,        8 , 	)
  87 	 (   5 ,  521.293 ,  709.000 ,        0 ,  601.094 ,  632.741 ,    0.000 ,  632.741 ,  633.741 ,  104.614 ,    0.000 ,   31.647 ,    0.000 ,        9 , 	)
  98 	 (   3 ,  608.000 ,  788.000 ,        0 ,  602.094 ,  633.741 ,    0.000 ,  633.741 ,  635.741 ,   60.094 ,    0.000 ,   25.741 ,    0.000 ,       10 , 	)
  65 	 (   4 ,  480.000 ,  720.000 ,        0 ,  627.760 ,  653.501 ,    0.000 ,  653.501 ,  654.501 ,    0.000 ,    0.000 ,   25.741 ,    3.598 ,       11 , 	)
  17 	 (   8 ,  540.000 ,  660.000 ,        0 ,  634.259 ,  660.000 ,    0.000 ,  660.000 ,  664.000 ,    0.000 ,    0.000 ,   25.741 ,    1.011 ,       12 , 	)
 117 	 (   7 ,  529.000 ,  769.000 ,        0 ,  661.845 ,  687.586 ,    0.000 ,  687.586 ,  688.586 ,   63.332 ,    2.668 ,   25.741 ,    0.183 ,       13 , 	)
 130 	 (   6 ,  547.000 ,  787.000 ,        0 ,  668.168 ,  693.908 ,    0.000 ,  693.908 ,  694.908 ,   39.408 ,    4.769 ,   25.741 ,    1.648 ,       14 , 	)
  67 	 (   4 ,  575.000 ,  755.000 ,        0 ,  674.844 ,  700.585 ,    0.000 ,  700.585 ,  702.585 ,   81.231 ,    4.769 ,   25.741 ,    8.136 ,       15 , 	)
   7 	 (   5 ,  720.000 ,  960.000 ,        0 ,  697.422 ,  723.162 ,   18.440 ,  741.602 ,  742.602 ,    0.000 ,    1.482 ,   21.602 ,   14.677 ,       16 , 	)
  82 	 (   1 ,  581.000 ,  755.000 ,        0 ,  731.916 ,  753.518 ,    0.000 ,  753.518 ,  757.518 ,   89.518 ,    1.482 ,   21.602 ,   -8.799 ,       17 , 	)
  51 	 (   3 ,  737.000 ,  947.611 ,        0 ,  746.009 ,  767.611 ,    0.000 ,  767.611 ,  769.611 ,    0.000 ,   18.929 ,   21.602 ,   15.192 ,       18 , 	)
 116 	 (   1 ,  788.000 ,  968.000 ,        0 ,  766.398 ,  788.000 ,    0.000 ,  788.000 ,  790.000 ,   18.389 ,   18.929 ,    0.000 ,   14.975 ,       19 , 	)
  72 	 (   0 ,  785.000 , 1025.000 ,        0 ,  810.673 ,  810.673 ,    0.000 ,  810.673 ,  811.673 ,   68.071 ,   18.929 ,    0.000 ,   -0.920 ,       20 , 	)
 131 	 (   0 ,    0.000 , 1440.000 ,        0 ,  843.429 ,  843.429 ,    0.000 ,  843.429 ,  843.429 ,    0.000 ,  596.571 ,    0.000 ,    0.000 ,       21 , 	)

	22 sommets 
	values : ( Cost : 408.443 , TRT : 339.100 , TWT :   0.000 , TD : 924.652 )
	violations : ( VC :       0 , VTW :   0.000 , VTD :   0.000 , VTRT :   0.000 )
	cout global : (   0.000	 )
S(i)	 (   C ,     TW0 ,       TW1 ,       VTW ,       Min ,       A ,       W ,       B ,       D ,       L ,       F ,       E ,       Det ,       [Imp ,       Imp]	)
   0 	 (   0 ,    0.000 , 1440.000 ,        0 ,    0.000 ,  794.973 ,    0.000 ,  794.973 ,  794.973 ,    0.000 ,    0.198 ,  794.973 ,    0.000 ,        0 , 	)
  32 	 (   2 ,  780.000 ,  960.000 ,        0 ,   31.756 ,  826.729 ,    0.000 ,  826.729 ,  828.729 ,    0.000 ,    0.198 ,   46.729 ,    0.000 ,        1 , 	)
  44 	 (   3 ,  764.000 ,  936.361 ,        0 ,  782.000 ,  828.729 ,    0.000 ,  828.729 ,  829.729 ,    0.000 ,    0.198 ,   46.729 ,    0.000 ,        2 , 	)
  49 	 (   6 ,  720.000 ,  900.000 ,        0 ,  792.146 ,  838.874 ,    0.000 ,  838.874 ,  841.874 ,    0.000 ,    0.198 ,   46.729 ,    2.992 ,        3 , 	)
  31 	 (   7 ,  720.000 ,  960.000 ,        0 ,  802.041 ,  848.769 ,    0.000 ,  848.769 ,  849.769 ,    0.000 ,    0.198 ,   46.729 ,   12.430 ,        4 , 	)
  23 	 (   8 ,  720.000 ,  960.000 ,        0 ,  814.067 ,  860.795 ,    0.000 ,  860.795 ,  861.795 ,    0.000 ,    0.198 ,   46.729 ,   -0.149 ,        5 , 	)
  97 	 (   6 ,  876.000 , 1116.000 ,        0 ,  865.411 ,  912.140 ,    0.000 ,  912.140 ,  914.140 ,   83.411 ,    0.198 ,   36.140 ,    0.256 ,        6 , 	)
  55 	 (   7 ,  720.000 ,  960.000 ,        0 ,  889.159 ,  925.299 ,    0.000 ,  925.299 ,  926.299 ,    0.000 ,    0.198 ,   36.140 ,    1.598 ,        7 , 	)
 114 	 (   4 ,  821.000 , 1061.000 ,        0 ,  899.796 ,  935.936 ,    0.000 ,  935.936 ,  938.936 ,   94.062 ,    0.198 ,   36.140 ,    0.000 ,        8 , 	)
  60 	 (   5 ,  721.000 ,  960.000 ,        0 ,  902.796 ,  938.936 ,    0.000 ,  938.936 ,  939.936 ,    0.000 ,    0.198 ,   36.140 ,    0.000 ,        9 , 	)
 109 	 (   4 ,  945.000 , 1005.000 ,        0 ,  908.860 ,  945.000 ,    0.000 ,  945.000 ,  946.000 ,  115.271 ,    0.198 ,    0.000 ,    1.056 ,       10 , 	)
  88 	 (   3 ,  868.000 , 1048.000 ,        0 ,  957.344 ,  957.344 ,    0.000 ,  957.344 ,  958.344 ,   95.548 ,    0.198 ,    0.000 ,    0.000 ,       11 , 	)
  59 	 (   7 ,  720.000 ,  960.000 ,        0 ,  958.344 ,  958.344 ,    0.000 ,  958.344 ,  962.344 ,    0.000 ,    0.198 ,    0.000 ,    0.000 ,       12 , 	)
 120 	 (   6 ,  792.000 , 1032.000 ,        0 ,  981.213 ,  981.213 ,    0.000 ,  981.213 ,  982.213 ,   54.914 ,    0.198 ,    0.000 ,    1.017 ,       13 , 	)
  48 	 (   7 ,  960.000 , 1020.000 ,        0 ,  993.563 ,  993.563 ,    0.000 ,  993.563 ,  994.563 ,    0.000 ,    0.198 ,    0.000 ,   11.505 ,       14 , 	)
 125 	 (   6 ,  834.000 , 1014.000 ,        0 , 1013.802 , 1013.802 ,    0.000 , 1013.802 , 1014.802 ,   73.866 ,    0.198 ,    0.000 ,    1.280 ,       15 , 	)
  26 	 (   7 ,  960.000 , 1200.000 ,        0 , 1026.353 , 1026.353 ,    0.000 , 1026.353 , 1027.353 ,    0.000 ,    0.300 ,   -0.000 ,    0.000 ,       16 , 	)
 113 	 (   6 ,  990.511 , 1100.000 ,        0 , 1027.353 , 1027.353 ,    0.000 , 1027.353 , 1028.353 ,   32.790 ,    0.300 ,   -0.000 ,    0.000 ,       17 , 	)
  96 	 (   5 ,  845.000 , 1085.000 ,        0 , 1037.469 , 1037.469 ,    0.000 , 1037.469 , 1038.469 ,  187.700 ,    0.300 ,   -0.000 ,   -5.137 ,       18 , 	)
  91 	 (   4 , 1031.000 , 1271.000 ,        0 , 1059.635 , 1059.635 ,    0.000 , 1059.635 , 1060.635 ,   32.281 ,   33.848 ,   -0.000 ,   -6.356 ,       19 , 	)
 124 	 (   0 ,  911.000 , 1151.000 ,        0 , 1117.152 , 1117.152 ,    0.000 , 1117.152 , 1121.152 ,  154.808 ,   33.848 ,   -0.000 ,   24.462 ,       20 , 	)
 131 	 (   0 ,    0.000 , 1440.000 ,        0 , 1134.073 , 1134.073 ,    0.000 , 1134.073 , 1134.073 ,    0.000 ,  305.927 ,   -0.000 ,    0.000 ,       21 , 	)

	22 sommets 
	values : ( Cost : 415.390 , TRT : 454.816 , TWT :  94.492 , TD : 535.623 )
	violations : ( VC :       0 , VTW :   0.000 , VTD :   0.000 , VTRT :   0.000 )
	cout global : (   0.000	 )
S(i)	 (   C ,     TW0 ,       TW1 ,       VTW ,       Min ,       A ,       W ,       B ,       D ,       L ,       F ,       E ,       Det ,       [Imp ,       Imp]	)
   0 	 (   0 ,    0.000 , 1440.000 ,        0 ,    0.000 ,  684.698 ,    0.000 ,  684.698 ,  684.698 ,    0.000 ,    0.000 ,  684.698 ,    0.000 ,        0 , 	)
  50 	 (   2 ,  480.000 ,  720.000 ,        0 ,   24.304 ,  709.002 ,    0.000 ,  709.002 ,  711.002 ,    0.000 ,    0.000 ,  229.002 ,    1.546 ,        1 , 	)
  57 	 (   6 ,  480.000 ,  720.000 ,        0 ,  490.998 ,  720.000 ,    0.000 ,  720.000 ,  724.000 ,    0.000 ,   -0.000 ,  229.002 ,    5.635 ,        2 , 	)
  12 	 (   7 ,  720.000 ,  960.000 ,        0 ,  546.732 ,  775.734 ,   11.737 ,  787.471 ,  788.471 ,    0.000 ,    0.000 ,   67.471 ,   11.007 ,        3 , 	)
  35 	 (   8 ,  720.000 ,  900.000 ,        0 ,  728.965 ,  796.436 ,    0.000 ,  796.436 ,  797.436 ,    0.000 ,    0.000 ,   67.471 ,   -0.317 ,        4 , 	)
 122 	 (   4 ,  586.000 ,  826.000 ,        0 ,  746.659 ,  814.130 ,    0.000 ,  814.130 ,  818.130 ,   90.130 ,    0.000 ,   67.471 ,    2.522 ,        5 , 	)
  77 	 (   3 ,  769.000 , 1009.000 ,        0 ,  757.047 ,  824.518 ,    0.000 ,  824.518 ,  825.518 ,   36.047 ,    0.000 ,   55.518 ,    1.637 ,        6 , 	)
 115 	 (   1 ,  596.000 ,  836.000 ,        0 ,  780.482 ,  836.000 ,    0.000 ,  836.000 ,  838.000 ,  124.998 ,    0.000 ,   55.518 ,    1.465 ,        7 , 	)
 100 	 (   0 ,  744.806 ,  965.000 ,        0 ,  789.760 ,  845.278 ,    0.000 ,  845.278 ,  846.278 ,   47.842 ,   16.158 ,   55.518 ,    1.319 ,        8 , 	)
  61 	 (   4 ,  720.000 ,  960.000 ,        0 ,  794.226 ,  849.744 ,   68.314 ,  918.057 ,  922.057 ,    0.000 ,    0.000 ,  123.832 ,    1.532 ,        9 , 	)
  62 	 (   6 ,  900.000 ,  960.000 ,        0 ,  803.236 ,  927.068 ,    0.000 ,  927.068 ,  929.068 ,    0.000 ,    0.000 ,   27.068 ,    1.555 ,       10 , 	)
 126 	 (   2 ,  753.000 ,  993.000 ,        0 ,  913.431 ,  940.498 ,    0.000 ,  940.498 ,  944.498 ,   18.441 ,    0.000 ,   27.068 ,    5.667 ,       11 , 	)
 127 	 (   0 ,  916.243 , 1038.000 ,        0 ,  925.910 ,  952.977 ,    0.000 ,  952.977 ,  954.977 ,   23.910 ,    0.000 ,   27.068 ,    4.521 ,       12 , 	)
  28 	 (   4 ,  720.000 ,  960.000 ,        0 ,  932.932 ,  960.000 ,    0.000 ,  960.000 ,  964.000 ,    0.000 ,    0.000 ,   27.068 ,    4.737 ,       13 , 	)
  93 	 (   0 ,  784.000 , 1024.000 ,        0 ,  967.505 ,  994.573 ,    0.000 ,  994.573 ,  998.573 ,   30.573 ,   29.427 ,   27.068 ,    0.000 ,       14 , 	)
  16 	 (   3 ,  968.000 , 1199.427 ,        0 ,  971.505 ,  998.573 ,   14.442 , 1013.015 , 1016.015 ,    0.000 ,  120.000 ,   41.510 ,    0.000 ,       15 , 	)
  24 	 (   4 , 1020.000 , 1140.000 ,        0 ,  978.490 , 1020.000 ,    0.000 , 1020.000 , 1021.000 ,    0.000 ,   32.113 ,    0.000 ,    6.892 ,       16 , 	)
  45 	 (   6 , 1020.000 , 1200.000 ,        0 , 1031.923 , 1031.923 ,    0.000 , 1031.923 , 1033.923 ,    0.000 ,   32.113 ,   -0.000 ,   10.723 ,       17 , 	)
  81 	 (   3 , 1053.000 , 1233.000 ,        0 , 1065.902 , 1065.902 ,    0.000 , 1065.902 , 1068.902 ,   49.887 ,   32.113 ,   -0.000 ,    8.011 ,       18 , 	)
 110 	 (   1 , 1059.000 , 1293.000 ,        0 , 1078.998 , 1078.998 ,    0.000 , 1078.998 , 1080.998 ,   45.074 ,   45.926 ,   -0.000 ,    7.453 ,       19 , 	)
  89 	 (   0 , 1056.671 , 1284.000 ,        0 , 1089.720 , 1089.720 ,    0.000 , 1089.720 , 1090.720 ,   68.720 ,   74.280 ,   -0.000 ,   -2.060 ,       20 , 	)
 131 	 (   0 ,    0.000 , 1440.000 ,        0 , 1139.514 , 1139.514 ,    0.000 , 1139.514 , 1139.514 ,    0.000 ,  300.486 ,   -0.000 ,    0.000 ,       21 , 	)
