11
	VALUE ALL : ( Cost : 3350.455 , TRT : 3981.636 , TWT : 1160.497 , TD : 4823.336 )
	VIOLATIONS TOTAL : ( VC :       0 , VTW :   0.000 , VTD :   0.000 , VTRT :   0.000 )
 	COUT_ALL : (   0.003 )  T2B:   39601

	16 sommets 
	values : ( Cost : 376.557 , TRT : 311.126 , TWT :   0.000 , TD : 593.947 )
	violations : ( VC :       0 , VTW :   0.000 , VTD :   0.000 , VTRT :   0.000 )
	cout global : (   0.000	 )
S(i)	 (   C ,     TW0 ,       TW1 ,       VTW ,       Min ,       A ,       W ,       B ,       D ,       L ,       F ,       E ,       Det ,       [Imp ,       Imp]	)
   0 	 (   0 ,    0.000 , 1440.000 ,        0 ,    0.000 ,  729.204 ,    0.000 ,  729.204 ,  729.204 ,    0.000 ,   18.532 ,  729.204 ,    0.000 ,        0 , 	)
  41 	 (   4 ,  720.000 ,  960.000 ,        0 ,    2.457 ,  731.661 ,    0.000 ,  731.661 ,  735.661 ,    0.000 ,   18.532 ,   11.661 ,    0.449 ,        1 , 	)
  34 	 (   6 ,  720.000 ,  900.000 ,        0 ,  741.945 ,  753.606 ,    0.000 ,  753.606 ,  755.606 ,    0.000 ,   18.532 ,   11.661 ,    4.440 ,        2 , 	)
 116 	 (   2 ,  771.000 , 1011.000 ,        0 ,  759.339 ,  771.000 ,    0.000 ,  771.000 ,  775.000 ,   35.339 ,   18.532 ,    0.000 ,    2.077 ,        3 , 	)
  39 	 (   4 ,  720.000 ,  840.000 ,        0 ,  821.468 ,  821.468 ,    0.000 ,  821.468 ,  823.468 ,    0.000 ,   18.532 ,    0.000 ,   30.864 ,        4 , 	)
 109 	 (   2 ,  780.000 , 1020.000 ,        0 ,  839.286 ,  839.286 ,    0.000 ,  839.286 ,  841.286 ,   83.680 ,   23.866 ,    0.000 ,    0.768 ,        5 , 	)
  48 	 (   3 ,  720.000 ,  960.000 ,        0 ,  876.536 ,  876.536 ,    0.000 ,  876.536 ,  877.536 ,    0.000 ,   23.866 ,    0.000 ,    7.360 ,        6 , 	)
  16 	 (   4 ,  840.000 ,  960.000 ,        0 ,  890.676 ,  890.676 ,    0.000 ,  890.676 ,  891.676 ,    0.000 ,   13.227 ,    0.000 ,   14.594 ,        7 , 	)
  14 	 (   6 ,  720.000 ,  960.000 ,        0 ,  936.134 ,  936.134 ,    0.000 ,  936.134 ,  938.134 ,    0.000 ,   13.227 ,    0.000 ,   15.859 ,        8 , 	)
  91 	 (   5 ,  897.000 , 1077.000 ,        0 ,  952.855 ,  952.855 ,    0.000 ,  952.855 ,  953.855 ,   61.179 ,   13.227 ,    0.000 ,    0.478 ,        9 , 	)
  72 	 (   7 ,  960.000 , 1140.000 ,        0 ,  960.635 ,  960.635 ,    0.000 ,  960.635 ,  962.635 ,    0.000 ,   13.227 ,    0.000 ,    4.197 ,       10 , 	)
 114 	 (   5 ,  855.000 , 1095.000 ,        0 ,  985.400 ,  985.400 ,    0.000 ,  985.400 ,  987.400 ,  161.932 ,   12.878 ,    0.000 ,   13.733 ,       11 , 	)
  89 	 (   3 ,  799.000 , 1039.000 ,        0 ,  996.055 ,  996.055 ,    0.000 ,  996.055 ,  998.055 ,   57.921 ,   12.878 ,    0.000 ,    0.614 ,       12 , 	)
 123 	 (   2 ,  829.000 , 1069.000 ,        0 , 1009.309 , 1009.309 ,    0.000 , 1009.309 , 1010.309 ,  131.773 ,   12.878 ,    0.000 ,    6.844 ,       13 , 	)
 147 	 (   0 ,  990.046 , 1217.000 ,        0 , 1024.757 , 1024.757 ,    0.000 , 1024.757 , 1026.757 ,   62.122 ,   12.878 ,   -0.000 ,    6.675 ,       14 , 	)
 151 	 (   0 ,    0.000 , 1440.000 ,        0 , 1040.329 , 1040.329 ,    0.000 , 1040.329 , 1040.329 ,    0.000 ,  399.671 ,   -0.000 ,    0.000 ,       15 , 	)

	16 sommets 
	values : ( Cost : 349.279 , TRT : 447.109 , TWT : 150.493 , TD : 358.941 )
	violations : ( VC :       0 , VTW :   0.000 , VTD :   0.000 , VTRT :   0.000 )
	cout global : (   0.000	 )
S(i)	 (   C ,     TW0 ,       TW1 ,       VTW ,       Min ,       A ,       W ,       B ,       D ,       L ,       F ,       E ,       Det ,       [Imp ,       Imp]	)
   0 	 (   0 ,    0.000 , 1440.000 ,        0 ,    0.000 ,  745.985 ,    0.000 ,  745.985 ,  745.985 ,    0.000 ,    0.000 ,  745.985 ,    0.000 ,        0 , 	)
  42 	 (   4 ,  720.000 ,  960.000 ,        0 ,    7.773 ,  753.758 ,    0.000 ,  753.758 ,  757.758 ,    0.000 ,    0.000 ,   33.758 ,    3.201 ,        1 , 	)
  37 	 (   7 ,  720.000 ,  960.000 ,        0 ,  734.032 ,  767.789 ,    0.000 ,  767.789 ,  770.789 ,    0.000 ,    0.000 ,   33.758 ,    2.530 ,        2 , 	)
  18 	 (   8 ,  720.000 ,  780.000 ,        0 ,  746.242 ,  780.000 ,    0.000 ,  780.000 ,  781.000 ,    0.000 ,    0.000 ,   33.758 ,    6.795 ,        3 , 	)
 112 	 (   5 ,  773.000 , 1013.000 ,        0 ,  770.361 ,  804.119 ,    0.000 ,  804.119 ,  807.119 ,   33.329 ,   23.016 ,   31.119 ,    6.542 ,        4 , 	)
  93 	 (   4 ,  760.200 ,  886.000 ,        0 ,  798.623 ,  829.742 ,    0.000 ,  829.742 ,  830.742 ,   48.742 ,   23.016 ,   31.119 ,    0.000 ,        5 , 	)
 117 	 (   0 ,  795.000 , 1035.000 ,        0 ,  799.623 ,  830.742 ,    0.000 ,  830.742 ,  834.742 ,   72.984 ,   23.016 ,   31.119 ,    0.000 ,        6 , 	)
  47 	 (   3 ,  973.000 , 1192.456 ,        0 ,  830.844 ,  861.963 ,  150.493 , 1012.456 , 1015.456 ,    0.000 ,   49.439 ,   39.456 ,   13.039 ,        7 , 	)
 122 	 (   0 , 1039.000 , 1219.000 ,        0 ,  999.544 , 1039.000 ,    0.000 , 1039.000 , 1042.000 ,   23.544 ,   39.456 ,    0.000 ,   30.035 ,        8 , 	)
  64 	 (   2 ,  982.000 , 1195.278 ,        0 , 1058.651 , 1058.651 ,    0.000 , 1058.651 , 1060.651 ,    0.000 ,   49.439 ,   -0.000 ,    1.874 ,        9 , 	)
  43 	 (   3 , 1020.000 , 1200.000 ,        0 , 1086.889 , 1086.889 ,    0.000 , 1086.889 , 1087.889 ,    0.000 ,   49.350 ,   -0.000 ,    1.769 ,       10 , 	)
  20 	 (   6 ,  980.000 , 1181.471 ,        0 , 1110.644 , 1110.644 ,    0.000 , 1110.644 , 1113.644 ,    0.000 ,   49.350 ,   -0.000 ,    4.889 ,       11 , 	)
 118 	 (   5 , 1119.000 , 1359.000 ,        0 , 1134.665 , 1134.665 ,    0.000 , 1134.665 , 1135.665 ,   46.775 ,    0.083 ,   -0.000 ,   20.389 ,       12 , 	)
  95 	 (   2 , 1017.000 , 1197.000 ,        0 , 1147.561 , 1147.561 ,    0.000 , 1147.561 , 1150.561 ,   33.917 ,    0.083 ,   -0.000 ,    0.371 ,       13 , 	)
 139 	 (   0 , 1133.000 , 1253.000 ,        0 , 1160.301 , 1160.301 ,    0.000 , 1160.301 , 1162.301 ,   99.650 ,   49.350 ,   -0.000 ,   11.135 ,       14 , 	)
 151 	 (   0 ,    0.000 , 1440.000 ,        0 , 1193.094 , 1193.094 ,    0.000 , 1193.094 , 1193.094 ,    0.000 ,  246.906 ,   -0.000 ,    0.000 ,       15 , 	)

	18 sommets 
	values : ( Cost : 357.341 , TRT : 471.575 , TWT : 172.898 , TD : 486.626 )
	violations : ( VC :       0 , VTW :   0.000 , VTD :   0.000 , VTRT :   0.000 )
	cout global : (   0.000	 )
S(i)	 (   C ,     TW0 ,       TW1 ,       VTW ,       Min ,       A ,       W ,       B ,       D ,       L ,       F ,       E ,       Det ,       [Imp ,       Imp]	)
   0 	 (   0 ,    0.000 , 1440.000 ,        0 ,    0.000 ,  618.297 ,    0.000 ,  618.297 ,  618.297 ,    0.000 ,    0.000 ,  618.297 ,    0.000 ,        0 , 	)
  51 	 (   2 ,  490.000 ,  718.313 ,        0 ,    5.042 ,  623.339 ,    0.000 ,  623.339 ,  625.339 ,    0.000 ,    0.000 ,  133.339 ,    8.514 ,        1 , 	)
  49 	 (   3 ,  480.000 ,  720.000 ,        0 ,  513.156 ,  646.495 ,    0.000 ,  646.495 ,  647.495 ,    0.000 ,    0.000 ,  133.339 ,   33.743 ,        2 , 	)
  73 	 (   4 ,  530.000 ,  672.533 ,        0 ,  539.194 ,  672.533 ,    0.000 ,  672.533 ,  673.533 ,    0.000 ,    0.000 ,  133.339 ,    2.035 ,        3 , 	)
 148 	 (   3 ,  567.000 ,  687.000 ,        0 ,  553.661 ,  687.000 ,    0.000 ,  687.000 ,  688.000 ,   13.467 ,    0.000 ,  120.000 ,    2.296 ,        4 , 	)
 126 	 (   1 ,  569.000 ,  749.000 ,        0 ,  574.557 ,  694.557 ,    0.000 ,  694.557 ,  696.557 ,   69.218 ,    7.782 ,  120.000 ,   -0.032 ,        5 , 	)
 124 	 (   0 ,  611.000 ,  791.000 ,        0 ,  580.591 ,  700.591 ,    0.000 ,  700.591 ,  701.591 ,   53.095 ,   81.905 ,   89.591 ,    1.915 ,        6 , 	)
  36 	 (   3 ,  788.000 ,  900.577 ,        0 ,  617.192 ,  706.783 ,  141.132 ,  847.915 ,  850.915 ,    0.000 ,    0.000 ,   59.915 ,    5.008 ,        7 , 	)
 111 	 (   0 ,  875.000 ,  935.000 ,        0 ,  822.423 ,  882.338 ,    0.000 ,  882.338 ,  885.338 ,   31.423 ,    0.000 ,    7.338 ,   13.536 ,        8 , 	)
   5 	 (   4 ,  720.000 ,  960.000 ,        0 ,  892.206 ,  899.544 ,    0.000 ,  899.544 ,  903.544 ,    0.000 ,    0.000 ,    7.338 ,    0.633 ,        9 , 	)
   8 	 (   5 ,  720.000 ,  960.000 ,        0 ,  905.432 ,  912.770 ,    0.000 ,  912.770 ,  913.770 ,    0.000 ,    0.000 ,    7.338 ,   10.311 ,       10 , 	)
  27 	 (   6 ,  780.000 ,  960.000 ,        0 ,  952.662 ,  960.000 ,    0.000 ,  960.000 ,  961.000 ,    0.000 ,    0.000 ,    7.338 ,    0.000 ,       11 , 	)
  83 	 (   5 ,  873.000 , 1053.000 ,        0 ,  953.662 ,  961.000 ,    0.000 ,  961.000 ,  962.000 ,   47.230 ,   36.424 ,    7.338 ,    0.000 ,       12 , 	)
  59 	 (   7 , 1020.000 , 1200.000 ,        0 ,  981.502 ,  988.839 ,   31.766 , 1020.605 , 1022.605 ,    0.000 ,    4.658 ,    0.605 ,    2.077 ,       13 , 	)
 102 	 (   6 ,  822.499 , 1044.000 ,        0 , 1038.737 , 1039.342 ,    0.000 , 1039.342 , 1040.342 ,   78.342 ,    4.658 ,    0.605 ,   -0.979 ,       14 , 	)
  80 	 (   2 ,  913.000 , 1093.000 ,        0 , 1057.395 , 1058.000 ,    0.000 , 1058.000 , 1062.000 ,  154.456 ,   35.000 ,    0.605 ,    0.000 ,       15 , 	)
 134 	 (   0 , 1062.000 , 1297.000 ,        0 , 1061.395 , 1062.000 ,    0.000 , 1062.000 , 1064.000 ,   39.395 ,   55.605 ,    0.000 ,    0.000 ,       16 , 	)
 151 	 (   0 ,    0.000 , 1440.000 ,        0 , 1089.872 , 1089.872 ,    0.000 , 1089.872 , 1089.872 ,    0.000 ,  350.128 ,   -0.000 ,    0.000 ,       17 , 	)

	12 sommets 
	values : ( Cost : 177.779 , TRT : 475.144 , TWT : 317.476 , TD : 215.731 )
	violations : ( VC :       0 , VTW :   0.000 , VTD :   0.000 , VTRT :   0.000 )
	cout global : (   0.000	 )
S(i)	 (   C ,     TW0 ,       TW1 ,       VTW ,       Min ,       A ,       W ,       B ,       D ,       L ,       F ,       E ,       Det ,       [Imp ,       Imp]	)
   0 	 (   0 ,    0.000 , 1440.000 ,        0 ,    0.000 ,  332.086 ,    0.000 ,  332.086 ,  332.086 ,    0.000 ,    0.000 ,  332.086 ,    0.000 ,        0 , 	)
  24 	 (   2 ,  310.000 ,  477.492 ,        0 ,    7.035 ,  339.120 ,    0.000 ,  339.120 ,  341.120 ,    0.000 ,    0.000 ,   29.120 ,    7.427 ,        1 , 	)
  13 	 (   5 ,  240.000 ,  480.000 ,        0 ,  345.445 ,  374.565 ,    0.000 ,  374.565 ,  377.565 ,    0.000 ,    0.000 ,   29.120 ,    5.141 ,        2 , 	)
  65 	 (   6 ,  245.000 ,  480.000 ,        0 ,  363.386 ,  392.507 ,    0.000 ,  392.507 ,  393.507 ,    0.000 ,    0.000 ,   29.120 ,   24.741 ,        3 , 	)
  99 	 (   4 ,  388.000 ,  508.000 ,        0 ,  381.038 ,  410.158 ,    0.000 ,  410.158 ,  412.158 ,   69.038 ,    0.000 ,   22.158 ,    1.855 ,        4 , 	)
  61 	 (   6 ,  240.000 ,  420.000 ,        0 ,  397.842 ,  420.000 ,    0.000 ,  420.000 ,  422.000 ,    0.000 ,    0.000 ,   22.158 ,    0.969 ,        5 , 	)
 140 	 (   5 ,  341.000 ,  521.000 ,        0 ,  413.733 ,  435.891 ,    0.000 ,  435.891 ,  436.891 ,   42.384 ,   12.109 ,   22.158 ,    0.000 ,        6 , 	)
 136 	 (   3 ,  269.000 ,  449.000 ,        0 ,  414.733 ,  436.891 ,    0.000 ,  436.891 ,  438.891 ,   14.891 ,   12.109 ,   22.158 ,    0.000 ,        7 , 	)
  88 	 (   0 ,  327.000 ,  567.000 ,        0 ,  433.711 ,  455.868 ,    0.000 ,  455.868 ,  458.868 ,   78.303 ,   35.697 ,   22.158 ,    6.713 ,        8 , 	)
  50 	 (   4 ,  780.000 ,  900.000 ,        0 ,  440.366 ,  462.524 ,  317.476 ,  780.000 ,  784.000 ,    0.000 ,  120.000 ,    0.000 ,   -0.344 ,        9 , 	)
 125 	 (   0 ,  795.115 ,  934.000 ,        0 ,  795.115 ,  795.115 ,    0.000 ,  795.115 ,  799.115 ,   11.115 ,   18.885 ,    0.000 ,    5.973 ,       10 , 	)
 151 	 (   0 ,    0.000 , 1440.000 ,        0 ,  807.230 ,  807.230 ,    0.000 ,  807.230 ,  807.230 ,    0.000 ,  632.770 ,    0.000 ,    0.000 ,       11 , 	)

	20 sommets 
	values : ( Cost : 417.816 , TRT : 421.273 , TWT :  71.126 , TD : 732.674 )
	violations : ( VC :       0 , VTW :   0.000 , VTD :   0.000 , VTRT :   0.000 )
	cout global : (   0.000	 )
S(i)	 (   C ,     TW0 ,       TW1 ,       VTW ,       Min ,       A ,       W ,       B ,       D ,       L ,       F ,       E ,       Det ,       [Imp ,       Imp]	)
   0 	 (   0 ,    0.000 , 1440.000 ,        0 ,    0.000 ,  317.055 ,    0.000 ,  317.055 ,  317.055 ,    0.000 ,    0.000 ,  317.055 ,    0.000 ,        0 , 	)
  66 	 (   1 ,  300.000 ,  480.000 ,        0 ,   20.203 ,  337.258 ,    0.000 ,  337.258 ,  338.258 ,    0.000 ,    0.000 ,   37.258 ,    3.391 ,        1 , 	)
  10 	 (   4 ,  240.000 ,  420.000 ,        0 ,  307.138 ,  344.395 ,    0.000 ,  344.395 ,  347.395 ,    0.000 ,    0.000 ,   37.258 ,    6.002 ,        2 , 	)
  57 	 (   7 ,  240.000 ,  360.000 ,        0 ,  322.742 ,  360.000 ,    0.000 ,  360.000 ,  363.000 ,    0.000 ,    0.000 ,   37.258 ,    5.376 ,        3 , 	)
  85 	 (   4 ,  273.592 ,  505.000 ,        0 ,  349.106 ,  386.364 ,    0.000 ,  386.364 ,  389.364 ,   38.968 ,   12.432 ,   37.258 ,    4.650 ,        4 , 	)
 141 	 (   3 ,  327.532 ,  552.000 ,        0 ,  359.568 ,  396.826 ,    0.000 ,  396.826 ,  397.826 ,   58.568 ,   12.432 ,   37.258 ,    0.353 ,        5 , 	)
  22 	 (   4 ,  240.000 ,  480.000 ,        0 ,  370.387 ,  407.645 ,   24.288 ,  431.933 ,  432.933 ,    0.000 ,    0.000 ,   61.546 ,    1.864 ,        6 , 	)
  21 	 (   7 ,  240.000 ,  480.000 ,        0 ,  383.220 ,  444.766 ,    0.000 ,  444.766 ,  447.766 ,    0.000 ,    0.000 ,   61.546 ,    3.173 ,        7 , 	)
  23 	 (   8 ,  240.000 ,  480.000 ,        0 ,  403.733 ,  465.279 ,    0.000 ,  465.279 ,  466.279 ,    0.000 ,    0.000 ,   61.546 ,    1.873 ,        8 , 	)
  97 	 (   7 ,  366.000 ,  546.000 ,        0 ,  426.833 ,  488.379 ,    0.000 ,  488.379 ,  489.379 ,   55.446 ,    0.000 ,   61.546 ,   24.633 ,        9 , 	)
 132 	 (   4 ,  331.000 ,  511.000 ,        0 ,  449.454 ,  511.000 ,    0.000 ,  511.000 ,  514.000 ,  148.000 ,    0.000 ,   61.546 ,   11.212 ,       10 , 	)
  98 	 (   3 ,  345.000 ,  585.000 ,        0 ,  490.372 ,  551.918 ,    0.000 ,  551.918 ,  552.918 ,   85.639 ,   33.082 ,   61.546 ,    0.408 ,       11 , 	)
  32 	 (   6 ,  480.000 ,  720.000 ,        0 ,  505.317 ,  566.863 ,   46.838 ,  613.701 ,  616.701 ,    0.000 ,   12.433 ,  108.383 ,    2.667 ,       12 , 	)
  96 	 (   3 ,  481.000 ,  661.000 ,        0 ,  516.111 ,  624.495 ,    0.000 ,  624.495 ,  627.495 ,  176.729 ,   12.433 ,  108.383 ,    0.000 ,       13 , 	)
  70 	 (   4 ,  600.000 ,  720.000 ,        0 ,  519.111 ,  627.495 ,    0.000 ,  627.495 ,  628.495 ,    0.000 ,   12.433 ,   27.495 ,    0.000 ,       14 , 	)
  33 	 (   6 ,  600.000 ,  660.000 ,        0 ,  620.072 ,  647.567 ,    0.000 ,  647.567 ,  649.567 ,    0.000 ,   12.433 ,   27.495 ,    0.401 ,       15 , 	)
 145 	 (   5 ,  678.000 ,  798.000 ,        0 ,  650.505 ,  678.000 ,    0.000 ,  678.000 ,  679.000 ,   49.505 ,   37.901 ,    0.000 ,    6.675 ,       16 , 	)
 107 	 (   2 ,  560.000 ,  800.000 ,        0 ,  682.799 ,  682.799 ,    0.000 ,  682.799 ,  685.799 ,   66.099 ,   37.901 ,    0.000 ,    0.671 ,       17 , 	)
 108 	 (   0 ,  647.000 ,  763.000 ,        0 ,  703.286 ,  703.286 ,    0.000 ,  703.286 ,  705.286 ,   53.720 ,   47.280 ,    0.000 ,   17.476 ,       18 , 	)
 151 	 (   0 ,    0.000 , 1440.000 ,        0 ,  738.328 ,  738.328 ,    0.000 ,  738.328 ,  738.328 ,    0.000 ,  701.672 ,    0.000 ,    0.000 ,       19 , 	)

	14 sommets 
	values : ( Cost : 261.198 , TRT : 455.440 , TWT : 241.050 , TD : 320.245 )
	violations : ( VC :       0 , VTW :   0.000 , VTD :   0.000 , VTRT :   0.000 )
	cout global : (   0.000	 )
S(i)	 (   C ,     TW0 ,       TW1 ,       VTW ,       Min ,       A ,       W ,       B ,       D ,       L ,       F ,       E ,       Det ,       [Imp ,       Imp]	)
   0 	 (   0 ,    0.000 , 1440.000 ,        0 ,    0.000 ,  381.181 ,    0.000 ,  381.181 ,  381.181 ,    0.000 ,    0.000 ,  381.181 ,    0.000 ,        0 , 	)
  46 	 (   1 ,  329.000 ,  464.784 ,        0 ,    5.085 ,  386.266 ,    0.000 ,  386.266 ,  387.266 ,    0.000 ,    0.000 ,   57.266 ,    7.105 ,        1 , 	)
   1 	 (   2 ,  300.000 ,  480.000 ,        0 ,  359.889 ,  417.156 ,    0.000 ,  417.156 ,  418.156 ,    0.000 ,    0.000 ,   57.266 ,   18.172 ,        2 , 	)
 121 	 (   1 ,  451.000 ,  511.000 ,        0 ,  394.388 ,  451.654 ,    0.000 ,  451.654 ,  452.654 ,   64.388 ,    0.000 ,    0.654 ,   17.751 ,        3 , 	)
  63 	 (   2 ,  259.000 ,  464.909 ,        0 ,  464.255 ,  464.909 ,    0.000 ,  464.909 ,  465.909 ,    0.000 ,    0.000 ,    0.654 ,    2.595 ,        4 , 	)
 138 	 (   1 ,  301.000 ,  481.000 ,        0 ,  480.346 ,  481.000 ,    0.000 ,  481.000 ,  482.000 ,   15.091 ,    0.000 ,    0.654 ,   -8.573 ,        5 , 	)
  76 	 (   0 ,  342.000 ,  577.000 ,        0 ,  501.034 ,  501.688 ,    0.000 ,  501.688 ,  502.688 ,   83.532 ,   12.468 ,    0.654 ,   13.795 ,        6 , 	)
  29 	 (   1 ,  480.000 ,  720.000 ,        0 ,  513.021 ,  513.675 ,  206.325 ,  720.000 ,  721.000 ,    0.000 ,    0.000 ,  206.979 ,    9.859 ,        7 , 	)
  31 	 (   2 ,  720.000 ,  960.000 ,        0 ,  522.350 ,  729.329 ,   22.337 ,  751.666 ,  752.666 ,    0.000 ,    0.000 ,   31.666 ,    2.485 ,        8 , 	)
  58 	 (   6 ,  720.000 ,  900.000 ,        0 ,  726.776 ,  758.442 ,    0.000 ,  758.442 ,  762.442 ,    0.000 ,    0.000 ,   31.666 ,   -2.006 ,        9 , 	)
 104 	 (   5 ,  535.000 ,  775.000 ,        0 ,  743.334 ,  775.000 ,    0.000 ,  775.000 ,  776.000 ,   54.000 ,    0.000 ,   31.666 ,    3.365 ,       10 , 	)
 106 	 (   4 ,  798.000 , 1038.000 ,        0 ,  753.945 ,  785.611 ,   12.389 ,  798.000 ,  799.000 ,   45.334 ,    9.100 ,    0.000 ,    1.886 ,       11 , 	)
 133 	 (   0 ,  773.000 ,  953.000 ,        0 ,  820.342 ,  820.342 ,    0.000 ,  820.342 ,  824.342 ,   57.900 ,    9.100 ,    0.000 ,   17.674 ,       12 , 	)
 151 	 (   0 ,    0.000 , 1440.000 ,        0 ,  836.621 ,  836.621 ,    0.000 ,  836.621 ,  836.621 ,    0.000 ,  603.379 ,    0.000 ,    0.000 ,       13 , 	)

	12 sommets 
	values : ( Cost : 188.755 , TRT : 186.930 , TWT :  25.009 , TD : 270.998 )
	violations : ( VC :       0 , VTW :   0.000 , VTD :   0.000 , VTRT :   0.000 )
	cout global : (   0.000	 )
S(i)	 (   C ,     TW0 ,       TW1 ,       VTW ,       Min ,       A ,       W ,       B ,       D ,       L ,       F ,       E ,       Det ,       [Imp ,       Imp]	)
   0 	 (   0 ,    0.000 , 1440.000 ,        0 ,    0.000 ,  697.124 ,    0.000 ,  697.124 ,  697.124 ,    0.000 ,    0.000 ,  697.124 ,    0.000 ,        0 , 	)
  44 	 (   3 ,  480.000 ,  720.000 ,        0 ,   11.341 ,  708.465 ,    0.000 ,  708.465 ,  711.465 ,    0.000 ,    0.000 ,  228.465 ,    6.304 ,        1 , 	)
  30 	 (   4 ,  480.000 ,  720.000 ,        0 ,  491.535 ,  720.000 ,    0.000 ,  720.000 ,  721.000 ,    0.000 ,   -0.000 ,  228.465 ,   10.768 ,        2 , 	)
  71 	 (   5 ,  720.000 ,  960.000 ,        0 ,  501.856 ,  730.320 ,   15.144 ,  745.465 ,  746.465 ,    0.000 ,    0.000 ,   25.465 ,    1.810 ,        3 , 	)
 105 	 (   4 ,  527.000 ,  767.000 ,        0 ,  741.535 ,  767.000 ,    0.000 ,  767.000 ,  768.000 ,   46.000 ,    0.000 ,   25.465 ,   -1.545 ,        4 , 	)
 119 	 (   1 ,  610.000 ,  850.000 ,        0 ,  762.107 ,  787.571 ,    0.000 ,  787.571 ,  790.571 ,   76.107 ,   62.429 ,   25.465 ,    0.000 ,        5 , 	)
   3 	 (   5 ,  720.000 ,  960.000 ,        0 ,  765.107 ,  790.571 ,    9.865 ,  800.436 ,  804.436 ,    0.000 ,   57.465 ,   35.329 ,    0.000 ,        6 , 	)
 146 	 (   4 ,  813.000 , 1053.000 ,        0 ,  777.671 ,  813.000 ,    0.000 ,  813.000 ,  814.000 ,   66.535 ,   25.001 ,    0.000 ,   13.350 ,        7 , 	)
  19 	 (   5 ,  720.000 ,  960.000 ,        0 ,  838.068 ,  838.068 ,    0.000 ,  838.068 ,  839.068 ,    0.000 ,   25.001 ,    0.000 ,    9.064 ,        8 , 	)
  94 	 (   4 ,  753.000 ,  993.000 ,        0 ,  855.425 ,  855.425 ,    0.000 ,  855.425 ,  856.425 ,   16.356 ,   25.001 ,    0.000 ,    5.954 ,        9 , 	)
  78 	 (   0 ,  791.000 , 1031.000 ,        0 ,  870.435 ,  870.435 ,    0.000 ,  870.435 ,  874.435 ,   65.999 ,   25.001 ,    0.000 ,    7.313 ,       10 , 	)
 151 	 (   0 ,    0.000 , 1440.000 ,        0 ,  884.054 ,  884.054 ,    0.000 ,  884.054 ,  884.054 ,    0.000 ,  555.946 ,    0.000 ,    0.000 ,       11 , 	)

	16 sommets 
	values : ( Cost : 381.712 , TRT : 350.781 , TWT :  35.780 , TD : 532.985 )
	violations : ( VC :       0 , VTW :   0.000 , VTD :   0.000 , VTRT :   0.000 )
	cout global : (   0.000	 )
S(i)	 (   C ,     TW0 ,       TW1 ,       VTW ,       Min ,       A ,       W ,       B ,       D ,       L ,       F ,       E ,       Det ,       [Imp ,       Imp]	)
   0 	 (   0 ,    0.000 , 1440.000 ,        0 ,    0.000 ,  937.050 ,    0.000 ,  937.050 ,  937.050 ,    0.000 ,    0.000 ,  937.050 ,    0.000 ,        0 , 	)
  67 	 (   2 ,  720.000 ,  960.000 ,        0 ,   22.950 ,  960.000 ,    0.000 ,  960.000 ,  962.000 ,    0.000 ,    0.000 ,  240.000 ,   25.148 ,        1 , 	)
  56 	 (   4 ,  966.000 , 1200.000 ,        0 ,  735.908 ,  975.908 ,   31.643 , 1007.551 , 1009.551 ,    0.000 ,    0.000 ,   41.551 ,    3.179 ,        2 , 	)
 142 	 (   2 ,  797.000 , 1037.000 ,        0 ,  995.449 , 1037.000 ,    0.000 , 1037.000 , 1039.000 ,   75.000 ,   -0.000 ,   41.551 ,    0.000 ,        3 , 	)
  62 	 (   4 , 1020.000 , 1200.000 ,        0 ,  997.449 , 1039.000 ,    4.137 , 1043.137 , 1045.137 ,    0.000 ,    7.044 ,   23.137 ,    0.000 ,        4 , 	)
  17 	 (   5 , 1080.000 , 1200.000 ,        0 , 1056.863 , 1080.000 ,    0.000 , 1080.000 , 1081.000 ,    0.000 ,    7.044 ,    0.000 ,    4.020 ,        5 , 	)
 131 	 (   3 , 1058.000 , 1238.000 ,        0 , 1092.508 , 1092.508 ,    0.000 , 1092.508 , 1094.508 ,   82.956 ,    7.044 ,    0.000 ,   -0.305 ,        6 , 	)
  75 	 (   7 ,  991.000 , 1181.832 ,        0 , 1096.545 , 1096.545 ,    0.000 , 1096.545 , 1100.545 ,    0.000 ,    8.267 ,    0.000 ,   -0.043 ,        7 , 	)
 150 	 (   3 , 1108.000 , 1228.000 ,        0 , 1142.713 , 1142.713 ,    0.000 , 1142.713 , 1146.713 ,   42.168 ,    8.267 ,   -0.000 ,    8.837 ,        8 , 	)
  92 	 (   2 , 1135.664 , 1339.000 ,        0 , 1156.908 , 1156.908 ,    0.000 , 1156.908 , 1157.908 ,   75.908 ,    8.267 ,   -0.000 ,   11.552 ,        9 , 	)
  55 	 (   4 ,  960.000 , 1200.000 ,        0 , 1189.733 , 1189.733 ,    0.000 , 1189.733 , 1191.733 ,    0.000 ,    8.267 ,   -0.000 ,    0.000 ,       10 , 	)
  60 	 (   5 , 1020.000 , 1200.000 ,        0 , 1191.733 , 1191.733 ,    0.000 , 1191.733 , 1192.733 ,    0.000 ,    8.267 ,   -0.000 ,    0.000 ,       11 , 	)
 135 	 (   4 , 1033.984 , 1236.000 ,        0 , 1205.717 , 1205.717 ,    0.000 , 1205.717 , 1206.717 ,   12.984 ,   22.016 ,   -0.000 ,    0.000 ,       12 , 	)
 137 	 (   2 , 1113.000 , 1353.000 ,        0 , 1206.717 , 1206.717 ,    0.000 , 1206.717 , 1208.717 ,  161.580 ,   35.420 ,   -0.000 ,    0.000 ,       13 , 	)
 130 	 (   0 , 1139.000 , 1319.000 ,        0 , 1274.122 , 1274.122 ,    0.000 , 1274.122 , 1276.122 ,   82.389 ,   44.878 ,   -0.000 ,   20.290 ,       14 , 	)
 151 	 (   0 ,    0.000 , 1440.000 ,        0 , 1287.832 , 1287.832 ,    0.000 , 1287.832 , 1287.832 ,    0.000 ,  152.168 ,   -0.000 ,    0.000 ,       15 , 	)

	24 sommets 
	values : ( Cost : 439.596 , TRT : 460.080 , TWT :  87.557 , TD : 740.049 )
	violations : ( VC :       0 , VTW :   0.000 , VTD :   0.000 , VTRT :   0.000 )
	cout global : (   0.000	 )
S(i)	 (   C ,     TW0 ,       TW1 ,       VTW ,       Min ,       A ,       W ,       B ,       D ,       L ,       F ,       E ,       Det ,       [Imp ,       Imp]	)
   0 	 (   0 ,    0.000 , 1440.000 ,        0 ,    0.000 ,  311.294 ,    0.000 ,  311.294 ,  311.294 ,    0.000 ,    0.000 ,  311.294 ,    0.000 ,        0 , 	)
  53 	 (   1 ,  247.000 ,  480.000 ,        0 ,    4.655 ,  315.949 ,    0.000 ,  315.949 ,  316.949 ,    0.000 ,    0.000 ,   68.949 ,    1.674 ,        1 , 	)
  11 	 (   5 ,  250.000 ,  480.000 ,        0 ,  253.135 ,  322.083 ,    0.000 ,  322.083 ,  326.083 ,    0.000 ,    0.000 ,   68.949 ,    4.635 ,        2 , 	)
   7 	 (   6 ,  290.000 ,  432.533 ,        0 ,  269.300 ,  338.249 ,    0.000 ,  338.249 ,  339.249 ,    0.000 ,    0.000 ,   48.249 ,    0.823 ,        3 , 	)
  82 	 (   5 ,  327.000 ,  447.000 ,        0 ,  304.467 ,  352.716 ,    0.000 ,  352.716 ,  353.716 ,   13.467 ,    0.000 ,   25.716 ,    6.247 ,        4 , 	)
  15 	 (   8 ,  289.000 ,  434.953 ,        0 ,  334.132 ,  359.848 ,    0.000 ,  359.848 ,  362.848 ,    0.000 ,    0.000 ,   25.716 ,    8.408 ,        5 , 	)
  90 	 (   5 ,  333.000 ,  453.000 ,        0 ,  352.180 ,  377.895 ,    0.000 ,  377.895 ,  380.895 ,   15.047 ,    0.000 ,   25.716 ,    4.908 ,        6 , 	)
   4 	 (   6 ,  240.000 ,  420.000 ,        0 ,  394.284 ,  420.000 ,    0.000 ,  420.000 ,  421.000 ,    0.000 ,   -0.000 ,   25.716 ,    8.728 ,        7 , 	)
  86 	 (   2 ,  450.000 ,  570.000 ,        0 ,  408.308 ,  434.023 ,   15.977 ,  450.000 ,  454.000 ,  123.917 ,    5.926 ,    0.000 ,    0.000 ,        8 , 	)
 128 	 (   1 ,  455.000 ,  575.000 ,        0 ,  454.000 ,  454.000 ,    1.000 ,  455.000 ,  456.000 ,  138.051 ,    4.926 ,    0.000 ,    0.000 ,        9 , 	)
  68 	 (   3 ,  240.000 ,  480.000 ,        0 ,  475.074 ,  475.074 ,    4.926 ,  480.000 ,  482.000 ,    0.000 ,    0.000 ,    4.926 ,   -0.279 ,       10 , 	)
  79 	 (   2 ,  279.000 ,  513.000 ,        0 ,  496.454 ,  501.380 ,    0.000 ,  501.380 ,  502.380 ,   80.380 ,   11.620 ,    4.926 ,   27.963 ,       11 , 	)
   2 	 (   4 ,  540.000 ,  720.000 ,        0 ,  562.481 ,  567.407 ,   26.871 ,  594.277 ,  596.277 ,    0.000 ,    0.000 ,   31.796 ,    6.015 ,       12 , 	)
 143 	 (   2 ,  371.000 ,  611.000 ,        0 ,  579.204 ,  611.000 ,    0.000 ,  611.000 ,  613.000 ,  129.000 ,   -0.000 ,   31.796 ,    3.210 ,       13 , 	)
  28 	 (   3 ,  500.000 ,  702.502 ,        0 ,  588.134 ,  619.930 ,   10.153 ,  630.083 ,  631.083 ,    0.000 ,    0.000 ,   41.950 ,    4.115 ,       14 , 	)
  26 	 (   4 ,  480.000 ,  660.000 ,        0 ,  600.326 ,  642.275 ,    0.000 ,  642.275 ,  643.275 ,    0.000 ,    0.000 ,   41.950 ,    1.304 ,       15 , 	)
 103 	 (   3 ,  537.000 ,  717.000 ,        0 ,  604.936 ,  646.886 ,    0.000 ,  646.886 ,  647.886 ,   15.802 ,    0.000 ,   41.950 ,    0.625 ,       16 , 	)
 101 	 (   2 ,  495.100 ,  699.000 ,        0 ,  617.050 ,  659.000 ,    0.000 ,  659.000 ,  660.000 ,   15.725 ,    0.000 ,   41.950 ,    0.000 ,       17 , 	)
  38 	 (   6 ,  540.000 ,  660.000 ,        0 ,  618.050 ,  660.000 ,    0.000 ,  660.000 ,  664.000 ,    0.000 ,    0.000 ,   41.950 ,    0.000 ,       18 , 	)
  77 	 (   4 ,  572.664 ,  804.000 ,        0 ,  636.235 ,  678.184 ,    0.000 ,  678.184 ,  680.184 ,   81.907 ,    0.093 ,   41.950 ,    9.468 ,       19 , 	)
  35 	 (   5 ,  720.000 ,  900.000 ,        0 ,  649.420 ,  691.369 ,   28.631 ,  720.000 ,  721.000 ,    0.000 ,   18.099 ,    0.000 ,    4.575 ,       20 , 	)
 113 	 (   1 ,  581.358 ,  764.000 ,        0 ,  745.901 ,  745.901 ,    0.000 ,  745.901 ,  749.901 ,   81.901 ,    9.147 ,    0.000 ,   14.013 ,       21 , 	)
 110 	 (   0 ,  747.840 ,  955.000 ,        0 ,  765.853 ,  765.853 ,    0.000 ,  765.853 ,  766.853 ,   44.853 ,    9.147 ,    0.000 ,    0.638 ,       22 , 	)
 151 	 (   0 ,    0.000 , 1440.000 ,        0 ,  771.374 ,  771.374 ,    0.000 ,  771.374 ,  771.374 ,    0.000 ,  668.626 ,    0.000 ,    0.000 ,       23 , 	)

	10 sommets 
	values : ( Cost : 159.568 , TRT : 199.084 , TWT :  59.108 , TD : 208.974 )
	violations : ( VC :       0 , VTW :   0.000 , VTD :   0.000 , VTRT :   0.000 )
	cout global : (   0.000	 )
S(i)	 (   C ,     TW0 ,       TW1 ,       VTW ,       Min ,       A ,       W ,       B ,       D ,       L ,       F ,       E ,       Det ,       [Imp ,       Imp]	)
   0 	 (   0 ,    0.000 , 1440.000 ,        0 ,    0.000 ,  834.005 ,    0.000 ,  834.005 ,  834.005 ,    0.000 ,    0.000 ,  834.005 ,    0.000 ,        0 , 	)
   6 	 (   4 ,  720.000 ,  840.000 ,        0 ,    5.995 ,  840.000 ,    0.000 ,  840.000 ,  844.000 ,    0.000 ,    0.000 ,  120.000 ,    8.298 ,        1 , 	)
  69 	 (   8 ,  732.000 ,  953.982 ,        0 ,  733.167 ,  853.167 ,   40.701 ,  893.868 ,  897.868 ,    0.000 ,    0.000 ,  160.701 ,   -0.508 ,        2 , 	)
 144 	 (   4 ,  803.000 ,  983.000 ,        0 ,  762.185 ,  922.886 ,    0.000 ,  922.886 ,  926.886 ,   25.018 ,    0.000 ,  119.886 ,    7.814 ,        3 , 	)
  81 	 (   0 ,  766.353 ,  957.000 ,        0 ,  822.474 ,  942.359 ,    0.000 ,  942.359 ,  946.359 ,   98.359 ,    0.000 ,  119.886 ,    4.941 ,        4 , 	)
  45 	 (   1 ,  780.000 ,  960.000 ,        0 ,  840.114 ,  960.000 ,    0.000 ,  960.000 ,  961.000 ,    0.000 ,    0.000 ,  119.886 ,    0.000 ,        5 , 	)
  12 	 (   2 ,  960.000 , 1200.000 ,        0 ,  841.114 ,  961.000 ,   18.408 ,  979.408 ,  980.408 ,    0.000 ,   50.995 ,   19.408 ,    0.000 ,        6 , 	)
  87 	 (   1 , 1000.000 , 1240.000 ,        0 ,  980.592 , 1000.000 ,    0.000 , 1000.000 , 1001.000 ,   19.592 ,   33.408 ,    0.000 ,    1.662 ,        7 , 	)
 120 	 (   0 ,  838.000 , 1078.000 ,        0 , 1027.005 , 1027.005 ,    0.000 , 1027.005 , 1028.005 ,   66.005 ,   50.995 ,   -0.000 ,   -2.124 ,        8 , 	)
 151 	 (   0 ,    0.000 , 1440.000 ,        0 , 1033.089 , 1033.089 ,    0.000 , 1033.089 , 1033.089 ,    0.000 ,  406.911 ,   -0.000 ,    0.000 ,        9 , 	)

	14 sommets 
	values : ( Cost : 240.854 , TRT : 203.093 , TWT :   0.000 , TD : 362.165 )
	violations : ( VC :       0 , VTW :   0.000 , VTD :   0.000 , VTRT :   0.000 )
	cout global : (   0.000	 )
S(i)	 (   C ,     TW0 ,       TW1 ,       VTW ,       Min ,       A ,       W ,       B ,       D ,       L ,       F ,       E ,       Det ,       [Imp ,       Imp]	)
   0 	 (   0 ,    0.000 , 1440.000 ,        0 ,    0.000 ,  308.217 ,    0.000 ,  308.217 ,  308.217 ,    0.000 ,   40.354 ,  308.217 ,    0.000 ,        0 , 	)
  74 	 (   1 ,  300.000 ,  480.000 ,        0 ,    5.085 ,  313.302 ,    0.000 ,  313.302 ,  314.302 ,    0.000 ,   40.354 ,   13.302 ,   10.769 ,        1 , 	)
 149 	 (   0 ,  341.000 ,  581.000 ,        0 ,  327.698 ,  341.000 ,    0.000 ,  341.000 ,  342.000 ,   26.698 ,   40.354 ,    0.000 ,    0.000 ,        2 , 	)
   9 	 (   4 ,  266.000 ,  468.430 ,        0 ,  342.000 ,  342.000 ,    0.000 ,  342.000 ,  346.000 ,    0.000 ,   40.354 ,    0.000 ,    0.000 ,        3 , 	)
  25 	 (   7 ,  321.000 ,  400.575 ,        0 ,  360.221 ,  360.221 ,    0.000 ,  360.221 ,  363.221 ,    0.000 ,   21.901 ,    0.000 ,    2.745 ,        4 , 	)
 100 	 (   4 ,  355.000 ,  415.000 ,        0 ,  374.646 ,  374.646 ,    0.000 ,  374.646 ,  377.646 ,   11.425 ,   19.575 ,    0.000 ,    0.000 ,        5 , 	)
  54 	 (   5 ,  240.000 ,  480.000 ,        0 ,  377.646 ,  377.646 ,    0.000 ,  377.646 ,  378.646 ,    0.000 ,   21.901 ,    0.000 ,    0.000 ,        6 , 	)
  40 	 (   6 ,  300.000 ,  480.000 ,        0 ,  403.227 ,  403.227 ,    0.000 ,  403.227 ,  404.227 ,    0.000 ,   21.901 ,    0.000 ,    4.768 ,        7 , 	)
  52 	 (   7 ,  240.000 ,  480.000 ,        0 ,  413.835 ,  413.835 ,    0.000 ,  413.835 ,  414.835 ,    0.000 ,   21.901 ,    0.000 ,    0.547 ,        8 , 	)
 115 	 (   6 ,  368.000 ,  608.000 ,        0 ,  442.455 ,  442.455 ,    0.000 ,  442.455 ,  443.455 ,   38.228 ,   21.901 ,    0.000 ,    5.347 ,        9 , 	)
  84 	 (   2 ,  402.000 ,  522.000 ,        0 ,  456.099 ,  456.099 ,    0.000 ,  456.099 ,  460.099 ,  110.099 ,   21.901 ,    0.000 ,   13.566 ,       10 , 	)
 127 	 (   1 ,  322.000 ,  562.000 ,        0 ,  476.433 ,  476.433 ,    0.000 ,  476.433 ,  477.433 ,   61.598 ,   28.882 ,    0.000 ,    8.944 ,       11 , 	)
 129 	 (   0 ,  377.000 ,  557.000 ,        0 ,  492.764 ,  492.764 ,    0.000 ,  492.764 ,  493.764 ,  114.118 ,   28.882 ,    0.000 ,   13.432 ,       12 , 	)
 151 	 (   0 ,    0.000 , 1440.000 ,        0 ,  511.310 ,  511.310 ,    0.000 ,  511.310 ,  511.310 ,    0.000 ,  928.690 ,    0.000 ,    0.000 ,       13 , 	)
