11
	VALUE ALL : ( Cost : 4057.068 , TRT : 4004.179 , TWT : 563.752 , TD : 5354.529 )
	VIOLATIONS TOTAL : ( VC :       0 , VTW :   0.000 , VTD :   0.000 , VTRT :   0.000 )
 	COUT_ALL : (   0.003 )  T2B:   27001

	20 sommets 
	values : ( Cost : 308.419 , TRT : 271.894 , TWT :   0.000 , TD : 446.710 )
	violations : ( VC :       0 , VTW :   0.000 , VTD :   0.000 , VTRT :   0.000 )
	cout global : (   0.000	 )
S(i)	 (   C ,     TW0 ,       TW1 ,       VTW ,       Min ,       A ,       W ,       B ,       D ,       L ,       F ,       E ,       Det ,       [Imp ,       Imp]	)
   0 	 (   0 ,    0.000 , 1440.000 ,        0 ,    0.000 ,  282.689 ,    0.000 ,  282.689 ,  282.689 ,    0.000 ,    3.292 ,  282.689 ,    0.000 ,        0 , 	)
  23 	 (   4 ,  244.000 ,  480.000 ,        0 ,    6.260 ,  288.950 ,    0.000 ,  288.950 ,  292.950 ,    0.000 ,    3.292 ,   44.950 ,    0.326 ,        1 , 	)
  10 	 (   7 ,  240.000 ,  480.000 ,        0 ,  259.219 ,  304.168 ,    0.000 ,  304.168 ,  307.168 ,    0.000 ,    3.292 ,   44.950 ,    7.935 ,        2 , 	)
  95 	 (   4 ,  265.000 ,  505.000 ,        0 ,  273.642 ,  318.592 ,    0.000 ,  318.592 ,  321.592 ,   11.423 ,    3.292 ,   44.950 ,    4.255 ,        3 , 	)
  47 	 (   7 ,  285.000 ,  380.859 ,        0 ,  288.095 ,  333.044 ,    0.000 ,  333.044 ,  336.044 ,    0.000 ,    3.292 ,   44.950 ,   -5.551 ,        4 , 	)
   7 	 (   8 ,  240.000 ,  420.000 ,        0 ,  301.050 ,  346.000 ,    0.000 ,  346.000 ,  347.000 ,    0.000 ,    3.292 ,   44.950 ,    0.000 ,        5 , 	)
 108 	 (   4 ,  347.000 ,  527.000 ,        0 ,  302.050 ,  347.000 ,    0.000 ,  347.000 ,  351.000 ,   54.050 ,    3.292 ,    0.000 ,    0.000 ,        6 , 	)
  54 	 (   5 ,  245.000 ,  480.000 ,        0 ,  373.513 ,  373.513 ,    0.000 ,  373.513 ,  374.513 ,    0.000 ,    3.292 ,    0.000 ,    6.433 ,        7 , 	)
  58 	 (   6 ,  240.000 ,  480.000 ,        0 ,  380.620 ,  380.620 ,    0.000 ,  380.620 ,  381.620 ,    0.000 ,    3.292 ,    0.000 ,    0.940 ,        8 , 	)
 132 	 (   3 ,  345.000 ,  405.000 ,        0 ,  386.229 ,  386.229 ,    0.000 ,  386.229 ,  389.229 ,   50.184 ,    3.292 ,    0.000 ,    0.774 ,        9 , 	)
 139 	 (   2 ,  342.000 ,  522.000 ,        0 ,  416.401 ,  416.401 ,    0.000 ,  416.401 ,  417.401 ,   41.888 ,    3.292 ,    0.000 ,    0.653 ,       10 , 	)
 143 	 (   1 ,  308.000 ,  548.000 ,        0 ,  421.395 ,  421.395 ,    0.000 ,  421.395 ,  422.395 ,   39.774 ,    3.292 ,    0.000 ,    0.000 ,       11 , 	)
  92 	 (   0 ,  361.000 ,  541.000 ,        0 ,  422.395 ,  422.395 ,    0.000 ,  422.395 ,  423.395 ,   75.395 ,    3.292 ,    0.000 ,    0.000 ,       12 , 	)
  40 	 (   2 ,  252.000 ,  480.000 ,        0 ,  429.353 ,  429.353 ,    0.000 ,  429.353 ,  431.353 ,    0.000 ,    3.292 ,    0.000 ,    0.000 ,       13 , 	)
  38 	 (   4 ,  300.000 ,  480.000 ,        0 ,  431.353 ,  431.353 ,    0.000 ,  431.353 ,  433.353 ,    0.000 ,    3.292 ,    0.000 ,    0.000 ,       14 , 	)
  67 	 (   7 ,  240.000 ,  480.000 ,        0 ,  476.708 ,  476.708 ,    0.000 ,  476.708 ,  479.708 ,    0.000 ,    3.292 ,    0.000 ,    4.762 ,       15 , 	)
 125 	 (   5 ,  352.000 ,  532.000 ,        0 ,  489.973 ,  489.973 ,    0.000 ,  489.973 ,  491.973 ,   58.620 ,   16.019 ,    0.000 ,    9.259 ,       16 , 	)
 123 	 (   3 ,  359.000 ,  599.000 ,        0 ,  506.456 ,  506.456 ,    0.000 ,  506.456 ,  508.456 ,   73.102 ,   16.019 ,    0.000 ,    2.002 ,       17 , 	)
 152 	 (   0 ,  298.000 ,  538.000 ,        0 ,  521.981 ,  521.981 ,    0.000 ,  521.981 ,  524.981 ,   42.273 ,   16.019 ,    0.000 ,    7.709 ,       18 , 	)
 171 	 (   0 ,    0.000 , 1440.000 ,        0 ,  554.583 ,  554.583 ,    0.000 ,  554.583 ,  554.583 ,    0.000 ,  885.417 ,    0.000 ,    0.000 ,       19 , 	)

	16 sommets 
	values : ( Cost : 435.556 , TRT : 459.596 , TWT : 100.110 , TD : 568.763 )
	violations : ( VC :       0 , VTW :   0.000 , VTD :   0.000 , VTRT :   0.000 )
	cout global : (   0.000	 )
S(i)	 (   C ,     TW0 ,       TW1 ,       VTW ,       Min ,       A ,       W ,       B ,       D ,       L ,       F ,       E ,       Det ,       [Imp ,       Imp]	)
   0 	 (   0 ,    0.000 , 1440.000 ,        0 ,    0.000 ,  682.394 ,    0.000 ,  682.394 ,  682.394 ,    0.000 ,    0.000 ,  682.394 ,    0.000 ,        0 , 	)
  19 	 (   3 ,  540.000 ,  720.000 ,        0 ,   34.729 ,  717.123 ,    0.000 ,  717.123 ,  720.123 ,    0.000 ,    0.000 ,  177.123 ,   18.358 ,        1 , 	)
  39 	 (   4 ,  720.000 ,  900.000 ,        0 ,  573.830 ,  750.953 ,    0.000 ,  750.953 ,  751.953 ,    0.000 ,    0.000 ,   30.953 ,   -1.883 ,        2 , 	)
  18 	 (   6 ,  720.000 ,  900.000 ,        0 ,  727.108 ,  758.062 ,    0.000 ,  758.062 ,  760.062 ,    0.000 ,    0.000 ,   30.953 ,    4.444 ,        3 , 	)
 104 	 (   3 ,  606.000 ,  846.000 ,        0 ,  739.358 ,  770.311 ,    0.000 ,  770.311 ,  773.311 ,   50.188 ,    0.000 ,   30.953 ,    2.261 ,        4 , 	)
  71 	 (   7 ,  720.000 ,  960.000 ,        0 ,  752.387 ,  783.341 ,    0.000 ,  783.341 ,  787.341 ,    0.000 ,    0.000 ,   30.953 ,    1.893 ,        5 , 	)
 124 	 (   6 ,  759.000 ,  993.000 ,        0 ,  768.957 ,  799.911 ,    0.000 ,  799.911 ,  800.911 ,   47.957 ,    0.000 ,   30.953 ,   13.950 ,        6 , 	)
  72 	 (   8 ,  720.000 ,  900.000 ,        0 ,  794.138 ,  825.092 ,    0.000 ,  825.092 ,  827.092 ,    0.000 ,    0.000 ,   30.953 ,   -8.279 ,        7 , 	)
 103 	 (   6 ,  871.000 , 1111.000 ,        0 ,  846.898 ,  877.851 ,    0.000 ,  877.851 ,  879.851 ,  117.789 ,    0.000 ,    6.851 ,    0.000 ,        8 , 	)
 157 	 (   4 ,  823.000 , 1003.000 ,        0 ,  873.000 ,  879.851 ,    0.000 ,  879.851 ,  881.851 ,   52.759 ,    0.000 ,    6.851 ,    0.000 ,        9 , 	)
 156 	 (   0 ,  887.000 , 1067.000 ,        0 ,  883.435 ,  890.286 ,    0.000 ,  890.286 ,  894.286 ,  102.945 ,    0.000 ,    3.286 ,    1.300 ,       10 , 	)
  70 	 (   3 ,  720.000 ,  900.000 ,        0 ,  896.714 ,  900.000 ,    0.000 ,  900.000 ,  903.000 ,    0.000 ,    0.000 ,    3.286 ,    3.400 ,       11 , 	)
  35 	 (   4 ,  961.000 , 1200.000 ,        0 ,  915.033 ,  918.319 ,   49.557 ,  967.876 ,  968.876 ,    0.000 ,    0.000 ,    6.876 ,    6.402 ,       12 , 	)
 155 	 (   1 ,  760.000 ,  994.000 ,        0 ,  987.124 ,  994.000 ,    0.000 ,  994.000 ,  997.000 ,   91.000 ,    0.000 ,    6.876 ,   10.198 ,       13 , 	)
 120 	 (   0 , 1075.000 , 1255.000 ,        0 , 1017.571 , 1024.447 ,   50.553 , 1075.000 , 1076.000 ,  106.124 ,    6.876 ,    0.000 ,   50.210 ,       14 , 	)
 171 	 (   0 ,    0.000 , 1440.000 ,        0 , 1141.989 , 1141.989 ,    0.000 , 1141.989 , 1141.989 ,    0.000 ,  298.011 ,    0.000 ,    0.000 ,       15 , 	)

	14 sommets 
	values : ( Cost : 365.884 , TRT : 305.101 , TWT :   0.000 , TD : 310.651 )
	violations : ( VC :       0 , VTW :   0.000 , VTD :   0.000 , VTRT :   0.000 )
	cout global : (   0.000	 )
S(i)	 (   C ,     TW0 ,       TW1 ,       VTW ,       Min ,       A ,       W ,       B ,       D ,       L ,       F ,       E ,       Det ,       [Imp ,       Imp]	)
   0 	 (   0 ,    0.000 , 1440.000 ,        0 ,    0.000 ,  254.958 ,    0.000 ,  254.958 ,  254.958 ,    0.000 ,    6.150 ,  254.958 ,    0.000 ,        0 , 	)
  51 	 (   1 ,  240.000 ,  420.000 ,        0 ,   19.632 ,  274.590 ,    0.000 ,  274.590 ,  275.590 ,    0.000 ,    6.150 ,   34.590 ,   11.638 ,        1 , 	)
  22 	 (   5 ,  240.000 ,  360.000 ,        0 ,  273.116 ,  307.706 ,    0.000 ,  307.706 ,  311.706 ,    0.000 ,    6.150 ,   34.590 ,    7.909 ,        2 , 	)
 107 	 (   1 ,  255.486 ,  395.000 ,        0 ,  288.602 ,  323.192 ,    0.000 ,  323.192 ,  327.192 ,   11.486 ,    6.150 ,   34.590 ,    0.000 ,        3 , 	)
  13 	 (   5 ,  300.000 ,  480.000 ,        0 ,  292.602 ,  327.192 ,    0.000 ,  327.192 ,  331.192 ,    0.000 ,    6.150 ,   27.192 ,    0.000 ,        4 , 	)
  14 	 (   6 ,  240.000 ,  420.000 ,        0 ,  323.781 ,  350.973 ,    0.000 ,  350.973 ,  351.973 ,    0.000 ,    6.150 ,   27.192 ,   19.945 ,        5 , 	)
  99 	 (   5 ,  268.987 ,  496.000 ,        0 ,  352.768 ,  379.960 ,    0.000 ,  379.960 ,  380.960 ,   27.987 ,    6.150 ,   27.192 ,   14.320 ,        6 , 	)
 136 	 (   4 ,  324.000 ,  564.000 ,        0 ,  367.169 ,  394.361 ,    0.000 ,  394.361 ,  395.361 ,  118.771 ,    6.150 ,   27.192 ,   -2.426 ,        7 , 	)
  98 	 (   0 ,  421.000 ,  601.000 ,        0 ,  393.808 ,  421.000 ,    0.000 ,  421.000 ,  425.000 ,   89.808 ,    6.150 ,    0.000 ,   15.406 ,        8 , 	)
  49 	 (   4 ,  240.000 ,  480.000 ,        0 ,  432.938 ,  432.938 ,    0.000 ,  432.938 ,  436.938 ,    0.000 ,    6.150 ,    0.000 ,   -1.653 ,        9 , 	)
  44 	 (   5 ,  240.000 ,  480.000 ,        0 ,  473.850 ,  473.850 ,    0.000 ,  473.850 ,  474.850 ,    0.000 ,    6.150 ,    0.000 ,    0.000 ,       10 , 	)
 134 	 (   1 ,  317.000 ,  557.000 ,        0 ,  474.850 ,  474.850 ,    0.000 ,  474.850 ,  478.850 ,   37.912 ,   35.462 ,    0.000 ,    0.000 ,       11 , 	)
 129 	 (   0 ,  295.000 ,  535.000 ,        0 ,  499.538 ,  499.538 ,    0.000 ,  499.538 ,  500.538 ,   24.687 ,   35.462 ,    0.000 ,   10.351 ,       12 , 	)
 171 	 (   0 ,    0.000 , 1440.000 ,        0 ,  560.059 ,  560.059 ,    0.000 ,  560.059 ,  560.059 ,    0.000 ,  879.941 ,    0.000 ,    0.000 ,       13 , 	)

	18 sommets 
	values : ( Cost : 367.349 , TRT : 469.235 , TWT : 147.032 , TD : 471.636 )
	violations : ( VC :       0 , VTW :   0.000 , VTD :   0.000 , VTRT :   0.000 )
	cout global : (   0.000	 )
S(i)	 (   C ,     TW0 ,       TW1 ,       VTW ,       Min ,       A ,       W ,       B ,       D ,       L ,       F ,       E ,       Det ,       [Imp ,       Imp]	)
   0 	 (   0 ,    0.000 , 1440.000 ,        0 ,    0.000 ,  422.417 ,    0.000 ,  422.417 ,  422.417 ,    0.000 ,    0.000 ,  422.417 ,    0.000 ,        0 , 	)
  32 	 (   2 ,  420.000 ,  480.000 ,        0 ,   19.903 ,  442.320 ,    0.000 ,  442.320 ,  444.320 ,    0.000 ,    0.000 ,   22.320 ,    0.672 ,        1 , 	)
  15 	 (   6 ,  300.000 ,  480.000 ,        0 ,  428.214 ,  450.533 ,    0.000 ,  450.533 ,  454.533 ,    0.000 ,    0.000 ,   22.320 ,    5.934 ,        2 , 	)
 117 	 (   4 ,  435.526 ,  536.000 ,        0 ,  445.460 ,  467.780 ,    0.000 ,  467.780 ,  469.780 ,   23.460 ,    0.000 ,   22.320 ,   -3.999 ,        3 , 	)
  41 	 (   8 ,  420.000 ,  480.000 ,        0 ,  457.680 ,  480.000 ,    0.000 ,  480.000 ,  484.000 ,    0.000 ,    0.000 ,   22.320 ,  -14.458 ,        4 , 	)
 100 	 (   4 ,  350.036 ,  576.000 ,        0 ,  478.482 ,  500.802 ,    0.000 ,  500.802 ,  504.802 ,   46.268 ,   45.732 ,   22.320 ,   -7.303 ,        5 , 	)
 126 	 (   0 ,  473.287 ,  583.000 ,        0 ,  507.665 ,  529.984 ,    0.000 ,  529.984 ,  533.984 ,   45.984 ,   53.016 ,   22.320 ,    3.593 ,        6 , 	)
  78 	 (   3 ,  540.000 ,  720.000 ,        0 ,  526.860 ,  549.180 ,  147.032 ,  696.212 ,  699.212 ,    0.000 ,    6.995 ,  156.212 ,    7.067 ,        7 , 	)
  73 	 (   5 ,  540.000 ,  720.000 ,        0 ,  556.793 ,  713.005 ,    0.000 ,  713.005 ,  715.005 ,    0.000 ,    6.995 ,  156.212 ,    0.306 ,        8 , 	)
  55 	 (   8 ,  720.000 ,  960.000 ,        0 ,  563.788 ,  720.000 ,    0.000 ,  720.000 ,  723.000 ,    0.000 ,   32.831 ,    0.000 ,    0.338 ,        9 , 	)
 163 	 (   5 ,  577.000 ,  810.000 ,        0 ,  738.168 ,  738.168 ,    0.000 ,  738.168 ,  741.168 ,   38.956 ,    7.211 ,    0.000 ,   29.212 ,       10 , 	)
  77 	 (   6 ,  720.000 ,  900.000 ,        0 ,  772.194 ,  772.194 ,    0.000 ,  772.194 ,  773.194 ,    0.000 ,    7.211 ,    0.000 ,    0.524 ,       11 , 	)
 158 	 (   4 ,  597.000 ,  837.000 ,        0 ,  797.174 ,  797.174 ,    0.000 ,  797.174 ,  799.174 ,   82.169 ,    7.211 ,    0.000 ,    2.633 ,       12 , 	)
  20 	 (   8 ,  739.000 ,  884.208 ,        0 ,  818.996 ,  818.996 ,    0.000 ,  818.996 ,  822.996 ,    0.000 ,    7.211 ,    0.000 ,   29.062 ,       13 , 	)
 105 	 (   4 ,  783.000 ,  903.000 ,        0 ,  837.789 ,  837.789 ,    0.000 ,  837.789 ,  841.789 ,   14.792 ,    7.211 ,    0.000 ,    0.000 ,       14 , 	)
 140 	 (   1 ,  816.000 , 1056.000 ,        0 ,  841.789 ,  841.789 ,    0.000 ,  841.789 ,  844.789 ,  118.789 ,    7.211 ,    0.000 ,    0.000 ,       15 , 	)
 162 	 (   0 ,  793.000 , 1033.000 ,        0 ,  874.411 ,  874.411 ,    0.000 ,  874.411 ,  875.411 ,  101.217 ,   35.783 ,    0.000 ,   11.941 ,       16 , 	)
 171 	 (   0 ,    0.000 , 1440.000 ,        0 ,  891.651 ,  891.651 ,    0.000 ,  891.651 ,  891.651 ,    0.000 ,  548.349 ,    0.000 ,    0.000 ,       17 , 	)

	16 sommets 
	values : ( Cost : 381.148 , TRT : 306.577 , TWT :   0.000 , TD : 551.418 )
	violations : ( VC :       0 , VTW :   0.000 , VTD :   0.000 , VTRT :   0.000 )
	cout global : (   0.000	 )
S(i)	 (   C ,     TW0 ,       TW1 ,       VTW ,       Min ,       A ,       W ,       B ,       D ,       L ,       F ,       E ,       Det ,       [Imp ,       Imp]	)
   0 	 (   0 ,    0.000 , 1440.000 ,        0 ,    0.000 ,  226.080 ,    0.000 ,  226.080 ,  226.080 ,    0.000 ,   12.824 ,  226.080 ,    0.000 ,        0 , 	)
  27 	 (   4 ,  240.000 ,  300.000 ,        0 ,   22.171 ,  248.251 ,    0.000 ,  248.251 ,  252.251 ,    0.000 ,   12.824 ,    8.251 ,    1.251 ,        1 , 	)
  65 	 (   5 ,  240.000 ,  480.000 ,        0 ,  257.810 ,  266.061 ,    0.000 ,  266.061 ,  267.061 ,    0.000 ,   12.824 ,    8.251 ,   20.191 ,        2 , 	)
  66 	 (   6 ,  240.000 ,  420.000 ,        0 ,  269.079 ,  277.330 ,    0.000 ,  277.330 ,  278.330 ,    0.000 ,   12.824 ,    8.251 ,    0.347 ,        3 , 	)
  85 	 (   7 ,  300.000 ,  480.000 ,        0 ,  293.816 ,  302.067 ,    0.000 ,  302.067 ,  303.067 ,    0.000 ,   12.824 ,    2.067 ,   17.439 ,        4 , 	)
 170 	 (   6 ,  325.954 ,  548.000 ,        0 ,  325.954 ,  328.021 ,    0.000 ,  328.021 ,  329.021 ,   24.954 ,   12.824 ,    2.067 ,   -4.662 ,        5 , 	)
 151 	 (   5 ,  282.581 ,  504.000 ,        0 ,  336.244 ,  338.311 ,    0.000 ,  338.311 ,  339.311 ,   59.980 ,   12.824 ,    2.067 ,    0.400 ,        6 , 	)
  25 	 (   6 ,  242.000 ,  420.000 ,        0 ,  354.291 ,  356.358 ,    0.000 ,  356.358 ,  357.358 ,    0.000 ,   12.824 ,    2.067 ,    6.229 ,        7 , 	)
 112 	 (   2 ,  325.000 ,  493.000 ,        0 ,  380.596 ,  382.663 ,    0.000 ,  382.663 ,  386.663 ,  130.412 ,   12.824 ,    2.067 ,    4.143 ,        8 , 	)
 150 	 (   1 ,  389.000 ,  629.000 ,        0 ,  386.933 ,  389.000 ,    0.000 ,  389.000 ,  390.000 ,  121.939 ,   12.824 ,    0.000 ,    0.530 ,        9 , 	)
  24 	 (   2 ,  300.000 ,  480.000 ,        0 ,  394.832 ,  394.832 ,    0.000 ,  394.832 ,  395.832 ,    0.000 ,   12.824 ,    0.000 ,    5.622 ,       10 , 	)
 110 	 (   1 ,  352.000 ,  472.000 ,        0 ,  414.526 ,  414.526 ,    0.000 ,  414.526 ,  415.526 ,   57.168 ,   12.824 ,    0.000 ,    1.723 ,       11 , 	)
   6 	 (   2 ,  297.000 ,  436.589 ,        0 ,  423.765 ,  423.765 ,    0.000 ,  423.765 ,  424.765 ,    0.000 ,   12.824 ,    0.000 ,    5.440 ,       12 , 	)
  91 	 (   1 ,  425.000 ,  485.000 ,        0 ,  472.176 ,  472.176 ,    0.000 ,  472.176 ,  473.176 ,   47.411 ,   12.824 ,    0.000 ,   10.337 ,       13 , 	)
 109 	 (   0 ,  425.000 ,  545.000 ,        0 ,  505.384 ,  505.384 ,    0.000 ,  505.384 ,  506.384 ,  109.553 ,   17.447 ,    0.000 ,   -6.516 ,       14 , 	)
 171 	 (   0 ,    0.000 , 1440.000 ,        0 ,  532.658 ,  532.658 ,    0.000 ,  532.658 ,  532.658 ,    0.000 ,  907.342 ,    0.000 ,    0.000 ,       15 , 	)

	24 sommets 
	values : ( Cost : 535.424 , TRT : 448.574 , TWT :   0.000 , TD : 682.062 )
	violations : ( VC :       0 , VTW :   0.000 , VTD :   0.000 , VTRT :   0.000 )
	cout global : (   0.000	 )
S(i)	 (   C ,     TW0 ,       TW1 ,       VTW ,       Min ,       A ,       W ,       B ,       D ,       L ,       F ,       E ,       Det ,       [Imp ,       Imp]	)
   0 	 (   0 ,    0.000 , 1440.000 ,        0 ,    0.000 ,  778.277 ,    0.000 ,  778.277 ,  778.277 ,    0.000 ,    0.975 ,  778.277 ,    0.000 ,        0 , 	)
  26 	 (   2 ,  780.000 ,  960.000 ,        0 ,   27.155 ,  805.432 ,    0.000 ,  805.432 ,  807.432 ,    0.000 ,    0.975 ,   25.432 ,    8.216 ,        1 , 	)
  34 	 (   6 ,  720.000 ,  960.000 ,        0 ,  792.663 ,  818.095 ,    0.000 ,  818.095 ,  822.095 ,    0.000 ,    0.975 ,   25.432 ,    4.878 ,        2 , 	)
 119 	 (   2 ,  769.000 , 1009.000 ,        0 ,  819.410 ,  844.842 ,    0.000 ,  844.842 ,  848.842 ,   22.747 ,    0.975 ,   25.432 ,    0.000 ,        3 , 	)
 111 	 (   0 ,  838.000 , 1018.000 ,        0 ,  823.410 ,  848.842 ,    0.000 ,  848.842 ,  850.842 ,   41.410 ,    0.975 ,   10.842 ,    0.000 ,        4 , 	)
   9 	 (   1 ,  811.000 ,  939.886 ,        0 ,  851.077 ,  861.919 ,    0.000 ,  861.919 ,  862.919 ,    0.000 ,    0.975 ,   10.842 ,    0.307 ,        5 , 	)
  81 	 (   2 ,  780.000 ,  960.000 ,        0 ,  879.335 ,  890.177 ,    0.000 ,  890.177 ,  891.177 ,    0.000 ,    0.975 ,   10.842 ,   16.968 ,        6 , 	)
  94 	 (   1 ,  922.000 ,  982.000 ,        0 ,  911.158 ,  922.000 ,    0.000 ,  922.000 ,  923.000 ,   59.081 ,    0.975 ,    0.000 ,   21.777 ,        7 , 	)
  80 	 (   3 ,  780.000 ,  960.000 ,        0 ,  951.315 ,  951.315 ,    0.000 ,  951.315 ,  953.315 ,    0.000 ,    0.975 ,    0.000 ,    5.570 ,        8 , 	)
  57 	 (   4 ,  840.000 ,  960.000 ,        0 ,  959.025 ,  959.025 ,    0.000 ,  959.025 ,  960.025 ,    0.000 ,    0.975 ,    0.000 ,    0.423 ,        9 , 	)
  12 	 (   5 ,  960.000 , 1200.000 ,        0 ,  982.488 ,  982.488 ,    0.000 ,  982.488 ,  983.488 ,    0.000 ,   26.180 ,    0.000 ,   -0.002 ,       10 , 	)
 142 	 (   4 ,  871.362 , 1042.000 ,        0 ,  991.384 ,  991.384 ,    0.000 ,  991.384 ,  992.384 ,   31.359 ,   15.480 ,    0.000 ,    1.643 ,       11 , 	)
 166 	 (   3 ,  882.000 , 1062.000 ,        0 , 1000.998 , 1000.998 ,    0.000 , 1000.998 , 1001.998 ,  109.820 ,   15.480 ,    0.000 ,    3.868 ,       12 , 	)
 165 	 (   1 ,  822.000 , 1062.000 ,        0 , 1008.696 , 1008.696 ,    0.000 , 1008.696 , 1010.696 ,   55.381 ,   15.480 ,    0.000 ,    8.525 ,       13 , 	)
  64 	 (   4 ,  960.000 , 1200.000 ,        0 , 1017.849 , 1017.849 ,    0.000 , 1017.849 , 1020.849 ,    0.000 ,   15.480 ,    0.000 ,    1.802 ,       14 , 	)
  97 	 (   3 , 1022.000 , 1262.000 ,        0 , 1042.008 , 1042.008 ,    0.000 , 1042.008 , 1043.008 ,   58.520 ,   15.480 ,   -0.000 ,    2.005 ,       15 , 	)
  29 	 (   6 ,  960.000 , 1200.000 ,        0 , 1062.790 , 1062.790 ,    0.000 , 1062.790 , 1065.790 ,    0.000 ,   28.742 ,   -0.000 ,   18.363 ,       16 , 	)
  82 	 (   7 , 1020.000 , 1200.000 ,        0 , 1118.032 , 1118.032 ,    0.000 , 1118.032 , 1119.032 ,    0.000 ,   28.742 ,   -0.000 ,    0.000 ,       17 , 	)
 114 	 (   4 , 1096.000 , 1276.000 ,        0 , 1119.032 , 1119.032 ,    0.000 , 1119.032 , 1122.032 ,   53.242 ,   23.211 ,   -0.000 ,    0.000 ,       18 , 	)
  61 	 (   8 ,  971.000 , 1196.787 ,        0 , 1130.843 , 1130.843 ,    0.000 , 1130.843 , 1134.843 ,    0.000 ,   23.211 ,   -0.000 ,    1.418 ,       19 , 	)
 149 	 (   5 , 1108.000 , 1288.000 ,        0 , 1147.107 , 1147.107 ,    0.000 , 1147.107 , 1150.107 ,  126.258 ,   23.211 ,   -0.000 ,   14.243 ,       20 , 	)
 146 	 (   1 , 1048.000 , 1228.000 ,        0 , 1179.299 , 1179.299 ,    0.000 , 1179.299 , 1183.299 ,   44.456 ,   23.211 ,   -0.000 ,    4.859 ,       21 , 	)
 167 	 (   0 , 1097.000 , 1277.000 ,        0 , 1198.821 , 1198.821 ,    0.000 , 1198.821 , 1199.821 ,   79.789 ,   23.211 ,   -0.000 ,    0.801 ,       22 , 	)
 171 	 (   0 ,    0.000 , 1440.000 ,        0 , 1226.852 , 1226.852 ,    0.000 , 1226.852 , 1226.852 ,    0.000 ,  213.148 ,   -0.000 ,    0.000 ,       23 , 	)

	16 sommets 
	values : ( Cost : 343.646 , TRT : 288.380 , TWT :   0.000 , TD : 324.633 )
	violations : ( VC :       0 , VTW :   0.000 , VTD :   0.000 , VTRT :   0.000 )
	cout global : (   0.000	 )
S(i)	 (   C ,     TW0 ,       TW1 ,       VTW ,       Min ,       A ,       W ,       B ,       D ,       L ,       F ,       E ,       Det ,       [Imp ,       Imp]	)
   0 	 (   0 ,    0.000 , 1440.000 ,        0 ,    0.000 ,  672.691 ,    0.000 ,  672.691 ,  672.691 ,    0.000 ,   13.437 ,  672.691 ,    0.000 ,        0 , 	)
  68 	 (   2 ,  486.000 ,  720.000 ,        0 ,   33.872 ,  706.563 ,    0.000 ,  706.563 ,  708.563 ,    0.000 ,   13.437 ,  220.563 ,    3.517 ,        1 , 	)
 153 	 (   0 ,  581.000 ,  761.000 ,        0 ,  522.643 ,  743.206 ,    0.000 ,  743.206 ,  745.206 ,   34.643 ,   17.794 ,  162.206 ,    5.853 ,        2 , 	)
  76 	 (   1 ,  720.000 ,  960.000 ,        0 ,  594.872 ,  757.078 ,    0.000 ,  757.078 ,  758.078 ,    0.000 ,   60.000 ,   37.078 ,   -1.005 ,        3 , 	)
  52 	 (   4 ,  720.000 ,  960.000 ,        0 ,  739.922 ,  777.000 ,    0.000 ,  777.000 ,  780.000 ,    0.000 ,   31.863 ,   37.078 ,    0.000 ,        4 , 	)
  45 	 (   6 ,  780.000 ,  840.000 ,        0 ,  742.922 ,  780.000 ,    0.000 ,  780.000 ,  782.000 ,    0.000 ,   31.863 ,    0.000 ,    0.000 ,        5 , 	)
 161 	 (   5 ,  766.000 , 1006.000 ,        0 ,  787.215 ,  787.215 ,    0.000 ,  787.215 ,  788.215 ,   29.137 ,    2.260 ,    0.000 ,    2.811 ,        6 , 	)
 137 	 (   2 ,  786.000 , 1026.000 ,        0 ,  818.024 ,  818.024 ,    0.000 ,  818.024 ,  821.024 ,   38.024 ,    2.260 ,    0.000 ,   13.905 ,        7 , 	)
  53 	 (   4 ,  720.000 ,  960.000 ,        0 ,  832.847 ,  832.847 ,    0.000 ,  832.847 ,  834.847 ,    0.000 ,    2.260 ,    0.000 ,    0.733 ,        8 , 	)
 130 	 (   2 ,  822.472 ,  923.000 ,        0 ,  860.740 ,  860.740 ,    0.000 ,  860.740 ,  862.740 ,   78.740 ,    2.260 ,    0.000 ,    3.424 ,        9 , 	)
 138 	 (   0 ,  808.000 , 1048.000 ,        0 ,  872.975 ,  872.975 ,    0.000 ,  872.975 ,  874.975 ,   38.128 ,   62.886 ,    0.000 ,    0.000 ,       10 , 	)
   8 	 (   4 ,  720.000 ,  960.000 ,        0 ,  874.975 ,  874.975 ,    0.000 ,  874.975 ,  878.975 ,    0.000 ,   62.886 ,    0.000 ,    0.000 ,       11 , 	)
  75 	 (   5 ,  720.000 ,  960.000 ,        0 ,  897.114 ,  897.114 ,    0.000 ,  897.114 ,  898.114 ,    0.000 ,   62.886 ,    0.000 ,    2.653 ,       12 , 	)
  93 	 (   1 ,  821.000 , 1061.000 ,        0 ,  931.510 ,  931.510 ,    0.000 ,  931.510 ,  935.510 ,   52.535 ,   33.573 ,    0.000 ,   16.730 ,       13 , 	)
 160 	 (   0 ,  785.000 , 1025.000 ,        0 ,  951.541 ,  951.541 ,    0.000 ,  951.541 ,  952.541 ,   53.427 ,   33.573 ,    0.000 ,   -0.246 ,       14 , 	)
 171 	 (   0 ,    0.000 , 1440.000 ,        0 ,  961.071 ,  961.071 ,    0.000 ,  961.071 ,  961.071 ,    0.000 ,  478.929 ,    0.000 ,    0.000 ,       15 , 	)

	24 sommets 
	values : ( Cost : 518.159 , TRT : 433.593 , TWT :   0.000 , TD : 1031.263 )
	violations : ( VC :       0 , VTW :   0.000 , VTD :   0.000 , VTRT :   0.000 )
	cout global : (   0.000	 )
S(i)	 (   C ,     TW0 ,       TW1 ,       VTW ,       Min ,       A ,       W ,       B ,       D ,       L ,       F ,       E ,       Det ,       [Imp ,       Imp]	)
   0 	 (   0 ,    0.000 , 1440.000 ,        0 ,    0.000 ,  752.969 ,    0.000 ,  752.969 ,  752.969 ,    0.000 ,    7.891 ,  752.969 ,    0.000 ,        0 , 	)
  83 	 (   1 ,  780.000 ,  960.000 ,        0 ,   27.031 ,  780.000 ,    0.000 ,  780.000 ,  781.000 ,    0.000 ,    7.891 ,    0.000 ,    0.802 ,        1 , 	)
   4 	 (   2 ,  720.000 ,  900.000 ,        0 ,  813.474 ,  813.474 ,    0.000 ,  813.474 ,  814.474 ,    0.000 ,    7.891 ,    0.000 ,    7.756 ,        2 , 	)
  33 	 (   3 ,  780.000 ,  960.000 ,        0 ,  824.874 ,  824.874 ,    0.000 ,  824.874 ,  825.874 ,    0.000 ,    7.891 ,    0.000 ,    3.120 ,        3 , 	)
  84 	 (   4 ,  720.000 ,  840.000 ,        0 ,  832.109 ,  832.109 ,    0.000 ,  832.109 ,  833.109 ,    0.000 ,    7.891 ,    0.000 ,    0.000 ,        4 , 	)
  60 	 (   5 ,  736.000 ,  887.886 ,        0 ,  852.148 ,  852.148 ,    0.000 ,  852.148 ,  853.148 ,    0.000 ,   12.362 ,    0.000 ,   -0.181 ,        5 , 	)
  11 	 (   8 ,  720.000 ,  960.000 ,        0 ,  856.450 ,  856.450 ,    0.000 ,  856.450 ,  859.450 ,    0.000 ,   12.362 ,    0.000 ,    4.634 ,        6 , 	)
 145 	 (   7 ,  788.000 ,  908.000 ,        0 ,  879.896 ,  879.896 ,    0.000 ,  879.896 ,  880.896 ,   26.748 ,   12.362 ,    0.000 ,    2.751 ,        7 , 	)
  96 	 (   4 ,  777.000 , 1017.000 ,        0 ,  890.621 ,  890.621 ,    0.000 ,  890.621 ,  893.621 ,   31.171 ,   12.362 ,    0.000 ,   10.442 ,        8 , 	)
  69 	 (   8 ,  840.000 ,  960.000 ,        0 ,  898.836 ,  898.836 ,    0.000 ,  898.836 ,  902.836 ,    0.000 ,   12.362 ,    0.000 ,   10.430 ,        9 , 	)
 168 	 (   7 ,  864.000 , 1104.000 ,        0 ,  908.051 ,  908.051 ,    0.000 ,  908.051 ,  909.051 ,  127.051 ,   12.362 ,    0.000 ,   -5.658 ,       10 , 	)
  37 	 (   8 ,  732.000 ,  960.000 ,        0 ,  938.675 ,  938.675 ,    0.000 ,  938.675 ,  939.675 ,    0.000 ,   12.362 ,    0.000 ,    1.041 ,       11 , 	)
 169 	 (   7 ,  802.000 ,  982.000 ,        0 ,  944.645 ,  944.645 ,    0.000 ,  944.645 ,  945.645 ,  111.536 ,   12.362 ,    0.000 ,    0.217 ,       12 , 	)
  89 	 (   6 ,  879.000 , 1119.000 ,        0 ,  983.008 ,  983.008 ,    0.000 ,  983.008 ,  984.008 ,  168.534 ,   12.362 ,    0.000 ,   11.827 ,       13 , 	)
 122 	 (   5 ,  836.000 , 1016.000 ,        0 , 1003.638 , 1003.638 ,    0.000 , 1003.638 , 1004.638 ,   63.962 ,   12.362 ,    0.000 ,    8.369 ,       14 , 	)
  74 	 (   6 ,  962.000 , 1200.000 ,        0 , 1014.579 , 1014.579 ,    0.000 , 1014.579 , 1015.579 ,    0.000 ,   15.845 ,    0.000 ,    5.176 ,       15 , 	)
 154 	 (   2 ,  902.596 , 1120.000 ,        0 , 1024.568 , 1024.568 ,    0.000 , 1024.568 , 1028.568 ,  121.732 ,    3.817 ,    0.000 ,   -3.303 ,       16 , 	)
  59 	 (   6 ,  968.000 , 1199.284 ,        0 , 1033.685 , 1033.685 ,    0.000 , 1033.685 , 1037.685 ,    0.000 ,    3.817 ,    0.000 ,    1.562 ,       17 , 	)
 118 	 (   5 ,  997.000 , 1057.000 ,        0 , 1041.155 , 1041.155 ,    0.000 , 1041.155 , 1042.155 ,  215.280 ,    3.817 ,    0.000 ,    4.304 ,       18 , 	)
 144 	 (   1 , 1054.000 , 1234.000 ,        0 , 1073.705 , 1073.705 ,    0.000 , 1073.705 , 1077.705 ,   36.020 ,    3.817 ,    0.000 ,   34.095 ,       19 , 	)
   2 	 (   5 , 1020.000 , 1200.000 ,        0 , 1104.317 , 1104.317 ,    0.000 , 1104.317 , 1108.317 ,    0.000 ,    3.817 ,    0.000 ,    2.163 ,       20 , 	)
 159 	 (   4 , 1069.000 , 1249.000 ,        0 , 1117.762 , 1117.762 ,    0.000 , 1117.762 , 1118.762 ,  102.183 ,    3.817 ,   -0.000 ,    2.662 ,       21 , 	)
  87 	 (   0 , 1047.382 , 1267.000 ,        0 , 1135.361 , 1135.361 ,    0.000 , 1135.361 , 1139.361 ,   27.044 ,   35.956 ,   -0.000 ,   16.593 ,       22 , 	)
 171 	 (   0 ,    0.000 , 1440.000 ,        0 , 1186.562 , 1186.562 ,    0.000 , 1186.562 , 1186.562 ,    0.000 ,  253.438 ,   -0.000 ,    0.000 ,       23 , 	)

	8 sommets 
	values : ( Cost : 121.843 , TRT : 113.611 , TWT :   0.000 , TD :  89.514 )
	violations : ( VC :       0 , VTW :   0.000 , VTD :   0.000 , VTRT :   0.000 )
	cout global : (   0.000	 )
S(i)	 (   C ,     TW0 ,       TW1 ,       VTW ,       Min ,       A ,       W ,       B ,       D ,       L ,       F ,       E ,       Det ,       [Imp ,       Imp]	)
   0 	 (   0 ,    0.000 , 1440.000 ,        0 ,    0.000 ,  314.044 ,    0.000 ,  314.044 ,  314.044 ,    0.000 ,   60.000 ,  314.044 ,    0.000 ,        0 , 	)
  16 	 (   4 ,  300.000 ,  480.000 ,        0 ,   16.642 ,  330.686 ,    0.000 ,  330.686 ,  334.686 ,    0.000 ,   60.000 ,   30.686 ,    6.409 ,        1 , 	)
  43 	 (   8 ,  316.000 ,  408.627 ,        0 ,  310.866 ,  341.553 ,    0.000 ,  341.553 ,  345.553 ,    0.000 ,   23.571 ,   25.553 ,    1.828 ,        2 , 	)
 101 	 (   4 ,  321.601 ,  531.000 ,        0 ,  332.562 ,  358.115 ,    0.000 ,  358.115 ,  362.115 ,   23.429 ,   23.571 ,   25.553 ,    0.000 ,        3 , 	)
  21 	 (   7 ,  240.000 ,  480.000 ,        0 ,  336.562 ,  362.115 ,    0.000 ,  362.115 ,  365.115 ,    0.000 ,   25.553 ,   25.553 ,    0.000 ,        4 , 	)
 128 	 (   3 ,  372.000 ,  432.000 ,        0 ,  346.447 ,  372.000 ,    0.000 ,  372.000 ,  376.000 ,   26.447 ,   25.553 ,    0.000 ,    8.998 ,        5 , 	)
 106 	 (   0 ,  295.000 ,  535.000 ,        0 ,  404.753 ,  404.753 ,    0.000 ,  404.753 ,  407.753 ,   39.638 ,   31.362 ,    0.000 ,   18.083 ,        6 , 	)
 171 	 (   0 ,    0.000 , 1440.000 ,        0 ,  427.656 ,  427.656 ,    0.000 ,  427.656 ,  427.656 ,    0.000 , 1012.344 ,    0.000 ,    0.000 ,        7 , 	)

	14 sommets 
	values : ( Cost : 231.512 , TRT : 433.814 , TWT : 223.745 , TD : 164.172 )
	violations : ( VC :       0 , VTW :   0.000 , VTD :   0.000 , VTRT :   0.000 )
	cout global : (   0.000	 )
S(i)	 (   C ,     TW0 ,       TW1 ,       VTW ,       Min ,       A ,       W ,       B ,       D ,       L ,       F ,       E ,       Det ,       [Imp ,       Imp]	)
   0 	 (   0 ,    0.000 , 1440.000 ,        0 ,    0.000 ,  452.598 ,    0.000 ,  452.598 ,  452.598 ,    0.000 ,    0.000 ,  452.598 ,    0.000 ,        0 , 	)
  31 	 (   1 ,  253.000 ,  473.923 ,        0 ,   16.916 ,  469.514 ,    0.000 ,  469.514 ,  470.514 ,    0.000 ,    0.000 ,  216.514 ,    5.444 ,        1 , 	)
  62 	 (   3 ,  300.000 ,  480.000 ,        0 ,  259.439 ,  475.953 ,    0.000 ,  475.953 ,  477.953 ,    0.000 ,    0.000 ,  175.953 ,    2.409 ,        2 , 	)
 116 	 (   2 ,  319.000 ,  499.000 ,        0 ,  323.047 ,  499.000 ,    0.000 ,  499.000 ,  500.000 ,   28.486 ,    0.000 ,  175.953 ,   -7.103 ,        3 , 	)
 147 	 (   0 ,  357.000 ,  597.000 ,        0 ,  339.106 ,  515.059 ,    0.000 ,  515.059 ,  517.059 ,   37.106 ,   77.894 ,  158.059 ,   14.179 ,        4 , 	)
  79 	 (   4 ,  720.000 ,  960.000 ,        0 ,  366.252 ,  524.311 ,  223.745 ,  748.056 ,  752.056 ,    0.000 ,   60.000 ,   28.056 ,    1.500 ,        5 , 	)
  42 	 (   7 ,  720.000 ,  840.000 ,        0 ,  728.204 ,  756.260 ,    0.000 ,  756.260 ,  759.260 ,    0.000 ,   20.777 ,   28.056 ,    2.200 ,        6 , 	)
 127 	 (   4 ,  745.759 ,  904.000 ,        0 ,  753.962 ,  782.019 ,    0.000 ,  782.019 ,  785.019 ,   22.759 ,   20.777 ,   28.056 ,    3.368 ,        7 , 	)
 164 	 (   0 ,  766.000 , 1006.000 ,        0 ,  761.223 ,  789.279 ,    0.000 ,  789.279 ,  793.279 ,   37.223 ,   20.777 ,   23.279 ,    1.373 ,        8 , 	)
  30 	 (   4 ,  737.000 ,  945.902 ,        0 ,  777.408 ,  800.687 ,    0.000 ,  800.687 ,  804.687 ,    0.000 ,   60.000 ,   23.279 ,    2.981 ,        9 , 	)
 115 	 (   0 ,  787.000 ,  967.000 ,        0 ,  798.506 ,  821.785 ,    0.000 ,  821.785 ,  825.785 ,   17.098 ,   28.902 ,   23.279 ,    5.615 ,       10 , 	)
  63 	 (   4 ,  840.000 ,  900.000 ,        0 ,  816.721 ,  840.000 ,    0.000 ,  840.000 ,  844.000 ,    0.000 ,   60.000 ,    0.000 ,    2.586 ,       11 , 	)
 148 	 (   0 ,  865.502 ,  962.000 ,        0 ,  865.502 ,  865.502 ,    0.000 ,  865.502 ,  869.502 ,   21.502 ,   36.498 ,    0.000 ,    7.974 ,       12 , 	)
 171 	 (   0 ,    0.000 , 1440.000 ,        0 ,  886.413 ,  886.413 ,    0.000 ,  886.413 ,  886.413 ,    0.000 ,  553.587 ,    0.000 ,    0.000 ,       13 , 	)

	22 sommets 
	values : ( Cost : 448.128 , TRT : 473.803 , TWT :  92.865 , TD : 713.706 )
	violations : ( VC :       0 , VTW :   0.000 , VTD :   0.000 , VTRT :   0.000 )
	cout global : (   0.000	 )
S(i)	 (   C ,     TW0 ,       TW1 ,       VTW ,       Min ,       A ,       W ,       B ,       D ,       L ,       F ,       E ,       Det ,       [Imp ,       Imp]	)
   0 	 (   0 ,    0.000 , 1440.000 ,        0 ,    0.000 ,  308.404 ,    0.000 ,  308.404 ,  308.404 ,    0.000 ,    0.000 ,  308.404 ,    0.000 ,        0 , 	)
   1 	 (   2 ,  240.000 ,  480.000 ,        0 ,   22.171 ,  330.574 ,    0.000 ,  330.574 ,  332.574 ,    0.000 ,    0.000 ,   90.574 ,    5.175 ,        1 , 	)
   5 	 (   5 ,  240.000 ,  480.000 ,        0 ,  247.923 ,  338.498 ,    0.000 ,  338.498 ,  341.498 ,    0.000 ,    0.000 ,   90.574 ,    0.437 ,        2 , 	)
  90 	 (   2 ,  261.000 ,  501.000 ,        0 ,  260.295 ,  350.870 ,    0.000 ,  350.870 ,  353.870 ,    9.372 ,    0.000 ,   89.870 ,   -0.235 ,        3 , 	)
  56 	 (   4 ,  240.000 ,  480.000 ,        0 ,  293.162 ,  383.032 ,    0.000 ,  383.032 ,  385.032 ,    0.000 ,    0.000 ,   89.870 ,    5.608 ,        4 , 	)
   3 	 (   6 ,  240.000 ,  420.000 ,        0 ,  302.010 ,  391.880 ,    0.000 ,  391.880 ,  393.880 ,    0.000 ,    0.000 ,   89.870 ,    5.047 ,        5 , 	)
  36 	 (   7 ,  240.000 ,  420.000 ,        0 ,  307.535 ,  397.405 ,    0.000 ,  397.405 ,  398.405 ,    0.000 ,    0.000 ,   89.870 ,   -6.665 ,        6 , 	)
 121 	 (   6 ,  321.000 ,  501.000 ,        0 ,  349.011 ,  438.881 ,    0.000 ,  438.881 ,  439.881 ,   40.476 ,    0.000 ,   89.870 ,    7.509 ,        7 , 	)
 141 	 (   4 ,  365.000 ,  545.000 ,        0 ,  362.302 ,  452.172 ,    0.000 ,  452.172 ,  454.172 ,   67.141 ,    0.000 ,   87.172 ,   -0.935 ,        8 , 	)
  46 	 (   8 ,  261.000 ,  464.105 ,        0 ,  376.932 ,  464.105 ,    0.000 ,  464.105 ,  468.105 ,    0.000 ,    0.000 ,   87.172 ,   -1.779 ,        9 , 	)
 131 	 (   4 ,  311.000 ,  491.000 ,        0 ,  403.828 ,  491.000 ,    0.000 ,  491.000 ,  495.000 ,   22.895 ,    0.000 ,   87.172 ,    6.116 ,       10 , 	)
  86 	 (   2 ,  419.000 ,  599.000 ,        0 ,  423.995 ,  511.168 ,    0.000 ,  511.168 ,  513.168 ,  178.593 ,   18.407 ,   87.172 ,   13.776 ,       11 , 	)
  88 	 (   0 ,  395.000 ,  575.000 ,        0 ,  440.121 ,  527.293 ,    0.000 ,  527.293 ,  529.293 ,  133.414 ,   47.707 ,   87.172 ,    3.155 ,       12 , 	)
  17 	 (   3 ,  480.000 ,  720.000 ,        0 ,  447.835 ,  535.008 ,   92.865 ,  627.872 ,  630.872 ,    0.000 ,   17.464 ,  147.872 ,    1.656 ,       13 , 	)
  50 	 (   6 ,  484.000 ,  720.000 ,        0 ,  491.664 ,  639.536 ,    0.000 ,  639.536 ,  642.536 ,    0.000 ,   17.464 ,  147.872 ,    0.000 ,       14 , 	)
  48 	 (   7 ,  540.000 ,  660.000 ,        0 ,  494.664 ,  642.536 ,    0.000 ,  642.536 ,  643.536 ,    0.000 ,   17.464 ,  102.536 ,    0.000 ,       15 , 	)
  28 	 (   8 ,  554.000 ,  720.000 ,        0 ,  549.959 ,  652.495 ,    0.000 ,  652.495 ,  653.495 ,    0.000 ,   53.933 ,   98.495 ,    0.759 ,       16 , 	)
 135 	 (   5 ,  588.000 ,  768.000 ,        0 ,  584.450 ,  682.945 ,    0.000 ,  682.945 ,  685.945 ,   40.409 ,   53.933 ,   94.945 ,   10.381 ,       17 , 	)
 133 	 (   4 ,  590.145 ,  792.000 ,        0 ,  609.426 ,  704.371 ,    0.000 ,  704.371 ,  705.371 ,   60.835 ,   53.933 ,   94.945 ,    7.542 ,       18 , 	)
 102 	 (   1 ,  582.000 ,  822.000 ,        0 ,  615.994 ,  710.939 ,    0.000 ,  710.939 ,  713.939 ,   80.067 ,   53.933 ,   94.945 ,   -0.000 ,       19 , 	)
 113 	 (   0 ,  734.000 ,  794.000 ,        0 ,  639.055 ,  734.000 ,    0.000 ,  734.000 ,  735.000 ,   80.505 ,   60.000 ,    0.000 ,    6.232 ,       20 , 	)
 171 	 (   0 ,    0.000 , 1440.000 ,        0 ,  782.207 ,  782.207 ,    0.000 ,  782.207 ,  782.207 ,    0.000 ,  657.793 ,    0.000 ,    0.000 ,       21 , 	)
