9
	VALUE ALL : ( Cost : 3335.577 , TRT : 3448.423 , TWT : 646.471 , TD : 4023.715 )
	VIOLATIONS TOTAL : ( VC :       0 , VTW :   0.000 , VTD :   0.000 , VTRT :   0.000 )
 	COUT_ALL : (   0.003 )  T2B:   44401

	20 sommets 
	values : ( Cost : 297.027 , TRT : 435.842 , TWT : 178.514 , TD : 408.632 )
	violations : ( VC :       0 , VTW :   0.000 , VTD :   0.000 , VTRT :   0.000 )
	cout global : (   0.000	 )
S(i)	 (   C ,     TW0 ,       TW1 ,       VTW ,       Min ,       A ,       W ,       B ,       D ,       L ,       F ,       E ,       Det ,       [Imp ,       Imp]	)
   0 	 (   0 ,    0.000 , 1440.000 ,        0 ,    0.000 ,  463.231 ,    0.000 ,  463.231 ,  463.231 ,    0.000 ,    0.000 ,  463.231 ,    0.000 ,        0 , 	)
   4 	 (   3 ,  248.000 ,  480.000 ,        0 ,    8.065 ,  471.296 ,    0.000 ,  471.296 ,  474.296 ,    0.000 ,    0.000 ,  223.296 ,    2.264 ,        1 , 	)
  53 	 (   4 ,  240.000 ,  480.000 ,        0 ,  252.708 ,  476.004 ,    0.000 ,  476.004 ,  477.004 ,    0.000 ,    0.000 ,  223.296 ,    0.239 ,        2 , 	)
  42 	 (   5 ,  360.000 ,  480.000 ,        0 ,  255.704 ,  479.000 ,    0.000 ,  479.000 ,  480.000 ,    0.000 ,    0.000 ,  119.000 ,    0.000 ,        3 , 	)
  40 	 (   8 ,  240.000 ,  480.000 ,        0 ,  361.000 ,  480.000 ,    0.000 ,  480.000 ,  483.000 ,    0.000 ,    0.000 ,  119.000 ,    0.000 ,        4 , 	)
 104 	 (   7 ,  385.903 ,  548.000 ,        0 ,  388.903 ,  507.903 ,    0.000 ,  507.903 ,  508.903 ,   27.903 ,    0.067 ,  119.000 ,    3.508 ,        5 , 	)
  66 	 (   4 ,  336.000 ,  516.000 ,        0 ,  396.933 ,  515.933 ,    0.000 ,  515.933 ,  518.933 ,   41.637 ,    0.067 ,  119.000 ,    2.143 ,        6 , 	)
  60 	 (   6 ,  489.000 ,  718.582 ,        0 ,  401.702 ,  520.702 ,    3.664 ,  524.366 ,  526.366 ,    0.000 ,    0.000 ,   35.366 ,    0.148 ,        7 , 	)
 102 	 (   3 ,  348.000 ,  528.000 ,        0 ,  492.634 ,  528.000 ,    0.000 ,  528.000 ,  531.000 ,   45.000 ,    0.000 ,   35.366 ,    0.529 ,        8 , 	)
 115 	 (   2 ,  340.000 ,  580.000 ,        0 ,  515.144 ,  550.510 ,    0.000 ,  550.510 ,  551.510 ,   73.506 ,   29.490 ,   35.366 ,   -0.277 ,        9 , 	)
 122 	 (   0 ,  570.000 ,  750.000 ,        0 ,  524.538 ,  559.905 ,   10.095 ,  570.000 ,  572.000 ,   43.634 ,   35.366 ,    0.000 ,   16.789 ,       10 , 	)
  23 	 (   1 ,  480.000 ,  720.000 ,        0 ,  580.395 ,  580.395 ,  139.605 ,  720.000 ,  721.000 ,    0.000 ,    0.000 ,  139.605 ,    8.804 ,       11 , 	)
  44 	 (   4 ,  720.000 ,  900.000 ,        0 ,  586.244 ,  725.850 ,   23.141 ,  748.990 ,  751.990 ,    0.000 ,    0.000 ,   28.990 ,    6.202 ,       12 , 	)
  85 	 (   3 ,  547.000 ,  787.000 ,        0 ,  758.010 ,  787.000 ,    0.000 ,  787.000 ,  788.000 ,   66.000 ,    0.000 ,   28.990 ,    4.742 ,       13 , 	)
  29 	 (   5 ,  720.000 ,  900.000 ,        0 ,  764.968 ,  793.958 ,    2.008 ,  795.966 ,  797.966 ,    0.000 ,   46.082 ,   30.998 ,    4.503 ,       14 , 	)
 106 	 (   2 ,  796.000 ,  976.000 ,        0 ,  773.910 ,  804.908 ,    0.000 ,  804.908 ,  807.908 ,   52.918 ,   25.301 ,    8.908 ,   -2.363 ,       15 , 	)
  54 	 (   3 ,  780.000 ,  960.000 ,        0 ,  805.757 ,  814.665 ,    0.000 ,  814.665 ,  815.665 ,    0.000 ,   25.301 ,    8.908 ,    0.000 ,       16 , 	)
  91 	 (   1 ,  753.000 ,  933.000 ,        0 ,  806.757 ,  815.665 ,    0.000 ,  815.665 ,  817.665 ,   17.699 ,   25.301 ,    8.908 ,    0.000 ,       17 , 	)
 116 	 (   0 ,  856.000 , 1036.000 ,        0 ,  847.092 ,  856.000 ,    0.000 ,  856.000 ,  857.000 ,   40.335 ,   61.665 ,    0.000 ,   42.153 ,       18 , 	)
 125 	 (   0 ,    0.000 , 1440.000 ,        0 ,  899.073 ,  899.073 ,    0.000 ,  899.073 ,  899.073 ,    0.000 ,  540.927 ,    0.000 ,    0.000 ,       19 , 	)

	16 sommets 
	values : ( Cost : 556.500 , TRT : 479.047 , TWT :  28.626 , TD : 534.062 )
	violations : ( VC :       0 , VTW :   0.000 , VTD :   0.000 , VTRT :   0.000 )
	cout global : (   0.000	 )
S(i)	 (   C ,     TW0 ,       TW1 ,       VTW ,       Min ,       A ,       W ,       B ,       D ,       L ,       F ,       E ,       Det ,       [Imp ,       Imp]	)
   0 	 (   0 ,    0.000 , 1440.000 ,        0 ,    0.000 ,  651.248 ,    0.000 ,  651.248 ,  651.248 ,    0.000 ,    0.000 ,  651.248 ,    0.000 ,        0 , 	)
   8 	 (   4 ,  480.000 ,  720.000 ,        0 ,   50.089 ,  701.337 ,    0.000 ,  701.337 ,  705.337 ,    0.000 ,    0.000 ,  221.337 ,   23.256 ,        1 , 	)
   2 	 (   7 ,  480.000 ,  720.000 ,        0 ,  498.663 ,  720.000 ,    0.000 ,  720.000 ,  723.000 ,    0.000 ,    0.000 ,  221.337 ,    5.756 ,        2 , 	)
  70 	 (   3 ,  585.000 ,  825.000 ,        0 ,  543.726 ,  765.062 ,    0.000 ,  765.062 ,  769.062 ,   59.726 ,    6.466 ,  180.062 ,    8.754 ,        3 , 	)
  64 	 (   0 ,  612.000 ,  792.000 ,        0 ,  605.471 ,  785.534 ,    0.000 ,  785.534 ,  788.534 ,   62.534 ,    6.466 ,  173.534 ,   11.558 ,        4 , 	)
  50 	 (   1 ,  840.000 ,  900.000 ,        0 ,  637.841 ,  811.374 ,   28.626 ,  840.000 ,  841.000 ,    0.000 ,   15.686 ,    0.000 ,   32.217 ,        5 , 	)
  15 	 (   2 ,  746.000 ,  946.954 ,        0 ,  889.396 ,  889.396 ,    0.000 ,  889.396 ,  890.396 ,    0.000 ,    6.742 ,    0.000 ,   20.871 ,        6 , 	)
  62 	 (   4 ,  720.000 ,  960.000 ,        0 ,  901.602 ,  901.602 ,    0.000 ,  901.602 ,  903.602 ,    0.000 ,    6.742 ,    0.000 ,    1.541 ,        7 , 	)
  38 	 (   8 ,  900.000 ,  960.000 ,        0 ,  916.226 ,  916.226 ,    0.000 ,  916.226 ,  920.226 ,    0.000 ,    6.742 ,    0.000 ,   14.096 ,        8 , 	)
 124 	 (   6 ,  773.000 , 1013.000 ,        0 ,  947.879 ,  947.879 ,    0.000 ,  947.879 ,  949.879 ,   44.277 ,    6.742 ,    0.000 ,   12.776 ,        9 , 	)
  77 	 (   5 ,  935.000 ,  995.000 ,        0 ,  979.314 ,  979.314 ,    0.000 ,  979.314 ,  980.314 ,   88.917 ,    6.742 ,    0.000 ,   17.607 ,       10 , 	)
 100 	 (   1 ,  934.565 , 1046.000 ,        0 ,  994.893 ,  994.893 ,    0.000 ,  994.893 ,  998.893 ,   74.668 ,    6.742 ,    0.000 ,    0.832 ,       11 , 	)
 112 	 (   0 ,  905.692 , 1074.000 ,        0 , 1007.258 , 1007.258 ,    0.000 , 1007.258 , 1008.258 ,  166.258 ,    6.742 ,    0.000 ,    0.017 ,       12 , 	)
  20 	 (   1 , 1020.000 , 1140.000 ,        0 , 1053.915 , 1053.915 ,    0.000 , 1053.915 , 1054.915 ,    0.000 ,   86.085 ,    0.000 ,   68.656 ,       13 , 	)
  82 	 (   0 , 1058.683 , 1242.000 ,        0 , 1092.598 , 1092.598 ,    0.000 , 1092.598 , 1093.598 ,   37.683 ,   63.317 ,   -0.000 ,   69.049 ,       14 , 	)
 125 	 (   0 ,    0.000 , 1440.000 ,        0 , 1130.295 , 1130.295 ,    0.000 , 1130.295 , 1130.295 ,    0.000 ,  309.705 ,   -0.000 ,    0.000 ,       15 , 	)

	14 sommets 
	values : ( Cost : 363.710 , TRT : 463.668 , TWT : 160.202 , TD : 367.632 )
	violations : ( VC :       0 , VTW :   0.000 , VTD :   0.000 , VTRT :   0.000 )
	cout global : (   0.000	 )
S(i)	 (   C ,     TW0 ,       TW1 ,       VTW ,       Min ,       A ,       W ,       B ,       D ,       L ,       F ,       E ,       Det ,       [Imp ,       Imp]	)
   0 	 (   0 ,    0.000 , 1440.000 ,        0 ,    0.000 ,  463.121 ,    0.000 ,  463.121 ,  463.121 ,    0.000 ,    0.000 ,  463.121 ,    0.000 ,        0 , 	)
  37 	 (   4 ,  360.000 ,  480.000 ,        0 ,   16.879 ,  480.000 ,    0.000 ,  480.000 ,  484.000 ,    0.000 ,    0.000 ,  120.000 ,    2.770 ,        1 , 	)
  99 	 (   0 ,  400.628 ,  582.000 ,        0 ,  400.628 ,  520.628 ,    0.000 ,  520.628 ,  524.628 ,   36.628 ,   61.372 ,  120.000 ,   18.855 ,        2 , 	)
  25 	 (   3 ,  480.000 ,  660.000 ,        0 ,  423.380 ,  543.380 ,  116.620 ,  660.000 ,  663.000 ,    0.000 ,    0.000 ,  180.000 ,    3.571 ,        3 , 	)
  87 	 (   0 ,  609.000 ,  849.000 ,        0 ,  530.146 ,  710.146 ,    0.000 ,  710.146 ,  713.146 ,   47.146 ,  138.854 ,  101.146 ,   38.411 ,        4 , 	)
  56 	 (   4 ,  720.000 ,  900.000 ,        0 ,  642.830 ,  743.976 ,   43.582 ,  787.558 ,  791.558 ,    0.000 ,  109.979 ,   67.558 ,    8.405 ,        5 , 	)
   7 	 (   6 ,  780.000 ,  960.000 ,        0 ,  731.002 ,  798.560 ,    0.000 ,  798.560 ,  800.560 ,    0.000 ,   34.229 ,   18.560 ,    1.709 ,        6 , 	)
  18 	 (   7 ,  720.000 ,  960.000 ,        0 ,  800.784 ,  819.344 ,    0.000 ,  819.344 ,  820.344 ,    0.000 ,   34.229 ,   18.560 ,    3.330 ,        7 , 	)
  27 	 (   8 ,  780.000 ,  960.000 ,        0 ,  831.461 ,  850.021 ,    0.000 ,  850.021 ,  851.021 ,    0.000 ,   19.661 ,   18.560 ,   22.113 ,        8 , 	)
  69 	 (   6 ,  875.000 , 1055.000 ,        0 ,  856.440 ,  875.000 ,    0.000 ,  875.000 ,  877.000 ,   74.440 ,   19.661 ,    0.000 ,    0.602 ,        9 , 	)
  80 	 (   5 ,  784.000 , 1024.000 ,        0 ,  886.683 ,  886.683 ,    0.000 ,  886.683 ,  887.683 ,   66.339 ,   19.661 ,    0.000 ,    6.351 ,       10 , 	)
  89 	 (   4 ,  811.989 , 1023.000 ,        0 ,  892.329 ,  892.329 ,    0.000 ,  892.329 ,  893.329 ,   41.308 ,   20.692 ,    0.000 ,    0.000 ,       11 , 	)
 118 	 (   0 ,  795.000 , 1035.000 ,        0 ,  893.329 ,  893.329 ,    0.000 ,  893.329 ,  897.329 ,  101.771 ,   34.229 ,    0.000 ,    0.000 ,       12 , 	)
 125 	 (   0 ,    0.000 , 1440.000 ,        0 ,  926.789 ,  926.789 ,    0.000 ,  926.789 ,  926.789 ,    0.000 ,  513.211 ,    0.000 ,    0.000 ,       13 , 	)

	26 sommets 
	values : ( Cost : 507.564 , TRT : 433.097 , TWT :   1.470 , TD : 954.660 )
	violations : ( VC :       0 , VTW :   0.000 , VTD :   0.000 , VTRT :   0.000 )
	cout global : (   0.000	 )
S(i)	 (   C ,     TW0 ,       TW1 ,       VTW ,       Min ,       A ,       W ,       B ,       D ,       L ,       F ,       E ,       Det ,       [Imp ,       Imp]	)
   0 	 (   0 ,    0.000 , 1440.000 ,        0 ,    0.000 ,  795.207 ,    0.000 ,  795.207 ,  795.207 ,    0.000 ,    0.000 ,  795.207 ,    0.000 ,        0 , 	)
  41 	 (   3 ,  720.000 ,  960.000 ,        0 ,    7.509 ,  802.716 ,    0.000 ,  802.716 ,  805.716 ,    0.000 ,    0.000 ,   82.716 ,    6.662 ,        1 , 	)
  51 	 (   7 ,  720.000 ,  960.000 ,        0 ,  739.032 ,  821.747 ,    0.000 ,  821.747 ,  825.747 ,    0.000 ,    0.000 ,   82.716 ,   -0.194 ,        2 , 	)
 103 	 (   4 ,  802.000 , 1042.000 ,        0 ,  756.837 ,  839.553 ,    0.000 ,  839.553 ,  842.553 ,   33.837 ,    0.000 ,   37.553 ,   27.611 ,        3 , 	)
  30 	 (   5 ,  780.000 ,  960.000 ,        0 ,  818.805 ,  856.358 ,    0.000 ,  856.358 ,  857.358 ,    0.000 ,    0.000 ,   37.553 ,   -0.229 ,        4 , 	)
  14 	 (   6 ,  742.000 ,  938.338 ,        0 ,  837.059 ,  874.612 ,    0.000 ,  874.612 ,  875.612 ,    0.000 ,    0.000 ,   37.553 ,    2.146 ,        5 , 	)
  76 	 (   5 ,  769.000 ,  949.000 ,        0 ,  847.722 ,  885.274 ,    0.000 ,  885.274 ,  886.274 ,    9.662 ,    0.000 ,   37.553 ,    2.305 ,        6 , 	)
  58 	 (   8 ,  720.000 ,  900.000 ,        0 ,  862.447 ,  900.000 ,    0.000 ,  900.000 ,  903.000 ,    0.000 ,    0.000 ,   37.553 ,   25.071 ,        7 , 	)
 113 	 (   4 ,  796.000 , 1036.000 ,        0 ,  889.673 ,  927.226 ,    0.000 ,  927.226 ,  931.226 ,  101.478 ,    2.752 ,   37.553 ,   -2.876 ,        8 , 	)
   5 	 (   5 ,  728.000 ,  960.000 ,        0 ,  897.250 ,  934.802 ,    1.470 ,  936.272 ,  937.272 ,    0.000 ,    1.282 ,   39.023 ,    1.340 ,        9 , 	)
  39 	 (   7 ,  840.000 ,  960.000 ,        0 ,  906.841 ,  945.863 ,    0.000 ,  945.863 ,  947.863 ,    0.000 ,    1.282 ,   39.023 ,   -1.237 ,       10 , 	)
  55 	 (   8 ,  960.000 , 1080.000 ,        0 ,  926.777 ,  965.800 ,    0.000 ,  965.800 ,  966.800 ,    0.000 ,    1.282 ,    5.800 ,   -0.485 ,       11 , 	)
  67 	 (   7 ,  812.000 ,  992.000 ,        0 ,  963.655 ,  969.455 ,    0.000 ,  969.455 ,  970.455 ,   32.183 ,    1.282 ,    5.800 ,    0.368 ,       12 , 	)
 120 	 (   4 ,  793.000 , 1033.000 ,        0 ,  967.568 ,  973.368 ,    0.000 ,  973.368 ,  976.368 ,   70.368 ,    1.282 ,    5.800 ,    1.394 ,       13 , 	)
  92 	 (   3 ,  874.000 , 1054.000 ,        0 ,  975.276 ,  981.076 ,    0.000 ,  981.076 ,  982.076 ,  123.718 ,    1.282 ,    5.800 ,    3.317 ,       14 , 	)
  17 	 (   5 ,  960.000 , 1140.000 ,        0 ,  988.847 ,  994.647 ,    0.000 ,  994.647 ,  996.647 ,    0.000 ,   24.800 ,    5.800 ,    2.404 ,       15 , 	)
  13 	 (   6 ,  960.000 , 1200.000 ,        0 ,  992.905 ,  998.705 ,    0.000 ,  998.705 ,  999.705 ,    0.000 ,   19.852 ,    5.800 ,    0.000 ,       16 , 	)
 117 	 (   5 , 1012.000 , 1132.000 ,        0 , 1006.200 , 1012.000 ,    0.000 , 1012.000 , 1013.000 ,   45.200 ,   19.852 ,    0.000 ,   -0.153 ,       17 , 	)
  11 	 (   8 ,  960.000 , 1200.000 ,        0 , 1022.124 , 1022.124 ,    0.000 , 1022.124 , 1025.124 ,    0.000 ,   19.852 ,    0.000 ,    5.390 ,       18 , 	)
 101 	 (   6 ,  943.000 , 1123.000 ,        0 , 1043.242 , 1043.242 ,    0.000 , 1043.242 , 1045.242 ,   95.379 ,   19.852 ,   -0.000 ,   10.102 ,       19 , 	)
  73 	 (   3 , 1060.000 , 1300.000 ,        0 , 1086.250 , 1086.250 ,    0.000 , 1086.250 , 1089.250 ,   61.126 ,   19.852 ,   -0.000 ,    0.428 ,       20 , 	)
  75 	 (   2 , 1060.000 , 1300.000 ,        0 , 1105.656 , 1105.656 ,    0.000 , 1105.656 , 1106.656 ,  105.951 ,   19.852 ,   -0.000 ,    9.650 ,       21 , 	)
  52 	 (   5 , 1020.000 , 1200.000 ,        0 , 1134.411 , 1134.411 ,    0.000 , 1134.411 , 1137.411 ,    0.000 ,   19.852 ,   -0.000 ,   39.726 ,       22 , 	)
 114 	 (   2 , 1135.000 , 1375.000 ,        0 , 1191.020 , 1191.020 ,    0.000 , 1191.020 , 1194.020 ,   53.609 ,   19.852 ,   -0.000 ,    2.771 ,       23 , 	)
  79 	 (   0 , 1082.000 , 1322.000 ,        0 , 1218.795 , 1218.795 ,    0.000 , 1218.795 , 1220.795 ,  222.148 ,   19.852 ,   -0.000 ,    2.985 ,       24 , 	)
 125 	 (   0 ,    0.000 , 1440.000 ,        0 , 1228.304 , 1228.304 ,    0.000 , 1228.304 , 1228.304 ,    0.000 ,  211.696 ,   -0.000 ,    0.000 ,       25 , 	)

	12 sommets 
	values : ( Cost : 287.883 , TRT : 246.453 , TWT :   0.000 , TD : 316.721 )
	violations : ( VC :       0 , VTW :   0.000 , VTD :   0.000 , VTRT :   0.000 )
	cout global : (   0.000	 )
S(i)	 (   C ,     TW0 ,       TW1 ,       VTW ,       Min ,       A ,       W ,       B ,       D ,       L ,       F ,       E ,       Det ,       [Imp ,       Imp]	)
   0 	 (   0 ,    0.000 , 1440.000 ,        0 ,    0.000 ,  295.369 ,    0.000 ,  295.369 ,  295.369 ,    0.000 ,   21.056 ,  295.369 ,    0.000 ,        0 , 	)
  22 	 (   3 ,  240.000 ,  420.000 ,        0 ,   21.436 ,  316.805 ,    0.000 ,  316.805 ,  319.805 ,    0.000 ,   21.056 ,   76.805 ,   -3.281 ,        1 , 	)
  48 	 (   7 ,  240.000 ,  480.000 ,        0 ,  249.983 ,  326.789 ,    0.000 ,  326.789 ,  330.789 ,    0.000 ,   21.056 ,   76.805 ,    3.256 ,        2 , 	)
  26 	 (   8 ,  240.000 ,  480.000 ,        0 ,  269.777 ,  346.582 ,    0.000 ,  346.582 ,  347.582 ,    0.000 ,   21.056 ,   76.805 ,   -1.926 ,        3 , 	)
 110 	 (   4 ,  367.000 ,  607.000 ,        0 ,  290.195 ,  367.000 ,    0.000 ,  367.000 ,  371.000 ,   36.211 ,   21.056 ,    0.000 ,    9.340 ,        4 , 	)
  84 	 (   1 ,  334.000 ,  574.000 ,        0 ,  401.595 ,  401.595 ,    0.000 ,  401.595 ,  404.595 ,   81.790 ,   21.056 ,    0.000 ,   11.126 ,        5 , 	)
   3 	 (   5 ,  244.000 ,  480.000 ,        0 ,  419.317 ,  419.317 ,    0.000 ,  419.317 ,  423.317 ,    0.000 ,   21.056 ,    0.000 ,    0.000 ,        6 , 	)
  88 	 (   4 ,  313.000 ,  553.000 ,        0 ,  423.317 ,  423.317 ,    0.000 ,  423.317 ,  424.317 ,   75.735 ,   21.056 ,    0.000 ,    0.000 ,        7 , 	)
  24 	 (   7 ,  258.000 ,  479.369 ,        0 ,  451.827 ,  451.827 ,    0.000 ,  451.827 ,  454.827 ,    0.000 ,   21.056 ,    0.000 ,   14.438 ,        8 , 	)
  65 	 (   3 ,  348.000 ,  528.000 ,        0 ,  479.185 ,  479.185 ,    0.000 ,  479.185 ,  483.185 ,   55.868 ,   21.056 ,    0.000 ,    2.486 ,        9 , 	)
  86 	 (   0 ,  423.000 ,  543.000 ,        0 ,  521.944 ,  521.944 ,    0.000 ,  521.944 ,  524.944 ,   67.117 ,   21.056 ,    0.000 ,   13.638 ,       10 , 	)
 125 	 (   0 ,    0.000 , 1440.000 ,        0 ,  541.823 ,  541.823 ,    0.000 ,  541.823 ,  541.823 ,    0.000 ,  898.177 ,    0.000 ,    0.000 ,       11 , 	)

	10 sommets 
	values : ( Cost : 253.563 , TRT : 442.305 , TWT : 225.656 , TD : 240.236 )
	violations : ( VC :       0 , VTW :   0.000 , VTD :   0.000 , VTRT :   0.000 )
	cout global : (   0.000	 )
S(i)	 (   C ,     TW0 ,       TW1 ,       VTW ,       Min ,       A ,       W ,       B ,       D ,       L ,       F ,       E ,       Det ,       [Imp ,       Imp]	)
   0 	 (   0 ,    0.000 , 1440.000 ,        0 ,    0.000 ,  461.412 ,    0.000 ,  461.412 ,  461.412 ,    0.000 ,    0.000 ,  461.412 ,    0.000 ,        0 , 	)
  47 	 (   4 ,  240.000 ,  480.000 ,        0 ,   18.588 ,  480.000 ,    0.000 ,  480.000 ,  484.000 ,    0.000 ,   -0.000 ,  240.000 ,   -8.757 ,        1 , 	)
 109 	 (   0 ,  366.000 ,  546.000 ,        0 ,  290.463 ,  530.463 ,    0.000 ,  530.463 ,  534.463 ,   46.463 ,   15.537 ,  164.463 ,   16.653 ,        2 , 	)
  33 	 (   4 ,  720.000 ,  960.000 ,        0 ,  386.062 ,  550.525 ,  225.656 ,  776.180 ,  780.180 ,    0.000 ,  111.867 ,   56.180 ,   14.737 ,        3 , 	)
  32 	 (   5 ,  780.000 ,  960.000 ,        0 ,  740.096 ,  796.277 ,    0.000 ,  796.277 ,  797.277 ,    0.000 ,   61.047 ,   16.277 ,   16.257 ,        4 , 	)
  95 	 (   1 ,  817.000 , 1057.000 ,        0 ,  827.856 ,  844.133 ,    0.000 ,  844.133 ,  848.133 ,   63.953 ,   61.047 ,   16.277 ,    0.000 ,        5 , 	)
   6 	 (   5 ,  720.000 ,  960.000 ,        0 ,  831.856 ,  848.133 ,    0.000 ,  848.133 ,  852.133 ,    0.000 ,   92.277 ,   16.277 ,    0.000 ,        6 , 	)
  94 	 (   4 ,  886.000 , 1126.000 ,        0 ,  869.723 ,  886.000 ,    0.000 ,  886.000 ,  887.000 ,   88.723 ,   59.903 ,    0.000 ,    2.159 ,        7 , 	)
  68 	 (   0 ,  799.000 , 1039.000 ,        0 ,  893.230 ,  893.230 ,    0.000 ,  893.230 ,  897.230 ,   41.097 ,   59.903 ,    0.000 ,    1.508 ,        8 , 	)
 125 	 (   0 ,    0.000 , 1440.000 ,        0 ,  903.717 ,  903.717 ,    0.000 ,  903.717 ,  903.717 ,    0.000 ,  536.283 ,    0.000 ,    0.000 ,        9 , 	)

	14 sommets 
	values : ( Cost : 403.729 , TRT : 385.559 , TWT :  52.004 , TD : 458.130 )
	violations : ( VC :       0 , VTW :   0.000 , VTD :   0.000 , VTRT :   0.000 )
	cout global : (   0.000	 )
S(i)	 (   C ,     TW0 ,       TW1 ,       VTW ,       Min ,       A ,       W ,       B ,       D ,       L ,       F ,       E ,       Det ,       [Imp ,       Imp]	)
   0 	 (   0 ,    0.000 , 1440.000 ,        0 ,    0.000 ,  304.838 ,    0.000 ,  304.838 ,  304.838 ,    0.000 ,    0.000 ,  304.838 ,    0.000 ,        0 , 	)
  31 	 (   4 ,  240.000 ,  480.000 ,        0 ,   18.639 ,  323.477 ,    0.000 ,  323.477 ,  327.477 ,    0.000 ,    0.000 ,   83.477 ,   29.726 ,        1 , 	)
  61 	 (   5 ,  240.000 ,  360.000 ,        0 ,  276.523 ,  360.000 ,    0.000 ,  360.000 ,  361.000 ,    0.000 ,    0.000 ,   83.477 ,   -6.572 ,        2 , 	)
  93 	 (   1 ,  344.000 ,  584.000 ,        0 ,  288.853 ,  372.330 ,    0.000 ,  372.330 ,  376.330 ,   44.853 ,   23.702 ,   28.330 ,   22.019 ,        3 , 	)
   9 	 (   5 ,  300.000 ,  480.000 ,        0 ,  372.322 ,  400.652 ,   23.702 ,  424.354 ,  428.354 ,    0.000 ,    0.000 ,   52.032 ,   19.339 ,        4 , 	)
  12 	 (   6 ,  243.000 ,  480.000 ,        0 ,  389.961 ,  441.993 ,    0.000 ,  441.993 ,  442.993 ,    0.000 ,    0.000 ,   52.032 ,    0.298 ,        5 , 	)
  71 	 (   2 ,  382.000 ,  622.000 ,        0 ,  432.021 ,  484.053 ,    0.000 ,  484.053 ,  488.053 ,   55.699 ,    0.000 ,   52.032 ,    1.321 ,        6 , 	)
 123 	 (   1 ,  298.251 ,  514.000 ,        0 ,  445.175 ,  497.208 ,    0.000 ,  497.208 ,  498.208 ,  136.208 ,    0.000 ,   52.032 ,   15.933 ,        7 , 	)
  74 	 (   0 ,  347.000 ,  527.000 ,        0 ,  474.968 ,  527.000 ,    0.000 ,  527.000 ,  528.000 ,   84.007 ,    0.000 ,   52.032 ,    3.889 ,        8 , 	)
  19 	 (   4 ,  480.000 ,  720.000 ,        0 ,  482.360 ,  534.392 ,   28.302 ,  562.694 ,  566.694 ,    0.000 ,  120.000 ,   80.334 ,    8.576 ,        9 , 	)
  43 	 (   5 ,  505.000 ,  709.886 ,        0 ,  509.553 ,  589.886 ,    0.000 ,  589.886 ,  590.886 ,    0.000 ,   46.750 ,   80.334 ,   21.498 ,       10 , 	)
 105 	 (   4 ,  642.000 ,  762.000 ,        0 ,  561.666 ,  642.000 ,    0.000 ,  642.000 ,  643.000 ,   51.114 ,   46.750 ,    0.000 ,   13.089 ,       11 , 	)
  81 	 (   0 ,  583.000 ,  823.000 ,        0 ,  652.944 ,  652.944 ,    0.000 ,  652.944 ,  656.944 ,   86.250 ,   46.750 ,    0.000 ,    4.593 ,       12 , 	)
 125 	 (   0 ,    0.000 , 1440.000 ,        0 ,  690.398 ,  690.398 ,    0.000 ,  690.398 ,  690.398 ,    0.000 ,  749.602 ,    0.000 ,    0.000 ,       13 , 	)

	14 sommets 
	values : ( Cost : 300.018 , TRT : 251.577 , TWT :   0.000 , TD : 254.039 )
	violations : ( VC :       0 , VTW :   0.000 , VTD :   0.000 , VTRT :   0.000 )
	cout global : (   0.000	 )
S(i)	 (   C ,     TW0 ,       TW1 ,       VTW ,       Min ,       A ,       W ,       B ,       D ,       L ,       F ,       E ,       Det ,       [Imp ,       Imp]	)
   0 	 (   0 ,    0.000 , 1440.000 ,        0 ,    0.000 ,  211.102 ,    0.000 ,  211.102 ,  211.102 ,    0.000 ,   12.313 ,  211.102 ,    0.000 ,        0 , 	)
  16 	 (   3 ,  240.000 ,  360.000 ,        0 ,   64.454 ,  275.556 ,    0.000 ,  275.556 ,  278.556 ,    0.000 ,   12.313 ,   35.556 ,   31.502 ,        1 , 	)
  59 	 (   6 ,  300.000 ,  420.000 ,        0 ,  264.444 ,  300.000 ,    0.000 ,  300.000 ,  303.000 ,    0.000 ,   12.313 ,    0.000 ,    1.626 ,        2 , 	)
 121 	 (   3 ,  321.071 ,  472.000 ,        0 ,  321.071 ,  321.071 ,    0.000 ,  321.071 ,  324.071 ,   18.071 ,   12.313 ,    0.000 ,   13.908 ,        3 , 	)
  78 	 (   0 ,  291.715 ,  493.000 ,        0 ,  358.350 ,  358.350 ,    0.000 ,  358.350 ,  361.350 ,   79.795 ,   12.313 ,    0.000 ,    0.000 ,        4 , 	)
  28 	 (   4 ,  240.000 ,  480.000 ,        0 ,  361.350 ,  361.350 ,    0.000 ,  361.350 ,  365.350 ,    0.000 ,   12.313 ,    0.000 ,    0.000 ,        5 , 	)
  10 	 (   5 ,  240.000 ,  480.000 ,        0 ,  379.363 ,  379.363 ,    0.000 ,  379.363 ,  380.363 ,    0.000 ,   12.313 ,    0.000 ,    4.925 ,        6 , 	)
  34 	 (   6 ,  240.000 ,  480.000 ,        0 ,  386.445 ,  386.445 ,    0.000 ,  386.445 ,  387.445 ,    0.000 ,   12.313 ,    0.000 ,    3.808 ,        7 , 	)
  72 	 (   5 ,  266.000 ,  506.000 ,        0 ,  398.303 ,  398.303 ,    0.000 ,  398.303 ,  399.303 ,   17.940 ,   12.313 ,    0.000 ,   -1.042 ,        8 , 	)
  21 	 (   6 ,  300.000 ,  420.000 ,        0 ,  407.687 ,  407.687 ,    0.000 ,  407.687 ,  408.687 ,    0.000 ,   12.313 ,    0.000 ,   -0.614 ,        9 , 	)
  96 	 (   5 ,  289.000 ,  529.000 ,        0 ,  412.973 ,  412.973 ,    0.000 ,  412.973 ,  413.973 ,   25.528 ,   39.472 ,    0.000 ,   -3.009 ,       10 , 	)
  90 	 (   1 ,  366.000 ,  546.000 ,        0 ,  435.080 ,  435.080 ,    0.000 ,  435.080 ,  439.080 ,   69.729 ,   54.271 ,    0.000 ,   -4.342 ,       11 , 	)
  83 	 (   0 ,  334.958 ,  557.000 ,        0 ,  451.664 ,  451.664 ,    0.000 ,  451.664 ,  452.664 ,   42.977 ,   93.023 ,    0.000 ,   12.508 ,       12 , 	)
 125 	 (   0 ,    0.000 , 1440.000 ,        0 ,  462.679 ,  462.679 ,    0.000 ,  462.679 ,  462.679 ,    0.000 ,  977.321 ,    0.000 ,    0.000 ,       13 , 	)

	16 sommets 
	values : ( Cost : 365.583 , TRT : 310.874 , TWT :   0.000 , TD : 489.603 )
	violations : ( VC :       0 , VTW :   0.000 , VTD :   0.000 , VTRT :   0.000 )
	cout global : (   0.000	 )
S(i)	 (   C ,     TW0 ,       TW1 ,       VTW ,       Min ,       A ,       W ,       B ,       D ,       L ,       F ,       E ,       Det ,       [Imp ,       Imp]	)
   0 	 (   0 ,    0.000 , 1440.000 ,        0 ,    0.000 ,  229.985 ,    0.000 ,  229.985 ,  229.985 ,    0.000 ,    3.980 ,  229.985 ,    0.000 ,        0 , 	)
  35 	 (   4 ,  240.000 ,  480.000 ,        0 ,   10.015 ,  240.000 ,    0.000 ,  240.000 ,  244.000 ,    0.000 ,    3.980 ,    0.000 ,   15.665 ,        1 , 	)
  46 	 (   5 ,  240.000 ,  480.000 ,        0 ,  277.732 ,  277.732 ,    0.000 ,  277.732 ,  278.732 ,    0.000 ,    3.980 ,    0.000 ,    5.707 ,        2 , 	)
  45 	 (   8 ,  240.000 ,  420.000 ,        0 ,  307.198 ,  307.198 ,    0.000 ,  307.198 ,  310.198 ,    0.000 ,    3.980 ,    0.000 ,   27.194 ,        3 , 	)
  97 	 (   4 ,  325.000 ,  565.000 ,        0 ,  328.984 ,  328.984 ,    0.000 ,  328.984 ,  332.984 ,   84.984 ,    3.980 ,    0.000 ,    1.218 ,        4 , 	)
  36 	 (   5 ,  300.000 ,  360.000 ,        0 ,  336.978 ,  336.978 ,    0.000 ,  336.978 ,  337.978 ,    0.000 ,    3.980 ,    0.000 ,    4.628 ,        5 , 	)
 108 	 (   4 ,  318.000 ,  558.000 ,        0 ,  358.309 ,  358.309 ,    0.000 ,  358.309 ,  359.309 ,   79.577 ,    3.980 ,    0.000 ,    6.926 ,        6 , 	)
  98 	 (   3 ,  337.714 ,  459.000 ,        0 ,  382.618 ,  382.618 ,    0.000 ,  382.618 ,  383.618 ,   44.640 ,    3.980 ,    0.000 ,   17.377 ,        7 , 	)
  49 	 (   7 ,  240.000 ,  420.000 ,        0 ,  395.810 ,  395.810 ,    0.000 ,  395.810 ,  399.810 ,    0.000 ,    3.980 ,    0.000 ,    6.153 ,        8 , 	)
 107 	 (   4 ,  335.000 ,  575.000 ,        0 ,  406.677 ,  406.677 ,    0.000 ,  406.677 ,  409.677 ,   96.479 ,    3.980 ,    0.000 ,    0.000 ,        9 , 	)
   1 	 (   8 ,  300.000 ,  480.000 ,        0 ,  409.677 ,  409.677 ,    0.000 ,  409.677 ,  413.677 ,    0.000 ,    3.980 ,    0.000 ,    0.000 ,       10 , 	)
 111 	 (   4 ,  316.000 ,  496.000 ,        0 ,  444.168 ,  444.168 ,    0.000 ,  444.168 ,  448.168 ,   44.359 ,    3.980 ,    0.000 ,    1.102 ,       11 , 	)
  57 	 (   5 ,  249.000 ,  479.741 ,        0 ,  475.762 ,  475.762 ,    0.000 ,  475.762 ,  476.762 ,    0.000 ,    3.980 ,    0.000 ,    7.568 ,       12 , 	)
 119 	 (   4 ,  331.000 ,  511.000 ,        0 ,  507.020 ,  507.020 ,    0.000 ,  507.020 ,  508.020 ,   30.259 ,    3.980 ,    0.000 ,   19.295 ,       13 , 	)
  63 	 (   0 ,  390.000 ,  630.000 ,        0 ,  522.983 ,  522.983 ,    0.000 ,  522.983 ,  526.983 ,  109.306 ,   46.694 ,    0.000 ,   10.374 ,       14 , 	)
 125 	 (   0 ,    0.000 , 1440.000 ,        0 ,  540.859 ,  540.859 ,    0.000 ,  540.859 ,  540.859 ,    0.000 ,  899.141 ,    0.000 ,    0.000 ,       15 , 	)
