16
	VALUE ALL : ( Cost : 5450.740 , TRT : 5917.843 , TWT : 1273.542 , TD : 7755.000 )
	VIOLATIONS TOTAL : ( VC :       0 , VTW :   0.000 , VTD :   0.000 , VTRT :   0.000 )
 	COUT_ALL : (   0.004 )  T2B:   29401

	12 sommets 
	values : ( Cost : 188.167 , TRT : 176.768 , TWT :  11.289 , TD : 288.393 )
	violations : ( VC :       0 , VTW :   0.000 , VTD :   0.000 , VTRT :   0.000 )
	cout global : (   0.000	 )
S(i)	 (   C ,     TW0 ,       TW1 ,       VTW ,       Min ,       A ,       W ,       B ,       D ,       L ,       F ,       E ,       Det ,       [Imp ,       Imp]	)
   0 	 (   0 ,    0.000 , 1440.000 ,        0 ,    0.000 ,  747.926 ,    0.000 ,  747.926 ,  747.926 ,    0.000 ,    0.000 ,  747.926 ,    0.000 ,        0 , 	)
  79 	 (   4 ,  720.000 ,  960.000 ,        0 ,   13.211 ,  761.136 ,    0.000 ,  761.136 ,  765.136 ,    0.000 ,    0.000 ,   41.136 ,   -2.128 ,        1 , 	)
 202 	 (   0 ,  746.000 ,  986.000 ,        0 ,  735.510 ,  776.646 ,    0.000 ,  776.646 ,  780.646 ,   11.510 ,    0.000 ,   30.646 ,    5.978 ,        2 , 	)
  23 	 (   3 ,  720.000 ,  840.000 ,        0 ,  763.260 ,  793.906 ,    0.000 ,  793.906 ,  796.906 ,    0.000 ,    0.000 ,   30.646 ,    0.000 ,        3 , 	)
  27 	 (   4 ,  720.000 ,  840.000 ,        0 ,  766.260 ,  796.906 ,    0.000 ,  796.906 ,  797.906 ,    0.000 ,    0.000 ,   30.646 ,    0.000 ,        4 , 	)
  48 	 (   6 ,  720.000 ,  840.000 ,        0 ,  778.609 ,  809.255 ,    0.000 ,  809.255 ,  811.255 ,    0.000 ,    0.000 ,   30.646 ,    6.074 ,        5 , 	)
  85 	 (   8 ,  814.000 ,  935.908 ,        0 ,  807.178 ,  837.824 ,    0.000 ,  837.824 ,  839.824 ,    0.000 ,    0.000 ,   23.824 ,    2.323 ,        6 , 	)
 171 	 (   6 ,  791.000 ,  911.000 ,        0 ,  827.009 ,  850.833 ,    0.000 ,  850.833 ,  852.833 ,   39.578 ,    0.000 ,   23.824 ,   12.255 ,        7 , 	)
 150 	 (   5 ,  793.000 ,  913.000 ,        0 ,  836.117 ,  859.941 ,    0.000 ,  859.941 ,  860.941 ,   62.035 ,    0.000 ,   23.824 ,    0.382 ,        8 , 	)
 146 	 (   2 ,  837.000 ,  897.000 ,        0 ,  873.176 ,  897.000 ,    0.000 ,  897.000 ,  900.000 ,  100.094 ,    0.000 ,   23.824 ,    6.501 ,        9 , 	)
 208 	 (   0 ,  915.000 ,  975.000 ,        0 ,  879.887 ,  903.711 ,   11.289 ,  915.000 ,  917.000 ,   75.176 ,   23.824 ,    0.000 ,    0.922 ,       10 , 	)
 247 	 (   0 ,    0.000 , 1440.000 ,        0 ,  924.693 ,  924.693 ,    0.000 ,  924.693 ,  924.693 ,    0.000 ,  515.307 ,    0.000 ,    0.000 ,       11 , 	)

	16 sommets 
	values : ( Cost : 366.837 , TRT : 367.043 , TWT :  53.226 , TD : 421.342 )
	violations : ( VC :       0 , VTW :   0.000 , VTD :   0.000 , VTRT :   0.000 )
	cout global : (   0.000	 )
S(i)	 (   C ,     TW0 ,       TW1 ,       VTW ,       Min ,       A ,       W ,       B ,       D ,       L ,       F ,       E ,       Det ,       [Imp ,       Imp]	)
   0 	 (   0 ,    0.000 , 1440.000 ,        0 ,    0.000 ,  817.701 ,    0.000 ,  817.701 ,  817.701 ,    0.000 ,    0.000 ,  817.701 ,    0.000 ,        0 , 	)
 118 	 (   1 ,  720.000 ,  960.000 ,        0 ,   12.733 ,  830.434 ,    0.000 ,  830.434 ,  831.434 ,    0.000 ,    0.000 ,  110.434 ,    4.909 ,        1 , 	)
  61 	 (   2 ,  840.000 ,  960.000 ,        0 ,  735.244 ,  845.678 ,    0.000 ,  845.678 ,  846.678 ,    0.000 ,    0.000 ,    5.678 ,    8.875 ,        2 , 	)
 184 	 (   1 ,  853.560 , 1012.000 ,        0 ,  853.560 ,  859.238 ,    0.000 ,  859.238 ,  860.238 ,   12.560 ,    0.000 ,    5.678 ,    3.671 ,        3 , 	)
  14 	 (   5 ,  720.000 ,  960.000 ,        0 ,  860.833 ,  866.511 ,    0.000 ,  866.511 ,  870.511 ,    0.000 ,    0.000 ,    5.678 ,   -1.542 ,        4 , 	)
  57 	 (   8 ,  780.000 ,  960.000 ,        0 ,  904.135 ,  909.814 ,    0.000 ,  909.814 ,  912.814 ,    0.000 ,    0.000 ,    5.678 ,    3.689 ,        5 , 	)
 137 	 (   4 ,  845.000 , 1025.000 ,        0 ,  917.653 ,  923.331 ,    0.000 ,  923.331 ,  927.331 ,   52.820 ,    0.000 ,    5.678 ,   -0.047 ,        6 , 	)
 241 	 (   3 ,  848.000 , 1088.000 ,        0 ,  932.439 ,  938.117 ,    0.000 ,  938.117 ,  939.117 ,  106.683 ,    0.000 ,    5.678 ,    0.000 ,        7 , 	)
 180 	 (   0 ,  825.000 , 1005.000 ,        0 ,  933.439 ,  939.117 ,    0.000 ,  939.117 ,  942.117 ,   26.304 ,    0.000 ,    5.678 ,    0.000 ,        8 , 	)
  67 	 (   4 ,  900.000 ,  960.000 ,        0 ,  954.322 ,  960.000 ,    0.000 ,  960.000 ,  964.000 ,    0.000 ,    0.000 ,    5.678 ,   17.109 ,        9 , 	)
  56 	 (   8 ,  960.000 , 1200.000 ,        0 ,  971.407 ,  977.085 ,   36.765 , 1013.850 , 1017.850 ,    0.000 ,    0.000 ,   42.443 ,   -0.186 ,       10 , 	)
 190 	 (   4 ,  928.422 , 1029.000 ,        0 ,  986.557 , 1029.000 ,    0.000 , 1029.000 , 1033.000 ,   65.000 ,    0.000 ,   42.443 ,    7.114 ,       11 , 	)
  52 	 (   6 , 1020.000 , 1140.000 ,        0 , 1011.957 , 1054.400 ,   16.461 , 1070.861 , 1072.861 ,    0.000 ,   49.164 ,   50.861 ,   -9.917 ,       12 , 	)
 179 	 (   2 , 1064.000 , 1304.000 ,        0 , 1052.825 , 1103.686 ,    0.000 , 1103.686 , 1107.686 ,   85.836 ,   49.164 ,   39.686 ,   21.808 ,       13 , 	)
 175 	 (   0 , 1145.000 , 1325.000 ,        0 , 1105.314 , 1145.000 ,    0.000 , 1145.000 , 1147.000 ,   72.139 ,  174.861 ,    0.000 ,   61.388 ,       14 , 	)
 247 	 (   0 ,    0.000 , 1440.000 ,        0 , 1184.744 , 1184.744 ,    0.000 , 1184.744 , 1184.744 ,    0.000 ,  255.256 ,   -0.000 ,    0.000 ,       15 , 	)

	18 sommets 
	values : ( Cost : 424.874 , TRT : 438.559 , TWT :  87.105 , TD : 538.743 )
	violations : ( VC :       0 , VTW :   0.000 , VTD :   0.000 , VTRT :   0.000 )
	cout global : (   0.000	 )
S(i)	 (   C ,     TW0 ,       TW1 ,       VTW ,       Min ,       A ,       W ,       B ,       D ,       L ,       F ,       E ,       Det ,       [Imp ,       Imp]	)
   0 	 (   0 ,    0.000 , 1440.000 ,        0 ,    0.000 ,  860.089 ,    0.000 ,  860.089 ,  860.089 ,    0.000 ,    0.000 ,  860.089 ,    0.000 ,        0 , 	)
  15 	 (   2 ,  720.000 ,  900.000 ,        0 ,   15.548 ,  875.638 ,    0.000 ,  875.638 ,  877.638 ,    0.000 ,    0.000 ,  155.638 ,   18.529 ,        1 , 	)
  36 	 (   3 ,  726.000 ,  900.000 ,        0 ,  744.362 ,  900.000 ,    0.000 ,  900.000 ,  901.000 ,    0.000 ,    0.000 ,  155.638 ,   13.104 ,        2 , 	)
 138 	 (   1 ,  809.000 ,  989.000 ,        0 ,  779.946 ,  935.583 ,    0.000 ,  935.583 ,  937.583 ,   57.946 ,    1.417 ,  126.583 ,    0.000 ,        3 , 	)
 159 	 (   0 ,  819.000 ,  939.000 ,        0 ,  811.000 ,  937.583 ,    0.000 ,  937.583 ,  938.583 ,   36.583 ,    1.417 ,  118.583 ,    0.000 ,        4 , 	)
  46 	 (   1 , 1020.000 , 1200.000 ,        0 ,  823.833 ,  942.417 ,   87.105 , 1029.522 , 1030.522 ,    0.000 ,   19.126 ,    9.522 ,    3.676 ,        5 , 	)
  22 	 (   5 , 1003.000 , 1163.053 ,        0 , 1049.294 , 1058.816 ,    0.000 , 1058.816 , 1062.816 ,    0.000 ,    9.522 ,    9.522 ,   14.626 ,        6 , 	)
  24 	 (   7 ,  960.000 , 1140.000 ,        0 , 1059.287 , 1068.809 ,    0.000 , 1068.809 , 1070.809 ,    0.000 ,    9.522 ,    9.522 ,    2.759 ,        7 , 	)
 145 	 (   3 , 1071.000 , 1191.000 ,        0 , 1082.001 , 1091.523 ,    0.000 , 1091.523 , 1095.523 ,   28.707 ,    8.247 ,    9.522 ,    8.928 ,        8 , 	)
  55 	 (   7 ,  960.000 , 1200.000 ,        0 , 1090.555 , 1100.077 ,    0.000 , 1100.077 , 1104.077 ,    0.000 ,    8.247 ,    9.522 ,    4.802 ,        9 , 	)
  47 	 (   8 , 1020.000 , 1200.000 ,        0 , 1115.523 , 1125.044 ,    0.000 , 1125.044 , 1126.044 ,    0.000 ,    8.247 ,    9.522 ,   -0.127 ,       10 , 	)
 169 	 (   7 , 1138.000 , 1258.000 ,        0 , 1128.478 , 1138.000 ,    0.000 , 1138.000 , 1139.000 ,  107.478 ,    8.247 ,    0.000 ,   -0.564 ,       11 , 	)
 147 	 (   5 , 1023.000 , 1203.000 ,        0 , 1145.562 , 1145.562 ,    0.000 , 1145.562 , 1147.562 ,   74.753 ,    8.247 ,   -0.000 ,    3.127 ,       12 , 	)
  81 	 (   6 , 1039.000 , 1183.523 ,        0 , 1164.397 , 1164.397 ,    0.000 , 1164.397 , 1165.397 ,    0.000 ,   19.126 ,   -0.000 ,    1.247 ,       13 , 	)
 204 	 (   5 , 1079.000 , 1199.000 ,        0 , 1179.874 , 1179.874 ,    0.000 , 1179.874 , 1180.874 ,   14.477 ,   19.126 ,   -0.000 ,    8.639 ,       14 , 	)
 170 	 (   4 , 1131.000 , 1311.000 ,        0 , 1213.260 , 1213.260 ,    0.000 , 1213.260 , 1214.260 ,   87.216 ,   45.784 ,   -0.000 ,   20.192 ,       15 , 	)
 178 	 (   0 , 1168.000 , 1348.000 ,        0 , 1235.660 , 1235.660 ,    0.000 , 1235.660 , 1239.660 ,  131.583 ,  102.417 ,   -0.000 ,    6.738 ,       16 , 	)
 247 	 (   0 ,    0.000 , 1440.000 ,        0 , 1298.649 , 1298.649 ,    0.000 , 1298.649 , 1298.649 ,    0.000 ,  141.351 ,   -0.000 ,    0.000 ,       17 , 	)

	10 sommets 
	values : ( Cost : 265.445 , TRT : 439.828 , TWT : 224.245 , TD : 224.472 )
	violations : ( VC :       0 , VTW :   0.000 , VTD :   0.000 , VTRT :   0.000 )
	cout global : (   0.000	 )
S(i)	 (   C ,     TW0 ,       TW1 ,       VTW ,       Min ,       A ,       W ,       B ,       D ,       L ,       F ,       E ,       Det ,       [Imp ,       Imp]	)
   0 	 (   0 ,    0.000 , 1440.000 ,        0 ,    0.000 ,  464.520 ,    0.000 ,  464.520 ,  464.520 ,    0.000 ,    0.000 ,  464.520 ,    0.000 ,        0 , 	)
  31 	 (   1 ,  300.000 ,  480.000 ,        0 ,   15.480 ,  480.000 ,    0.000 ,  480.000 ,  481.000 ,    0.000 ,    0.000 ,  180.000 ,   34.923 ,        1 , 	)
 154 	 (   0 ,  367.000 ,  607.000 ,        0 ,  349.367 ,  529.367 ,    0.000 ,  529.367 ,  530.367 ,   48.367 ,   77.633 ,  162.367 ,   13.731 ,        2 , 	)
 112 	 (   1 ,  720.000 ,  780.000 ,        0 ,  387.329 ,  549.695 ,  224.245 ,  773.941 ,  774.941 ,    0.000 ,    6.059 ,   53.941 ,   10.759 ,        3 , 	)
  40 	 (   5 ,  780.000 ,  960.000 ,        0 ,  752.689 ,  806.630 ,    0.000 ,  806.630 ,  810.630 ,    0.000 ,   16.851 ,   26.630 ,   18.195 ,        4 , 	)
  99 	 (   7 ,  720.000 ,  960.000 ,        0 ,  795.168 ,  821.798 ,    0.000 ,  821.798 ,  823.798 ,    0.000 ,   16.851 ,   26.630 ,    0.951 ,        5 , 	)
 235 	 (   6 ,  752.283 ,  865.000 ,        0 ,  815.459 ,  842.089 ,    0.000 ,  842.089 ,  843.089 ,   67.149 ,   16.851 ,   26.630 ,    8.468 ,        6 , 	)
 163 	 (   2 ,  859.000 , 1039.000 ,        0 ,  832.370 ,  859.000 ,    0.000 ,  859.000 ,  863.000 ,   48.370 ,   53.630 ,    0.000 ,   -4.255 ,        7 , 	)
 222 	 (   0 ,  860.000 , 1040.000 ,        0 ,  884.385 ,  884.385 ,    0.000 ,  884.385 ,  886.385 ,   60.586 ,   84.414 ,    0.000 ,   -4.444 ,        8 , 	)
 247 	 (   0 ,    0.000 , 1440.000 ,        0 ,  904.348 ,  904.348 ,    0.000 ,  904.348 ,  904.348 ,    0.000 ,  535.652 ,    0.000 ,    0.000 ,        9 , 	)

	22 sommets 
	values : ( Cost : 399.478 , TRT : 344.359 , TWT :   0.000 , TD : 738.305 )
	violations : ( VC :       0 , VTW :   0.000 , VTD :   0.000 , VTRT :   0.000 )
	cout global : (   0.000	 )
S(i)	 (   C ,     TW0 ,       TW1 ,       VTW ,       Min ,       A ,       W ,       B ,       D ,       L ,       F ,       E ,       Det ,       [Imp ,       Imp]	)
   0 	 (   0 ,    0.000 , 1440.000 ,        0 ,    0.000 ,  799.528 ,    0.000 ,  799.528 ,  799.528 ,    0.000 ,    3.004 ,  799.528 ,    0.000 ,        0 , 	)
  58 	 (   4 ,  720.000 ,  900.000 ,        0 ,   13.144 ,  812.671 ,    0.000 ,  812.671 ,  816.671 ,    0.000 ,    3.004 ,   92.671 ,   24.590 ,        1 , 	)
  83 	 (   7 ,  840.000 ,  900.000 ,        0 ,  747.329 ,  840.000 ,    0.000 ,  840.000 ,  843.000 ,    0.000 ,    3.004 ,    0.000 ,    0.486 ,        2 , 	)
  30 	 (   8 ,  780.000 ,  960.000 ,        0 ,  852.492 ,  852.492 ,    0.000 ,  852.492 ,  853.492 ,    0.000 ,    3.004 ,    0.000 ,    3.939 ,        3 , 	)
 206 	 (   5 ,  867.127 ,  968.000 ,        0 ,  872.066 ,  872.066 ,    0.000 ,  872.066 ,  875.066 ,   29.066 ,    3.004 ,    0.000 ,    7.648 ,        4 , 	)
 107 	 (   6 ,  741.000 ,  956.579 ,        0 ,  879.184 ,  879.184 ,    0.000 ,  879.184 ,  880.184 ,    0.000 ,    3.004 ,    0.000 ,    9.329 ,        5 , 	)
 181 	 (   2 ,  826.000 , 1066.000 ,        0 ,  896.269 ,  896.269 ,    0.000 ,  896.269 ,  900.269 ,   79.598 ,    3.004 ,    0.000 ,   15.626 ,        6 , 	)
  98 	 (   6 ,  780.000 ,  960.000 ,        0 ,  909.190 ,  909.190 ,    0.000 ,  909.190 ,  913.190 ,    0.000 ,    3.004 ,    0.000 ,   13.308 ,        7 , 	)
  71 	 (   8 ,  720.000 ,  960.000 ,        0 ,  920.914 ,  920.914 ,    0.000 ,  920.914 ,  922.914 ,    0.000 ,    3.004 ,    0.000 ,    1.228 ,        8 , 	)
 153 	 (   7 ,  841.000 , 1081.000 ,        0 ,  934.926 ,  934.926 ,    0.000 ,  934.926 ,  935.926 ,   81.434 ,    3.004 ,    0.000 ,    6.186 ,        9 , 	)
  84 	 (   8 ,  731.000 ,  955.358 ,        0 ,  952.354 ,  952.354 ,    0.000 ,  952.354 ,  953.354 ,    0.000 ,    3.004 ,    0.000 ,    3.821 ,       10 , 	)
 207 	 (   7 ,  803.000 ,  983.000 ,        0 ,  979.996 ,  979.996 ,    0.000 ,  979.996 ,  980.996 ,   26.642 ,    3.004 ,    0.000 ,   16.565 ,       11 , 	)
 230 	 (   6 ,  895.000 , 1015.000 ,        0 , 1001.095 , 1001.095 ,    0.000 , 1001.095 , 1002.095 ,  120.911 ,    3.684 ,    0.000 ,   21.044 ,       12 , 	)
 194 	 (   4 ,  824.000 , 1064.000 ,        0 , 1018.092 , 1018.092 ,    0.000 , 1018.092 , 1020.092 ,   95.179 ,    3.684 ,    0.000 ,    2.632 ,       13 , 	)
 105 	 (   5 ,  960.000 , 1200.000 ,        0 , 1042.115 , 1042.115 ,    0.000 , 1042.115 , 1043.115 ,    0.000 ,    3.684 ,    0.000 ,   -0.534 ,       14 , 	)
 122 	 (   8 , 1020.000 , 1080.000 ,        0 , 1047.676 , 1047.676 ,    0.000 , 1047.676 , 1050.676 ,    0.000 ,    3.684 ,   -0.000 ,    4.894 ,       15 , 	)
 221 	 (   4 ,  880.000 , 1120.000 ,        0 , 1078.506 , 1078.506 ,    0.000 , 1078.506 , 1082.506 ,  165.316 ,    3.684 ,   -0.000 ,    4.322 ,       16 , 	)
 245 	 (   1 , 1053.592 , 1165.000 ,        0 , 1089.589 , 1089.589 ,    0.000 , 1089.589 , 1092.589 ,   38.914 ,   43.086 ,   -0.000 ,   13.741 ,       17 , 	)
  66 	 (   3 ,  960.000 , 1200.000 ,        0 , 1105.296 , 1105.296 ,    0.000 , 1105.296 , 1107.296 ,    0.000 ,   56.653 ,   -0.000 ,    0.420 ,       18 , 	)
 228 	 (   2 , 1047.000 , 1287.000 ,        0 , 1117.462 , 1117.462 ,    0.000 , 1117.462 , 1118.462 ,   74.347 ,   40.102 ,   -0.000 ,    0.843 ,       19 , 	)
 189 	 (   0 , 1011.000 , 1251.000 ,        0 , 1134.194 , 1134.194 ,    0.000 , 1134.194 , 1136.194 ,   26.898 ,   40.102 ,   -0.000 ,    9.860 ,       20 , 	)
 247 	 (   0 ,    0.000 , 1440.000 ,        0 , 1143.887 , 1143.887 ,    0.000 , 1143.887 , 1143.887 ,    0.000 ,  296.113 ,   -0.000 ,    0.000 ,       21 , 	)

	16 sommets 
	values : ( Cost : 263.918 , TRT : 479.848 , TWT : 243.414 , TD : 326.453 )
	violations : ( VC :       0 , VTW :   0.000 , VTD :   0.000 , VTRT :   0.000 )
	cout global : (   0.000	 )
S(i)	 (   C ,     TW0 ,       TW1 ,       VTW ,       Min ,       A ,       W ,       B ,       D ,       L ,       F ,       E ,       Det ,       [Imp ,       Imp]	)
   0 	 (   0 ,    0.000 , 1440.000 ,        0 ,    0.000 ,  384.287 ,    0.000 ,  384.287 ,  384.287 ,    0.000 ,    0.000 ,  384.287 ,    0.000 ,        0 , 	)
  95 	 (   2 ,  240.000 ,  480.000 ,        0 ,   17.761 ,  402.048 ,    0.000 ,  402.048 ,  404.048 ,    0.000 ,    0.000 ,  162.048 ,   17.717 ,        1 , 	)
 109 	 (   6 ,  310.000 ,  418.268 ,        0 ,  256.220 ,  418.268 ,    0.000 ,  418.268 ,  422.268 ,    0.000 ,    0.000 ,  108.268 ,    2.156 ,        2 , 	)
 232 	 (   2 ,  391.000 ,  451.000 ,        0 ,  342.732 ,  451.000 ,    0.000 ,  451.000 ,  455.000 ,   28.732 ,    0.000 ,   60.000 ,    2.567 ,        3 , 	)
 218 	 (   0 ,  364.000 ,  544.000 ,        0 ,  403.254 ,  463.254 ,    0.000 ,  463.254 ,  465.254 ,   59.206 ,   11.489 ,   60.000 ,    0.000 ,        4 , 	)
 123 	 (   4 ,  300.000 ,  480.000 ,        0 ,  408.511 ,  468.511 ,   11.489 ,  480.000 ,  484.000 ,    0.000 ,    0.000 ,   71.489 ,    0.197 ,        5 , 	)
 117 	 (   7 ,  480.000 ,  660.000 ,        0 ,  420.269 ,  491.758 ,   14.160 ,  505.918 ,  508.918 ,    0.000 ,    0.000 ,   25.918 ,    9.767 ,        6 , 	)
 246 	 (   3 ,  359.000 ,  539.000 ,        0 ,  513.082 ,  539.000 ,    0.000 ,  539.000 ,  543.000 ,   55.000 ,   -0.000 ,   25.918 ,    0.797 ,        7 , 	)
 240 	 (   0 ,  518.000 ,  751.000 ,        0 ,  520.864 ,  546.782 ,    0.000 ,  546.782 ,  549.782 ,   37.864 ,   50.136 ,   25.918 ,    5.275 ,        8 , 	)
  12 	 (   4 ,  723.000 ,  960.000 ,        0 ,  529.245 ,  555.163 ,  217.765 ,  772.928 ,  776.928 ,    0.000 ,   51.398 ,   49.928 ,    0.677 ,        9 , 	)
  93 	 (   5 ,  780.000 ,  840.000 ,        0 ,  738.674 ,  788.602 ,    0.000 ,  788.602 ,  789.602 ,    0.000 ,   33.774 ,    8.602 ,    7.929 ,       10 , 	)
  94 	 (   6 ,  720.000 ,  960.000 ,        0 ,  798.533 ,  807.135 ,    0.000 ,  807.135 ,  808.135 ,    0.000 ,   33.774 ,    8.602 ,    0.017 ,       11 , 	)
 216 	 (   5 ,  831.000 ,  949.000 ,        0 ,  822.398 ,  831.000 ,    0.000 ,  831.000 ,  832.000 ,   41.398 ,    7.974 ,    0.000 ,   11.811 ,       12 , 	)
 217 	 (   4 ,  754.000 ,  994.000 ,        0 ,  841.161 ,  841.161 ,    0.000 ,  841.161 ,  842.161 ,   33.026 ,    7.974 ,    0.000 ,    1.813 ,       13 , 	)
 135 	 (   0 ,  832.000 , 1012.000 ,        0 ,  848.154 ,  848.154 ,    0.000 ,  848.154 ,  852.154 ,   71.226 ,   33.774 ,    0.000 ,    7.060 ,       14 , 	)
 247 	 (   0 ,    0.000 , 1440.000 ,        0 ,  864.135 ,  864.135 ,    0.000 ,  864.135 ,  864.135 ,    0.000 ,  575.865 ,    0.000 ,    0.000 ,       15 , 	)

	12 sommets 
	values : ( Cost : 336.684 , TRT : 289.146 , TWT :   0.000 , TD : 313.873 )
	violations : ( VC :       0 , VTW :   0.000 , VTD :   0.000 , VTRT :   0.000 )
	cout global : (   0.000	 )
S(i)	 (   C ,     TW0 ,       TW1 ,       VTW ,       Min ,       A ,       W ,       B ,       D ,       L ,       F ,       E ,       Det ,       [Imp ,       Imp]	)
   0 	 (   0 ,    0.000 , 1440.000 ,        0 ,    0.000 ,  264.177 ,    0.000 ,  264.177 ,  264.177 ,    0.000 ,   18.176 ,  264.177 ,    0.000 ,        0 , 	)
 113 	 (   4 ,  240.000 ,  480.000 ,        0 ,   22.068 ,  286.246 ,    0.000 ,  286.246 ,  290.246 ,    0.000 ,   18.176 ,   46.246 ,    1.430 ,        1 , 	)
  28 	 (   8 ,  300.000 ,  420.000 ,        0 ,  262.671 ,  308.917 ,    0.000 ,  308.917 ,  312.917 ,    0.000 ,   18.176 ,    8.917 ,   35.061 ,        2 , 	)
 151 	 (   4 ,  353.000 ,  531.000 ,        0 ,  344.083 ,  353.000 ,    0.000 ,  353.000 ,  357.000 ,   40.083 ,   18.176 ,    0.000 ,    9.786 ,        3 , 	)
   9 	 (   8 ,  240.000 ,  420.000 ,        0 ,  382.861 ,  382.861 ,    0.000 ,  382.861 ,  386.861 ,    0.000 ,   18.176 ,    0.000 ,   -9.076 ,        4 , 	)
 236 	 (   4 ,  388.000 ,  568.000 ,        0 ,  417.141 ,  417.141 ,    0.000 ,  417.141 ,  421.141 ,  126.895 ,   18.176 ,    0.000 ,  -11.247 ,        5 , 	)
 132 	 (   0 ,  338.000 ,  518.000 ,        0 ,  427.127 ,  427.127 ,    0.000 ,  427.127 ,  431.127 ,   40.266 ,   18.176 ,    0.000 ,    4.198 ,        6 , 	)
  35 	 (   2 ,  240.000 ,  480.000 ,        0 ,  447.110 ,  447.110 ,    0.000 ,  447.110 ,  449.110 ,    0.000 ,   18.176 ,    0.000 ,    0.891 ,        7 , 	)
  76 	 (   6 ,  240.000 ,  480.000 ,        0 ,  461.824 ,  461.824 ,    0.000 ,  461.824 ,  465.824 ,    0.000 ,   18.176 ,    0.000 ,    7.815 ,        8 , 	)
 158 	 (   4 ,  315.000 ,  555.000 ,        0 ,  497.858 ,  497.858 ,    0.000 ,  497.858 ,  499.858 ,   48.748 ,   25.295 ,    0.000 ,    7.886 ,        9 , 	)
 199 	 (   0 ,  369.000 ,  549.000 ,        0 ,  523.705 ,  523.705 ,    0.000 ,  523.705 ,  527.705 ,   57.881 ,   25.295 ,    0.000 ,    0.559 ,       10 , 	)
 247 	 (   0 ,    0.000 , 1440.000 ,        0 ,  553.323 ,  553.323 ,    0.000 ,  553.323 ,  553.323 ,    0.000 ,  886.677 ,    0.000 ,    0.000 ,       11 , 	)

	20 sommets 
	values : ( Cost : 352.094 , TRT : 444.853 , TWT : 140.120 , TD : 562.570 )
	violations : ( VC :       0 , VTW :   0.000 , VTD :   0.000 , VTRT :   0.000 )
	cout global : (   0.000	 )
S(i)	 (   C ,     TW0 ,       TW1 ,       VTW ,       Min ,       A ,       W ,       B ,       D ,       L ,       F ,       E ,       Det ,       [Imp ,       Imp]	)
   0 	 (   0 ,    0.000 , 1440.000 ,        0 ,    0.000 ,  327.559 ,    0.000 ,  327.559 ,  327.559 ,    0.000 ,    0.000 ,  327.559 ,    0.000 ,        0 , 	)
  26 	 (   4 ,  304.000 ,  425.795 ,        0 ,    6.740 ,  334.299 ,    0.000 ,  334.299 ,  338.299 ,    0.000 ,    0.000 ,   30.299 ,    4.303 ,        1 , 	)
  72 	 (   7 ,  300.000 ,  480.000 ,        0 ,  332.653 ,  362.953 ,    0.000 ,  362.953 ,  365.953 ,    0.000 ,    0.000 ,   30.299 ,    8.546 ,        2 , 	)
  51 	 (   8 ,  262.000 ,  458.548 ,        0 ,  362.780 ,  393.079 ,    0.000 ,  393.079 ,  394.079 ,    0.000 ,    0.000 ,   30.299 ,   18.808 ,        3 , 	)
 174 	 (   7 ,  289.000 ,  469.000 ,        0 ,  373.232 ,  403.531 ,    0.000 ,  403.531 ,  404.531 ,    9.452 ,    0.000 ,   30.299 ,    3.196 ,        4 , 	)
 120 	 (   8 ,  240.000 ,  420.000 ,        0 ,  386.887 ,  417.186 ,    0.000 ,  417.186 ,  418.186 ,    0.000 ,    0.000 ,   30.299 ,   19.686 ,        5 , 	)
 149 	 (   4 ,  407.000 ,  467.000 ,        0 ,  398.689 ,  428.988 ,    0.000 ,  428.988 ,  432.988 ,   90.689 ,    0.000 ,   21.988 ,    9.979 ,        6 , 	)
 243 	 (   3 ,  292.000 ,  472.000 ,        0 ,  429.667 ,  451.655 ,    0.000 ,  451.655 ,  452.655 ,   33.468 ,    0.000 ,   21.988 ,    5.942 ,        7 , 	)
 195 	 (   0 ,  425.000 ,  665.000 ,        0 ,  449.946 ,  471.934 ,    0.000 ,  471.934 ,  474.934 ,  105.981 ,    0.000 ,   21.988 ,   -1.959 ,        8 , 	)
  64 	 (   3 ,  360.000 ,  480.000 ,        0 ,  458.012 ,  480.000 ,    0.000 ,  480.000 ,  483.000 ,    0.000 ,    0.000 ,   21.988 ,    9.867 ,        9 , 	)
  82 	 (   5 ,  480.000 ,  720.000 ,        0 ,  474.132 ,  496.120 ,   52.023 ,  548.143 ,  550.143 ,    0.000 ,    0.000 ,   68.143 ,    2.969 ,       10 , 	)
 187 	 (   2 ,  397.008 ,  574.000 ,        0 ,  505.857 ,  574.000 ,    0.000 ,  574.000 ,  577.000 ,   91.000 ,   -0.000 ,   68.143 ,    6.722 ,       11 , 	)
  19 	 (   5 ,  480.000 ,  720.000 ,        0 ,  515.870 ,  584.013 ,   81.751 ,  665.764 ,  668.764 ,    0.000 ,    0.000 ,  149.894 ,    6.659 ,       12 , 	)
 205 	 (   3 ,  689.000 ,  809.000 ,        0 ,  544.181 ,  694.075 ,    0.000 ,  694.075 ,  696.075 ,  143.932 ,    0.000 ,    5.075 ,   21.965 ,       13 , 	)
 142 	 (   0 ,  531.000 ,  771.000 ,        0 ,  711.925 ,  717.000 ,    0.000 ,  717.000 ,  720.000 ,   48.236 ,    0.000 ,    5.075 ,    0.000 ,       14 , 	)
  86 	 (   1 ,  486.000 ,  720.000 ,        0 ,  714.925 ,  720.000 ,    0.000 ,  720.000 ,  721.000 ,    0.000 ,    0.000 ,    5.075 ,    0.000 ,       15 , 	)
  37 	 (   3 ,  720.000 ,  960.000 ,        0 ,  715.925 ,  721.000 ,    6.346 ,  727.346 ,  729.346 ,    0.000 ,    5.843 ,    7.346 ,    0.000 ,       16 , 	)
 160 	 (   1 ,  737.000 ,  977.000 ,        0 ,  729.654 ,  737.000 ,    0.000 ,  737.000 ,  739.000 ,    7.654 ,    5.843 ,    0.000 ,  -12.618 ,       17 , 	)
 209 	 (   0 ,  579.000 ,  759.000 ,        0 ,  753.157 ,  753.157 ,    0.000 ,  753.157 ,  754.157 ,   32.157 ,    5.843 ,    0.000 ,   15.894 ,       18 , 	)
 247 	 (   0 ,    0.000 , 1440.000 ,        0 ,  772.412 ,  772.412 ,    0.000 ,  772.412 ,  772.412 ,    0.000 ,  667.588 ,    0.000 ,    0.000 ,       19 , 	)

	12 sommets 
	values : ( Cost : 250.111 , TRT : 372.771 , TWT : 154.717 , TD : 316.639 )
	violations : ( VC :       0 , VTW :   0.000 , VTD :   0.000 , VTRT :   0.000 )
	cout global : (   0.000	 )
S(i)	 (   C ,     TW0 ,       TW1 ,       VTW ,       Min ,       A ,       W ,       B ,       D ,       L ,       F ,       E ,       Det ,       [Imp ,       Imp]	)
   0 	 (   0 ,    0.000 , 1440.000 ,        0 ,    0.000 ,  450.411 ,    0.000 ,  450.411 ,  450.411 ,    0.000 ,    0.000 ,  450.411 ,    0.000 ,        0 , 	)
  90 	 (   4 ,  300.000 ,  480.000 ,        0 ,   15.385 ,  465.795 ,    0.000 ,  465.795 ,  469.795 ,    0.000 ,    0.000 ,  165.795 ,    1.635 ,        1 , 	)
  38 	 (   8 ,  300.000 ,  480.000 ,        0 ,  314.205 ,  480.000 ,    0.000 ,  480.000 ,  484.000 ,    0.000 ,    0.000 ,  165.795 ,    0.695 ,        2 , 	)
 161 	 (   4 ,  354.000 ,  534.000 ,        0 ,  343.544 ,  509.340 ,    0.000 ,  509.340 ,  513.340 ,   25.340 ,   24.113 ,  155.340 ,   13.799 ,        3 , 	)
  53 	 (   8 ,  480.000 ,  660.000 ,        0 ,  364.417 ,  519.757 ,   24.113 ,  543.870 ,  547.870 ,    0.000 ,    0.000 ,   63.870 ,    2.867 ,        4 , 	)
 176 	 (   4 ,  550.000 ,  730.000 ,        0 ,  517.528 ,  581.398 ,    0.000 ,  581.398 ,  585.398 ,   33.528 ,    0.000 ,   31.398 ,    6.502 ,        5 , 	)
 213 	 (   0 ,  414.000 ,  594.000 ,        0 ,  562.602 ,  594.000 ,    0.000 ,  594.000 ,  598.000 ,  124.205 ,    0.000 ,   31.398 ,    1.010 ,        6 , 	)
   8 	 (   1 ,  600.000 ,  720.000 ,        0 ,  570.476 ,  601.874 ,  118.126 ,  720.000 ,  721.000 ,    0.000 ,    0.000 ,  120.000 ,    5.138 ,        7 , 	)
 104 	 (   3 ,  720.000 ,  900.000 ,        0 ,  606.801 ,  726.801 ,   12.478 ,  739.279 ,  741.279 ,    0.000 ,   50.154 ,   19.279 ,    4.342 ,        8 , 	)
 227 	 (   1 ,  791.000 , 1031.000 ,        0 ,  771.721 ,  791.000 ,    0.000 ,  791.000 ,  793.000 ,   49.721 ,   50.154 ,    0.000 ,   11.829 ,        9 , 	)
 131 	 (   0 ,  675.000 ,  855.000 ,        0 ,  804.846 ,  804.846 ,    0.000 ,  804.846 ,  805.846 ,   83.846 ,   50.154 ,    0.000 ,    0.158 ,       10 , 	)
 247 	 (   0 ,    0.000 , 1440.000 ,        0 ,  823.181 ,  823.181 ,    0.000 ,  823.181 ,  823.181 ,    0.000 ,  616.819 ,    0.000 ,    0.000 ,       11 , 	)

	24 sommets 
	values : ( Cost : 436.459 , TRT : 473.337 , TWT : 105.172 , TD : 687.302 )
	violations : ( VC :       0 , VTW :   0.000 , VTD :   0.000 , VTRT :   0.000 )
	cout global : (   0.000	 )
S(i)	 (   C ,     TW0 ,       TW1 ,       VTW ,       Min ,       A ,       W ,       B ,       D ,       L ,       F ,       E ,       Det ,       [Imp ,       Imp]	)
   0 	 (   0 ,    0.000 , 1440.000 ,        0 ,    0.000 ,  347.579 ,    0.000 ,  347.579 ,  347.579 ,    0.000 ,    0.000 ,  347.579 ,    0.000 ,        0 , 	)
 110 	 (   1 ,  300.000 ,  480.000 ,        0 ,    4.525 ,  352.104 ,    0.000 ,  352.104 ,  353.104 ,    0.000 ,    0.000 ,   52.104 ,    3.180 ,        1 , 	)
  63 	 (   2 ,  240.000 ,  480.000 ,        0 ,  326.199 ,  378.303 ,    0.000 ,  378.303 ,  379.303 ,    0.000 ,    0.000 ,   52.104 ,   -1.565 ,        2 , 	)
 114 	 (   5 ,  240.000 ,  480.000 ,        0 ,  347.749 ,  399.853 ,    0.000 ,  399.853 ,  402.853 ,    0.000 ,    0.000 ,   52.104 ,    2.450 ,        3 , 	)
 233 	 (   4 ,  358.000 ,  598.000 ,        0 ,  362.518 ,  414.622 ,    0.000 ,  414.622 ,  415.622 ,   61.518 ,    0.000 ,   52.104 ,   -6.207 ,        4 , 	)
  10 	 (   5 ,  300.000 ,  480.000 ,        0 ,  374.989 ,  427.093 ,    0.000 ,  427.093 ,  428.093 ,    0.000 ,    0.000 ,   52.104 ,   -1.005 ,        5 , 	)
 237 	 (   2 ,  355.000 ,  535.000 ,        0 ,  382.935 ,  435.039 ,    0.000 ,  435.039 ,  438.039 ,   32.186 ,    0.000 ,   52.104 ,   -1.039 ,        6 , 	)
 133 	 (   1 ,  382.000 ,  502.000 ,        0 ,  393.739 ,  445.843 ,    0.000 ,  445.843 ,  446.843 ,   17.750 ,    0.000 ,   52.104 ,    1.266 ,        7 , 	)
 186 	 (   0 ,  370.000 ,  550.000 ,        0 ,  409.996 ,  462.100 ,    0.000 ,  462.100 ,  463.100 ,   82.797 ,    0.000 ,   52.104 ,   11.329 ,        8 , 	)
  59 	 (   2 ,  241.000 ,  480.000 ,        0 ,  427.896 ,  480.000 ,    0.000 ,  480.000 ,  482.000 ,    0.000 ,    0.000 ,   52.104 ,    6.926 ,        9 , 	)
  34 	 (   3 ,  484.000 ,  720.000 ,        0 ,  436.621 ,  488.725 ,    6.829 ,  495.554 ,  496.554 ,    0.000 ,    0.000 ,   11.554 ,    3.092 ,       10 , 	)
 182 	 (   1 ,  355.000 ,  535.000 ,        0 ,  523.446 ,  535.000 ,    0.000 ,  535.000 ,  537.000 ,   53.000 ,    0.000 ,   11.554 ,   16.885 ,       11 , 	)
  16 	 (   4 ,  527.000 ,  691.970 ,        0 ,  535.451 ,  547.005 ,   31.705 ,  578.711 ,  581.711 ,    0.000 ,    0.000 ,   43.259 ,    0.362 ,       12 , 	)
 157 	 (   3 ,  584.000 ,  764.000 ,        0 ,  552.295 ,  595.554 ,    0.000 ,  595.554 ,  596.554 ,   99.000 ,    0.000 ,   11.554 ,    0.000 ,       13 , 	)
  89 	 (   5 ,  540.000 ,  720.000 ,        0 ,  585.000 ,  596.554 ,   66.638 ,  663.192 ,  665.192 ,    0.000 ,    4.392 ,   78.192 ,    0.000 ,       14 , 	)
 212 	 (   3 ,  612.000 ,  792.000 ,        0 ,  622.706 ,  700.898 ,    0.000 ,  700.898 ,  702.898 ,   35.706 ,    4.392 ,   78.192 ,   -2.571 ,       15 , 	)
  13 	 (   7 ,  480.000 ,  720.000 ,        0 ,  637.417 ,  715.608 ,    0.000 ,  715.608 ,  719.608 ,    0.000 ,    4.392 ,   78.192 ,    1.753 ,       16 , 	)
 139 	 (   4 ,  698.000 ,  758.000 ,        0 ,  645.837 ,  724.029 ,    0.000 ,  724.029 ,  727.029 ,  142.318 ,    7.471 ,   26.029 ,    2.977 ,       17 , 	)
 119 	 (   5 ,  720.000 ,  960.000 ,        0 ,  706.395 ,  732.423 ,    0.000 ,  732.423 ,  733.423 ,    0.000 ,    7.471 ,   12.423 ,    0.000 ,       18 , 	)
  39 	 (   6 ,  720.000 ,  900.000 ,        0 ,  721.000 ,  733.423 ,    0.000 ,  733.423 ,  734.423 ,    0.000 ,    7.471 ,   12.423 ,    0.000 ,       19 , 	)
 136 	 (   2 ,  534.000 ,  774.000 ,        0 ,  754.105 ,  766.529 ,    0.000 ,  766.529 ,  770.529 ,   46.920 ,    7.471 ,   12.423 ,    6.615 ,       20 , 	)
 162 	 (   1 ,  782.000 ,  962.000 ,        0 ,  769.577 ,  782.000 ,    0.000 ,  782.000 ,  783.000 ,   47.577 ,   26.423 ,    0.000 ,    8.707 ,       21 , 	)
 242 	 (   0 ,  801.000 , 1041.000 ,        0 ,  801.953 ,  801.953 ,    0.000 ,  801.953 ,  802.953 ,   68.529 ,   39.471 ,    0.000 ,   -2.734 ,       22 , 	)
 247 	 (   0 ,    0.000 , 1440.000 ,        0 ,  820.916 ,  820.916 ,    0.000 ,  820.916 ,  820.916 ,    0.000 ,  619.084 ,    0.000 ,    0.000 ,       23 , 	)

	24 sommets 
	values : ( Cost : 460.548 , TRT : 469.783 , TWT :  79.506 , TD : 541.878 )
	violations : ( VC :       0 , VTW :   0.000 , VTD :   0.000 , VTRT :   0.000 )
	cout global : (   0.000	 )
S(i)	 (   C ,     TW0 ,       TW1 ,       VTW ,       Min ,       A ,       W ,       B ,       D ,       L ,       F ,       E ,       Det ,       [Imp ,       Imp]	)
   0 	 (   0 ,    0.000 , 1440.000 ,        0 ,    0.000 ,  665.035 ,    0.000 ,  665.035 ,  665.035 ,    0.000 ,    0.000 ,  665.035 ,    0.000 ,        0 , 	)
  21 	 (   1 ,  540.000 ,  720.000 ,        0 ,   13.842 ,  678.877 ,    0.000 ,  678.877 ,  679.877 ,    0.000 ,    0.000 ,  138.877 ,    1.499 ,        1 , 	)
  17 	 (   2 ,  495.000 ,  710.043 ,        0 ,  557.581 ,  696.458 ,    0.000 ,  696.458 ,  697.458 ,    0.000 ,    0.000 ,  138.877 ,    6.456 ,        2 , 	)
 144 	 (   1 ,  589.000 ,  769.000 ,        0 ,  572.551 ,  711.428 ,    0.000 ,  711.428 ,  712.428 ,   31.551 ,    0.000 ,  122.428 ,   12.585 ,        3 , 	)
 140 	 (   0 ,  552.000 ,  732.000 ,        0 ,  609.572 ,  732.000 ,    0.000 ,  732.000 ,  733.000 ,   34.542 ,    0.000 ,  122.428 ,    2.564 ,        4 , 	)
  91 	 (   3 ,  780.000 ,  960.000 ,        0 ,  619.085 ,  741.513 ,   72.048 ,  813.561 ,  816.561 ,    0.000 ,    0.000 ,   33.561 ,    7.297 ,        5 , 	)
  74 	 (   6 ,  729.000 ,  959.763 ,        0 ,  811.490 ,  845.051 ,    0.000 ,  845.051 ,  848.051 ,    0.000 ,    0.000 ,   33.561 ,    0.000 ,        6 , 	)
 102 	 (   7 ,  720.000 ,  900.000 ,        0 ,  814.490 ,  848.051 ,    0.000 ,  848.051 ,  849.051 ,    0.000 ,    0.000 ,   33.561 ,    0.000 ,        7 , 	)
 225 	 (   6 ,  743.000 ,  923.000 ,        0 ,  826.795 ,  860.356 ,    0.000 ,  860.356 ,  861.356 ,   11.305 ,    0.000 ,   33.561 ,    4.938 ,        8 , 	)
  54 	 (   8 ,  731.000 ,  956.108 ,        0 ,  835.113 ,  868.674 ,    0.000 ,  868.674 ,  870.674 ,    0.000 ,    0.000 ,   33.561 ,    2.711 ,        9 , 	)
 197 	 (   5 ,  813.000 ,  993.000 ,        0 ,  854.093 ,  887.654 ,    0.000 ,  887.654 ,  890.654 ,   39.603 ,    0.000 ,   33.561 ,    4.074 ,       10 , 	)
 177 	 (   3 ,  805.000 ,  985.000 ,        0 ,  871.080 ,  904.641 ,    0.000 ,  904.641 ,  906.641 ,   33.967 ,    0.000 ,   33.561 ,    1.457 ,       11 , 	)
 101 	 (   6 ,  780.000 ,  960.000 ,        0 ,  885.599 ,  919.159 ,    0.000 ,  919.159 ,  922.159 ,    0.000 ,    0.000 ,   33.561 ,   10.323 ,       12 , 	)
  29 	 (   7 ,  730.000 ,  958.138 ,        0 ,  894.772 ,  928.333 ,    0.000 ,  928.333 ,  929.333 ,    0.000 ,    0.000 ,   33.561 ,    1.971 ,       13 , 	)
 224 	 (   4 ,  829.000 , 1066.000 ,        0 ,  930.262 ,  963.823 ,    0.000 ,  963.823 ,  966.823 ,   41.664 ,    0.000 ,   33.561 ,   15.669 ,       14 , 	)
 103 	 (   5 ,  960.000 , 1200.000 ,        0 ,  939.020 ,  972.581 ,    0.000 ,  972.581 ,  973.581 ,    0.000 ,    0.000 ,   12.581 ,    1.338 ,       15 , 	)
 152 	 (   4 ,  808.000 ,  988.000 ,        0 ,  975.419 ,  988.000 ,    0.000 ,  988.000 ,  989.000 ,   58.667 ,    0.000 ,   12.581 ,   -5.811 ,       16 , 	)
 214 	 (   1 ,  903.000 , 1143.000 ,        0 ,  991.566 , 1004.147 ,    0.000 , 1004.147 , 1007.147 ,  187.586 ,   14.414 ,   12.581 ,    9.329 ,       17 , 	)
  20 	 (   4 , 1020.000 , 1200.000 ,        0 ,  999.961 , 1012.542 ,    7.458 , 1020.000 , 1023.000 ,    0.000 ,   15.233 ,    0.000 ,    0.368 ,       18 , 	)
 226 	 (   3 , 1018.000 , 1258.000 ,        0 , 1036.348 , 1036.348 ,    0.000 , 1036.348 , 1037.348 ,   62.767 ,    4.671 ,   -0.000 ,   10.074 ,       19 , 	)
 143 	 (   0 , 1048.000 , 1228.000 ,        0 , 1049.329 , 1049.329 ,    0.000 , 1049.329 , 1052.329 ,   26.329 ,    4.671 ,   -0.000 ,    1.028 ,       20 , 	)
 108 	 (   3 , 1020.000 , 1200.000 ,        0 , 1062.187 , 1062.187 ,    0.000 , 1062.187 , 1065.187 ,    0.000 ,  137.813 ,   -0.000 ,    9.637 ,       21 , 	)
 231 	 (   0 , 1045.000 , 1225.000 ,        0 , 1079.084 , 1079.084 ,    0.000 , 1079.084 , 1082.084 ,   13.897 ,   14.103 ,   -0.000 ,   26.454 ,       22 , 	)
 247 	 (   0 ,    0.000 , 1440.000 ,        0 , 1134.817 , 1134.817 ,    0.000 , 1134.817 , 1134.817 ,    0.000 ,  305.183 ,   -0.000 ,    0.000 ,       23 , 	)

	16 sommets 
	values : ( Cost : 344.842 , TRT : 376.464 , TWT :  83.184 , TD : 692.477 )
	violations : ( VC :       0 , VTW :   0.000 , VTD :   0.000 , VTRT :   0.000 )
	cout global : (   0.000	 )
S(i)	 (   C ,     TW0 ,       TW1 ,       VTW ,       Min ,       A ,       W ,       B ,       D ,       L ,       F ,       E ,       Det ,       [Imp ,       Imp]	)
   0 	 (   0 ,    0.000 , 1440.000 ,        0 ,    0.000 ,  631.801 ,    0.000 ,  631.801 ,  631.801 ,    0.000 ,    0.000 ,  631.801 ,    0.000 ,        0 , 	)
  75 	 (   4 ,  480.000 ,  720.000 ,        0 ,   12.356 ,  644.156 ,    0.000 ,  644.156 ,  648.156 ,    0.000 ,    0.000 ,  164.156 ,    8.702 ,        1 , 	)
   1 	 (   8 ,  480.000 ,  720.000 ,        0 ,  509.783 ,  673.939 ,    0.000 ,  673.939 ,  677.939 ,    0.000 ,    0.000 ,  164.156 ,    3.747 ,        2 , 	)
 198 	 (   4 ,  648.000 ,  828.000 ,        0 ,  542.392 ,  706.548 ,    0.000 ,  706.548 ,  710.548 ,   58.392 ,    0.000 ,   58.548 ,    0.095 ,        3 , 	)
  97 	 (   5 ,  600.000 ,  720.000 ,        0 ,  661.452 ,  720.000 ,    0.000 ,  720.000 ,  721.000 ,    0.000 ,   -0.000 ,   58.548 ,    0.347 ,        4 , 	)
   5 	 (   6 ,  720.000 ,  960.000 ,        0 ,  669.561 ,  728.109 ,   50.236 ,  778.345 ,  779.345 ,    0.000 ,    0.000 ,   58.345 ,    0.167 ,        5 , 	)
 124 	 (   2 ,  670.000 ,  850.000 ,        0 ,  732.351 ,  790.696 ,    0.000 ,  790.696 ,  794.696 ,  112.757 ,    0.000 ,   58.345 ,    7.622 ,        6 , 	)
  11 	 (   4 ,  720.000 ,  840.000 ,        0 ,  743.229 ,  801.574 ,    0.000 ,  801.574 ,  803.574 ,    0.000 ,    0.000 ,   58.345 ,    1.326 ,        7 , 	)
 220 	 (   3 ,  675.000 ,  855.000 ,        0 ,  796.655 ,  855.000 ,    0.000 ,  855.000 ,  856.000 ,  134.000 ,    0.000 ,   58.345 ,  -14.309 ,        8 , 	)
  25 	 (   4 ,  780.000 ,  960.000 ,        0 ,  807.180 ,  865.525 ,    1.971 ,  867.495 ,  868.495 ,    0.000 ,    0.000 ,   60.316 ,    9.110 ,        9 , 	)
 134 	 (   2 ,  804.000 ,  984.000 ,        0 ,  833.973 ,  894.289 ,    0.000 ,  894.289 ,  896.289 ,   90.715 ,    0.000 ,   60.316 ,    0.257 ,       10 , 	)
 115 	 (   6 ,  840.000 ,  900.000 ,        0 ,  839.684 ,  900.000 ,    0.000 ,  900.000 ,  904.000 ,    0.000 ,    0.000 ,   60.000 ,    0.922 ,       11 , 	)
 148 	 (   5 ,  841.000 , 1021.000 ,        0 ,  862.730 ,  922.730 ,    0.000 ,  922.730 ,  923.730 ,   54.235 ,   27.765 ,   60.000 ,   -0.166 ,       12 , 	)
 238 	 (   1 ,  871.889 ,  979.000 ,        0 ,  872.723 ,  932.723 ,    0.000 ,  932.723 ,  936.723 ,   28.723 ,   46.277 ,   60.000 ,   11.828 ,       13 , 	)
 128 	 (   0 ,  993.000 , 1173.000 ,        0 ,  902.023 ,  962.023 ,   30.977 ,  993.000 ,  994.000 ,  213.655 ,  175.345 ,    0.000 ,   18.523 ,       14 , 	)
 247 	 (   0 ,    0.000 , 1440.000 ,        0 , 1008.265 , 1008.265 ,    0.000 , 1008.265 , 1008.265 ,    0.000 ,  431.735 ,    0.000 ,    0.000 ,       15 , 	)

	20 sommets 
	values : ( Cost : 373.067 , TRT : 316.502 , TWT :   0.000 , TD : 559.438 )
	violations : ( VC :       0 , VTW :   0.000 , VTD :   0.000 , VTRT :   0.000 )
	cout global : (   0.000	 )
S(i)	 (   C ,     TW0 ,       TW1 ,       VTW ,       Min ,       A ,       W ,       B ,       D ,       L ,       F ,       E ,       Det ,       [Imp ,       Imp]	)
   0 	 (   0 ,    0.000 , 1440.000 ,        0 ,    0.000 ,  780.455 ,    0.000 ,  780.455 ,  780.455 ,    0.000 ,    2.210 ,  780.455 ,    0.000 ,        0 , 	)
  96 	 (   1 ,  780.000 ,  960.000 ,        0 ,   10.914 ,  791.369 ,    0.000 ,  791.369 ,  792.369 ,    0.000 ,    2.210 ,   11.369 ,    5.217 ,        1 , 	)
 116 	 (   5 ,  727.000 ,  960.000 ,        0 ,  792.434 ,  803.803 ,    0.000 ,  803.803 ,  807.803 ,    0.000 ,    2.210 ,   11.369 ,    3.758 ,        2 , 	)
  32 	 (   6 ,  720.000 ,  960.000 ,        0 ,  814.241 ,  825.610 ,    0.000 ,  825.610 ,  826.610 ,    0.000 ,    2.210 ,   11.369 ,    4.126 ,        3 , 	)
 219 	 (   5 ,  838.000 , 1018.000 ,        0 ,  836.710 ,  848.079 ,    0.000 ,  848.079 ,  849.079 ,   55.710 ,    2.210 ,   10.079 ,   -0.089 ,        4 , 	)
 155 	 (   4 ,  790.000 , 1030.000 ,        0 ,  852.245 ,  862.324 ,    0.000 ,  862.324 ,  863.324 ,   35.714 ,    2.210 ,   10.079 ,    7.232 ,        5 , 	)
  60 	 (   6 ,  727.000 ,  900.000 ,        0 ,  865.189 ,  875.268 ,    0.000 ,  875.268 ,  877.268 ,    0.000 ,    2.210 ,   10.079 ,   -2.132 ,        6 , 	)
 239 	 (   2 ,  820.000 , 1000.000 ,        0 ,  880.935 ,  891.014 ,    0.000 ,  891.014 ,  895.014 ,   83.211 ,    2.210 ,   10.079 ,    7.767 ,        7 , 	)
  41 	 (   6 ,  726.000 ,  960.000 ,        0 ,  909.844 ,  919.923 ,    0.000 ,  919.923 ,  923.923 ,    0.000 ,    2.210 ,   10.079 ,   11.428 ,        8 , 	)
   3 	 (   8 ,  780.000 ,  960.000 ,        0 ,  947.711 ,  957.790 ,    0.000 ,  957.790 ,  959.790 ,    0.000 ,    2.210 ,   10.079 ,    0.000 ,        9 , 	)
 164 	 (   4 ,  821.000 , 1001.000 ,        0 ,  949.711 ,  959.790 ,    0.000 ,  959.790 ,  963.790 ,   35.868 ,   10.831 ,   10.079 ,    0.000 ,       10 , 	)
  78 	 (   6 ,  960.000 , 1200.000 ,        0 ,  960.695 ,  970.774 ,    0.000 ,  970.774 ,  972.774 ,    0.000 ,   10.831 ,   10.079 ,    3.412 ,       11 , 	)
 183 	 (   4 ,  938.000 ,  998.000 ,        0 ,  977.090 ,  987.169 ,    0.000 ,  987.169 ,  989.169 ,  109.901 ,   10.831 ,   10.079 ,   18.213 ,       12 , 	)
   2 	 (   5 , 1020.000 , 1200.000 ,        0 , 1009.921 , 1020.000 ,    0.000 , 1020.000 , 1021.000 ,    0.000 ,   12.433 ,    0.000 ,    1.605 ,       13 , 	)
 125 	 (   4 , 1032.359 , 1232.000 ,        0 , 1032.359 , 1032.359 ,    0.000 , 1032.359 , 1033.359 ,   11.359 ,   12.433 ,   -0.000 ,    1.787 ,       14 , 	)
  88 	 (   5 , 1020.000 , 1200.000 ,        0 , 1045.861 , 1045.861 ,    0.000 , 1045.861 , 1046.861 ,    0.000 ,   12.433 ,   -0.000 ,    0.320 ,       15 , 	)
 201 	 (   3 , 1048.000 , 1288.000 ,        0 , 1052.126 , 1052.126 ,    0.000 , 1052.126 , 1054.126 ,   79.351 ,   12.433 ,   -0.000 ,    4.424 ,       16 , 	)
 126 	 (   1 ,  847.000 , 1087.000 ,        0 , 1074.567 , 1074.567 ,    0.000 , 1074.567 , 1076.567 ,  114.777 ,   12.433 ,   -0.000 ,    0.322 ,       17 , 	)
 211 	 (   0 , 1045.798 , 1267.000 ,        0 , 1080.408 , 1080.408 ,    0.000 , 1080.408 , 1081.408 ,   33.547 ,   32.453 ,   -0.000 ,    5.362 ,       18 , 	)
 247 	 (   0 ,    0.000 , 1440.000 ,        0 , 1096.956 , 1096.956 ,    0.000 , 1096.956 , 1096.956 ,    0.000 ,  343.044 ,   -0.000 ,    0.000 ,       19 , 	)

	18 sommets 
	values : ( Cost : 360.338 , TRT : 302.931 , TWT :   0.000 , TD : 470.844 )
	violations : ( VC :       0 , VTW :   0.000 , VTD :   0.000 , VTRT :   0.000 )
	cout global : (   0.000	 )
S(i)	 (   C ,     TW0 ,       TW1 ,       VTW ,       Min ,       A ,       W ,       B ,       D ,       L ,       F ,       E ,       Det ,       [Imp ,       Imp]	)
   0 	 (   0 ,    0.000 , 1440.000 ,        0 ,    0.000 ,  243.276 ,    0.000 ,  243.276 ,  243.276 ,    0.000 ,    5.782 ,  243.276 ,    0.000 ,        0 , 	)
  77 	 (   2 ,  240.000 ,  480.000 ,        0 ,   22.027 ,  265.303 ,    0.000 ,  265.303 ,  267.303 ,    0.000 ,    5.782 ,   25.303 ,   13.474 ,        1 , 	)
  33 	 (   3 ,  240.000 ,  360.000 ,        0 ,  268.697 ,  294.000 ,    0.000 ,  294.000 ,  295.000 ,    0.000 ,    5.782 ,   25.303 ,    0.000 ,        2 , 	)
 200 	 (   1 ,  295.000 ,  535.000 ,        0 ,  269.697 ,  295.000 ,    0.000 ,  295.000 ,  297.000 ,   27.697 ,    5.782 ,    0.000 ,    0.000 ,        3 , 	)
  92 	 (   3 ,  240.000 ,  420.000 ,        0 ,  311.718 ,  311.718 ,    0.000 ,  311.718 ,  313.718 ,    0.000 ,    5.782 ,    0.000 ,    8.826 ,        4 , 	)
  73 	 (   4 ,  269.000 ,  464.703 ,        0 ,  331.280 ,  331.280 ,    0.000 ,  331.280 ,  332.280 ,    0.000 ,    5.782 ,    0.000 ,    0.000 ,        5 , 	)
 121 	 (   8 ,  240.000 ,  480.000 ,        0 ,  332.280 ,  332.280 ,    0.000 ,  332.280 ,  336.280 ,    0.000 ,    5.782 ,    0.000 ,    0.000 ,        6 , 	)
 215 	 (   6 ,  278.000 ,  458.000 ,        0 ,  355.317 ,  355.317 ,    0.000 ,  355.317 ,  357.317 ,   41.599 ,    5.782 ,    0.000 ,    0.000 ,        7 , 	)
 156 	 (   5 ,  271.629 ,  443.000 ,        0 ,  357.317 ,  357.317 ,    0.000 ,  357.317 ,  358.317 ,   62.317 ,    5.782 ,    0.000 ,    0.000 ,        8 , 	)
 244 	 (   1 ,  363.000 ,  603.000 ,        0 ,  396.157 ,  396.157 ,    0.000 ,  396.157 ,  400.157 ,   59.877 ,    5.782 ,    0.000 ,   20.599 ,        9 , 	)
   4 	 (   4 ,  300.000 ,  480.000 ,        0 ,  419.729 ,  419.729 ,    0.000 ,  419.729 ,  422.729 ,    0.000 ,    5.782 ,    0.000 ,    4.304 ,       10 , 	)
 196 	 (   3 ,  391.000 ,  511.000 ,        0 ,  441.908 ,  441.908 ,    0.000 ,  441.908 ,  442.908 ,  109.628 ,    5.782 ,    0.000 ,   10.995 ,       11 , 	)
  42 	 (   4 ,  242.000 ,  480.000 ,        0 ,  455.095 ,  455.095 ,    0.000 ,  455.095 ,  456.095 ,    0.000 ,    5.782 ,    0.000 ,   -3.093 ,       12 , 	)
  18 	 (   6 ,  300.000 ,  480.000 ,        0 ,  463.105 ,  463.105 ,    0.000 ,  463.105 ,  465.105 ,    0.000 ,    5.782 ,    0.000 ,    0.400 ,       13 , 	)
 127 	 (   3 ,  369.000 ,  549.000 ,        0 ,  478.590 ,  478.590 ,    0.000 ,  478.590 ,  481.590 ,   55.861 ,    5.782 ,    0.000 ,    1.338 ,       14 , 	)
 141 	 (   1 ,  352.000 ,  590.000 ,        0 ,  509.847 ,  509.847 ,    0.000 ,  509.847 ,  511.847 ,   44.742 ,    5.782 ,    0.000 ,   12.443 ,       15 , 	)
 165 	 (   0 ,  351.000 ,  531.000 ,        0 ,  525.218 ,  525.218 ,    0.000 ,  525.218 ,  526.218 ,   69.123 ,    5.782 ,    0.000 ,    5.341 ,       16 , 	)
 247 	 (   0 ,    0.000 , 1440.000 ,        0 ,  546.207 ,  546.207 ,    0.000 ,  546.207 ,  546.207 ,    0.000 ,  893.793 ,    0.000 ,    0.000 ,       17 , 	)

	20 sommets 
	values : ( Cost : 345.303 , TRT : 287.626 , TWT :   0.000 , TD : 617.568 )
	violations : ( VC :       0 , VTW :   0.000 , VTD :   0.000 , VTRT :   0.000 )
	cout global : (   0.000	 )
S(i)	 (   C ,     TW0 ,       TW1 ,       VTW ,       Min ,       A ,       W ,       B ,       D ,       L ,       F ,       E ,       Det ,       [Imp ,       Imp]	)
   0 	 (   0 ,    0.000 , 1440.000 ,        0 ,    0.000 ,  674.658 ,    0.000 ,  674.658 ,  674.658 ,    0.000 ,    7.938 ,  674.658 ,    0.000 ,        0 , 	)
 106 	 (   1 ,  480.000 ,  720.000 ,        0 ,   18.255 ,  692.913 ,    0.000 ,  692.913 ,  693.913 ,    0.000 ,    7.938 ,  212.913 ,    9.723 ,        1 , 	)
  70 	 (   2 ,  480.000 ,  720.000 ,        0 ,  499.149 ,  712.062 ,    0.000 ,  712.062 ,  713.062 ,    0.000 ,    7.938 ,  212.913 ,   -6.045 ,        2 , 	)
  43 	 (   5 ,  720.000 ,  900.000 ,        0 ,  507.087 ,  720.000 ,    0.000 ,  720.000 ,  723.000 ,    0.000 ,   12.286 ,    0.000 ,    0.385 ,        3 , 	)
 229 	 (   4 ,  538.000 ,  778.000 ,        0 ,  736.606 ,  736.606 ,    0.000 ,  736.606 ,  737.606 ,   42.693 ,   12.286 ,    0.000 ,    6.732 ,        4 , 	)
 100 	 (   6 ,  739.000 ,  949.202 ,        0 ,  757.523 ,  757.523 ,    0.000 ,  757.523 ,  759.523 ,    0.000 ,   12.286 ,    0.000 ,  -29.661 ,        5 , 	)
 193 	 (   5 ,  662.000 ,  842.000 ,        0 ,  792.250 ,  792.250 ,    0.000 ,  792.250 ,  793.250 ,   79.188 ,   12.286 ,    0.000 ,    4.978 ,        6 , 	)
  49 	 (   6 ,  780.000 ,  960.000 ,        0 ,  801.156 ,  801.156 ,    0.000 ,  801.156 ,  802.156 ,    0.000 ,   12.286 ,    0.000 ,    6.629 ,        7 , 	)
 223 	 (   4 ,  801.000 ,  981.000 ,        0 ,  806.341 ,  806.341 ,    0.000 ,  806.341 ,  808.341 ,   46.818 ,   12.286 ,    0.000 ,   -5.806 ,        8 , 	)
 166 	 (   1 ,  796.000 , 1036.000 ,        0 ,  828.247 ,  828.247 ,    0.000 ,  828.247 ,  831.247 ,  105.247 ,   12.286 ,    0.000 ,    9.321 ,        9 , 	)
  45 	 (   3 ,  720.000 ,  960.000 ,        0 ,  841.562 ,  841.562 ,    0.000 ,  841.562 ,  843.562 ,    0.000 ,   12.286 ,    0.000 ,    2.569 ,       10 , 	)
  65 	 (   4 ,  751.000 ,  940.423 ,        0 ,  847.630 ,  847.630 ,    0.000 ,  847.630 ,  848.630 ,    0.000 ,   12.286 ,    0.000 ,   -0.000 ,       11 , 	)
  68 	 (   6 ,  725.000 ,  900.000 ,        0 ,  857.039 ,  857.039 ,    0.000 ,  857.039 ,  859.039 ,    0.000 ,   12.286 ,    0.000 ,    2.595 ,       12 , 	)
  50 	 (   7 ,  733.000 ,  951.853 ,        0 ,  873.583 ,  873.583 ,    0.000 ,  873.583 ,  874.583 ,    0.000 ,   12.286 ,    0.000 ,   11.095 ,       13 , 	)
 168 	 (   5 ,  762.000 , 1002.000 ,        0 ,  883.744 ,  883.744 ,    0.000 ,  883.744 ,  885.744 ,   40.181 ,   12.286 ,    0.000 ,    1.129 ,       14 , 	)
 172 	 (   4 ,  847.000 , 1087.000 ,        0 ,  902.794 ,  902.794 ,    0.000 ,  902.794 ,  903.794 ,  100.638 ,   12.286 ,    0.000 ,   16.343 ,       15 , 	)
 173 	 (   3 ,  796.000 ,  976.000 ,        0 ,  921.600 ,  921.600 ,    0.000 ,  921.600 ,  922.600 ,   47.017 ,   12.286 ,    0.000 ,    0.391 ,       16 , 	)
 191 	 (   1 ,  821.000 ,  941.000 ,        0 ,  928.714 ,  928.714 ,    0.000 ,  928.714 ,  930.714 ,   69.675 ,   12.286 ,    0.000 ,    1.438 ,       17 , 	)
 188 	 (   0 ,  863.000 ,  983.000 ,        0 ,  934.741 ,  934.741 ,    0.000 ,  934.741 ,  935.741 ,   86.111 ,   24.889 ,    0.000 ,    6.615 ,       18 , 	)
 247 	 (   0 ,    0.000 , 1440.000 ,        0 ,  962.284 ,  962.284 ,    0.000 ,  962.284 ,  962.284 ,    0.000 ,  477.716 ,    0.000 ,    0.000 ,       19 , 	)

	18 sommets 
	values : ( Cost : 282.575 , TRT : 338.026 , TWT :  91.564 , TD : 454.704 )
	violations : ( VC :       0 , VTW :   0.000 , VTD :   0.000 , VTRT :   0.000 )
	cout global : (   0.000	 )
S(i)	 (   C ,     TW0 ,       TW1 ,       VTW ,       Min ,       A ,       W ,       B ,       D ,       L ,       F ,       E ,       Det ,       [Imp ,       Imp]	)
   0 	 (   0 ,    0.000 , 1440.000 ,        0 ,    0.000 ,  319.966 ,    0.000 ,  319.966 ,  319.966 ,    0.000 ,    0.000 ,  319.966 ,    0.000 ,        0 , 	)
  69 	 (   3 ,  240.000 ,  420.000 ,        0 ,   21.617 ,  341.583 ,    0.000 ,  341.583 ,  344.583 ,    0.000 ,    0.000 ,  101.583 ,   20.902 ,        1 , 	)
   6 	 (   5 ,  240.000 ,  360.000 ,        0 ,  255.017 ,  356.601 ,    0.000 ,  356.601 ,  358.601 ,    0.000 ,    0.000 ,  101.583 ,   -0.777 ,        2 , 	)
 111 	 (   6 ,  240.000 ,  480.000 ,        0 ,  261.912 ,  363.495 ,    0.000 ,  363.495 ,  364.495 ,    0.000 ,    0.000 ,  101.583 ,   -0.000 ,        3 , 	)
  87 	 (   8 ,  240.000 ,  480.000 ,        0 ,  266.586 ,  368.170 ,    0.000 ,  368.170 ,  370.170 ,    0.000 ,    0.000 ,  101.583 ,    0.321 ,        4 , 	)
 129 	 (   6 ,  258.126 ,  405.000 ,        0 ,  276.460 ,  378.044 ,    0.000 ,  378.044 ,  380.044 ,   19.443 ,    0.000 ,  101.583 ,    4.712 ,        5 , 	)
 192 	 (   3 ,  306.000 ,  546.000 ,        0 ,  318.615 ,  420.198 ,    0.000 ,  420.198 ,  423.198 ,   75.615 ,    0.000 ,  101.583 ,   15.074 ,        6 , 	)
  80 	 (   5 ,  281.000 ,  445.459 ,        0 ,  329.316 ,  430.899 ,    0.000 ,  430.899 ,  432.899 ,    0.000 ,    0.000 ,  101.583 ,    0.165 ,        7 , 	)
 210 	 (   3 ,  313.000 ,  553.000 ,        0 ,  342.105 ,  443.689 ,    0.000 ,  443.689 ,  445.689 ,   73.519 ,    0.000 ,  101.583 ,    1.583 ,        8 , 	)
 234 	 (   2 ,  338.000 ,  578.000 ,        0 ,  361.159 ,  462.743 ,    0.000 ,  462.743 ,  463.743 ,   98.247 ,    0.000 ,  101.583 ,    9.977 ,        9 , 	)
 203 	 (   0 ,  354.000 ,  474.000 ,        0 ,  372.417 ,  474.000 ,    0.000 ,  474.000 ,  476.000 ,   41.101 ,    0.000 ,  101.583 ,   10.441 ,       10 , 	)
  44 	 (   1 ,  480.000 ,  660.000 ,        0 ,  384.029 ,  485.613 ,   91.564 ,  577.177 ,  578.177 ,    0.000 ,   82.823 ,   97.177 ,    7.332 ,       11 , 	)
   7 	 (   5 ,  491.000 ,  714.730 ,        0 ,  485.442 ,  582.619 ,    0.000 ,  582.619 ,  586.619 ,    0.000 ,   32.423 ,   91.619 ,    1.331 ,       12 , 	)
  62 	 (   7 ,  600.000 ,  720.000 ,        0 ,  508.381 ,  600.000 ,    0.000 ,  600.000 ,  602.000 ,    0.000 ,    6.708 ,    0.000 ,    1.807 ,       13 , 	)
 167 	 (   6 ,  532.000 ,  712.000 ,        0 ,  615.753 ,  615.753 ,    0.000 ,  615.753 ,  616.753 ,   37.577 ,    6.708 ,    0.000 ,   14.337 ,       14 , 	)
 185 	 (   4 ,  632.574 ,  783.000 ,        0 ,  647.911 ,  647.911 ,    0.000 ,  647.911 ,  649.911 ,   45.911 ,    6.708 ,    0.000 ,    0.000 ,       15 , 	)
 130 	 (   0 ,  565.000 ,  745.000 ,        0 ,  649.911 ,  649.911 ,    0.000 ,  649.911 ,  653.911 ,   63.292 ,    6.708 ,    0.000 ,    0.000 ,       16 , 	)
 247 	 (   0 ,    0.000 , 1440.000 ,        0 ,  657.992 ,  657.992 ,    0.000 ,  657.992 ,  657.992 ,    0.000 ,  782.008 ,    0.000 ,    0.000 ,       17 , 	)
