8
	VALUE ALL : ( Cost : 3083.194 , TRT : 2980.463 , TWT : 418.271 , TD : 4266.140 )
	VIOLATIONS TOTAL : ( VC :       0 , VTW :   0.000 , VTD :   0.000 , VTRT :   0.000 )
 	COUT_ALL : (   0.002 )  T2B:   28801

	22 sommets 
	values : ( Cost : 563.489 , TRT : 476.705 , TWT :  11.029 , TD : 859.452 )
	violations : ( VC :       0 , VTW :   0.000 , VTD :   0.000 , VTRT :   0.000 )
	cout global : (   0.000	 )
S(i)	 (   C ,     TW0 ,       TW1 ,       VTW ,       Min ,       A ,       W ,       B ,       D ,       L ,       F ,       E ,       Det ,       [Imp ,       Imp]	)
   0 	 (   0 ,    0.000 , 1440.000 ,        0 ,    0.000 ,  646.041 ,    0.000 ,  646.041 ,  646.041 ,    0.000 ,    0.000 ,  646.041 ,    0.000 ,        0 , 	)
  30 	 (   2 ,  540.000 ,  720.000 ,        0 ,   41.575 ,  687.617 ,    0.000 ,  687.617 ,  689.617 ,    0.000 ,    0.000 ,  147.617 ,   77.038 ,        1 , 	)
   2 	 (   3 ,  720.000 ,  840.000 ,        0 ,  588.433 ,  736.050 ,    0.000 ,  736.050 ,  737.050 ,    0.000 ,    0.000 ,   16.050 ,    3.356 ,        2 , 	)
   8 	 (   4 ,  720.000 ,  960.000 ,        0 ,  727.740 ,  743.789 ,    0.000 ,  743.789 ,  744.789 ,    0.000 ,    0.000 ,   16.050 ,    7.259 ,        3 , 	)
  85 	 (   2 ,  648.000 ,  888.000 ,        0 ,  736.860 ,  752.910 ,    0.000 ,  752.910 ,  754.910 ,   63.293 ,    0.000 ,   16.050 ,    7.526 ,        4 , 	)
  24 	 (   5 ,  720.000 ,  960.000 ,        0 ,  744.184 ,  760.234 ,    0.000 ,  760.234 ,  763.234 ,    0.000 ,    0.000 ,   16.050 ,    2.386 ,        5 , 	)
  57 	 (   4 ,  741.089 ,  895.000 ,        0 ,  758.046 ,  774.095 ,    0.000 ,  774.095 ,  775.095 ,   37.046 ,    0.000 ,   16.050 ,    4.004 ,        6 , 	)
  41 	 (   8 ,  720.000 ,  960.000 ,        0 ,  767.956 ,  784.006 ,    0.000 ,  784.006 ,  788.006 ,    0.000 ,    0.000 ,   16.050 ,   14.571 ,        7 , 	)
  96 	 (   4 ,  741.000 ,  981.000 ,        0 ,  780.709 ,  796.759 ,    0.000 ,  796.759 ,  800.759 ,    8.753 ,    0.000 ,   16.050 ,    1.134 ,        8 , 	)
  50 	 (   8 ,  720.000 ,  900.000 ,        0 ,  787.997 ,  804.047 ,    0.000 ,  804.047 ,  808.047 ,    0.000 ,    0.000 ,   16.050 ,    0.056 ,        9 , 	)
 105 	 (   4 ,  760.000 ,  994.000 ,        0 ,  825.660 ,  841.710 ,    0.000 ,  841.710 ,  845.710 ,   33.663 ,    0.000 ,   16.050 ,   15.424 ,       10 , 	)
  10 	 (   5 ,  791.000 ,  896.298 ,        0 ,  871.790 ,  887.840 ,    0.000 ,  887.840 ,  888.840 ,    0.000 ,    0.000 ,   16.050 ,   25.940 ,       11 , 	)
  65 	 (   4 ,  864.000 ,  924.000 ,        0 ,  899.492 ,  915.542 ,    0.000 ,  915.542 ,  916.542 ,   26.702 ,    0.000 ,   16.050 ,   17.232 ,       12 , 	)
  31 	 (   6 ,  720.000 ,  960.000 ,        0 ,  943.950 ,  960.000 ,    0.000 ,  960.000 ,  962.000 ,    0.000 ,   -0.000 ,   16.050 ,   30.014 ,       13 , 	)
  14 	 (   7 ,  964.000 , 1200.000 ,        0 ,  960.641 ,  976.690 ,    7.037 ,  983.727 ,  984.727 ,    0.000 ,    0.000 ,   19.727 ,   29.380 ,       14 , 	)
  63 	 (   6 ,  985.000 , 1105.000 ,        0 ,  979.690 ,  999.417 ,    0.000 ,  999.417 , 1000.417 ,  254.628 ,    0.000 ,   14.417 ,    5.365 ,       15 , 	)
  79 	 (   3 ,  951.000 , 1131.000 ,        0 , 1000.985 , 1015.402 ,    0.000 , 1015.402 , 1018.402 ,  252.168 ,    0.000 ,   14.417 ,    0.539 ,       16 , 	)
  86 	 (   1 ,  807.000 , 1047.000 ,        0 , 1032.583 , 1047.000 ,    0.000 , 1047.000 , 1049.000 ,   85.000 ,    0.000 ,   14.417 ,    1.392 ,       17 , 	)
  69 	 (   0 , 1065.000 , 1245.000 ,        0 , 1048.481 , 1062.898 ,    2.102 , 1065.000 , 1066.000 ,   80.273 ,   19.727 ,    0.000 ,    5.978 ,       18 , 	)
   7 	 (   2 , 1080.000 , 1200.000 ,        0 , 1078.109 , 1078.109 ,    1.891 , 1080.000 , 1082.000 ,    0.000 ,  120.000 ,    0.000 ,   20.609 ,       19 , 	)
  62 	 (   0 , 1099.926 , 1250.000 ,        0 , 1099.926 , 1099.926 ,    0.000 , 1099.926 , 1101.926 ,   17.926 ,   30.074 ,    0.000 ,    3.026 ,       20 , 	)
 111 	 (   0 ,    0.000 , 1440.000 ,        0 , 1122.747 , 1122.747 ,    0.000 , 1122.747 , 1122.747 ,    0.000 ,  317.253 ,   -0.000 ,    0.000 ,       21 , 	)

	10 sommets 
	values : ( Cost : 232.609 , TRT : 194.894 , TWT :   0.000 , TD : 272.598 )
	violations : ( VC :       0 , VTW :   0.000 , VTD :   0.000 , VTRT :   0.000 )
	cout global : (   0.000	 )
S(i)	 (   C ,     TW0 ,       TW1 ,       VTW ,       Min ,       A ,       W ,       B ,       D ,       L ,       F ,       E ,       Det ,       [Imp ,       Imp]	)
   0 	 (   0 ,    0.000 , 1440.000 ,        0 ,    0.000 ,  795.296 ,    0.000 ,  795.296 ,  795.296 ,    0.000 ,   27.307 ,  795.296 ,    0.000 ,        0 , 	)
  36 	 (   3 ,  780.000 ,  960.000 ,        0 ,   17.716 ,  813.012 ,    0.000 ,  813.012 ,  816.012 ,    0.000 ,   27.307 ,   33.012 ,    0.000 ,        1 , 	)
  29 	 (   4 ,  720.000 ,  960.000 ,        0 ,  783.000 ,  816.012 ,    0.000 ,  816.012 ,  817.012 ,    0.000 ,   27.307 ,   33.012 ,    0.000 ,        2 , 	)
  21 	 (   7 ,  840.000 ,  900.000 ,        0 ,  806.988 ,  840.000 ,    0.000 ,  840.000 ,  843.000 ,    0.000 ,   27.307 ,    0.000 ,   13.895 ,        3 , 	)
  84 	 (   6 ,  847.000 , 1027.000 ,        0 ,  882.763 ,  882.763 ,    0.000 ,  882.763 ,  883.763 ,   65.751 ,   27.307 ,    0.000 ,    1.223 ,        4 , 	)
  91 	 (   3 ,  882.000 , 1122.000 ,        0 ,  889.116 ,  889.116 ,    0.000 ,  889.116 ,  892.116 ,   73.104 ,   27.307 ,    0.000 ,    8.711 ,        5 , 	)
   9 	 (   6 ,  731.000 ,  955.629 ,        0 ,  906.123 ,  906.123 ,    0.000 ,  906.123 ,  909.123 ,    0.000 ,   27.307 ,    0.000 ,    4.089 ,        6 , 	)
  76 	 (   3 ,  888.917 , 1026.000 ,        0 ,  928.173 ,  928.173 ,    0.000 ,  928.173 ,  931.173 ,   85.173 ,   22.430 ,    0.000 ,   19.198 ,        7 , 	)
  64 	 (   0 ,  805.000 ,  985.000 ,        0 ,  957.693 ,  957.693 ,    0.000 ,  957.693 ,  960.693 ,   48.570 ,   22.430 ,    0.000 ,    2.853 ,        8 , 	)
 111 	 (   0 ,    0.000 , 1440.000 ,        0 ,  990.190 ,  990.190 ,    0.000 ,  990.190 ,  990.190 ,    0.000 ,  449.810 ,    0.000 ,    0.000 ,        9 , 	)

	16 sommets 
	values : ( Cost : 455.572 , TRT : 470.100 , TWT :  95.565 , TD : 546.167 )
	violations : ( VC :       0 , VTW :   0.000 , VTD :   0.000 , VTRT :   0.000 )
	cout global : (   0.000	 )
S(i)	 (   C ,     TW0 ,       TW1 ,       VTW ,       Min ,       A ,       W ,       B ,       D ,       L ,       F ,       E ,       Det ,       [Imp ,       Imp]	)
   0 	 (   0 ,    0.000 , 1440.000 ,        0 ,    0.000 ,  662.307 ,    0.000 ,  662.307 ,  662.307 ,    0.000 ,    0.000 ,  662.307 ,    0.000 ,        0 , 	)
  52 	 (   1 ,  480.000 ,  720.000 ,        0 ,   18.487 ,  680.794 ,    0.000 ,  680.794 ,  681.794 ,    0.000 ,    0.000 ,  200.794 ,   22.923 ,        1 , 	)
 107 	 (   0 ,  554.000 ,  794.000 ,        0 ,  518.206 ,  719.000 ,    0.000 ,  719.000 ,  720.000 ,   37.206 ,    0.000 ,  165.000 ,    0.000 ,        2 , 	)
  19 	 (   2 ,  483.000 ,  720.000 ,        0 ,  555.000 ,  720.000 ,    0.000 ,  720.000 ,  722.000 ,    0.000 ,    0.000 ,  165.000 ,    0.000 ,        3 , 	)
  40 	 (   3 ,  720.000 ,  960.000 ,        0 ,  562.035 ,  727.035 ,    6.834 ,  733.869 ,  734.869 ,    0.000 ,    0.000 ,   13.869 ,    0.805 ,        4 , 	)
  74 	 (   1 ,  590.000 ,  770.000 ,        0 ,  756.131 ,  770.000 ,    0.000 ,  770.000 ,  772.000 ,   48.000 ,    0.000 ,   13.869 ,   21.259 ,        5 , 	)
  22 	 (   3 ,  720.000 ,  960.000 ,        0 ,  803.902 ,  817.771 ,    3.905 ,  821.676 ,  823.676 ,    0.000 ,    0.000 ,   17.774 ,   27.044 ,        6 , 	)
  95 	 (   2 ,  838.000 , 1018.000 ,        0 ,  835.095 ,  852.869 ,    0.000 ,  852.869 ,  853.869 ,  118.000 ,    0.000 ,   14.869 ,    3.877 ,        7 , 	)
   6 	 (   5 ,  720.000 ,  900.000 ,        0 ,  844.367 ,  859.236 ,   40.764 ,  900.000 ,  903.000 ,    0.000 ,    0.000 ,   55.633 ,    0.000 ,        8 , 	)
  61 	 (   2 ,  778.000 ,  958.000 ,        0 ,  875.544 ,  931.177 ,    0.000 ,  931.177 ,  934.177 ,   28.177 ,   26.823 ,   55.633 ,    1.725 ,        9 , 	)
  46 	 (   6 ,  960.000 , 1200.000 ,        0 ,  907.676 ,  963.309 ,   44.062 , 1007.371 , 1011.371 ,    0.000 ,    4.968 ,   47.371 ,   35.141 ,       10 , 	)
  77 	 (   4 ,  891.000 , 1131.000 ,        0 ,  998.336 , 1045.708 ,    0.000 , 1045.708 , 1047.708 ,  222.032 ,    4.968 ,   47.371 ,   16.278 ,       11 , 	)
 101 	 (   0 , 1045.000 , 1285.000 ,        0 , 1023.051 , 1070.423 ,    0.000 , 1070.423 , 1074.423 ,   59.051 ,   49.949 ,   25.423 ,    1.204 ,       12 , 	)
  13 	 (   3 , 1026.000 , 1200.000 ,        0 , 1056.876 , 1082.298 ,    0.000 , 1082.298 , 1085.298 ,    0.000 ,  117.702 ,   25.423 ,    6.041 ,       13 , 	)
  68 	 (   0 , 1119.000 , 1239.000 ,        0 , 1093.577 , 1119.000 ,    0.000 , 1119.000 , 1122.000 ,   33.702 ,   56.298 ,    0.000 ,   19.050 ,       14 , 	)
 111 	 (   0 ,    0.000 , 1440.000 ,        0 , 1132.407 , 1132.407 ,    0.000 , 1132.407 , 1132.407 ,    0.000 ,  307.593 ,    0.000 ,    0.000 ,       15 , 	)

	14 sommets 
	values : ( Cost : 344.308 , TRT : 470.353 , TWT : 181.475 , TD : 414.290 )
	violations : ( VC :       0 , VTW :   0.000 , VTD :   0.000 , VTRT :   0.000 )
	cout global : (   0.000	 )
S(i)	 (   C ,     TW0 ,       TW1 ,       VTW ,       Min ,       A ,       W ,       B ,       D ,       L ,       F ,       E ,       Det ,       [Imp ,       Imp]	)
   0 	 (   0 ,    0.000 , 1440.000 ,        0 ,    0.000 ,  403.011 ,    0.000 ,  403.011 ,  403.011 ,    0.000 ,    0.000 ,  403.011 ,    0.000 ,        0 , 	)
  12 	 (   4 ,  245.000 ,  480.000 ,        0 ,   28.341 ,  431.351 ,    0.000 ,  431.351 ,  435.351 ,    0.000 ,    0.000 ,  186.351 ,   18.808 ,        1 , 	)
  11 	 (   6 ,  300.000 ,  480.000 ,        0 ,  266.281 ,  452.632 ,    0.000 ,  452.632 ,  454.632 ,    0.000 ,    0.000 ,  152.632 ,   15.446 ,        2 , 	)
  33 	 (   7 ,  240.000 ,  480.000 ,        0 ,  322.518 ,  475.150 ,    0.000 ,  475.150 ,  476.150 ,    0.000 ,    0.000 ,  152.632 ,    3.171 ,        3 , 	)
  67 	 (   3 ,  410.000 ,  530.000 ,        0 ,  345.632 ,  498.264 ,    0.000 ,  498.264 ,  502.264 ,   62.913 ,    0.000 ,   88.264 ,   15.265 ,        4 , 	)
  88 	 (   2 ,  271.000 ,  511.000 ,        0 ,  422.736 ,  511.000 ,    0.000 ,  511.000 ,  512.000 ,   34.850 ,    0.000 ,   88.264 ,    2.208 ,        5 , 	)
  66 	 (   0 ,  347.000 ,  584.000 ,        0 ,  441.445 ,  529.709 ,    0.000 ,  529.709 ,  531.709 ,   75.077 ,   26.923 ,   88.264 ,    0.479 ,        6 , 	)
  20 	 (   2 ,  720.000 ,  960.000 ,        0 ,  450.261 ,  538.525 ,  181.475 ,  720.000 ,  722.000 ,    0.000 ,   67.987 ,    0.000 ,    5.009 ,        7 , 	)
   3 	 (   5 ,  720.000 ,  960.000 ,        0 ,  761.068 ,  761.068 ,    0.000 ,  761.068 ,  764.068 ,    0.000 ,    9.475 ,    0.000 ,    6.601 ,        8 , 	)
   5 	 (   8 ,  720.000 ,  840.000 ,        0 ,  772.013 ,  772.013 ,    0.000 ,  772.013 ,  775.013 ,    0.000 ,    9.475 ,    0.000 ,    8.037 ,        9 , 	)
  75 	 (   6 ,  796.000 , 1036.000 ,        0 ,  812.525 ,  812.525 ,    0.000 ,  812.525 ,  814.525 ,   90.525 ,    9.475 ,    0.000 ,    6.926 ,       10 , 	)
  58 	 (   3 ,  816.000 , 1056.000 ,        0 ,  831.262 ,  831.262 ,    0.000 ,  831.262 ,  834.262 ,   67.194 ,   12.268 ,    0.000 ,   12.519 ,       11 , 	)
  60 	 (   0 ,  770.899 ,  939.000 ,        0 ,  858.745 ,  858.745 ,    0.000 ,  858.745 ,  861.745 ,   83.732 ,   12.268 ,    0.000 ,    2.773 ,       12 , 	)
 111 	 (   0 ,    0.000 , 1440.000 ,        0 ,  873.364 ,  873.364 ,    0.000 ,  873.364 ,  873.364 ,    0.000 ,  566.636 ,    0.000 ,    0.000 ,       13 , 	)

	14 sommets 
	values : ( Cost : 387.237 , TRT : 307.156 , TWT :   0.000 , TD : 527.365 )
	violations : ( VC :       0 , VTW :   0.000 , VTD :   0.000 , VTRT :   0.000 )
	cout global : (   0.000	 )
S(i)	 (   C ,     TW0 ,       TW1 ,       VTW ,       Min ,       A ,       W ,       B ,       D ,       L ,       F ,       E ,       Det ,       [Imp ,       Imp]	)
   0 	 (   0 ,    0.000 , 1440.000 ,        0 ,    0.000 ,  255.728 ,    0.000 ,  255.728 ,  255.728 ,    0.000 ,    0.819 ,  255.728 ,    0.000 ,        0 , 	)
  55 	 (   1 ,  240.000 ,  420.000 ,        0 ,   29.353 ,  285.080 ,    0.000 ,  285.080 ,  286.080 ,    0.000 ,    0.819 ,   45.080 ,   10.549 ,        1 , 	)
  16 	 (   2 ,  240.000 ,  420.000 ,        0 ,  272.297 ,  317.377 ,    0.000 ,  317.377 ,  318.377 ,    0.000 ,    0.819 ,   45.080 ,    0.000 ,        2 , 	)
  37 	 (   3 ,  300.000 ,  480.000 ,        0 ,  273.297 ,  318.377 ,    0.000 ,  318.377 ,  319.377 ,    0.000 ,    0.819 ,   18.377 ,    0.000 ,        3 , 	)
 110 	 (   2 ,  311.000 ,  551.000 ,        0 ,  335.334 ,  353.711 ,    0.000 ,  353.711 ,  354.711 ,   67.631 ,    0.819 ,   18.377 ,   13.726 ,        4 , 	)
  92 	 (   1 ,  368.000 ,  548.000 ,        0 ,  349.623 ,  368.000 ,    0.000 ,  368.000 ,  369.000 ,   48.623 ,    0.819 ,    0.000 ,    8.641 ,        5 , 	)
  26 	 (   2 ,  240.000 ,  420.000 ,        0 ,  404.433 ,  404.433 ,    0.000 ,  404.433 ,  405.433 ,    0.000 ,    0.819 ,    0.000 ,    0.000 ,        6 , 	)
   1 	 (   5 ,  240.000 ,  420.000 ,        0 ,  405.433 ,  405.433 ,    0.000 ,  405.433 ,  408.433 ,    0.000 ,    0.819 ,    0.000 ,    0.000 ,        7 , 	)
  81 	 (   4 ,  266.540 ,  472.000 ,        0 ,  433.973 ,  433.973 ,    0.000 ,  433.973 ,  434.973 ,   28.540 ,    0.819 ,    0.000 ,   16.650 ,        8 , 	)
  32 	 (   5 ,  360.000 ,  480.000 ,        0 ,  466.403 ,  466.403 ,    0.000 ,  466.403 ,  467.403 ,    0.000 ,    0.819 ,    0.000 ,    5.602 ,        9 , 	)
  71 	 (   4 ,  408.000 ,  588.000 ,        0 ,  502.262 ,  502.262 ,    0.000 ,  502.262 ,  503.262 ,  183.885 ,    0.819 ,    0.000 ,   28.220 ,       10 , 	)
  56 	 (   1 ,  352.000 ,  532.000 ,        0 ,  531.181 ,  531.181 ,    0.000 ,  531.181 ,  534.181 ,  122.748 ,    0.819 ,    0.000 ,    1.697 ,       11 , 	)
  87 	 (   0 ,  444.000 ,  564.000 ,        0 ,  543.342 ,  543.342 ,    0.000 ,  543.342 ,  544.342 ,   75.939 ,   20.658 ,    0.000 ,   -1.795 ,       12 , 	)
 111 	 (   0 ,    0.000 , 1440.000 ,        0 ,  562.883 ,  562.883 ,    0.000 ,  562.883 ,  562.883 ,    0.000 ,  877.117 ,    0.000 ,    0.000 ,       13 , 	)

	8 sommets 
	values : ( Cost : 199.042 , TRT : 163.656 , TWT :   0.000 , TD : 118.105 )
	violations : ( VC :       0 , VTW :   0.000 , VTD :   0.000 , VTRT :   0.000 )
	cout global : (   0.000	 )
S(i)	 (   C ,     TW0 ,       TW1 ,       VTW ,       Min ,       A ,       W ,       B ,       D ,       L ,       F ,       E ,       Det ,       [Imp ,       Imp]	)
   0 	 (   0 ,    0.000 , 1440.000 ,        0 ,    0.000 ,  326.034 ,    0.000 ,  326.034 ,  326.034 ,    0.000 ,   41.149 ,  326.034 ,    0.000 ,        0 , 	)
  53 	 (   1 ,  300.000 ,  480.000 ,        0 ,   10.407 ,  336.441 ,    0.000 ,  336.441 ,  337.441 ,    0.000 ,   41.149 ,   36.441 ,    2.323 ,        1 , 	)
  15 	 (   4 ,  272.000 ,  458.805 ,        0 ,  341.559 ,  378.000 ,    0.000 ,  378.000 ,  381.000 ,    0.000 ,   41.149 ,   36.441 ,    0.000 ,        2 , 	)
 108 	 (   3 ,  381.000 ,  561.000 ,        0 ,  344.559 ,  381.000 ,    0.000 ,  381.000 ,  382.000 ,   43.559 ,   41.149 ,    0.000 ,    0.000 ,        3 , 	)
  70 	 (   0 ,  382.000 ,  502.000 ,        0 ,  422.195 ,  422.195 ,    0.000 ,  422.195 ,  425.195 ,   41.195 ,   41.149 ,    0.000 ,   -0.012 ,        4 , 	)
  34 	 (   3 ,  240.000 ,  480.000 ,        0 ,  438.851 ,  438.851 ,    0.000 ,  438.851 ,  441.851 ,    0.000 ,   41.149 ,    0.000 ,   23.180 ,        5 , 	)
  89 	 (   0 ,  309.000 ,  549.000 ,        0 ,  475.202 ,  475.202 ,    0.000 ,  475.202 ,  478.202 ,   33.350 ,   55.650 ,    0.000 ,    5.613 ,        6 , 	)
 111 	 (   0 ,    0.000 , 1440.000 ,        0 ,  489.689 ,  489.689 ,    0.000 ,  489.689 ,  489.689 ,    0.000 ,  950.311 ,    0.000 ,    0.000 ,        7 , 	)

	20 sommets 
	values : ( Cost : 449.271 , TRT : 454.708 , TWT :  62.910 , TD : 591.059 )
	violations : ( VC :       0 , VTW :   0.000 , VTD :   0.000 , VTRT :   0.000 )
	cout global : (   0.000	 )
S(i)	 (   C ,     TW0 ,       TW1 ,       VTW ,       Min ,       A ,       W ,       B ,       D ,       L ,       F ,       E ,       Det ,       [Imp ,       Imp]	)
   0 	 (   0 ,    0.000 , 1440.000 ,        0 ,    0.000 ,  745.625 ,    0.000 ,  745.625 ,  745.625 ,    0.000 ,    0.000 ,  745.625 ,    0.000 ,        0 , 	)
  35 	 (   4 ,  720.000 ,  960.000 ,        0 ,    4.832 ,  750.456 ,    0.000 ,  750.456 ,  754.456 ,    0.000 ,    0.000 ,   30.456 ,    2.133 ,        1 , 	)
  23 	 (   8 ,  720.000 ,  960.000 ,        0 ,  741.089 ,  771.545 ,    0.000 ,  771.545 ,  775.545 ,    0.000 ,    0.000 ,   30.456 ,    1.328 ,        2 , 	)
  78 	 (   4 ,  772.000 , 1012.000 ,        0 ,  769.898 ,  800.354 ,    0.000 ,  800.354 ,  804.354 ,   24.809 ,    0.000 ,   28.354 ,    0.000 ,        3 , 	)
  90 	 (   0 ,  804.000 , 1044.000 ,        0 ,  776.000 ,  804.354 ,    0.000 ,  804.354 ,  808.354 ,   49.898 ,    0.000 ,    0.354 ,    0.000 ,        4 , 	)
  45 	 (   4 ,  780.000 ,  840.000 ,        0 ,  818.680 ,  819.034 ,    0.000 ,  819.034 ,  823.034 ,    0.000 ,    0.000 ,    0.354 ,   15.468 ,        5 , 	)
  25 	 (   7 ,  780.000 ,  900.000 ,        0 ,  843.378 ,  843.732 ,    0.000 ,  843.732 ,  846.732 ,    0.000 ,    0.000 ,    0.354 ,   13.432 ,        6 , 	)
   4 	 (   8 ,  720.000 ,  960.000 ,        0 ,  863.127 ,  863.481 ,    0.000 ,  863.481 ,  864.481 ,    0.000 ,    0.000 ,    0.354 ,    3.372 ,        7 , 	)
 100 	 (   4 ,  884.000 , 1004.000 ,        0 ,  904.799 ,  905.153 ,    0.000 ,  905.153 ,  909.153 ,   82.120 ,    0.000 ,    0.354 ,    1.944 ,        8 , 	)
  59 	 (   3 ,  824.000 , 1064.000 ,        0 ,  922.088 ,  922.442 ,    0.000 ,  922.442 ,  923.442 ,   57.961 ,    0.000 ,    0.354 ,   14.668 ,        9 , 	)
  80 	 (   0 ,  831.311 , 1032.000 ,        0 ,  937.808 ,  938.162 ,    0.000 ,  938.162 ,  941.162 ,   91.429 ,    0.000 ,    0.354 ,    0.000 ,       10 , 	)
  49 	 (   4 ,  720.000 ,  960.000 ,        0 ,  940.808 ,  941.162 ,    0.000 ,  941.162 ,  945.162 ,    0.000 ,    0.000 ,    0.354 ,    0.000 ,       11 , 	)
  42 	 (   7 ,  736.000 ,  953.856 ,        0 ,  953.502 ,  953.856 ,    0.000 ,  953.856 ,  956.856 ,    0.000 ,    0.000 ,    0.354 ,    9.068 ,       12 , 	)
  97 	 (   4 ,  814.000 ,  994.000 ,        0 ,  993.646 ,  994.000 ,    0.000 ,  994.000 ,  997.000 ,   37.144 ,    0.000 ,    0.354 ,   15.819 ,       13 , 	)
  28 	 (   5 , 1022.000 , 1200.000 ,        0 , 1023.089 , 1023.443 ,    0.625 , 1024.068 , 1025.068 ,    0.000 ,    0.000 ,    0.979 ,   17.777 ,       14 , 	)
 104 	 (   1 ,  872.000 , 1052.000 ,        0 , 1051.021 , 1052.000 ,    0.000 , 1052.000 , 1056.000 ,  106.838 ,   -0.000 ,    0.979 ,   -0.640 ,       15 , 	)
  83 	 (   0 , 1131.000 , 1251.000 ,        0 , 1067.736 , 1068.715 ,   62.285 , 1131.000 , 1132.000 ,  105.932 ,    2.068 ,    0.000 ,    6.705 ,       16 , 	)
  47 	 (   3 ,  966.000 , 1200.000 ,        0 , 1148.435 , 1148.435 ,    0.000 , 1148.435 , 1151.435 ,    0.000 ,   51.565 ,   -0.000 ,   12.131 ,       17 , 	)
 102 	 (   0 , 1062.000 , 1242.000 ,        0 , 1186.362 , 1186.362 ,    0.000 , 1186.362 , 1189.362 ,   34.928 ,   55.638 ,   -0.000 ,   15.457 ,       18 , 	)
 111 	 (   0 ,    0.000 , 1440.000 ,        0 , 1200.332 , 1200.332 ,    0.000 , 1200.332 , 1200.332 ,    0.000 ,  239.668 ,   -0.000 ,    0.000 ,       19 , 	)

	22 sommets 
	values : ( Cost : 451.666 , TRT : 442.891 , TWT :  67.292 , TD : 937.105 )
	violations : ( VC :       0 , VTW :   0.000 , VTD :   0.000 , VTRT :   0.000 )
	cout global : (   0.000	 )
S(i)	 (   C ,     TW0 ,       TW1 ,       VTW ,       Min ,       A ,       W ,       B ,       D ,       L ,       F ,       E ,       Det ,       [Imp ,       Imp]	)
   0 	 (   0 ,    0.000 , 1440.000 ,        0 ,    0.000 ,  249.020 ,    0.000 ,  249.020 ,  249.020 ,    0.000 ,    0.000 ,  249.020 ,    0.000 ,        0 , 	)
  43 	 (   1 ,  240.000 ,  420.000 ,        0 ,   35.268 ,  284.289 ,    0.000 ,  284.289 ,  285.289 ,    0.000 ,    0.000 ,   44.289 ,    6.571 ,        1 , 	)
  48 	 (   4 ,  240.000 ,  420.000 ,        0 ,  255.647 ,  299.936 ,    0.000 ,  299.936 ,  302.936 ,    0.000 ,    0.000 ,   44.289 ,   21.213 ,        2 , 	)
  51 	 (   6 ,  267.000 ,  405.847 ,        0 ,  287.718 ,  332.007 ,    0.000 ,  332.007 ,  334.007 ,    0.000 ,    0.000 ,   44.289 ,    3.107 ,        3 , 	)
  18 	 (   7 ,  243.000 ,  480.000 ,        0 ,  304.499 ,  348.787 ,    0.000 ,  348.787 ,  349.787 ,    0.000 ,    0.000 ,   44.289 ,    2.850 ,        4 , 	)
 103 	 (   4 ,  301.000 ,  541.000 ,        0 ,  311.989 ,  356.277 ,    0.000 ,  356.277 ,  359.277 ,   53.341 ,    0.000 ,   44.289 ,   -5.802 ,        5 , 	)
  98 	 (   3 ,  309.000 ,  549.000 ,        0 ,  328.075 ,  372.364 ,    0.000 ,  372.364 ,  373.364 ,   87.075 ,    0.000 ,   44.289 ,    3.326 ,        6 , 	)
  54 	 (   4 ,  300.000 ,  480.000 ,        0 ,  336.311 ,  380.599 ,    0.000 ,  380.599 ,  381.599 ,    0.000 ,    0.000 ,   44.289 ,    1.256 ,        7 , 	)
  39 	 (   5 ,  240.000 ,  480.000 ,        0 ,  352.155 ,  396.444 ,    0.000 ,  396.444 ,  397.444 ,    0.000 ,    0.000 ,   44.289 ,   18.065 ,        8 , 	)
  73 	 (   4 ,  346.000 ,  526.000 ,        0 ,  364.705 ,  408.994 ,    0.000 ,  408.994 ,  409.994 ,   59.207 ,    0.000 ,   44.289 ,    1.179 ,        9 , 	)
  17 	 (   6 ,  240.000 ,  480.000 ,        0 ,  371.117 ,  415.406 ,    0.000 ,  415.406 ,  417.406 ,    0.000 ,    0.000 ,   44.289 ,    4.929 ,       10 , 	)
 106 	 (   4 ,  395.000 ,  455.000 ,        0 ,  410.711 ,  455.000 ,    0.000 ,  455.000 ,  457.000 ,  120.993 ,   -0.000 ,   44.289 ,    6.447 ,       11 , 	)
  38 	 (   5 ,  300.000 ,  480.000 ,        0 ,  435.338 ,  479.626 ,    0.374 ,  480.000 ,  481.000 ,    0.000 ,    0.000 ,   44.662 ,    0.000 ,       12 , 	)
  27 	 (   7 ,  508.000 ,  705.387 ,        0 ,  436.338 ,  481.000 ,   31.033 ,  512.033 ,  514.033 ,    0.000 ,    0.000 ,    4.033 ,    0.000 ,       13 , 	)
  72 	 (   5 ,  346.000 ,  586.000 ,        0 ,  515.409 ,  519.442 ,    0.000 ,  519.442 ,  521.442 ,  102.036 ,    0.000 ,    4.033 ,    2.791 ,       14 , 	)
  94 	 (   4 ,  444.000 ,  624.000 ,        0 ,  526.911 ,  530.944 ,    0.000 ,  530.944 ,  531.944 ,  133.500 ,    0.000 ,    4.033 ,    2.024 ,       15 , 	)
  93 	 (   3 ,  367.000 ,  547.000 ,        0 ,  542.967 ,  547.000 ,    0.000 ,  547.000 ,  548.000 ,   66.000 ,    0.000 ,    4.033 ,    3.405 ,       16 , 	)
 109 	 (   2 ,  447.000 ,  627.000 ,        0 ,  553.063 ,  557.096 ,    0.000 ,  557.096 ,  558.096 ,  175.497 ,   39.919 ,    4.033 ,    5.300 ,       17 , 	)
  82 	 (   0 ,  634.000 ,  754.000 ,        0 ,  594.081 ,  598.114 ,   35.886 ,  634.000 ,  636.000 ,  119.967 ,    4.033 ,    0.000 ,   35.522 ,       18 , 	)
  44 	 (   4 ,  480.000 ,  720.000 ,        0 ,  654.017 ,  654.017 ,    0.000 ,  654.017 ,  658.017 ,    0.000 ,   65.983 ,    0.000 ,   -1.127 ,       19 , 	)
  99 	 (   0 ,  522.000 ,  762.000 ,        0 ,  677.505 ,  677.505 ,    0.000 ,  677.505 ,  681.505 ,   19.488 ,   32.512 ,    0.000 ,   11.480 ,       20 , 	)
 111 	 (   0 ,    0.000 , 1440.000 ,        0 ,  691.911 ,  691.911 ,    0.000 ,  691.911 ,  691.911 ,    0.000 ,  748.089 ,    0.000 ,    0.000 ,       21 , 	)
