11
	VALUE ALL : ( Cost : 3719.970 , TRT : 3782.127 , TWT : 615.157 , TD : 5379.638 )
	VIOLATIONS TOTAL : ( VC :       0 , VTW :   0.000 , VTD :   0.000 , VTRT :   0.000 )
 	COUT_ALL : (   0.003 )  T2B:   37801

	26 sommets 
	values : ( Cost : 421.293 , TRT : 430.694 , TWT :  67.932 , TD : 764.861 )
	violations : ( VC :       0 , VTW :   0.000 , VTD :   0.000 , VTRT :   0.000 )
	cout global : (   0.000	 )
S(i)	 (   C ,     TW0 ,       TW1 ,       VTW ,       Min ,       A ,       W ,       B ,       D ,       L ,       F ,       E ,       Det ,       [Imp ,       Imp]	)
   0 	 (   0 ,    0.000 , 1440.000 ,        0 ,    0.000 ,  324.072 ,    0.000 ,  324.072 ,  324.072 ,    0.000 ,    0.000 ,  324.072 ,    0.000 ,        0 , 	)
  55 	 (   1 ,  240.000 ,  420.000 ,        0 ,   21.978 ,  346.050 ,    0.000 ,  346.050 ,  347.050 ,    0.000 ,    0.000 ,  106.050 ,    1.475 ,        1 , 	)
  14 	 (   5 ,  240.000 ,  480.000 ,        0 ,  247.960 ,  354.011 ,    0.000 ,  354.011 ,  358.011 ,    0.000 ,    0.000 ,  106.050 ,    2.875 ,        2 , 	)
  32 	 (   6 ,  300.000 ,  480.000 ,        0 ,  260.856 ,  366.907 ,    0.000 ,  366.907 ,  367.907 ,    0.000 ,    0.000 ,   66.907 ,    2.580 ,        3 , 	)
  47 	 (   7 ,  240.000 ,  480.000 ,        0 ,  310.737 ,  377.644 ,    0.000 ,  377.644 ,  378.644 ,    0.000 ,    0.000 ,   66.907 ,   13.189 ,        4 , 	)
 101 	 (   3 ,  280.000 ,  520.000 ,        0 ,  325.029 ,  391.935 ,    0.000 ,  391.935 ,  395.935 ,   33.925 ,    0.000 ,   66.907 ,    4.532 ,        5 , 	)
 119 	 (   2 ,  323.566 ,  542.000 ,        0 ,  343.099 ,  410.005 ,    0.000 ,  410.005 ,  411.005 ,   42.098 ,    0.000 ,   66.907 ,   -1.757 ,        6 , 	)
 142 	 (   1 ,  282.000 ,  517.000 ,        0 ,  356.044 ,  422.951 ,    0.000 ,  422.951 ,  423.951 ,   75.901 ,    0.000 ,   66.907 ,  -25.900 ,        7 , 	)
  10 	 (   3 ,  240.000 ,  480.000 ,        0 ,  395.292 ,  462.198 ,    0.000 ,  462.198 ,  464.198 ,    0.000 ,    0.000 ,   66.907 ,   23.009 ,        8 , 	)
  34 	 (   6 ,  240.000 ,  480.000 ,        0 ,  409.093 ,  476.000 ,    0.000 ,  476.000 ,  479.000 ,    0.000 ,    0.000 ,   66.907 ,    0.000 ,        9 , 	)
 134 	 (   5 ,  374.000 ,  614.000 ,        0 ,  412.093 ,  479.000 ,    0.000 ,  479.000 ,  480.000 ,  100.356 ,    0.000 ,   66.907 ,    0.000 ,       10 , 	)
  59 	 (   8 ,  240.000 ,  480.000 ,        0 ,  413.093 ,  480.000 ,    0.000 ,  480.000 ,  483.000 ,    0.000 ,    0.000 ,   66.907 ,    0.000 ,       11 , 	)
  97 	 (   6 ,  338.000 ,  578.000 ,        0 ,  446.140 ,  513.047 ,    0.000 ,  513.047 ,  515.047 ,   48.848 ,   16.516 ,   66.907 ,   -1.895 ,       12 , 	)
 121 	 (   3 ,  367.000 ,  547.000 ,        0 ,  463.577 ,  530.484 ,    0.000 ,  530.484 ,  533.484 ,   51.484 ,   16.516 ,   66.907 ,    0.675 ,       13 , 	)
  22 	 (   4 ,  503.000 ,  706.101 ,        0 ,  472.744 ,  539.651 ,   26.024 ,  565.675 ,  566.675 ,    0.000 ,    0.000 ,   62.675 ,   11.648 ,       14 , 	)
 146 	 (   1 ,  341.000 ,  581.000 ,        0 ,  518.325 ,  581.000 ,    0.000 ,  581.000 ,  584.000 ,   98.000 ,    0.000 ,   62.675 ,    3.031 ,       15 , 	)
  82 	 (   4 ,  516.000 ,  692.217 ,        0 ,  542.233 ,  604.908 ,   41.908 ,  646.817 ,  649.817 ,    0.000 ,   10.702 ,  104.583 ,    0.000 ,       16 , 	)
  86 	 (   6 ,  486.000 ,  720.000 ,        0 ,  545.233 ,  649.817 ,    0.000 ,  649.817 ,  651.817 ,    0.000 ,   10.702 ,  104.583 ,    0.000 ,       17 , 	)
   4 	 (   7 ,  480.000 ,  720.000 ,        0 ,  559.635 ,  664.219 ,    0.000 ,  664.219 ,  665.219 ,    0.000 ,   10.702 ,  104.583 ,   21.145 ,       18 , 	)
 109 	 (   6 ,  680.000 ,  740.000 ,        0 ,  575.417 ,  680.000 ,    0.000 ,  680.000 ,  681.000 ,  113.325 ,   10.702 ,    0.000 ,    0.000 ,       19 , 	)
  91 	 (   5 ,  510.000 ,  750.000 ,        0 ,  681.000 ,  681.000 ,    0.000 ,  681.000 ,  682.000 ,   15.781 ,   10.702 ,    0.000 ,    0.000 ,       20 , 	)
  63 	 (   6 ,  480.000 ,  720.000 ,        0 ,  689.109 ,  689.109 ,    0.000 ,  689.109 ,  690.109 ,    0.000 ,   10.702 ,    0.000 ,    0.817 ,       21 , 	)
 169 	 (   3 ,  609.000 ,  729.000 ,        0 ,  718.298 ,  718.298 ,    0.000 ,  718.298 ,  721.298 ,   68.481 ,   10.702 ,    0.000 ,    0.000 ,       22 , 	)
 173 	 (   1 ,  578.000 ,  758.000 ,        0 ,  721.298 ,  721.298 ,    0.000 ,  721.298 ,  723.298 ,   69.481 ,   20.519 ,    0.000 ,    0.000 ,       23 , 	)
 150 	 (   0 ,  538.000 ,  778.000 ,        0 ,  737.289 ,  737.289 ,    0.000 ,  737.289 ,  738.289 ,   47.180 ,   29.820 ,    0.000 ,    5.334 ,       24 , 	)
 175 	 (   0 ,    0.000 , 1440.000 ,        0 ,  754.766 ,  754.766 ,    0.000 ,  754.766 ,  754.766 ,    0.000 ,  685.234 ,    0.000 ,    0.000 ,       25 , 	)

	16 sommets 
	values : ( Cost : 237.260 , TRT : 206.391 , TWT :   0.000 , TD : 387.119 )
	violations : ( VC :       0 , VTW :   0.000 , VTD :   0.000 , VTRT :   0.000 )
	cout global : (   0.000	 )
S(i)	 (   C ,     TW0 ,       TW1 ,       VTW ,       Min ,       A ,       W ,       B ,       D ,       L ,       F ,       E ,       Det ,       [Imp ,       Imp]	)
   0 	 (   0 ,    0.000 , 1440.000 ,        0 ,    0.000 ,  278.553 ,    0.000 ,  278.553 ,  278.553 ,    0.000 ,   57.345 ,  278.553 ,    0.000 ,        0 , 	)
  13 	 (   1 ,  240.000 ,  480.000 ,        0 ,   16.022 ,  294.575 ,    0.000 ,  294.575 ,  295.575 ,    0.000 ,   57.345 ,   54.575 ,   -2.879 ,        1 , 	)
  42 	 (   4 ,  280.000 ,  446.901 ,        0 ,  251.066 ,  305.641 ,    0.000 ,  305.641 ,  308.641 ,    0.000 ,   15.087 ,   25.641 ,    2.809 ,        2 , 	)
 100 	 (   3 ,  274.000 ,  514.000 ,        0 ,  295.847 ,  321.488 ,    0.000 ,  321.488 ,  322.488 ,   25.913 ,   15.087 ,   25.641 ,    3.839 ,        3 , 	)
   8 	 (   5 ,  300.000 ,  480.000 ,        0 ,  307.359 ,  333.001 ,    0.000 ,  333.001 ,  335.001 ,    0.000 ,   25.641 ,   25.641 ,    3.434 ,        4 , 	)
 129 	 (   2 ,  358.000 ,  478.000 ,        0 ,  332.359 ,  358.000 ,    0.000 ,  358.000 ,  361.000 ,   49.359 ,   18.677 ,    0.000 ,    0.000 ,        5 , 	)
  19 	 (   3 ,  300.000 ,  480.000 ,        0 ,  361.000 ,  361.000 ,    0.000 ,  361.000 ,  362.000 ,    0.000 ,   18.677 ,    0.000 ,    0.000 ,        6 , 	)
  58 	 (   5 ,  240.000 ,  480.000 ,        0 ,  362.000 ,  362.000 ,    0.000 ,  362.000 ,  364.000 ,    0.000 ,   18.677 ,    0.000 ,    0.000 ,        7 , 	)
  26 	 (   8 ,  258.000 ,  470.081 ,        0 ,  383.599 ,  383.599 ,    0.000 ,  383.599 ,  386.599 ,    0.000 ,   18.677 ,    0.000 ,    1.263 ,        8 , 	)
  95 	 (   6 ,  340.000 ,  574.000 ,        0 ,  408.324 ,  408.324 ,    0.000 ,  408.324 ,  410.324 ,   73.323 ,    2.944 ,    0.000 ,    3.218 ,        9 , 	)
  36 	 (   8 ,  240.000 ,  480.000 ,        0 ,  413.846 ,  413.846 ,    0.000 ,  413.846 ,  415.846 ,    0.000 ,    2.944 ,    0.000 ,    0.447 ,       10 , 	)
 106 	 (   7 ,  355.000 ,  594.000 ,        0 ,  424.287 ,  424.287 ,    0.000 ,  424.287 ,  425.287 ,   62.287 ,    2.944 ,    0.000 ,   -0.489 ,       11 , 	)
 145 	 (   5 ,  365.000 ,  545.000 ,        0 ,  430.753 ,  430.753 ,    0.000 ,  430.753 ,  432.753 ,   66.753 ,    2.944 ,    0.000 ,    6.815 ,       12 , 	)
 113 	 (   2 ,  325.000 ,  505.000 ,        0 ,  447.655 ,  447.655 ,    0.000 ,  447.655 ,  450.655 ,   61.056 ,    2.944 ,    0.000 ,    0.706 ,       13 , 	)
 123 	 (   0 ,  289.000 ,  529.000 ,        0 ,  464.274 ,  464.274 ,    0.000 ,  464.274 ,  466.274 ,   48.428 ,   15.572 ,    0.000 ,   25.842 ,       14 , 	)
 175 	 (   0 ,    0.000 , 1440.000 ,        0 ,  484.944 ,  484.944 ,    0.000 ,  484.944 ,  484.944 ,    0.000 ,  955.056 ,    0.000 ,    0.000 ,       15 , 	)

	20 sommets 
	values : ( Cost : 383.160 , TRT : 364.214 , TWT :  26.124 , TD : 574.717 )
	violations : ( VC :       0 , VTW :   0.000 , VTD :   0.000 , VTRT :   0.000 )
	cout global : (   0.000	 )
S(i)	 (   C ,     TW0 ,       TW1 ,       VTW ,       Min ,       A ,       W ,       B ,       D ,       L ,       F ,       E ,       Det ,       [Imp ,       Imp]	)
   0 	 (   0 ,    0.000 , 1440.000 ,        0 ,    0.000 ,  682.380 ,    0.000 ,  682.380 ,  682.380 ,    0.000 ,    0.000 ,  682.380 ,    0.000 ,        0 , 	)
  78 	 (   4 ,  540.000 ,  720.000 ,        0 ,   10.156 ,  692.537 ,    0.000 ,  692.537 ,  696.537 ,    0.000 ,    0.000 ,  152.537 ,    1.757 ,        1 , 	)
  50 	 (   8 ,  497.000 ,  720.000 ,        0 ,  567.463 ,  720.000 ,    0.000 ,  720.000 ,  724.000 ,    0.000 ,    0.000 ,  152.537 ,    8.740 ,        2 , 	)
 137 	 (   4 ,  667.000 ,  787.000 ,        0 ,  633.602 ,  786.139 ,    0.000 ,  786.139 ,  790.139 ,   62.139 ,    0.861 ,  119.139 ,   23.901 ,        3 , 	)
   2 	 (   5 ,  720.000 ,  960.000 ,        0 ,  687.942 ,  807.081 ,    6.635 ,  813.717 ,  814.717 ,    0.000 ,    0.000 ,   93.717 ,    2.341 ,        4 , 	)
 165 	 (   1 ,  636.000 ,  876.000 ,        0 ,  731.159 ,  824.876 ,    0.000 ,  824.876 ,  828.876 ,  128.339 ,    0.000 ,   93.717 ,    3.783 ,        5 , 	)
  67 	 (   3 ,  780.000 ,  960.000 ,        0 ,  741.220 ,  834.937 ,    0.000 ,  834.937 ,  836.937 ,    0.000 ,    0.000 ,   54.937 ,    3.547 ,        6 , 	)
  89 	 (   2 ,  814.000 , 1054.000 ,        0 ,  822.039 ,  876.976 ,    0.000 ,  876.976 ,  877.976 ,   62.259 ,    0.000 ,   54.937 ,   13.139 ,        7 , 	)
  16 	 (   4 ,  720.000 ,  960.000 ,        0 ,  845.850 ,  900.786 ,    0.000 ,  900.786 ,  902.786 ,    0.000 ,    0.000 ,   54.937 ,    0.000 ,        8 , 	)
  62 	 (   7 ,  721.000 ,  960.000 ,        0 ,  847.850 ,  902.786 ,    0.000 ,  902.786 ,  905.786 ,    0.000 ,    0.000 ,   54.937 ,    0.000 ,        9 , 	)
  85 	 (   8 ,  730.000 ,  956.226 ,        0 ,  866.317 ,  921.254 ,    0.000 ,  921.254 ,  922.254 ,    0.000 ,    0.000 ,   54.937 ,    2.897 ,       10 , 	)
 154 	 (   6 ,  824.000 , 1060.000 ,        0 ,  875.122 ,  930.059 ,    0.000 ,  930.059 ,  932.059 ,   93.122 ,    0.000 ,   54.937 ,    6.860 ,       11 , 	)
 149 	 (   3 ,  834.000 , 1014.000 ,        0 ,  897.520 ,  952.456 ,    0.000 ,  952.456 ,  955.456 ,   46.670 ,    0.000 ,   54.937 ,    2.621 ,       12 , 	)
 103 	 (   1 ,  821.000 , 1061.000 ,        0 ,  911.809 ,  966.746 ,    0.000 ,  966.746 ,  968.746 ,   63.959 ,    0.000 ,   54.937 ,    7.398 ,       13 , 	)
   3 	 (   5 ,  960.000 , 1200.000 ,        0 ,  920.522 ,  975.459 ,    0.000 ,  975.459 ,  979.459 ,    0.000 ,    0.000 ,   15.459 ,    0.908 ,       14 , 	)
 172 	 (   4 ,  805.000 ,  985.000 ,        0 ,  969.541 ,  985.000 ,    0.000 ,  985.000 ,  986.000 ,   62.746 ,    0.000 ,   15.459 ,    0.287 ,       15 , 	)
  53 	 (   8 ,  960.000 , 1140.000 ,        0 ,  974.112 ,  989.571 ,   19.489 , 1009.059 , 1013.059 ,    0.000 ,   47.459 ,   34.947 ,    2.057 ,       16 , 	)
 140 	 (   4 ,  972.941 , 1168.000 ,        0 ,  987.053 , 1022.000 ,    0.000 , 1022.000 , 1026.000 ,    8.941 ,   15.059 ,   34.947 ,    0.000 ,       17 , 	)
  90 	 (   0 , 1026.000 , 1266.000 ,        0 ,  991.053 , 1026.000 ,    0.000 , 1026.000 , 1030.000 ,   46.541 ,   47.459 ,    0.000 ,    0.000 ,       18 , 	)
 175 	 (   0 ,    0.000 , 1440.000 ,        0 , 1046.595 , 1046.595 ,    0.000 , 1046.595 , 1046.595 ,    0.000 ,  393.405 ,    0.000 ,    0.000 ,       19 , 	)

	14 sommets 
	values : ( Cost : 357.556 , TRT : 415.706 , TWT : 114.867 , TD : 378.286 )
	violations : ( VC :       0 , VTW :   0.000 , VTD :   0.000 , VTRT :   0.000 )
	cout global : (   0.000	 )
S(i)	 (   C ,     TW0 ,       TW1 ,       VTW ,       Min ,       A ,       W ,       B ,       D ,       L ,       F ,       E ,       Det ,       [Imp ,       Imp]	)
   0 	 (   0 ,    0.000 , 1440.000 ,        0 ,    0.000 ,  259.263 ,    0.000 ,  259.263 ,  259.263 ,    0.000 ,    0.000 ,  259.263 ,    0.000 ,        0 , 	)
  77 	 (   3 ,  244.000 ,  480.000 ,        0 ,    7.157 ,  266.420 ,    0.000 ,  266.420 ,  269.420 ,    0.000 ,    0.000 ,   22.420 ,    0.356 ,        1 , 	)
  54 	 (   7 ,  240.000 ,  480.000 ,        0 ,  269.166 ,  291.586 ,    0.000 ,  291.586 ,  295.586 ,    0.000 ,    0.000 ,   22.420 ,   19.002 ,        2 , 	)
 141 	 (   3 ,  342.000 ,  582.000 ,        0 ,  322.514 ,  344.934 ,    0.000 ,  344.934 ,  348.934 ,   49.347 ,    0.000 ,    2.934 ,   36.637 ,        3 , 	)
 164 	 (   0 ,  347.000 ,  527.000 ,        0 ,  365.887 ,  368.821 ,    0.000 ,  368.821 ,  371.821 ,   99.401 ,    0.000 ,    2.934 ,    6.502 ,        4 , 	)
   9 	 (   3 ,  240.000 ,  480.000 ,        0 ,  381.790 ,  384.724 ,    0.000 ,  384.724 ,  387.724 ,    0.000 ,    0.000 ,    2.934 ,    6.944 ,        5 , 	)
  11 	 (   4 ,  320.000 ,  408.037 ,        0 ,  394.193 ,  397.127 ,    0.000 ,  397.127 ,  398.127 ,    0.000 ,    0.000 ,    2.934 ,    2.360 ,        6 , 	)
  23 	 (   8 ,  300.000 ,  480.000 ,        0 ,  413.817 ,  416.750 ,    0.000 ,  416.750 ,  420.750 ,    0.000 ,    0.000 ,    2.934 ,    6.910 ,        7 , 	)
  98 	 (   7 ,  377.000 ,  437.000 ,        0 ,  434.066 ,  437.000 ,    0.000 ,  437.000 ,  438.000 ,   38.873 ,   -0.000 ,    2.934 ,   12.606 ,        8 , 	)
  96 	 (   4 ,  301.000 ,  541.000 ,        0 ,  463.019 ,  465.953 ,    0.000 ,  465.953 ,  468.953 ,   78.229 ,    0.771 ,    2.934 ,   12.481 ,        9 , 	)
 110 	 (   0 ,  360.000 ,  600.000 ,        0 ,  493.899 ,  496.832 ,    0.000 ,  496.832 ,  500.832 ,   76.082 ,   39.918 ,    2.934 ,    0.923 ,       10 , 	)
  81 	 (   1 ,  540.000 ,  660.000 ,        0 ,  505.845 ,  508.779 ,  114.867 ,  623.646 ,  624.646 ,    0.000 ,   36.354 ,   83.646 ,    6.532 ,       11 , 	)
 168 	 (   0 ,  661.000 ,  781.000 ,        0 ,  577.354 ,  661.000 ,    0.000 ,  661.000 ,  662.000 ,   36.354 ,  120.000 ,    0.000 ,   19.792 ,       12 , 	)
 175 	 (   0 ,    0.000 , 1440.000 ,        0 ,  674.969 ,  674.969 ,    0.000 ,  674.969 ,  674.969 ,    0.000 ,  765.031 ,    0.000 ,    0.000 ,       13 , 	)

	8 sommets 
	values : ( Cost : 226.686 , TRT : 182.441 , TWT :   0.000 , TD : 188.380 )
	violations : ( VC :       0 , VTW :   0.000 , VTD :   0.000 , VTRT :   0.000 )
	cout global : (   0.000	 )
S(i)	 (   C ,     TW0 ,       TW1 ,       VTW ,       Min ,       A ,       W ,       B ,       D ,       L ,       F ,       E ,       Det ,       [Imp ,       Imp]	)
   0 	 (   0 ,    0.000 , 1440.000 ,        0 ,    0.000 , 1072.843 ,    0.000 , 1072.843 , 1072.843 ,    0.000 ,   41.859 , 1072.843 ,    0.000 ,        0 , 	)
  37 	 (   2 , 1080.000 , 1200.000 ,        0 ,    7.157 , 1080.000 ,    0.000 , 1080.000 , 1082.000 ,    0.000 ,   41.859 ,    0.000 ,    2.935 ,        1 , 	)
   6 	 (   5 ,  960.000 , 1140.000 ,        0 , 1095.511 , 1095.511 ,    0.000 , 1095.511 , 1098.511 ,    0.000 ,   41.859 ,    0.000 ,    6.151 ,        2 , 	)
 124 	 (   3 , 1117.910 , 1298.000 ,        0 , 1127.061 , 1127.061 ,    0.000 , 1127.061 , 1129.061 ,   45.061 ,   41.859 ,    0.000 ,   16.844 ,        3 , 	)
  72 	 (   4 ,  960.000 , 1200.000 ,        0 , 1158.141 , 1158.141 ,    0.000 , 1158.141 , 1159.141 ,    0.000 ,   41.859 ,    0.000 ,    1.441 ,        4 , 	)
  93 	 (   1 , 1038.000 , 1278.000 ,        0 , 1172.565 , 1172.565 ,    0.000 , 1172.565 , 1175.565 ,   74.053 ,   39.734 ,    0.000 ,   25.406 ,        5 , 	)
 159 	 (   0 , 1042.000 , 1282.000 ,        0 , 1228.407 , 1228.407 ,    0.000 , 1228.407 , 1229.407 ,   69.266 ,   39.734 ,   -0.000 ,   12.568 ,        6 , 	)
 175 	 (   0 ,    0.000 , 1440.000 ,        0 , 1255.283 , 1255.283 ,    0.000 , 1255.283 , 1255.283 ,    0.000 ,  184.717 ,   -0.000 ,    0.000 ,        7 , 	)

	22 sommets 
	values : ( Cost : 346.428 , TRT : 312.765 , TWT :  12.293 , TD : 665.878 )
	violations : ( VC :       0 , VTW :   0.000 , VTD :   0.000 , VTRT :   0.000 )
	cout global : (   0.000	 )
S(i)	 (   C ,     TW0 ,       TW1 ,       VTW ,       Min ,       A ,       W ,       B ,       D ,       L ,       F ,       E ,       Det ,       [Imp ,       Imp]	)
   0 	 (   0 ,    0.000 , 1440.000 ,        0 ,    0.000 ,  766.600 ,    0.000 ,  766.600 ,  766.600 ,    0.000 ,    0.000 ,  766.600 ,    0.000 ,        0 , 	)
  33 	 (   3 ,  720.000 ,  960.000 ,        0 ,   10.971 ,  777.571 ,    0.000 ,  777.571 ,  780.571 ,    0.000 ,    0.000 ,   57.571 ,    0.000 ,        1 , 	)
  30 	 (   5 ,  780.000 ,  960.000 ,        0 ,  723.000 ,  780.571 ,    0.000 ,  780.571 ,  782.571 ,    0.000 ,    0.000 ,    0.571 ,    0.000 ,        2 , 	)
  38 	 (   6 ,  720.000 ,  900.000 ,        0 ,  794.870 ,  795.441 ,    0.000 ,  795.441 ,  796.441 ,    0.000 ,    0.000 ,    0.571 ,    0.375 ,        3 , 	)
 120 	 (   3 ,  760.000 , 1000.000 ,        0 ,  802.383 ,  802.954 ,    0.000 ,  802.954 ,  805.954 ,   22.383 ,    0.000 ,    0.571 ,    0.679 ,        4 , 	)
 117 	 (   1 ,  807.321 , 1030.000 ,        0 ,  820.916 ,  821.487 ,    0.000 ,  821.487 ,  823.487 ,   38.916 ,    0.000 ,    0.571 ,   -0.614 ,        5 , 	)
  66 	 (   2 ,  780.000 ,  960.000 ,        0 ,  831.564 ,  832.135 ,    0.000 ,  832.135 ,  833.135 ,    0.000 ,    0.000 ,    0.571 ,    0.608 ,        6 , 	)
  75 	 (   5 ,  720.000 ,  900.000 ,        0 ,  838.740 ,  839.311 ,    0.000 ,  839.311 ,  842.311 ,    0.000 ,    0.000 ,    0.571 ,   -0.552 ,        7 , 	)
  29 	 (   7 ,  760.000 ,  868.162 ,        0 ,  846.863 ,  847.435 ,    0.000 ,  847.435 ,  849.435 ,    0.000 ,    0.000 ,    0.571 ,    1.031 ,        8 , 	)
 125 	 (   6 ,  745.148 ,  966.000 ,        0 ,  856.667 ,  857.238 ,    0.000 ,  857.238 ,  858.238 ,   60.797 ,    0.000 ,    0.571 ,    7.388 ,        9 , 	)
 116 	 (   4 ,  839.000 ,  899.000 ,        0 ,  886.089 ,  886.661 ,    0.000 ,  886.661 ,  888.661 ,   37.226 ,    0.000 ,    0.571 ,   15.482 ,       10 , 	)
  15 	 (   5 ,  780.000 ,  900.000 ,        0 ,  899.429 ,  900.000 ,    0.000 ,  900.000 ,  901.000 ,    0.000 ,    0.000 ,    0.571 ,    0.000 ,       11 , 	)
  21 	 (   8 ,  720.000 ,  960.000 ,        0 ,  900.429 ,  901.000 ,   12.293 ,  913.293 ,  916.293 ,    0.000 ,    5.178 ,   12.865 ,    0.000 ,       12 , 	)
 153 	 (   7 ,  853.000 , 1033.000 ,        0 ,  913.092 ,  925.957 ,    0.000 ,  925.957 ,  926.957 ,   92.822 ,    5.178 ,   12.865 ,   -1.743 ,       13 , 	)
  71 	 (   8 ,  780.000 ,  960.000 ,        0 ,  938.799 ,  951.664 ,    0.000 ,  951.664 ,  952.664 ,    0.000 ,    8.336 ,   12.865 ,    0.000 ,       14 , 	)
 162 	 (   5 ,  830.000 , 1010.000 ,        0 ,  939.799 ,  952.664 ,    0.000 ,  952.664 ,  955.664 ,  110.353 ,   10.190 ,   12.865 ,    0.000 ,       15 , 	)
 102 	 (   4 ,  922.000 , 1162.000 ,        0 ,  959.043 ,  971.908 ,    0.000 ,  971.908 ,  972.908 ,   70.908 ,   10.190 ,   12.865 ,   24.727 ,       16 , 	)
  20 	 (   7 ,  960.000 , 1200.000 ,        0 , 1000.945 , 1013.810 ,    0.000 , 1013.810 , 1016.810 ,    0.000 ,   10.190 ,   12.865 ,    0.000 ,       17 , 	)
 108 	 (   4 ,  847.000 , 1027.000 ,        0 , 1003.945 , 1016.810 ,    0.000 , 1016.810 , 1019.810 ,  100.517 ,   10.190 ,   12.865 ,    0.000 ,       18 , 	)
 158 	 (   3 ,  885.000 , 1065.000 ,        0 , 1025.567 , 1038.432 ,    0.000 , 1038.432 , 1039.432 ,   85.768 ,   26.568 ,   12.865 ,   -8.271 ,       19 , 	)
 107 	 (   0 , 1063.000 , 1303.000 ,        0 , 1050.135 , 1063.000 ,    0.000 , 1063.000 , 1066.000 ,   46.190 ,   88.810 ,    0.000 ,    1.965 ,       20 , 	)
 175 	 (   0 ,    0.000 , 1440.000 ,        0 , 1079.365 , 1079.365 ,    0.000 , 1079.365 , 1079.365 ,    0.000 ,  360.635 ,    0.000 ,    0.000 ,       21 , 	)

	20 sommets 
	values : ( Cost : 333.408 , TRT : 382.639 , TWT :  97.956 , TD : 612.659 )
	violations : ( VC :       0 , VTW :   0.000 , VTD :   0.000 , VTRT :   0.000 )
	cout global : (   0.000	 )
S(i)	 (   C ,     TW0 ,       TW1 ,       VTW ,       Min ,       A ,       W ,       B ,       D ,       L ,       F ,       E ,       Det ,       [Imp ,       Imp]	)
   0 	 (   0 ,    0.000 , 1440.000 ,        0 ,    0.000 ,  619.236 ,    0.000 ,  619.236 ,  619.236 ,    0.000 ,    0.000 ,  619.236 ,    0.000 ,        0 , 	)
  27 	 (   1 ,  480.000 ,  720.000 ,        0 ,   12.420 ,  631.656 ,    0.000 ,  631.656 ,  632.656 ,    0.000 ,    0.000 ,  151.656 ,    3.441 ,        1 , 	)
  18 	 (   3 ,  501.000 ,  701.872 ,        0 ,  499.565 ,  651.220 ,    0.000 ,  651.220 ,  653.220 ,    0.000 ,    0.000 ,  150.220 ,   13.186 ,        2 , 	)
 105 	 (   1 ,  536.000 ,  716.000 ,        0 ,  515.128 ,  665.348 ,    0.000 ,  665.348 ,  667.348 ,   12.128 ,    0.000 ,  129.348 ,    1.227 ,        3 , 	)
  80 	 (   5 ,  489.000 ,  719.568 ,        0 ,  557.483 ,  686.831 ,    0.000 ,  686.831 ,  690.831 ,    0.000 ,    0.000 ,  129.348 ,    6.558 ,        4 , 	)
  52 	 (   6 ,  540.000 ,  720.000 ,        0 ,  586.073 ,  715.421 ,    0.000 ,  715.421 ,  716.421 ,    0.000 ,    0.000 ,  129.348 ,    3.602 ,        5 , 	)
  48 	 (   7 ,  720.000 ,  960.000 ,        0 ,  594.001 ,  723.349 ,    0.000 ,  723.349 ,  724.349 ,    0.000 ,    0.000 ,    3.349 ,   11.090 ,        6 , 	)
 114 	 (   6 ,  572.000 ,  812.000 ,        0 ,  736.968 ,  740.317 ,    0.000 ,  740.317 ,  741.317 ,  107.661 ,    0.000 ,    3.349 ,    0.000 ,        7 , 	)
  35 	 (   8 ,  720.000 ,  960.000 ,        0 ,  737.968 ,  741.317 ,    0.000 ,  741.317 ,  743.317 ,    0.000 ,    0.000 ,    3.349 ,    0.000 ,        8 , 	)
 167 	 (   4 ,  574.000 ,  754.000 ,        0 ,  750.651 ,  754.000 ,    0.000 ,  754.000 ,  758.000 ,   63.169 ,   -0.000 ,    3.349 ,    1.838 ,        9 , 	)
 139 	 (   3 ,  595.000 ,  775.000 ,        0 ,  765.524 ,  768.873 ,    0.000 ,  768.873 ,  769.873 ,   52.452 ,    6.127 ,    3.349 ,   -0.370 ,       10 , 	)
  24 	 (   4 ,  780.000 ,  960.000 ,        0 ,  781.719 ,  785.068 ,   55.714 ,  840.781 ,  841.781 ,    0.000 ,    0.000 ,   59.062 ,    4.667 ,       11 , 	)
 111 	 (   3 ,  790.535 ,  987.000 ,        0 ,  792.254 ,  851.317 ,    0.000 ,  851.317 ,  852.317 ,    9.535 ,    0.000 ,   59.062 ,    0.000 ,       12 , 	)
  12 	 (   7 ,  720.000 ,  960.000 ,        0 ,  793.254 ,  852.317 ,    0.000 ,  852.317 ,  856.317 ,    0.000 ,    0.000 ,   59.062 ,    0.000 ,       13 , 	)
 122 	 (   5 ,  806.000 , 1046.000 ,        0 ,  797.254 ,  856.317 ,    0.000 ,  856.317 ,  858.317 ,  113.000 ,    0.000 ,   50.317 ,    0.000 ,       14 , 	)
  99 	 (   1 ,  750.000 ,  990.000 ,        0 ,  821.441 ,  871.757 ,    0.000 ,  871.757 ,  875.757 ,   15.441 ,   20.559 ,   50.317 ,    0.000 ,       15 , 	)
 135 	 (   0 ,  918.000 , 1098.000 ,        0 ,  825.441 ,  875.757 ,   42.243 ,  918.000 ,  919.000 ,  193.651 ,   18.888 ,    0.000 ,    0.000 ,       16 , 	)
  68 	 (   1 ,  780.000 ,  960.000 ,        0 ,  941.112 ,  941.112 ,    0.000 ,  941.112 ,  942.112 ,    0.000 ,   18.888 ,    0.000 ,   -0.333 ,       17 , 	)
 155 	 (   0 ,  871.000 , 1051.000 ,        0 ,  987.735 ,  987.735 ,    0.000 ,  987.735 ,  988.735 ,   45.623 ,   63.265 ,    0.000 ,    4.595 ,       18 , 	)
 175 	 (   0 ,    0.000 , 1440.000 ,        0 , 1001.875 , 1001.875 ,    0.000 , 1001.875 , 1001.875 ,    0.000 ,  438.125 ,    0.000 ,    0.000 ,       19 , 	)

	18 sommets 
	values : ( Cost : 369.601 , TRT : 446.232 , TWT : 128.337 , TD : 303.596 )
	violations : ( VC :       0 , VTW :   0.000 , VTD :   0.000 , VTRT :   0.000 )
	cout global : (   0.000	 )
S(i)	 (   C ,     TW0 ,       TW1 ,       VTW ,       Min ,       A ,       W ,       B ,       D ,       L ,       F ,       E ,       Det ,       [Imp ,       Imp]	)
   0 	 (   0 ,    0.000 , 1440.000 ,        0 ,    0.000 ,  721.501 ,    0.000 ,  721.501 ,  721.501 ,    0.000 ,    0.000 ,  721.501 ,    0.000 ,        0 , 	)
  51 	 (   3 ,  720.000 ,  900.000 ,        0 ,   20.509 ,  742.011 ,    0.000 ,  742.011 ,  745.011 ,    0.000 ,    0.000 ,   22.011 ,    6.910 ,        1 , 	)
  56 	 (   4 ,  720.000 ,  840.000 ,        0 ,  742.104 ,  764.114 ,    0.000 ,  764.114 ,  765.114 ,    0.000 ,    0.000 ,   22.011 ,    8.427 ,        2 , 	)
 138 	 (   1 ,  747.688 ,  969.000 ,        0 ,  757.115 ,  779.126 ,    0.000 ,  779.126 ,  782.126 ,   34.115 ,    0.000 ,   22.011 ,    2.305 ,        3 , 	)
 143 	 (   0 ,  743.149 ,  900.000 ,        0 ,  770.557 ,  792.568 ,    0.000 ,  792.568 ,  793.568 ,   27.453 ,    0.000 ,   22.011 ,    2.676 ,        4 , 	)
  45 	 (   4 ,  720.000 ,  900.000 ,        0 ,  790.240 ,  812.250 ,    0.000 ,  812.250 ,  816.250 ,    0.000 ,    0.000 ,   22.011 ,    0.000 ,        5 , 	)
   1 	 (   7 ,  724.000 ,  900.000 ,        0 ,  794.240 ,  816.250 ,    0.000 ,  816.250 ,  819.250 ,    0.000 ,    0.000 ,   22.011 ,    0.000 ,        6 , 	)
  88 	 (   4 ,  827.000 ,  947.000 ,        0 ,  834.638 ,  856.649 ,    0.000 ,  856.649 ,  859.649 ,   37.398 ,    0.000 ,   22.011 ,    5.756 ,        7 , 	)
  73 	 (   8 ,  720.000 ,  900.000 ,        0 ,  846.930 ,  868.941 ,    0.000 ,  868.941 ,  872.941 ,    0.000 ,    0.000 ,   22.011 ,    7.092 ,        8 , 	)
 132 	 (   4 ,  832.000 , 1072.000 ,        0 ,  863.155 ,  885.165 ,    0.000 ,  885.165 ,  889.165 ,   68.915 ,    0.000 ,   22.011 ,    0.000 ,        9 , 	)
 160 	 (   0 ,  748.000 ,  928.000 ,        0 ,  867.155 ,  889.165 ,    0.000 ,  889.165 ,  893.165 ,   16.225 ,    0.000 ,   22.011 ,    0.000 ,       10 , 	)
  84 	 (   3 ,  723.000 ,  900.000 ,        0 ,  877.989 ,  900.000 ,    0.000 ,  900.000 ,  903.000 ,    0.000 ,    0.000 ,   22.011 ,   12.447 ,       11 , 	)
 171 	 (   0 ,  829.000 ,  949.000 ,        0 ,  919.540 ,  941.550 ,    0.000 ,  941.550 ,  944.550 ,   38.550 ,    7.450 ,   22.011 ,   16.049 ,       12 , 	)
  44 	 (   1 , 1080.000 , 1200.000 ,        0 ,  947.170 ,  969.180 ,  128.337 , 1097.517 , 1098.517 ,    0.000 ,   88.444 ,   17.517 ,   11.886 ,       13 , 	)
  64 	 (   2 , 1020.000 , 1200.000 ,        0 , 1094.039 , 1111.556 ,    0.000 , 1111.556 , 1112.556 ,    0.000 ,   41.517 ,   17.517 ,   -2.424 ,       14 , 	)
 151 	 (   1 , 1051.456 , 1283.000 ,        0 , 1125.495 , 1143.012 ,    0.000 , 1143.012 , 1144.012 ,   30.456 ,   41.517 ,   17.517 ,    8.549 ,       15 , 	)
 131 	 (   0 , 1149.000 , 1269.000 ,        0 , 1131.483 , 1149.000 ,    0.000 , 1149.000 , 1150.000 ,   50.483 ,   41.517 ,    0.000 ,    0.744 ,       16 , 	)
 175 	 (   0 ,    0.000 , 1440.000 ,        0 , 1167.734 , 1167.734 ,    0.000 , 1167.734 , 1167.734 ,    0.000 ,  272.266 ,   -0.000 ,    0.000 ,       17 , 	)

	16 sommets 
	values : ( Cost : 355.275 , TRT : 420.637 , TWT : 131.513 , TD : 455.596 )
	violations : ( VC :       0 , VTW :   0.000 , VTD :   0.000 , VTRT :   0.000 )
	cout global : (   0.000	 )
S(i)	 (   C ,     TW0 ,       TW1 ,       VTW ,       Min ,       A ,       W ,       B ,       D ,       L ,       F ,       E ,       Det ,       [Imp ,       Imp]	)
   0 	 (   0 ,    0.000 , 1440.000 ,        0 ,    0.000 ,  362.655 ,    0.000 ,  362.655 ,  362.655 ,    0.000 ,    0.000 ,  362.655 ,    0.000 ,        0 , 	)
  83 	 (   2 ,  274.000 ,  455.941 ,        0 ,    4.380 ,  367.035 ,    0.000 ,  367.035 ,  369.035 ,    0.000 ,    0.000 ,   93.035 ,    1.345 ,        1 , 	)
  28 	 (   3 ,  240.000 ,  480.000 ,        0 ,  289.605 ,  382.639 ,    0.000 ,  382.639 ,  383.639 ,    0.000 ,    0.000 ,   93.035 ,    0.000 ,        2 , 	)
  74 	 (   5 ,  300.000 ,  480.000 ,        0 ,  290.605 ,  383.639 ,    0.000 ,  383.639 ,  385.639 ,    0.000 ,    0.000 ,   83.639 ,    0.000 ,        3 , 	)
 115 	 (   4 ,  265.000 ,  505.000 ,        0 ,  311.500 ,  395.139 ,    0.000 ,  395.139 ,  396.139 ,   11.500 ,    0.000 ,   83.639 ,   -5.936 ,        4 , 	)
 170 	 (   2 ,  375.000 ,  495.000 ,        0 ,  329.549 ,  413.188 ,    0.000 ,  413.188 ,  415.188 ,   44.153 ,    0.000 ,   38.188 ,    2.115 ,        5 , 	)
  87 	 (   3 ,  300.000 ,  420.000 ,        0 ,  381.812 ,  420.000 ,    0.000 ,  420.000 ,  421.000 ,    0.000 ,   -0.000 ,   38.188 ,    1.314 ,        6 , 	)
 161 	 (   1 ,  370.000 ,  610.000 ,        0 ,  412.459 ,  450.647 ,    0.000 ,  450.647 ,  452.647 ,   65.008 ,   26.002 ,   38.188 ,   46.881 ,        7 , 	)
   5 	 (   2 ,  485.000 ,  720.000 ,        0 ,  446.986 ,  485.174 ,   26.002 ,  511.176 ,  512.176 ,    0.000 ,    0.000 ,   26.176 ,   32.275 ,        8 , 	)
 174 	 (   1 ,  366.000 ,  546.000 ,        0 ,  519.824 ,  546.000 ,    0.000 ,  546.000 ,  547.000 ,  125.000 ,    0.000 ,   26.176 ,   11.127 ,        9 , 	)
  92 	 (   0 ,  583.000 ,  763.000 ,        0 ,  534.534 ,  560.710 ,   22.290 ,  583.000 ,  584.000 ,   70.824 ,   26.176 ,    0.000 ,   16.248 ,       10 , 	)
  40 	 (   3 ,  480.000 ,  660.000 ,        0 ,  624.859 ,  624.859 ,   35.141 ,  660.000 ,  663.000 ,    0.000 ,    0.000 ,   35.141 ,    2.925 ,       11 , 	)
  31 	 (   4 ,  720.000 ,  840.000 ,        0 ,  636.779 ,  671.920 ,   48.080 ,  720.000 ,  721.000 ,    0.000 ,    9.965 ,    0.000 ,    1.803 ,       12 , 	)
 127 	 (   1 ,  525.000 ,  760.000 ,        0 ,  750.035 ,  750.035 ,    0.000 ,  750.035 ,  753.035 ,   87.035 ,    9.965 ,    0.000 ,   15.467 ,       13 , 	)
 118 	 (   0 ,  757.000 ,  931.000 ,        0 ,  773.076 ,  773.076 ,    0.000 ,  773.076 ,  774.076 ,   52.076 ,   37.924 ,    0.000 ,    4.468 ,       14 , 	)
 175 	 (   0 ,    0.000 , 1440.000 ,        0 ,  783.292 ,  783.292 ,    0.000 ,  783.292 ,  783.292 ,    0.000 ,  656.708 ,    0.000 ,    0.000 ,       15 , 	)

	18 sommets 
	values : ( Cost : 365.235 , TRT : 336.747 , TWT :  36.135 , TD : 497.989 )
	violations : ( VC :       0 , VTW :   0.000 , VTD :   0.000 , VTRT :   0.000 )
	cout global : (   0.000	 )
S(i)	 (   C ,     TW0 ,       TW1 ,       VTW ,       Min ,       A ,       W ,       B ,       D ,       L ,       F ,       E ,       Det ,       [Imp ,       Imp]	)
   0 	 (   0 ,    0.000 , 1440.000 ,        0 ,    0.000 ,  687.433 ,    0.000 ,  687.433 ,  687.433 ,    0.000 ,    0.000 ,  687.433 ,    0.000 ,        0 , 	)
  41 	 (   1 ,  480.000 ,  720.000 ,        0 ,   32.567 ,  720.000 ,    0.000 ,  720.000 ,  721.000 ,    0.000 ,    0.000 ,  240.000 ,    3.480 ,        1 , 	)
  43 	 (   3 ,  720.000 ,  840.000 ,        0 ,  488.428 ,  728.428 ,   26.926 ,  755.353 ,  757.353 ,    0.000 ,    0.000 ,   35.353 ,    8.184 ,        2 , 	)
 130 	 (   1 ,  740.925 ,  893.000 ,        0 ,  740.925 ,  776.278 ,    0.000 ,  776.278 ,  778.278 ,   18.925 ,    0.000 ,   35.353 ,  -11.418 ,        3 , 	)
  17 	 (   3 ,  780.000 ,  900.000 ,        0 ,  760.292 ,  795.646 ,    0.000 ,  795.646 ,  797.646 ,    0.000 ,    0.000 ,   15.646 ,    0.134 ,        4 , 	)
 128 	 (   2 ,  568.000 ,  808.000 ,        0 ,  792.354 ,  808.000 ,    0.000 ,  808.000 ,  809.000 ,   87.000 ,    0.000 ,   15.646 ,    2.208 ,        5 , 	)
 104 	 (   0 ,  818.700 , 1000.000 ,        0 ,  821.908 ,  837.554 ,    0.000 ,  837.554 ,  839.554 ,   39.908 ,   16.881 ,   15.646 ,    3.683 ,        6 , 	)
  49 	 (   3 ,  780.000 ,  900.000 ,        0 ,  827.782 ,  843.428 ,    9.209 ,  852.637 ,  855.637 ,    0.000 ,    7.672 ,   24.855 ,    2.444 ,        7 , 	)
  70 	 (   5 ,  720.000 ,  960.000 ,        0 ,  837.764 ,  862.619 ,    0.000 ,  862.619 ,  864.619 ,    0.000 ,    7.672 ,   24.855 ,    1.098 ,        8 , 	)
  79 	 (   6 ,  720.000 ,  900.000 ,        0 ,  867.473 ,  892.328 ,    0.000 ,  892.328 ,  893.328 ,    0.000 ,    7.672 ,   24.855 ,    6.241 ,        9 , 	)
  60 	 (   7 ,  723.000 ,  960.000 ,        0 ,  874.145 ,  899.000 ,    0.000 ,  899.000 ,  900.000 ,    0.000 ,   10.329 ,   24.855 ,    0.000 ,       10 , 	)
  65 	 (   8 ,  900.000 ,  960.000 ,        0 ,  875.145 ,  900.000 ,    0.000 ,  900.000 ,  901.000 ,    0.000 ,    6.329 ,    0.000 ,    0.000 ,       11 , 	)
 136 	 (   5 ,  818.289 ,  997.000 ,        0 ,  908.848 ,  908.848 ,    0.000 ,  908.848 ,  911.848 ,   53.211 ,    6.329 ,    0.000 ,    9.460 ,       12 , 	)
 152 	 (   4 ,  925.413 , 1059.000 ,        0 ,  937.873 ,  937.873 ,    0.000 ,  937.873 ,  938.873 ,   36.873 ,    6.329 ,    0.000 ,    1.769 ,       13 , 	)
 166 	 (   3 ,  764.000 , 1000.000 ,        0 ,  946.820 ,  946.820 ,    0.000 ,  946.820 ,  947.820 ,   53.492 ,    6.329 ,    0.000 ,   -0.017 ,       14 , 	)
 157 	 (   1 ,  874.000 , 1114.000 ,        0 ,  975.527 ,  975.527 ,    0.000 ,  975.527 ,  977.527 ,  110.908 ,    6.329 ,    0.000 ,   29.453 ,       15 , 	)
 147 	 (   0 ,  828.000 , 1008.000 ,        0 ,  997.671 ,  997.671 ,    0.000 ,  997.671 ,  998.671 ,   97.671 ,    6.329 ,    0.000 ,    0.829 ,       16 , 	)
 175 	 (   0 ,    0.000 , 1440.000 ,        0 , 1024.180 , 1024.180 ,    0.000 , 1024.180 , 1024.180 ,    0.000 ,  415.820 ,   -0.000 ,    0.000 ,       17 , 	)

	18 sommets 
	values : ( Cost : 324.068 , TRT : 283.660 , TWT :   0.000 , TD : 550.557 )
	violations : ( VC :       0 , VTW :   0.000 , VTD :   0.000 , VTRT :   0.000 )
	cout global : (   0.000	 )
S(i)	 (   C ,     TW0 ,       TW1 ,       VTW ,       Min ,       A ,       W ,       B ,       D ,       L ,       F ,       E ,       Det ,       [Imp ,       Imp]	)
   0 	 (   0 ,    0.000 , 1440.000 ,        0 ,    0.000 ,  258.721 ,    0.000 ,  258.721 ,  258.721 ,    0.000 ,    9.298 ,  258.721 ,    0.000 ,        0 , 	)
   7 	 (   2 ,  240.000 ,  480.000 ,        0 ,    8.845 ,  267.566 ,    0.000 ,  267.566 ,  269.566 ,    0.000 ,    9.298 ,   27.566 ,   13.720 ,        1 , 	)
  61 	 (   6 ,  240.000 ,  480.000 ,        0 ,  259.294 ,  286.860 ,    0.000 ,  286.860 ,  290.860 ,    0.000 ,    9.298 ,   27.566 ,    0.331 ,        2 , 	)
  76 	 (   8 ,  300.000 ,  480.000 ,        0 ,  272.434 ,  300.000 ,    0.000 ,  300.000 ,  302.000 ,    0.000 ,    6.016 ,    0.000 ,    8.023 ,        3 , 	)
  94 	 (   6 ,  305.000 ,  545.000 ,        0 ,  311.093 ,  311.093 ,    0.000 ,  311.093 ,  313.093 ,   41.527 ,    6.016 ,    0.000 ,    0.000 ,        4 , 	)
  46 	 (   8 ,  300.000 ,  480.000 ,        0 ,  313.093 ,  313.093 ,    0.000 ,  313.093 ,  315.093 ,    0.000 ,    6.016 ,    0.000 ,    0.000 ,        5 , 	)
 133 	 (   6 ,  326.829 ,  549.000 ,        0 ,  339.922 ,  339.922 ,    0.000 ,  339.922 ,  341.922 ,   24.829 ,    6.016 ,    0.000 ,    1.438 ,        6 , 	)
  39 	 (   7 ,  240.000 ,  480.000 ,        0 ,  345.699 ,  345.699 ,    0.000 ,  345.699 ,  346.699 ,    0.000 ,    6.016 ,    0.000 ,    1.912 ,        7 , 	)
 148 	 (   3 ,  295.000 ,  535.000 ,        0 ,  354.844 ,  354.844 ,    0.000 ,  354.844 ,  358.844 ,   63.984 ,    6.016 ,    0.000 ,    5.305 ,        8 , 	)
  69 	 (   7 ,  240.000 ,  420.000 ,        0 ,  382.868 ,  382.868 ,    0.000 ,  382.868 ,  386.868 ,    0.000 ,    9.298 ,    0.000 ,   28.547 ,        9 , 	)
  25 	 (   8 ,  240.000 ,  480.000 ,        0 ,  403.090 ,  403.090 ,    0.000 ,  403.090 ,  404.090 ,    0.000 ,    9.298 ,    0.000 ,    0.469 ,       10 , 	)
 163 	 (   6 ,  380.000 ,  620.000 ,        0 ,  410.189 ,  410.189 ,    0.000 ,  410.189 ,  412.189 ,  108.189 ,    9.298 ,    0.000 ,    0.371 ,       11 , 	)
 156 	 (   2 ,  320.000 ,  560.000 ,        0 ,  449.212 ,  449.212 ,    0.000 ,  449.212 ,  453.212 ,   62.344 ,    9.298 ,    0.000 ,    9.001 ,       12 , 	)
 126 	 (   1 ,  373.000 ,  553.000 ,        0 ,  459.635 ,  459.635 ,    0.000 ,  459.635 ,  460.635 ,  112.937 ,    9.298 ,    0.000 ,   -0.423 ,       13 , 	)
  57 	 (   5 ,  420.000 ,  480.000 ,        0 ,  470.702 ,  470.702 ,    0.000 ,  470.702 ,  474.702 ,    0.000 ,    9.298 ,    0.000 ,    5.150 ,       14 , 	)
 112 	 (   4 ,  351.000 ,  591.000 ,        0 ,  492.898 ,  492.898 ,    0.000 ,  492.898 ,  493.898 ,   88.808 ,   24.059 ,    0.000 ,   20.111 ,       15 , 	)
 144 	 (   0 ,  450.830 ,  556.000 ,        0 ,  522.642 ,  522.642 ,    0.000 ,  522.642 ,  526.642 ,   47.941 ,   24.059 ,    0.000 ,   13.475 ,       16 , 	)
 175 	 (   0 ,    0.000 , 1440.000 ,        0 ,  542.381 ,  542.381 ,    0.000 ,  542.381 ,  542.381 ,    0.000 ,  897.619 ,    0.000 ,    0.000 ,       17 , 	)
