9
	VALUE ALL : ( Cost : 2691.374 , TRT : 3280.289 , TWT : 928.699 , TD : 4272.433 )
	VIOLATIONS TOTAL : ( VC :       0 , VTW :   0.000 , VTD :   0.000 , VTRT :   0.000 )
 	COUT_ALL : (   0.002 )  T2B:   41401

	24 sommets 
	values : ( Cost : 334.340 , TRT : 314.085 , TWT :  20.701 , TD : 665.772 )
	violations : ( VC :       0 , VTW :   0.000 , VTD :   0.000 , VTRT :   0.000 )
	cout global : (   0.000	 )
S(i)	 (   C ,     TW0 ,       TW1 ,       VTW ,       Min ,       A ,       W ,       B ,       D ,       L ,       F ,       E ,       Det ,       [Imp ,       Imp]	)
   0 	 (   0 ,    0.000 , 1440.000 ,        0 ,    0.000 ,  221.996 ,    0.000 ,  221.996 ,  221.996 ,    0.000 ,    0.000 ,  221.996 ,    0.000 ,        0 , 	)
  64 	 (   4 ,  240.000 ,  360.000 ,        0 ,   18.760 ,  240.756 ,    0.000 ,  240.756 ,  244.756 ,    0.000 ,    0.000 ,    0.756 ,   15.698 ,        1 , 	)
  41 	 (   6 ,  240.000 ,  480.000 ,        0 ,  260.310 ,  261.066 ,    0.000 ,  261.066 ,  263.066 ,    0.000 ,    0.000 ,    0.756 ,   -0.897 ,        2 , 	)
  54 	 (   7 ,  240.000 ,  420.000 ,        0 ,  289.444 ,  290.201 ,    0.000 ,  290.201 ,  291.201 ,    0.000 ,    0.000 ,    0.756 ,   20.994 ,        3 , 	)
  65 	 (   8 ,  240.000 ,  360.000 ,        0 ,  308.950 ,  309.707 ,    0.000 ,  309.707 ,  310.707 ,    0.000 ,    0.000 ,    0.756 ,    0.000 ,        4 , 	)
 117 	 (   6 ,  290.000 ,  530.000 ,        0 ,  309.950 ,  310.707 ,    0.000 ,  310.707 ,  312.707 ,   47.641 ,    0.000 ,    0.756 ,    0.000 ,        5 , 	)
 140 	 (   2 ,  295.000 ,  474.000 ,        0 ,  319.598 ,  320.354 ,    0.000 ,  320.354 ,  324.354 ,   75.598 ,    0.000 ,    0.756 ,    7.988 ,        6 , 	)
  76 	 (   5 ,  251.000 ,  476.250 ,        0 ,  348.096 ,  348.853 ,    0.000 ,  348.853 ,  351.853 ,    0.000 ,    0.000 ,    0.756 ,   21.508 ,        7 , 	)
  74 	 (   6 ,  240.000 ,  480.000 ,        0 ,  376.206 ,  376.962 ,    0.000 ,  376.962 ,  377.962 ,    0.000 ,    0.000 ,    0.756 ,    4.162 ,        8 , 	)
 130 	 (   5 ,  361.000 ,  481.000 ,        0 ,  379.499 ,  380.256 ,    0.000 ,  380.256 ,  381.256 ,   89.055 ,    0.000 ,    0.756 ,    0.000 ,        9 , 	)
  43 	 (   6 ,  240.000 ,  420.000 ,        0 ,  380.499 ,  381.256 ,    0.000 ,  381.256 ,  382.256 ,    0.000 ,    0.000 ,    0.756 ,    0.000 ,       10 , 	)
 141 	 (   5 ,  366.000 ,  546.000 ,        0 ,  398.274 ,  399.030 ,    0.000 ,  399.030 ,  400.030 ,   88.323 ,    0.000 ,    0.756 ,    0.000 ,       11 , 	)
  55 	 (   6 ,  249.000 ,  478.933 ,        0 ,  399.274 ,  400.030 ,    0.000 ,  400.030 ,  401.030 ,    0.000 ,    0.000 ,    0.756 ,    0.000 ,       12 , 	)
  39 	 (   7 ,  240.000 ,  420.000 ,        0 ,  419.244 ,  420.000 ,    0.000 ,  420.000 ,  421.000 ,    0.000 ,   -0.000 ,    0.756 ,    0.000 ,       13 , 	)
 152 	 (   4 ,  326.000 ,  506.000 ,        0 ,  420.244 ,  421.000 ,    0.000 ,  421.000 ,  424.000 ,   69.147 ,    2.853 ,    0.756 ,    0.000 ,       14 , 	)
 150 	 (   3 ,  299.000 ,  539.000 ,        0 ,  426.138 ,  426.894 ,    0.000 ,  426.894 ,  427.894 ,   48.932 ,   25.387 ,    0.756 ,    2.991 ,       15 , 	)
 131 	 (   2 ,  330.000 ,  510.000 ,        0 ,  433.426 ,  434.182 ,    0.000 ,  434.182 ,  435.182 ,   33.152 ,   25.387 ,    0.756 ,    3.382 ,       16 , 	)
 119 	 (   1 ,  283.000 ,  523.000 ,        0 ,  439.556 ,  440.312 ,    0.000 ,  440.312 ,  441.312 ,   58.056 ,   25.387 ,    0.756 ,    0.253 ,       17 , 	)
  42 	 (   5 ,  240.000 ,  480.000 ,        0 ,  453.856 ,  454.613 ,   20.701 ,  475.314 ,  479.314 ,    0.000 ,    4.686 ,   21.458 ,    3.264 ,       18 , 	)
  56 	 (   7 ,  480.000 ,  720.000 ,        0 ,  468.527 ,  489.985 ,    0.000 ,  489.985 ,  491.985 ,    0.000 ,    9.671 ,    9.985 ,    6.820 ,       19 , 	)
 115 	 (   6 ,  276.000 ,  516.000 ,        0 ,  496.344 ,  506.329 ,    0.000 ,  506.329 ,  507.329 ,   85.329 ,    9.671 ,    9.985 ,   -0.911 ,       20 , 	)
 118 	 (   2 ,  289.000 ,  529.000 ,        0 ,  503.854 ,  513.839 ,    0.000 ,  513.839 ,  517.839 ,   34.525 ,   15.161 ,    9.985 ,    3.812 ,       21 , 	)
 132 	 (   0 ,  528.000 ,  768.000 ,        0 ,  518.015 ,  528.000 ,    0.000 ,  528.000 ,  530.000 ,   36.015 ,   20.985 ,    0.000 ,    8.022 ,       22 , 	)
 153 	 (   0 ,    0.000 , 1440.000 ,        0 ,  536.081 ,  536.081 ,    0.000 ,  536.081 ,  536.081 ,    0.000 ,  903.919 ,    0.000 ,    0.000 ,       23 , 	)

	18 sommets 
	values : ( Cost : 253.181 , TRT : 338.516 , TWT : 116.154 , TD : 338.062 )
	violations : ( VC :       0 , VTW :   0.000 , VTD :   0.000 , VTRT :   0.000 )
	cout global : (   0.000	 )
S(i)	 (   C ,     TW0 ,       TW1 ,       VTW ,       Min ,       A ,       W ,       B ,       D ,       L ,       F ,       E ,       Det ,       [Imp ,       Imp]	)
   0 	 (   0 ,    0.000 , 1440.000 ,        0 ,    0.000 ,  766.262 ,    0.000 ,  766.262 ,  766.262 ,    0.000 ,    0.000 ,  766.262 ,    0.000 ,        0 , 	)
  59 	 (   4 ,  720.000 ,  780.000 ,        0 ,   13.738 ,  780.000 ,    0.000 ,  780.000 ,  784.000 ,    0.000 ,    0.000 ,   60.000 ,    0.406 ,        1 , 	)
  46 	 (   7 ,  733.000 ,  953.209 ,        0 ,  731.371 ,  791.371 ,   30.943 ,  822.314 ,  825.314 ,    0.000 ,    0.000 ,   89.314 ,    2.714 ,        2 , 	)
  20 	 (   8 ,  720.000 ,  960.000 ,        0 ,  740.927 ,  830.241 ,    0.000 ,  830.241 ,  831.241 ,    0.000 ,    0.000 ,   89.314 ,    5.824 ,        3 , 	)
 122 	 (   5 ,  800.000 ,  980.000 ,        0 ,  766.615 ,  855.929 ,    0.000 ,  855.929 ,  858.929 ,   30.615 ,    0.000 ,   55.929 ,    3.771 ,        4 , 	)
 135 	 (   1 ,  753.379 ,  863.000 ,        0 ,  807.071 ,  863.000 ,    0.000 ,  863.000 ,  867.000 ,   79.000 ,    0.000 ,   55.929 ,    3.671 ,        5 , 	)
  96 	 (   0 ,  779.000 , 1019.000 ,        0 ,  817.142 ,  873.071 ,    0.000 ,  873.071 ,  874.071 ,   41.830 ,   37.170 ,   55.929 ,    0.000 ,        6 , 	)
  14 	 (   2 ,  900.000 ,  960.000 ,        0 ,  818.142 ,  874.071 ,   60.168 ,  934.240 ,  936.240 ,    0.000 ,    0.000 ,   34.240 ,    0.000 ,        7 , 	)
  69 	 (   3 ,  720.000 ,  960.000 ,        0 ,  925.760 ,  960.000 ,    0.000 ,  960.000 ,  961.000 ,    0.000 ,    0.000 ,   34.240 ,   10.673 ,        8 , 	)
  90 	 (   1 ,  939.281 , 1161.000 ,        0 ,  950.954 ,  985.194 ,    0.000 ,  985.194 ,  987.194 ,   48.954 ,   13.806 ,   34.240 ,    0.000 ,        9 , 	)
 145 	 (   0 ,  761.000 , 1001.000 ,        0 ,  952.954 ,  987.194 ,    0.000 ,  987.194 ,  988.194 ,   26.194 ,   13.806 ,   34.240 ,    0.000 ,       10 , 	)
  24 	 (   1 , 1020.000 , 1200.000 ,        0 ,  966.921 , 1001.161 ,   25.043 , 1026.204 , 1027.204 ,    0.000 ,   28.865 ,    6.204 ,    4.271 ,       11 , 	)
  53 	 (   4 ,  960.000 , 1080.000 ,        0 , 1044.932 , 1051.135 ,    0.000 , 1051.135 , 1054.135 ,    0.000 ,   19.204 ,    6.204 ,   10.756 ,       12 , 	)
   4 	 (   5 ,  960.000 , 1200.000 ,        0 , 1063.628 , 1069.832 ,    0.000 , 1069.832 , 1070.832 ,    0.000 ,   19.204 ,    6.204 ,    5.994 ,       13 , 	)
 100 	 (   4 , 1081.000 , 1261.000 ,        0 , 1074.796 , 1081.000 ,    0.000 , 1081.000 , 1082.000 ,   53.796 ,   19.204 ,    0.000 ,    0.432 ,       14 , 	)
 129 	 (   1 ,  992.246 , 1161.000 ,        0 , 1087.086 , 1087.086 ,    0.000 , 1087.086 , 1090.086 ,   32.951 ,   45.049 ,   -0.000 ,    0.270 ,       15 , 	)
  80 	 (   0 , 1052.000 , 1232.000 ,        0 , 1095.553 , 1095.553 ,    0.000 , 1095.553 , 1096.553 ,   24.722 ,   68.278 ,   -0.000 ,    2.218 ,       16 , 	)
 153 	 (   0 ,    0.000 , 1440.000 ,        0 , 1104.777 , 1104.777 ,    0.000 , 1104.777 , 1104.777 ,    0.000 ,  335.223 ,   -0.000 ,    0.000 ,       17 , 	)

	12 sommets 
	values : ( Cost : 180.236 , TRT : 414.364 , TWT : 254.848 , TD : 178.223 )
	violations : ( VC :       0 , VTW :   0.000 , VTD :   0.000 , VTRT :   0.000 )
	cout global : (   0.000	 )
S(i)	 (   C ,     TW0 ,       TW1 ,       VTW ,       Min ,       A ,       W ,       B ,       D ,       L ,       F ,       E ,       Det ,       [Imp ,       Imp]	)
   0 	 (   0 ,    0.000 , 1440.000 ,        0 ,    0.000 ,  475.635 ,    0.000 ,  475.635 ,  475.635 ,    0.000 ,    0.000 ,  475.635 ,    0.000 ,        0 , 	)
  58 	 (   3 ,  300.000 ,  480.000 ,        0 ,    4.365 ,  480.000 ,    0.000 ,  480.000 ,  483.000 ,    0.000 ,    0.000 ,  180.000 ,    6.868 ,        1 , 	)
 134 	 (   0 ,  350.000 ,  530.000 ,        0 ,  326.919 ,  506.919 ,    0.000 ,  506.919 ,  509.919 ,   23.919 ,   23.081 ,  156.919 ,   16.299 ,        2 , 	)
  38 	 (   1 ,  734.000 ,  952.136 ,        0 ,  360.369 ,  517.288 ,  254.848 ,  772.136 ,  773.136 ,    0.000 ,   50.070 ,   38.136 ,    3.714 ,        3 , 	)
 114 	 (   0 ,  796.000 ,  976.000 ,        0 ,  757.864 ,  796.000 ,    0.000 ,  796.000 ,  797.000 ,   22.864 ,   38.136 ,    0.000 ,    2.355 ,        4 , 	)
  34 	 (   2 ,  792.000 ,  893.892 ,        0 ,  805.618 ,  805.618 ,    0.000 ,  805.618 ,  807.618 ,    0.000 ,   50.070 ,    0.000 ,    2.089 ,        5 , 	)
  12 	 (   4 ,  728.000 ,  960.000 ,        0 ,  811.527 ,  811.527 ,    0.000 ,  811.527 ,  813.527 ,    0.000 ,    3.688 ,    0.000 ,    0.430 ,        6 , 	)
  25 	 (   8 ,  720.000 ,  900.000 ,        0 ,  819.650 ,  819.650 ,    0.000 ,  819.650 ,  823.650 ,    0.000 ,    3.688 ,    0.000 ,    4.242 ,        7 , 	)
 101 	 (   4 ,  747.950 ,  968.000 ,        0 ,  847.600 ,  847.600 ,    0.000 ,  847.600 ,  851.600 ,   23.950 ,    3.688 ,    0.000 ,   -3.292 ,        8 , 	)
  88 	 (   2 ,  814.000 ,  994.000 ,        0 ,  857.705 ,  857.705 ,    0.000 ,  857.705 ,  859.705 ,   44.177 ,    3.688 ,    0.000 ,    7.289 ,        9 , 	)
 110 	 (   0 ,  861.000 ,  921.000 ,        0 ,  870.930 ,  870.930 ,    0.000 ,  870.930 ,  872.930 ,   63.312 ,    3.688 ,    0.000 ,    1.188 ,       10 , 	)
 153 	 (   0 ,    0.000 , 1440.000 ,        0 ,  889.999 ,  889.999 ,    0.000 ,  889.999 ,  889.999 ,    0.000 ,  550.001 ,    0.000 ,    0.000 ,       11 , 	)

	16 sommets 
	values : ( Cost : 249.141 , TRT : 417.876 , TWT : 186.552 , TD : 286.684 )
	violations : ( VC :       0 , VTW :   0.000 , VTD :   0.000 , VTRT :   0.000 )
	cout global : (   0.000	 )
S(i)	 (   C ,     TW0 ,       TW1 ,       VTW ,       Min ,       A ,       W ,       B ,       D ,       L ,       F ,       E ,       Det ,       [Imp ,       Imp]	)
   0 	 (   0 ,    0.000 , 1440.000 ,        0 ,    0.000 ,  443.314 ,    0.000 ,  443.314 ,  443.314 ,    0.000 ,    0.000 ,  443.314 ,    0.000 ,        0 , 	)
  21 	 (   2 ,  262.000 ,  459.177 ,        0 ,    7.497 ,  450.811 ,    0.000 ,  450.811 ,  452.811 ,    0.000 ,    0.000 ,  188.811 ,   -1.992 ,        1 , 	)
  67 	 (   6 ,  240.000 ,  480.000 ,        0 ,  274.684 ,  463.495 ,    0.000 ,  463.495 ,  467.495 ,    0.000 ,    0.000 ,  188.811 ,    4.367 ,        2 , 	)
  97 	 (   4 ,  291.000 ,  471.000 ,        0 ,  282.189 ,  471.000 ,    0.000 ,  471.000 ,  473.000 ,   18.189 ,    0.000 ,  180.000 ,    0.080 ,        3 , 	)
  62 	 (   8 ,  300.000 ,  480.000 ,        0 ,  297.332 ,  477.332 ,    2.668 ,  480.000 ,  484.000 ,    0.000 ,    0.000 ,  180.000 ,    7.774 ,        4 , 	)
 143 	 (   4 ,  321.000 ,  561.000 ,        0 ,  343.817 ,  523.817 ,    0.000 ,  523.817 ,  527.817 ,   56.322 ,   37.183 ,  180.000 ,    3.047 ,        5 , 	)
 138 	 (   0 ,  385.000 ,  625.000 ,        0 ,  367.424 ,  547.424 ,    0.000 ,  547.424 ,  551.424 ,   63.424 ,   77.576 ,  162.424 ,   14.217 ,        6 , 	)
  75 	 (   2 ,  720.000 ,  900.000 ,        0 ,  396.577 ,  559.001 ,  183.883 ,  742.884 ,  744.884 ,    0.000 ,   92.895 ,   22.884 ,    2.329 ,        7 , 	)
  47 	 (   6 ,  720.000 ,  960.000 ,        0 ,  745.177 ,  768.061 ,    0.000 ,  768.061 ,  772.061 ,    0.000 ,   78.416 ,   22.884 ,   -0.362 ,        8 , 	)
 151 	 (   4 ,  789.000 , 1029.000 ,        0 ,  774.584 ,  797.468 ,    0.000 ,  797.468 ,  799.468 ,   52.584 ,   69.061 ,    8.468 ,    8.213 ,        9 , 	)
  61 	 (   6 ,  720.000 ,  900.000 ,        0 ,  798.637 ,  807.105 ,    0.000 ,  807.105 ,  809.105 ,    0.000 ,   69.061 ,    8.468 ,  -10.029 ,       10 , 	)
 137 	 (   4 ,  742.000 ,  922.000 ,        0 ,  811.081 ,  819.550 ,    0.000 ,  819.550 ,  821.550 ,   10.444 ,   17.556 ,    8.468 ,    0.695 ,       11 , 	)
   3 	 (   8 ,  780.000 ,  960.000 ,        0 ,  815.720 ,  824.188 ,    0.000 ,  824.188 ,  828.188 ,    0.000 ,   69.061 ,    8.468 ,    4.581 ,       12 , 	)
 123 	 (   4 ,  837.000 , 1017.000 ,        0 ,  828.532 ,  837.000 ,    0.000 ,  837.000 ,  841.000 ,   64.939 ,   21.219 ,    0.000 ,    1.245 ,       13 , 	)
  79 	 (   0 ,  799.536 , 1006.000 ,        0 ,  848.969 ,  848.969 ,    0.000 ,  848.969 ,  852.969 ,   20.781 ,   21.219 ,    0.000 ,    2.539 ,       14 , 	)
 153 	 (   0 ,    0.000 , 1440.000 ,        0 ,  861.189 ,  861.189 ,    0.000 ,  861.189 ,  861.189 ,    0.000 ,  578.811 ,    0.000 ,    0.000 ,       15 , 	)

	30 sommets 
	values : ( Cost : 472.557 , TRT : 447.242 , TWT :  43.936 , TD : 906.641 )
	violations : ( VC :       0 , VTW :   0.000 , VTD :   0.000 , VTRT :   0.000 )
	cout global : (   0.000	 )
S(i)	 (   C ,     TW0 ,       TW1 ,       VTW ,       Min ,       A ,       W ,       B ,       D ,       L ,       F ,       E ,       Det ,       [Imp ,       Imp]	)
   0 	 (   0 ,    0.000 , 1440.000 ,        0 ,    0.000 ,  759.711 ,    0.000 ,  759.711 ,  759.711 ,    0.000 ,    0.000 ,  759.711 ,    0.000 ,        0 , 	)
  70 	 (   1 ,  720.000 ,  960.000 ,        0 ,    3.474 ,  763.186 ,    0.000 ,  763.186 ,  764.186 ,    0.000 ,    0.000 ,   43.186 ,    4.944 ,        1 , 	)
  60 	 (   2 ,  726.000 ,  960.000 ,        0 ,  732.777 ,  775.963 ,    0.000 ,  775.963 ,  776.963 ,    0.000 ,    0.000 ,   43.186 ,    6.151 ,        2 , 	)
  13 	 (   6 ,  720.000 ,  960.000 ,        0 ,  745.041 ,  788.226 ,    0.000 ,  788.226 ,  792.226 ,    0.000 ,    0.000 ,   43.186 ,    2.335 ,        3 , 	)
  19 	 (   7 ,  720.000 ,  900.000 ,        0 ,  767.054 ,  810.240 ,    0.000 ,  810.240 ,  811.240 ,    0.000 ,    0.000 ,   43.186 ,    2.592 ,        4 , 	)
 136 	 (   6 ,  819.000 ,  999.000 ,        0 ,  777.678 ,  820.864 ,    0.000 ,  820.864 ,  821.864 ,   43.901 ,    0.000 ,    1.864 ,   -3.005 ,        5 , 	)
  18 	 (   7 ,  720.000 ,  840.000 ,        0 ,  838.136 ,  840.000 ,    0.000 ,  840.000 ,  841.000 ,    0.000 ,   -0.000 ,    1.864 ,    9.074 ,        6 , 	)
  95 	 (   6 ,  750.766 ,  981.000 ,        0 ,  857.830 ,  859.694 ,    0.000 ,  859.694 ,  860.694 ,   48.454 ,   26.433 ,    1.864 ,    3.953 ,        7 , 	)
  45 	 (   7 ,  736.000 ,  949.350 ,        0 ,  863.687 ,  865.551 ,   26.433 ,  891.984 ,  892.984 ,    0.000 ,    0.000 ,   28.297 ,   -0.907 ,        8 , 	)
 146 	 (   6 ,  856.000 , 1036.000 ,        0 ,  876.314 ,  904.611 ,    0.000 ,  904.611 ,  905.611 ,  140.426 ,    0.000 ,   28.297 ,    9.452 ,        9 , 	)
  94 	 (   5 ,  747.926 ,  949.000 ,        0 ,  882.138 ,  910.435 ,    0.000 ,  910.435 ,  911.435 ,   69.435 ,    0.000 ,   28.297 ,    0.000 ,       10 , 	)
  89 	 (   1 ,  820.000 , 1060.000 ,        0 ,  883.138 ,  911.435 ,    0.000 ,  911.435 ,  915.435 ,  119.209 ,    0.000 ,   28.297 ,    0.000 ,       11 , 	)
 121 	 (   0 ,  790.000 ,  970.000 ,        0 ,  913.195 ,  941.492 ,    0.000 ,  941.492 ,  942.492 ,   48.508 ,    0.000 ,   28.297 ,    6.194 ,       12 , 	)
  36 	 (   1 ,  720.000 ,  960.000 ,        0 ,  931.703 ,  960.000 ,    0.000 ,  960.000 ,  961.000 ,    0.000 ,    0.000 ,   28.297 ,    2.192 ,       13 , 	)
  50 	 (   2 ,  960.000 , 1140.000 ,        0 ,  942.463 ,  970.760 ,    2.308 ,  973.068 ,  974.068 ,    0.000 ,    0.000 ,   13.068 ,    3.608 ,       14 , 	)
  33 	 (   4 ,  960.000 , 1200.000 ,        0 ,  966.244 ,  979.312 ,    0.000 ,  979.312 ,  981.312 ,    0.000 ,    0.000 ,   13.068 ,    1.980 ,       15 , 	)
 126 	 (   3 ,  973.409 , 1175.000 ,        0 ,  977.389 ,  990.458 ,    0.000 ,  990.458 ,  991.458 ,   16.389 ,    0.000 ,   13.068 ,    3.582 ,       16 , 	)
 112 	 (   2 ,  758.000 ,  998.000 ,        0 ,  984.932 ,  998.000 ,    0.000 ,  998.000 ,  999.000 ,   37.000 ,    0.000 ,   13.068 ,    8.297 ,       17 , 	)
   7 	 (   5 ,  960.000 , 1200.000 ,        0 ,  991.865 , 1004.933 ,   15.195 , 1020.128 , 1023.128 ,    0.000 ,   24.981 ,   28.263 ,    1.327 ,       18 , 	)
  49 	 (   6 ,  960.000 , 1200.000 ,        0 , 1006.466 , 1034.729 ,    0.000 , 1034.729 , 1035.729 ,    0.000 ,   24.981 ,   28.263 ,    9.068 ,       19 , 	)
 109 	 (   4 , 1028.000 , 1268.000 ,        0 , 1029.068 , 1057.331 ,    0.000 , 1057.331 , 1059.331 ,   76.019 ,   24.981 ,   28.263 ,   15.369 ,       20 , 	)
  15 	 (   5 , 1029.000 , 1139.647 ,        0 , 1044.774 , 1073.037 ,    0.000 , 1073.037 , 1074.037 ,    0.000 ,   30.626 ,   28.263 ,    9.435 ,       21 , 	)
  48 	 (   7 ,  960.000 , 1200.000 ,        0 , 1057.346 , 1085.609 ,    0.000 , 1085.609 , 1087.609 ,    0.000 ,   30.587 ,   28.263 ,   -2.317 ,       22 , 	)
  83 	 (   4 , 1093.000 , 1273.000 ,        0 , 1064.737 , 1093.000 ,    0.000 , 1093.000 , 1096.000 ,   69.872 ,   30.587 ,    0.000 ,    8.001 ,       23 , 	)
 125 	 (   3 , 1037.000 , 1277.000 ,        0 , 1108.103 , 1108.103 ,    0.000 , 1108.103 , 1109.103 ,   72.374 ,   30.587 ,   -0.000 ,    0.680 ,       24 , 	)
  91 	 (   2 , 1111.000 , 1171.000 ,        0 , 1124.450 , 1124.450 ,    0.000 , 1124.450 , 1125.450 ,   50.413 ,   30.587 ,   -0.000 ,    2.350 ,       25 , 	)
   6 	 (   6 ,  960.000 , 1200.000 ,        0 , 1129.483 , 1129.483 ,    0.000 , 1129.483 , 1133.483 ,    0.000 ,   70.517 ,   -0.000 ,    2.441 ,       26 , 	)
 124 	 (   4 , 1056.000 , 1296.000 ,        0 , 1154.893 , 1154.893 ,    0.000 , 1154.893 , 1156.893 ,   67.284 ,   54.643 ,   -0.000 ,    7.038 ,       27 , 	)
  82 	 (   0 , 1039.000 , 1279.000 ,        0 , 1180.841 , 1180.841 ,    0.000 , 1180.841 , 1184.841 ,   47.357 ,   54.643 ,   -0.000 ,    3.583 ,       28 , 	)
 153 	 (   0 ,    0.000 , 1440.000 ,        0 , 1206.953 , 1206.953 ,    0.000 , 1206.953 , 1206.953 ,    0.000 ,  233.047 ,   -0.000 ,    0.000 ,       29 , 	)

	18 sommets 
	values : ( Cost : 268.181 , TRT : 253.407 , TWT :  19.767 , TD : 548.190 )
	violations : ( VC :       0 , VTW :   0.000 , VTD :   0.000 , VTRT :   0.000 )
	cout global : (   0.000	 )
S(i)	 (   C ,     TW0 ,       TW1 ,       VTW ,       Min ,       A ,       W ,       B ,       D ,       L ,       F ,       E ,       Det ,       [Imp ,       Imp]	)
   0 	 (   0 ,    0.000 , 1440.000 ,        0 ,    0.000 ,  702.623 ,    0.000 ,  702.623 ,  702.623 ,    0.000 ,    0.000 ,  702.623 ,    0.000 ,        0 , 	)
   9 	 (   3 ,  489.000 ,  719.178 ,        0 ,    8.224 ,  710.847 ,    0.000 ,  710.847 ,  713.847 ,    0.000 ,    0.000 ,  221.847 ,   10.419 ,        1 , 	)
  16 	 (   7 ,  720.000 ,  900.000 ,        0 ,  508.561 ,  730.408 ,    0.000 ,  730.408 ,  734.408 ,    0.000 ,    0.000 ,   10.408 ,    0.380 ,        2 , 	)
  40 	 (   8 ,  720.000 ,  900.000 ,        0 ,  729.084 ,  739.492 ,    0.000 ,  739.492 ,  740.492 ,    0.000 ,    0.000 ,   10.408 ,    1.521 ,        3 , 	)
  85 	 (   5 ,  572.000 ,  752.000 ,        0 ,  741.592 ,  752.000 ,    0.000 ,  752.000 ,  755.000 ,   38.153 ,   -0.000 ,   10.408 ,    1.232 ,        4 , 	)
   5 	 (   7 ,  720.000 ,  960.000 ,        0 ,  754.426 ,  764.835 ,   17.032 ,  781.867 ,  783.867 ,    0.000 ,    0.000 ,   27.441 ,   -5.394 ,        5 , 	)
  92 	 (   3 ,  774.000 ,  954.000 ,        0 ,  768.406 ,  795.847 ,    0.000 ,  795.847 ,  799.847 ,   61.438 ,    0.000 ,   21.847 ,   -6.461 ,        6 , 	)
  44 	 (   6 ,  780.000 ,  960.000 ,        0 ,  785.819 ,  807.665 ,    0.000 ,  807.665 ,  810.665 ,    0.000 ,    0.000 ,   21.847 ,    9.553 ,        7 , 	)
 116 	 (   5 ,  750.729 ,  981.000 ,        0 ,  798.646 ,  820.492 ,    0.000 ,  820.492 ,  821.492 ,   80.000 ,    0.000 ,   21.847 ,    1.018 ,        8 , 	)
  27 	 (   6 ,  780.000 ,  960.000 ,        0 ,  802.862 ,  824.708 ,    2.735 ,  827.443 ,  828.443 ,    0.000 ,    6.198 ,   24.581 ,   -0.094 ,        9 , 	)
  66 	 (   7 ,  840.000 ,  960.000 ,        0 ,  815.419 ,  840.000 ,    0.000 ,  840.000 ,  841.000 ,    0.000 ,    6.198 ,    0.000 ,   -1.733 ,       10 , 	)
 103 	 (   6 ,  825.000 , 1061.000 ,        0 ,  864.950 ,  864.950 ,    0.000 ,  864.950 ,  865.950 ,   36.508 ,    6.198 ,    0.000 ,    3.538 ,       11 , 	)
   2 	 (   7 ,  780.000 ,  900.000 ,        0 ,  875.143 ,  875.143 ,    0.000 ,  875.143 ,  876.143 ,    0.000 ,    6.198 ,    0.000 ,    6.277 ,       12 , 	)
 142 	 (   6 ,  866.129 , 1028.000 ,        0 ,  888.358 ,  888.358 ,    0.000 ,  888.358 ,  889.358 ,   47.358 ,    6.198 ,    0.000 ,   -5.126 ,       13 , 	)
 120 	 (   3 ,  840.000 , 1080.000 ,        0 ,  908.685 ,  908.685 ,    0.000 ,  908.685 ,  911.685 ,   98.020 ,    6.198 ,    0.000 ,   -0.732 ,       14 , 	)
  78 	 (   2 ,  835.000 , 1015.000 ,        0 ,  919.054 ,  919.054 ,    0.000 ,  919.054 ,  920.054 ,   42.911 ,    6.198 ,    0.000 ,   -0.095 ,       15 , 	)
  81 	 (   0 ,  833.000 , 1073.000 ,        0 ,  927.669 ,  927.669 ,    0.000 ,  927.669 ,  929.669 ,  143.802 ,    6.198 ,    0.000 ,   12.560 ,       16 , 	)
 153 	 (   0 ,    0.000 , 1440.000 ,        0 ,  956.030 ,  956.030 ,    0.000 ,  956.030 ,  956.030 ,    0.000 ,  483.970 ,    0.000 ,    0.000 ,       17 , 	)

	18 sommets 
	values : ( Cost : 369.898 , TRT : 383.799 , TWT :  71.680 , TD : 589.676 )
	violations : ( VC :       0 , VTW :   0.000 , VTD :   0.000 , VTRT :   0.000 )
	cout global : (   0.000	 )
S(i)	 (   C ,     TW0 ,       TW1 ,       VTW ,       Min ,       A ,       W ,       B ,       D ,       L ,       F ,       E ,       Det ,       [Imp ,       Imp]	)
   0 	 (   0 ,    0.000 , 1440.000 ,        0 ,    0.000 ,  264.607 ,    0.000 ,  264.607 ,  264.607 ,    0.000 ,    0.000 ,  264.607 ,    0.000 ,        0 , 	)
  52 	 (   1 ,  240.000 ,  420.000 ,        0 ,    3.571 ,  268.178 ,    0.000 ,  268.178 ,  269.178 ,    0.000 ,    0.000 ,   28.178 ,    2.590 ,        1 , 	)
  29 	 (   4 ,  240.000 ,  420.000 ,        0 ,  248.239 ,  276.417 ,    0.000 ,  276.417 ,  279.417 ,    0.000 ,    0.000 ,   28.178 ,    5.065 ,        2 , 	)
  23 	 (   7 ,  240.000 ,  300.000 ,        0 ,  271.822 ,  300.000 ,    0.000 ,  300.000 ,  303.000 ,    0.000 ,    0.000 ,   28.178 ,    6.626 ,        3 , 	)
 105 	 (   4 ,  330.000 ,  510.000 ,        0 ,  304.960 ,  333.138 ,    0.000 ,  333.138 ,  336.138 ,   53.721 ,   23.862 ,    3.138 ,    0.000 ,        4 , 	)
  22 	 (   6 ,  240.000 ,  360.000 ,        0 ,  333.000 ,  336.138 ,   23.862 ,  360.000 ,  362.000 ,    0.000 ,    0.000 ,   27.000 ,    0.000 ,        5 , 	)
  99 	 (   3 ,  277.766 ,  396.000 ,        0 ,  339.824 ,  366.824 ,    0.000 ,  366.824 ,  369.824 ,   63.824 ,   13.195 ,   27.000 ,    8.732 ,        6 , 	)
 128 	 (   2 ,  331.000 ,  511.000 ,        0 ,  349.983 ,  376.983 ,    0.000 ,  376.983 ,  377.983 ,  107.805 ,   13.195 ,   27.000 ,    0.020 ,        7 , 	)
  51 	 (   6 ,  240.000 ,  420.000 ,        0 ,  374.128 ,  401.128 ,   18.872 ,  420.000 ,  424.000 ,    0.000 ,    0.000 ,   45.872 ,   -0.018 ,        8 , 	)
  11 	 (   7 ,  360.000 ,  480.000 ,        0 ,  395.459 ,  441.331 ,    4.673 ,  446.004 ,  447.004 ,    0.000 ,    0.000 ,   50.545 ,    4.450 ,        9 , 	)
  87 	 (   6 ,  381.330 ,  536.000 ,        0 ,  416.789 ,  467.334 ,    0.000 ,  467.334 ,  468.334 ,   20.330 ,    0.000 ,   50.545 ,  -10.929 ,       10 , 	)
 127 	 (   2 ,  368.000 ,  488.000 ,        0 ,  437.455 ,  488.000 ,    0.000 ,  488.000 ,  492.000 ,   64.000 ,    0.000 ,   50.545 ,   31.885 ,       11 , 	)
  68 	 (   4 ,  540.000 ,  720.000 ,        0 ,  473.045 ,  523.590 ,   18.643 ,  542.233 ,  544.233 ,    0.000 ,    0.000 ,    2.233 ,    5.462 ,       12 , 	)
  98 	 (   2 ,  380.000 ,  560.000 ,        0 ,  557.767 ,  560.000 ,    0.000 ,  560.000 ,  562.000 ,  198.000 ,    0.000 ,    2.233 ,    4.694 ,       13 , 	)
 144 	 (   0 ,  602.000 ,  842.000 ,        0 ,  594.137 ,  596.370 ,    5.630 ,  602.000 ,  604.000 ,   57.767 ,   45.320 ,    0.000 ,   19.072 ,       14 , 	)
   1 	 (   1 ,  480.000 ,  660.000 ,        0 ,  614.680 ,  614.680 ,    0.000 ,  614.680 ,  615.680 ,    0.000 ,   45.320 ,    0.000 ,   -1.829 ,       15 , 	)
  77 	 (   0 ,  505.229 ,  726.000 ,        0 ,  639.908 ,  639.908 ,    0.000 ,  639.908 ,  640.908 ,   24.229 ,   40.771 ,    0.000 ,    2.747 ,       16 , 	)
 153 	 (   0 ,    0.000 , 1440.000 ,        0 ,  648.405 ,  648.405 ,    0.000 ,  648.405 ,  648.405 ,    0.000 ,  791.595 ,    0.000 ,    0.000 ,       17 , 	)

	16 sommets 
	values : ( Cost : 284.887 , TRT : 254.201 , TWT :   0.000 , TD : 393.427 )
	violations : ( VC :       0 , VTW :   0.000 , VTD :   0.000 , VTRT :   0.000 )
	cout global : (   0.000	 )
S(i)	 (   C ,     TW0 ,       TW1 ,       VTW ,       Min ,       A ,       W ,       B ,       D ,       L ,       F ,       E ,       Det ,       [Imp ,       Imp]	)
   0 	 (   0 ,    0.000 , 1440.000 ,        0 ,    0.000 ,  251.368 ,    0.000 ,  251.368 ,  251.368 ,    0.000 ,   40.692 ,  251.368 ,    0.000 ,        0 , 	)
  26 	 (   4 ,  240.000 ,  420.000 ,        0 ,   22.011 ,  273.380 ,    0.000 ,  273.380 ,  277.380 ,    0.000 ,   40.692 ,   33.380 ,   31.636 ,        1 , 	)
  30 	 (   5 ,  240.000 ,  480.000 ,        0 ,  261.246 ,  294.626 ,    0.000 ,  294.626 ,  295.626 ,    0.000 ,   32.509 ,   33.380 ,    6.627 ,        2 , 	)
 102 	 (   1 ,  267.864 ,  488.000 ,        0 ,  275.491 ,  308.871 ,    0.000 ,  308.871 ,  312.871 ,   31.491 ,   19.626 ,   33.380 ,    0.987 ,        3 , 	)
  32 	 (   3 ,  240.000 ,  480.000 ,        0 ,  282.992 ,  316.372 ,    0.000 ,  316.372 ,  318.372 ,    0.000 ,   19.626 ,   33.380 ,    0.914 ,        4 , 	)
  71 	 (   4 ,  300.000 ,  480.000 ,        0 ,  294.479 ,  327.859 ,    0.000 ,  327.859 ,  328.859 ,    0.000 ,   19.626 ,   27.859 ,    0.077 ,        5 , 	)
   8 	 (   8 ,  240.000 ,  480.000 ,        0 ,  304.850 ,  332.708 ,    0.000 ,  332.708 ,  336.708 ,    0.000 ,    8.371 ,   27.859 ,    0.876 ,        6 , 	)
  84 	 (   4 ,  312.000 ,  552.000 ,        0 ,  343.195 ,  371.053 ,    0.000 ,  371.053 ,  375.053 ,   34.345 ,    8.371 ,   27.859 ,    0.480 ,        7 , 	)
 106 	 (   3 ,  334.000 ,  574.000 ,        0 ,  361.141 ,  389.000 ,    0.000 ,  389.000 ,  390.000 ,   93.374 ,    8.371 ,   27.859 ,    0.000 ,        8 , 	)
 108 	 (   1 ,  390.000 ,  570.000 ,        0 ,  362.141 ,  390.000 ,    0.000 ,  390.000 ,  392.000 ,   71.628 ,    8.371 ,    0.000 ,    0.000 ,        9 , 	)
 147 	 (   0 ,  336.000 ,  569.000 ,        0 ,  408.488 ,  408.488 ,    0.000 ,  408.488 ,  409.488 ,   79.629 ,    8.371 ,    0.000 ,    1.729 ,       10 , 	)
  57 	 (   4 ,  300.000 ,  480.000 ,        0 ,  421.971 ,  421.971 ,    0.000 ,  421.971 ,  425.971 ,    0.000 ,   40.692 ,    0.000 ,    7.126 ,       11 , 	)
  72 	 (   8 ,  300.000 ,  480.000 ,        0 ,  439.308 ,  439.308 ,    0.000 ,  439.308 ,  443.308 ,    0.000 ,   40.692 ,    0.000 ,   -0.806 ,       12 , 	)
 148 	 (   4 ,  332.132 ,  559.000 ,        0 ,  471.441 ,  471.441 ,    0.000 ,  471.441 ,  475.441 ,   28.132 ,   46.868 ,    0.000 ,    2.929 ,       13 , 	)
 133 	 (   0 ,  422.000 ,  542.000 ,        0 ,  480.798 ,  480.798 ,    0.000 ,  480.798 ,  484.798 ,   54.827 ,   61.202 ,    0.000 ,    2.036 ,       14 , 	)
 153 	 (   0 ,    0.000 , 1440.000 ,        0 ,  505.569 ,  505.569 ,    0.000 ,  505.569 ,  505.569 ,    0.000 ,  934.431 ,    0.000 ,    0.000 ,       15 , 	)

	18 sommets 
	values : ( Cost : 278.953 , TRT : 456.800 , TWT : 215.061 , TD : 365.758 )
	violations : ( VC :       0 , VTW :   0.000 , VTD :   0.000 , VTRT :   0.000 )
	cout global : (   0.000	 )
S(i)	 (   C ,     TW0 ,       TW1 ,       VTW ,       Min ,       A ,       W ,       B ,       D ,       L ,       F ,       E ,       Det ,       [Imp ,       Imp]	)
   0 	 (   0 ,    0.000 , 1440.000 ,        0 ,    0.000 ,  685.311 ,    0.000 ,  685.311 ,  685.311 ,    0.000 ,    0.000 ,  685.311 ,    0.000 ,        0 , 	)
  28 	 (   3 ,  480.000 ,  720.000 ,        0 ,   16.253 ,  701.565 ,    0.000 ,  701.565 ,  704.565 ,    0.000 ,    0.000 ,  221.565 ,    6.471 ,        1 , 	)
  17 	 (   4 ,  540.000 ,  720.000 ,        0 ,  493.435 ,  715.000 ,    0.000 ,  715.000 ,  716.000 ,    0.000 ,    0.000 ,  175.000 ,   -1.245 ,        2 , 	)
  37 	 (   5 ,  480.000 ,  720.000 ,        0 ,  545.000 ,  720.000 ,    0.000 ,  720.000 ,  721.000 ,    0.000 ,    0.000 ,  175.000 ,   -0.508 ,        3 , 	)
  93 	 (   4 ,  565.000 ,  745.000 ,        0 ,  550.871 ,  725.871 ,    0.000 ,  725.871 ,  726.871 ,    9.871 ,   14.409 ,  160.871 ,    0.236 ,        4 , 	)
 104 	 (   1 ,  529.000 ,  769.000 ,        0 ,  572.869 ,  733.741 ,    0.000 ,  733.741 ,  736.741 ,   29.176 ,   14.409 ,  160.871 ,   -0.765 ,        5 , 	)
  63 	 (   5 ,  720.000 ,  960.000 ,        0 ,  582.241 ,  743.112 ,   14.409 ,  757.521 ,  761.521 ,    0.000 ,    0.000 ,   37.521 ,    4.753 ,        6 , 	)
 113 	 (   4 ,  538.000 ,  778.000 ,        0 ,  740.479 ,  778.000 ,    0.000 ,  778.000 ,  779.000 ,   57.000 ,    0.000 ,   37.521 ,    1.341 ,        7 , 	)
 139 	 (   0 ,  804.000 , 1044.000 ,        0 ,  750.499 ,  788.020 ,   15.980 ,  804.000 ,  808.000 ,   42.479 ,   86.521 ,    0.000 ,    7.411 ,        8 , 	)
  31 	 (   1 ,  780.000 ,  960.000 ,        0 ,  818.735 ,  818.735 ,  141.265 ,  960.000 ,  961.000 ,    0.000 ,    0.000 ,  141.265 ,    1.692 ,        9 , 	)
  10 	 (   5 ,  963.000 , 1200.000 ,        0 ,  827.248 ,  968.513 ,   35.841 , 1004.354 , 1008.354 ,    0.000 ,    0.000 ,   41.354 ,   -0.065 ,       10 , 	)
  73 	 (   6 , 1020.000 , 1200.000 ,        0 ,  980.377 , 1021.731 ,    0.000 , 1021.731 , 1022.731 ,    0.000 ,    0.000 ,    1.731 ,   13.526 ,       11 , 	)
 107 	 (   5 ,  813.000 , 1045.000 ,        0 , 1043.269 , 1045.000 ,    0.000 , 1045.000 , 1046.000 ,   84.000 ,    0.000 ,    1.731 ,    7.130 ,       12 , 	)
  86 	 (   1 , 1072.000 , 1252.000 ,        0 , 1062.703 , 1064.434 ,    7.566 , 1072.000 , 1076.000 ,   63.646 ,    2.629 ,    0.000 ,   19.169 ,       13 , 	)
 149 	 (   0 , 1069.000 , 1249.000 ,        0 , 1086.102 , 1086.102 ,    0.000 , 1086.102 , 1087.102 ,   63.371 ,    2.629 ,    0.000 ,    0.740 ,       14 , 	)
  35 	 (   1 ,  960.000 , 1200.000 ,        0 , 1110.246 , 1110.246 ,    0.000 , 1110.246 , 1111.246 ,    0.000 ,   89.754 ,    0.000 ,    3.268 ,       15 , 	)
 111 	 (   0 , 1003.000 , 1243.000 ,        0 , 1127.461 , 1127.461 ,    0.000 , 1127.461 , 1128.461 ,   16.215 ,   48.785 ,   -0.000 ,    2.073 ,       16 , 	)
 153 	 (   0 ,    0.000 , 1440.000 ,        0 , 1142.111 , 1142.111 ,    0.000 , 1142.111 , 1142.111 ,    0.000 ,  297.889 ,   -0.000 ,    0.000 ,       17 , 	)
