6
	VALUE ALL : ( Cost : 2538.176 , TRT : 2261.586 , TWT : 141.183 , TD : 2770.895 )
	VIOLATIONS TOTAL : ( VC :       0 , VTW :   0.000 , VTD :   0.000 , VTRT :   0.000 )
 	COUT_ALL : (   0.002 )  T2B:    6600

	18 sommets 
	values : ( Cost : 420.579 , TRT : 374.665 , TWT :  18.441 , TD : 419.735 )
	violations : ( VC :       0 , VTW :   0.000 , VTD :   0.000 , VTRT :   0.000 )
	cout global : (   0.000	 )
S(i)	 (   C ,     TW0 ,       TW1 ,       VTW ,       Min ,       A ,       W ,       B ,       D ,       L ,       F ,       E ,       Det ,       [Imp ,       Imp]	)
   0 	 (   0 ,    0.000 , 1440.000 ,        0 ,    0.000 ,  301.908 ,    0.000 ,  301.908 ,  301.908 ,    0.000 ,    0.000 ,  301.908 ,    0.000 ,        0 , 	)
  37 	 (   3 ,  284.000 ,  440.411 ,        0 ,   33.931 ,  335.839 ,    0.000 ,  335.839 ,  338.839 ,    0.000 ,    0.000 ,   51.839 ,    3.353 ,        1 , 	)
  14 	 (   6 ,  240.000 ,  480.000 ,        0 ,  315.719 ,  367.558 ,    0.000 ,  367.558 ,  370.558 ,    0.000 ,    0.000 ,   51.839 ,   20.723 ,        2 , 	)
  84 	 (   3 ,  345.000 ,  465.000 ,        0 ,  332.312 ,  384.151 ,    0.000 ,  384.151 ,  387.151 ,   45.312 ,    0.000 ,   39.151 ,    0.143 ,        3 , 	)
  38 	 (   4 ,  240.000 ,  480.000 ,        0 ,  352.351 ,  391.502 ,    0.000 ,  391.502 ,  392.502 ,    0.000 ,    0.000 ,   39.151 ,    0.209 ,        4 , 	)
  18 	 (   7 ,  257.000 ,  420.000 ,        0 ,  375.655 ,  414.806 ,    0.000 ,  414.806 ,  417.806 ,    0.000 ,    0.000 ,   39.151 ,    0.000 ,        5 , 	)
  61 	 (   4 ,  322.000 ,  562.000 ,        0 ,  378.655 ,  417.806 ,    0.000 ,  417.806 ,  420.806 ,   47.248 ,    0.000 ,   39.151 ,    0.000 ,        6 , 	)
  85 	 (   3 ,  364.000 ,  544.000 ,        0 ,  404.728 ,  443.879 ,    0.000 ,  443.879 ,  444.879 ,   51.377 ,    0.000 ,   39.151 ,    1.250 ,        7 , 	)
   3 	 (   4 ,  249.000 ,  478.043 ,        0 ,  414.700 ,  453.851 ,    0.000 ,  453.851 ,  454.851 ,    0.000 ,    0.000 ,   39.151 ,   -1.965 ,        8 , 	)
  50 	 (   3 ,  328.000 ,  508.000 ,        0 ,  444.657 ,  483.808 ,    0.000 ,  483.808 ,  484.808 ,   28.957 ,    0.000 ,   39.151 ,    4.540 ,        9 , 	)
  65 	 (   0 ,  429.000 ,  489.000 ,        0 ,  449.849 ,  489.000 ,    0.000 ,  489.000 ,  492.000 ,   71.194 ,    0.000 ,   39.151 ,    0.341 ,       10 , 	)
   4 	 (   4 ,  480.000 ,  720.000 ,        0 ,  462.600 ,  501.751 ,   18.441 ,  520.192 ,  524.192 ,    0.000 ,  120.000 ,   40.192 ,    8.480 ,       11 , 	)
  36 	 (   7 ,  540.000 ,  660.000 ,        0 ,  499.808 ,  540.000 ,    0.000 ,  540.000 ,  543.000 ,    0.000 ,   15.864 ,    0.000 ,   12.950 ,       12 , 	)
  83 	 (   4 ,  565.666 ,  724.000 ,        0 ,  565.666 ,  565.666 ,    0.000 ,  565.666 ,  568.666 ,   22.666 ,   15.864 ,    0.000 ,   28.398 ,       13 , 	)
   9 	 (   6 ,  480.000 ,  720.000 ,        0 ,  583.226 ,  583.226 ,    0.000 ,  583.226 ,  585.226 ,    0.000 ,   15.864 ,    0.000 ,   34.926 ,       14 , 	)
  56 	 (   4 ,  559.000 ,  799.000 ,        0 ,  624.071 ,  624.071 ,    0.000 ,  624.071 ,  626.071 ,   38.845 ,   15.864 ,    0.000 ,   13.635 ,       15 , 	)
  51 	 (   0 ,  580.000 ,  820.000 ,        0 ,  638.328 ,  638.328 ,    0.000 ,  638.328 ,  642.328 ,  114.136 ,   15.864 ,    0.000 ,   -6.747 ,       16 , 	)
  95 	 (   0 ,    0.000 , 1440.000 ,        0 ,  676.574 ,  676.574 ,    0.000 ,  676.574 ,  676.574 ,    0.000 ,  763.426 ,    0.000 ,    0.000 ,       17 , 	)

	16 sommets 
	values : ( Cost : 373.957 , TRT : 305.171 , TWT :   0.000 , TD : 447.016 )
	violations : ( VC :       0 , VTW :   0.000 , VTD :   0.000 , VTRT :   0.000 )
	cout global : (   0.000	 )
S(i)	 (   C ,     TW0 ,       TW1 ,       VTW ,       Min ,       A ,       W ,       B ,       D ,       L ,       F ,       E ,       Det ,       [Imp ,       Imp]	)
   0 	 (   0 ,    0.000 , 1440.000 ,        0 ,    0.000 ,  204.044 ,    0.000 ,  204.044 ,  204.044 ,    0.000 ,    8.611 ,  204.044 ,    0.000 ,        0 , 	)
  20 	 (   1 ,  241.000 ,  480.000 ,        0 ,   65.596 ,  269.641 ,    0.000 ,  269.641 ,  270.641 ,    0.000 ,    8.611 ,   28.641 ,    0.846 ,        1 , 	)
  24 	 (   4 ,  240.000 ,  300.000 ,        0 ,  262.749 ,  291.389 ,    0.000 ,  291.389 ,  294.389 ,    0.000 ,    8.611 ,   28.641 ,    3.294 ,        2 , 	)
  71 	 (   1 ,  283.000 ,  398.000 ,        0 ,  301.251 ,  329.892 ,    0.000 ,  329.892 ,  332.892 ,   35.502 ,   28.641 ,   28.641 ,   28.026 ,        3 , 	)
  32 	 (   4 ,  300.000 ,  480.000 ,        0 ,  321.359 ,  350.000 ,    0.000 ,  350.000 ,  353.000 ,    0.000 ,   28.641 ,   28.641 ,    0.000 ,        4 , 	)
  67 	 (   3 ,  353.000 ,  533.000 ,        0 ,  324.359 ,  353.000 ,    0.000 ,  353.000 ,  354.000 ,   82.359 ,   28.641 ,    0.000 ,    0.000 ,        5 , 	)
  28 	 (   4 ,  240.000 ,  420.000 ,        0 ,  361.469 ,  361.469 ,    0.000 ,  361.469 ,  362.469 ,    0.000 ,   35.928 ,    0.000 ,   -1.587 ,        6 , 	)
  40 	 (   6 ,  240.000 ,  420.000 ,        0 ,  383.632 ,  383.632 ,    0.000 ,  383.632 ,  385.632 ,    0.000 ,   35.928 ,    0.000 ,    4.116 ,        7 , 	)
  31 	 (   7 ,  240.000 ,  480.000 ,        0 ,  396.168 ,  396.168 ,    0.000 ,  396.168 ,  397.168 ,    0.000 ,   35.928 ,    0.000 ,    4.380 ,        8 , 	)
  75 	 (   6 ,  273.000 ,  505.000 ,        0 ,  408.943 ,  408.943 ,    0.000 ,  408.943 ,  409.943 ,   46.474 ,   35.928 ,    0.000 ,    6.866 ,        9 , 	)
  79 	 (   3 ,  431.000 ,  611.000 ,        0 ,  434.368 ,  434.368 ,    0.000 ,  434.368 ,  437.368 ,   81.368 ,   35.928 ,    0.000 ,    1.014 ,       10 , 	)
  30 	 (   4 ,  300.000 ,  480.000 ,        0 ,  444.072 ,  444.072 ,    0.000 ,  444.072 ,  445.072 ,    0.000 ,   35.928 ,    0.000 ,    5.315 ,       11 , 	)
  87 	 (   2 ,  332.000 ,  572.000 ,        0 ,  468.613 ,  468.613 ,    0.000 ,  468.613 ,  470.613 ,   82.980 ,   55.179 ,    0.000 ,   -1.016 ,       12 , 	)
  78 	 (   1 ,  343.000 ,  583.000 ,        0 ,  478.989 ,  478.989 ,    0.000 ,  478.989 ,  479.989 ,   81.821 ,   55.179 ,    0.000 ,    1.617 ,       13 , 	)
  77 	 (   0 ,  383.000 ,  563.000 ,        0 ,  481.583 ,  481.583 ,    0.000 ,  481.583 ,  482.583 ,   36.511 ,   74.489 ,    0.000 ,    0.162 ,       14 , 	)
  95 	 (   0 ,    0.000 , 1440.000 ,        0 ,  509.215 ,  509.215 ,    0.000 ,  509.215 ,  509.215 ,    0.000 ,  930.785 ,    0.000 ,    0.000 ,       15 , 	)

	14 sommets 
	values : ( Cost : 398.648 , TRT : 337.735 , TWT :   0.000 , TD : 254.241 )
	violations : ( VC :       0 , VTW :   0.000 , VTD :   0.000 , VTRT :   0.000 )
	cout global : (   0.000	 )
S(i)	 (   C ,     TW0 ,       TW1 ,       VTW ,       Min ,       A ,       W ,       B ,       D ,       L ,       F ,       E ,       Det ,       [Imp ,       Imp]	)
   0 	 (   0 ,    0.000 , 1440.000 ,        0 ,    0.000 ,  259.963 ,    0.000 ,  259.963 ,  259.963 ,    0.000 ,   24.280 ,  259.963 ,    0.000 ,        0 , 	)
  39 	 (   4 ,  240.000 ,  480.000 ,        0 ,   27.066 ,  287.029 ,    0.000 ,  287.029 ,  291.029 ,    0.000 ,   24.280 ,   47.029 ,    0.957 ,        1 , 	)
  29 	 (   6 ,  258.000 ,  411.067 ,        0 ,  259.644 ,  306.673 ,    0.000 ,  306.673 ,  308.673 ,    0.000 ,    1.034 ,   47.029 ,   28.586 ,        2 , 	)
  76 	 (   4 ,  326.000 ,  446.000 ,        0 ,  294.577 ,  341.606 ,    0.000 ,  341.606 ,  343.606 ,   32.933 ,    1.034 ,   15.606 ,   31.538 ,        3 , 	)
  42 	 (   6 ,  360.000 ,  480.000 ,        0 ,  344.394 ,  360.000 ,    0.000 ,  360.000 ,  362.000 ,    0.000 ,    1.034 ,    0.000 ,   -1.156 ,        4 , 	)
  86 	 (   2 ,  305.000 ,  545.000 ,        0 ,  372.995 ,  372.995 ,    0.000 ,  372.995 ,  376.995 ,   81.966 ,    1.034 ,    0.000 ,   -2.444 ,        5 , 	)
  46 	 (   6 ,  352.000 ,  429.124 ,        0 ,  386.027 ,  386.027 ,    0.000 ,  386.027 ,  390.027 ,    0.000 ,   24.280 ,    0.000 ,    4.777 ,        6 , 	)
  93 	 (   2 ,  383.000 ,  443.000 ,        0 ,  399.903 ,  399.903 ,    0.000 ,  399.903 ,  403.903 ,    9.876 ,   17.124 ,    0.000 ,    5.302 ,        7 , 	)
  89 	 (   0 ,  419.000 ,  599.000 ,        0 ,  423.422 ,  423.422 ,    0.000 ,  423.422 ,  425.422 ,   61.422 ,   24.280 ,    0.000 ,    4.029 ,        8 , 	)
  25 	 (   4 ,  240.000 ,  480.000 ,        0 ,  455.720 ,  455.720 ,    0.000 ,  455.720 ,  459.720 ,    0.000 ,   24.280 ,    0.000 ,   19.988 ,        9 , 	)
  72 	 (   0 ,  336.000 ,  576.000 ,        0 ,  506.078 ,  506.078 ,    0.000 ,  506.078 ,  510.078 ,   46.359 ,   69.922 ,    0.000 ,    4.846 ,       10 , 	)
  16 	 (   3 ,  480.000 ,  660.000 ,        0 ,  530.845 ,  530.845 ,    0.000 ,  530.845 ,  533.845 ,    0.000 ,  129.155 ,    0.000 ,   22.659 ,       11 , 	)
  63 	 (   0 ,  525.000 ,  705.000 ,        0 ,  555.531 ,  555.531 ,    0.000 ,  555.531 ,  558.531 ,   21.686 ,   36.314 ,    0.000 ,   29.004 ,       12 , 	)
  95 	 (   0 ,    0.000 , 1440.000 ,        0 ,  597.699 ,  597.699 ,    0.000 ,  597.699 ,  597.699 ,    0.000 ,  842.301 ,    0.000 ,    0.000 ,       13 , 	)

	26 sommets 
	values : ( Cost : 430.005 , TRT : 441.811 , TWT :  76.498 , TD : 842.264 )
	violations : ( VC :       0 , VTW :   0.000 , VTD :   0.000 , VTRT :   0.000 )
	cout global : (   0.000	 )
S(i)	 (   C ,     TW0 ,       TW1 ,       VTW ,       Min ,       A ,       W ,       B ,       D ,       L ,       F ,       E ,       Det ,       [Imp ,       Imp]	)
   0 	 (   0 ,    0.000 , 1440.000 ,        0 ,    0.000 ,  633.583 ,    0.000 ,  633.583 ,  633.583 ,    0.000 ,    0.000 ,  633.583 ,    0.000 ,        0 , 	)
  22 	 (   1 ,  480.000 ,  660.000 ,        0 ,   26.417 ,  660.000 ,    0.000 ,  660.000 ,  661.000 ,    0.000 ,    0.000 ,  180.000 ,   13.931 ,        1 , 	)
  11 	 (   2 ,  720.000 ,  960.000 ,        0 ,  518.052 ,  698.052 ,   56.183 ,  754.235 ,  755.235 ,    0.000 ,    0.000 ,   34.235 ,    2.775 ,        2 , 	)
  69 	 (   1 ,  522.000 ,  757.000 ,        0 ,  722.765 ,  757.000 ,    0.000 ,  757.000 ,  758.000 ,   96.000 ,    0.000 ,   34.235 ,    0.000 ,        3 , 	)
   5 	 (   5 ,  720.000 ,  960.000 ,        0 ,  723.765 ,  758.000 ,   20.315 ,  778.315 ,  782.315 ,    0.000 ,    4.223 ,   54.550 ,    0.000 ,        4 , 	)
  58 	 (   4 ,  756.000 ,  996.000 ,        0 ,  744.462 ,  799.013 ,    0.000 ,  799.013 ,  800.013 ,   43.777 ,    4.223 ,   43.013 ,    0.261 ,        5 , 	)
  23 	 (   5 ,  780.000 ,  960.000 ,        0 ,  762.350 ,  805.362 ,    0.000 ,  805.362 ,  806.362 ,    0.000 ,   28.989 ,   25.362 ,   -1.789 ,        6 , 	)
  17 	 (   6 ,  720.000 ,  900.000 ,        0 ,  795.638 ,  821.000 ,    0.000 ,  821.000 ,  822.000 ,    0.000 ,   28.989 ,   25.362 ,    0.000 ,        7 , 	)
  52 	 (   2 ,  822.000 , 1062.000 ,        0 ,  796.638 ,  822.000 ,    0.000 ,  822.000 ,  826.000 ,   39.685 ,    4.704 ,    0.000 ,    0.000 ,        8 , 	)
  47 	 (   4 ,  780.000 ,  960.000 ,        0 ,  836.141 ,  836.141 ,    0.000 ,  836.141 ,  838.141 ,    0.000 ,    4.704 ,    0.000 ,    6.067 ,        9 , 	)
  45 	 (   5 ,  721.000 ,  960.000 ,        0 ,  844.958 ,  844.958 ,    0.000 ,  844.958 ,  845.958 ,    0.000 ,    4.704 ,    0.000 ,    0.000 ,       10 , 	)
  19 	 (   6 ,  780.000 ,  960.000 ,        0 ,  852.540 ,  852.540 ,    0.000 ,  852.540 ,  853.540 ,    0.000 ,    4.704 ,    0.000 ,    0.220 ,       11 , 	)
  94 	 (   4 ,  844.000 , 1024.000 ,        0 ,  863.824 ,  863.824 ,    0.000 ,  863.824 ,  865.824 ,   25.683 ,    4.704 ,    0.000 ,   -2.323 ,       12 , 	)
  92 	 (   3 ,  834.000 , 1014.000 ,        0 ,  890.671 ,  890.671 ,    0.000 ,  890.671 ,  891.671 ,   44.713 ,    4.704 ,    0.000 ,    0.000 ,       13 , 	)
  44 	 (   4 ,  720.000 ,  960.000 ,        0 ,  891.671 ,  891.671 ,    0.000 ,  891.671 ,  892.671 ,    0.000 ,    4.704 ,    0.000 ,    0.000 ,       14 , 	)
  70 	 (   3 ,  850.000 , 1090.000 ,        0 ,  907.506 ,  907.506 ,    0.000 ,  907.506 ,  908.506 ,  101.144 ,    4.704 ,    0.000 ,    0.000 ,       15 , 	)
  66 	 (   2 ,  817.000 , 1051.000 ,        0 ,  908.506 ,  908.506 ,    0.000 ,  908.506 ,  909.506 ,   54.966 ,    4.704 ,    0.000 ,    0.000 ,       16 , 	)
  26 	 (   5 ,  720.000 ,  960.000 ,        0 ,  914.590 ,  914.590 ,    0.000 ,  914.590 ,  917.590 ,    0.000 ,    4.704 ,    0.000 ,   -0.397 ,       17 , 	)
  13 	 (   6 ,  720.000 ,  960.000 ,        0 ,  931.011 ,  931.011 ,    0.000 ,  931.011 ,  932.011 ,    0.000 ,    4.704 ,    0.000 ,    0.000 ,       18 , 	)
  91 	 (   5 ,  772.000 , 1012.000 ,        0 ,  932.011 ,  932.011 ,    0.000 ,  932.011 ,  933.011 ,   39.340 ,    4.704 ,    0.000 ,    0.000 ,       19 , 	)
  64 	 (   4 ,  788.000 , 1028.000 ,        0 ,  948.296 ,  948.296 ,    0.000 ,  948.296 ,  949.296 ,  126.296 ,    4.704 ,    0.000 ,   12.141 ,       20 , 	)
   1 	 (   8 ,  960.000 , 1080.000 ,        0 ,  976.880 ,  976.880 ,    0.000 ,  976.880 ,  980.880 ,    0.000 ,   54.792 ,    0.000 ,   -6.493 ,       21 , 	)
  48 	 (   4 ,  998.291 , 1221.000 ,        0 , 1015.171 , 1015.171 ,    0.000 , 1015.171 , 1019.171 ,   34.291 ,   54.792 ,    0.000 ,   -7.221 ,       22 , 	)
  60 	 (   3 ,  915.000 , 1095.000 ,        0 , 1040.208 , 1040.208 ,    0.000 , 1040.208 , 1041.208 ,  108.198 ,   54.792 ,    0.000 ,    0.436 ,       23 , 	)
  73 	 (   0 ,  915.000 , 1155.000 ,        0 , 1045.762 , 1045.762 ,    0.000 , 1045.762 , 1048.762 ,  128.171 ,  109.238 ,    0.000 ,    1.639 ,       24 , 	)
  95 	 (   0 ,    0.000 , 1440.000 ,        0 , 1075.394 , 1075.394 ,    0.000 , 1075.394 , 1075.394 ,    0.000 ,  364.606 ,    0.000 ,    0.000 ,       25 , 	)

	18 sommets 
	values : ( Cost : 558.381 , TRT : 472.133 , TWT :   4.298 , TD : 514.929 )
	violations : ( VC :       0 , VTW :   0.000 , VTD :   0.000 , VTRT :   0.000 )
	cout global : (   0.000	 )
S(i)	 (   C ,     TW0 ,       TW1 ,       VTW ,       Min ,       A ,       W ,       B ,       D ,       L ,       F ,       E ,       Det ,       [Imp ,       Imp]	)
   0 	 (   0 ,    0.000 , 1440.000 ,        0 ,    0.000 ,  780.102 ,    0.000 ,  780.102 ,  780.102 ,    0.000 ,    0.000 ,  780.102 ,    0.000 ,        0 , 	)
  27 	 (   3 ,  720.000 ,  960.000 ,        0 ,   21.170 ,  801.272 ,    0.000 ,  801.272 ,  804.272 ,    0.000 ,    0.000 ,   81.272 ,    1.329 ,        1 , 	)
   6 	 (   5 ,  720.000 ,  960.000 ,        0 ,  726.546 ,  807.818 ,    0.000 ,  807.818 ,  809.818 ,    0.000 ,    0.000 ,   81.272 ,    3.349 ,        2 , 	)
  43 	 (   6 ,  780.000 ,  960.000 ,        0 ,  738.778 ,  820.050 ,    0.000 ,  820.050 ,  821.050 ,    0.000 ,    0.000 ,   40.050 ,    2.442 ,        3 , 	)
  74 	 (   3 ,  810.000 , 1050.000 ,        0 ,  816.619 ,  856.669 ,    0.000 ,  856.669 ,  859.669 ,   52.397 ,    0.000 ,   40.050 ,    0.000 ,        4 , 	)
  53 	 (   1 ,  838.000 , 1018.000 ,        0 ,  819.619 ,  859.669 ,    0.000 ,  859.669 ,  861.669 ,   49.851 ,    0.000 ,   21.669 ,    0.000 ,        5 , 	)
  90 	 (   0 ,  805.929 , 1028.000 ,        0 ,  856.686 ,  878.355 ,    0.000 ,  878.355 ,  879.355 ,   57.305 ,    0.000 ,   21.669 ,    5.972 ,        6 , 	)
  12 	 (   4 ,  780.000 ,  900.000 ,        0 ,  878.331 ,  900.000 ,    0.000 ,  900.000 ,  904.000 ,    0.000 ,    0.000 ,   21.669 ,   19.375 ,        7 , 	)
  15 	 (   7 ,  720.000 ,  960.000 ,        0 ,  904.968 ,  926.637 ,    4.298 ,  930.935 ,  933.935 ,    0.000 ,   14.241 ,   25.967 ,   19.108 ,        8 , 	)
  62 	 (   4 ,  837.000 , 1017.000 ,        0 ,  950.687 ,  976.654 ,    0.000 ,  976.654 ,  979.654 ,   42.720 ,   14.241 ,   25.967 ,   73.290 ,        9 , 	)
  21 	 (   8 , 1020.000 , 1200.000 ,        0 ,  994.033 , 1020.000 ,    0.000 , 1020.000 , 1024.000 ,    0.000 ,   14.241 ,    0.000 ,   45.795 ,       10 , 	)
  68 	 (   4 , 1054.596 , 1286.000 ,        0 , 1054.596 , 1054.596 ,    0.000 , 1054.596 , 1058.596 ,   30.596 ,   14.241 ,    0.000 ,    5.783 ,       11 , 	)
  41 	 (   8 ,  981.000 , 1124.472 ,        0 , 1064.605 , 1064.605 ,    0.000 , 1064.605 , 1068.605 ,    0.000 ,   14.241 ,   -0.000 ,    3.698 ,       12 , 	)
  88 	 (   4 , 1032.000 , 1152.000 ,        0 , 1092.132 , 1092.132 ,    0.000 , 1092.132 , 1096.132 ,   23.528 ,   14.241 ,   -0.000 ,    5.468 ,       13 , 	)
  59 	 (   0 ,  926.000 , 1166.000 ,        0 , 1123.226 , 1123.226 ,    0.000 , 1123.226 , 1127.226 ,  219.226 ,   14.241 ,   -0.000 ,   35.735 ,       14 , 	)
   2 	 (   3 ,  960.000 , 1200.000 ,        0 , 1185.759 , 1185.759 ,    0.000 , 1185.759 , 1188.759 ,    0.000 ,   14.241 ,   -0.000 ,    9.992 ,       15 , 	)
  49 	 (   0 , 1041.000 , 1281.000 ,        0 , 1228.065 , 1228.065 ,    0.000 , 1228.065 , 1231.065 ,   39.307 ,   52.935 ,   -0.000 ,    4.693 ,       16 , 	)
  95 	 (   0 ,    0.000 , 1440.000 ,        0 , 1252.235 , 1252.235 ,    0.000 , 1252.235 , 1252.235 ,    0.000 ,  187.765 ,   -0.000 ,    0.000 ,       17 , 	)

	14 sommets 
	values : ( Cost : 356.606 , TRT : 330.071 , TWT :  41.946 , TD : 292.709 )
	violations : ( VC :       0 , VTW :   0.000 , VTD :   0.000 , VTRT :   0.000 )
	cout global : (   0.000	 )
S(i)	 (   C ,     TW0 ,       TW1 ,       VTW ,       Min ,       A ,       W ,       B ,       D ,       L ,       F ,       E ,       Det ,       [Imp ,       Imp]	)
   0 	 (   0 ,    0.000 , 1440.000 ,        0 ,    0.000 ,  587.213 ,    0.000 ,  587.213 ,  587.213 ,    0.000 ,    0.000 ,  587.213 ,    0.000 ,        0 , 	)
  33 	 (   1 ,  541.000 ,  671.708 ,        0 ,   34.246 ,  621.459 ,    0.000 ,  621.459 ,  622.459 ,    0.000 ,    0.000 ,   80.459 ,   -6.747 ,        1 , 	)
   8 	 (   2 ,  498.000 ,  659.156 ,        0 ,  553.944 ,  634.403 ,    0.000 ,  634.403 ,  635.403 ,    0.000 ,    0.000 ,   80.459 ,    5.705 ,        2 , 	)
  80 	 (   1 ,  655.000 ,  715.000 ,        0 ,  590.997 ,  671.456 ,    0.000 ,  671.456 ,  672.456 ,   48.997 ,    0.000 ,   16.456 ,    5.582 ,        3 , 	)
  55 	 (   0 ,  661.000 ,  721.000 ,        0 ,  686.373 ,  702.829 ,    0.000 ,  702.829 ,  703.829 ,   67.426 ,    0.000 ,   16.456 ,    7.413 ,        4 , 	)
  34 	 (   1 ,  480.000 ,  720.000 ,        0 ,  703.544 ,  720.000 ,    0.000 ,  720.000 ,  721.000 ,    0.000 ,    0.000 ,   16.456 ,   24.918 ,        5 , 	)
  81 	 (   0 ,  554.000 ,  794.000 ,        0 ,  741.641 ,  758.097 ,    0.000 ,  758.097 ,  759.097 ,   37.097 ,   35.903 ,   16.456 ,   14.247 ,        6 , 	)
  10 	 (   2 ,  780.000 ,  960.000 ,        0 ,  757.477 ,  773.932 ,   41.946 ,  815.878 ,  817.878 ,    0.000 ,  119.175 ,   35.878 ,    3.521 ,        7 , 	)
   7 	 (   4 ,  780.000 ,  960.000 ,        0 ,  799.295 ,  835.173 ,    0.000 ,  835.173 ,  837.173 ,    0.000 ,   77.568 ,   35.878 ,   -0.525 ,        8 , 	)
  35 	 (   7 ,  783.000 ,  960.000 ,        0 ,  804.947 ,  840.825 ,    0.000 ,  840.825 ,  843.825 ,    0.000 ,   77.568 ,   35.878 ,   -0.035 ,        9 , 	)
  54 	 (   5 ,  830.000 , 1070.000 ,        0 ,  827.877 ,  863.755 ,    0.000 ,  863.755 ,  865.755 ,   26.582 ,   57.825 ,   33.755 ,    2.481 ,       10 , 	)
  57 	 (   3 ,  858.000 , 1098.000 ,        0 ,  849.556 ,  883.311 ,    0.000 ,  883.311 ,  885.311 ,   65.432 ,   57.825 ,   25.311 ,   -5.298 ,       11 , 	)
  82 	 (   0 ,  891.000 , 1011.000 ,        0 ,  865.689 ,  891.000 ,    0.000 ,  891.000 ,  894.000 ,   47.175 ,   57.825 ,    0.000 ,    2.556 ,       12 , 	)
  95 	 (   0 ,    0.000 , 1440.000 ,        0 ,  917.283 ,  917.283 ,    0.000 ,  917.283 ,  917.283 ,    0.000 ,  522.717 ,    0.000 ,    0.000 ,       13 , 	)
