11
	VALUE ALL : ( Cost : 3785.933 , TRT : 4030.525 , TWT : 847.959 , TD : 5068.130 )
	VIOLATIONS TOTAL : ( VC :       0 , VTW :   0.000 , VTD :   0.000 , VTRT :   0.000 )
 	COUT_ALL : (   0.003 )  T2B:   51001

	20 sommets 
	values : ( Cost : 558.343 , TRT : 461.580 , TWT :   3.773 , TD : 670.841 )
	violations : ( VC :       0 , VTW :   0.000 , VTD :   0.000 , VTRT :   0.000 )
	cout global : (   0.000	 )
S(i)	 (   C ,     TW0 ,       TW1 ,       VTW ,       Min ,       A ,       W ,       B ,       D ,       L ,       F ,       E ,       Det ,       [Imp ,       Imp]	)
   0 	 (   0 ,    0.000 , 1440.000 ,        0 ,    0.000 ,  812.305 ,    0.000 ,  812.305 ,  812.305 ,    0.000 ,    0.000 ,  812.305 ,    0.000 ,        0 , 	)
   4 	 (   4 ,  720.000 ,  840.000 ,        0 ,   10.664 ,  822.969 ,    0.000 ,  822.969 ,  826.969 ,    0.000 ,    0.000 ,  102.969 ,   11.025 ,        1 , 	)
  39 	 (   5 ,  731.000 ,  956.775 ,        0 ,  735.213 ,  838.182 ,    0.000 ,  838.182 ,  839.182 ,    0.000 ,    0.000 ,  102.969 ,    3.959 ,        2 , 	)
  43 	 (   6 ,  733.000 ,  960.000 ,        0 ,  774.877 ,  877.846 ,    0.000 ,  877.846 ,  878.846 ,    0.000 ,    0.000 ,  102.969 ,   36.023 ,        3 , 	)
 112 	 (   5 ,  805.000 ,  985.000 ,        0 ,  800.461 ,  903.430 ,    0.000 ,  903.430 ,  904.430 ,   64.248 ,    0.000 ,   98.430 ,   -0.242 ,        4 , 	)
  77 	 (   1 ,  768.000 ,  944.000 ,        0 ,  820.650 ,  919.080 ,    0.000 ,  919.080 ,  923.080 ,   92.111 ,    0.000 ,   98.430 ,    2.137 ,        5 , 	)
 116 	 (   0 ,  828.000 , 1008.000 ,        0 ,  834.091 ,  932.521 ,    0.000 ,  932.521 ,  933.521 ,   53.675 ,    0.000 ,   98.430 ,    3.854 ,        6 , 	)
  36 	 (   4 ,  720.000 ,  960.000 ,        0 ,  861.570 ,  960.000 ,    0.000 ,  960.000 ,  964.000 ,    0.000 ,    0.000 ,   98.430 ,   21.928 ,        7 , 	)
  19 	 (   5 ,  972.000 , 1200.000 ,        0 ,  884.953 ,  983.383 ,    3.773 ,  987.156 ,  988.156 ,    0.000 ,    3.882 ,   15.156 ,    4.507 ,        8 , 	)
  54 	 (   6 ,  960.000 , 1200.000 ,        0 ,  993.011 , 1008.167 ,    0.000 , 1008.167 , 1009.167 ,    0.000 ,    3.882 ,   15.156 ,    0.232 ,        9 , 	)
 127 	 (   5 , 1036.000 , 1276.000 ,        0 , 1031.684 , 1046.840 ,    0.000 , 1046.840 , 1047.840 ,   37.673 ,    3.882 ,   10.840 ,   31.685 ,       10 , 	)
  92 	 (   4 , 1075.000 , 1255.000 ,        0 , 1064.160 , 1075.000 ,    0.000 , 1075.000 , 1076.000 ,   86.844 ,    3.882 ,    0.000 ,   11.542 ,       11 , 	)
  57 	 (   5 ,  973.000 , 1193.624 ,        0 , 1090.065 , 1090.065 ,    0.000 , 1090.065 , 1091.065 ,    0.000 ,    3.882 ,    0.000 ,    4.041 ,       12 , 	)
 130 	 (   4 , 1039.000 , 1219.000 ,        0 , 1115.441 , 1115.441 ,    0.000 , 1115.441 , 1116.441 ,   24.376 ,    3.882 ,    0.000 ,    3.141 ,       13 , 	)
 109 	 (   0 ,  907.000 , 1147.000 ,        0 , 1143.118 , 1143.118 ,    0.000 , 1143.118 , 1147.118 ,  179.118 ,    3.882 ,    0.000 ,   -3.443 ,       14 , 	)
  70 	 (   2 , 1020.000 , 1200.000 ,        0 , 1151.886 , 1151.886 ,    0.000 , 1151.886 , 1153.886 ,    0.000 ,   24.314 ,    0.000 ,    9.110 ,       15 , 	)
  33 	 (   6 , 1020.000 , 1200.000 ,        0 , 1175.686 , 1175.686 ,    0.000 , 1175.686 , 1179.686 ,    0.000 ,   24.314 ,    0.000 ,    4.074 ,       16 , 	)
 143 	 (   4 , 1135.000 , 1315.000 ,        0 , 1204.685 , 1204.685 ,    0.000 , 1204.685 , 1206.685 ,   50.799 ,   41.004 ,   -0.000 ,   33.757 ,       17 , 	)
 106 	 (   0 , 1085.000 , 1325.000 ,        0 , 1261.682 , 1261.682 ,    0.000 , 1261.682 , 1265.682 ,   81.996 ,   41.004 ,   -0.000 ,   16.049 ,       18 , 	)
 147 	 (   0 ,    0.000 , 1440.000 ,        0 , 1273.885 , 1273.885 ,    0.000 , 1273.885 , 1273.885 ,    0.000 ,  166.115 ,   -0.000 ,    0.000 ,       19 , 	)

	10 sommets 
	values : ( Cost : 305.764 , TRT : 357.462 , TWT : 103.565 , TD : 170.995 )
	violations : ( VC :       0 , VTW :   0.000 , VTD :   0.000 , VTRT :   0.000 )
	cout global : (   0.000	 )
S(i)	 (   C ,     TW0 ,       TW1 ,       VTW ,       Min ,       A ,       W ,       B ,       D ,       L ,       F ,       E ,       Det ,       [Imp ,       Imp]	)
   0 	 (   0 ,    0.000 , 1440.000 ,        0 ,    0.000 ,  871.104 ,    0.000 ,  871.104 ,  871.104 ,    0.000 ,    0.000 ,  871.104 ,    0.000 ,        0 , 	)
  61 	 (   2 ,  780.000 ,  960.000 ,        0 ,   45.050 ,  916.153 ,    0.000 ,  916.153 ,  918.153 ,    0.000 ,    0.000 ,  136.153 ,   37.640 ,        1 , 	)
 134 	 (   0 ,  801.772 , 1015.000 ,        0 ,  801.772 ,  937.926 ,    0.000 ,  937.926 ,  939.926 ,   19.772 ,    0.000 ,  136.153 ,    2.705 ,        2 , 	)
  63 	 (   4 ,  784.000 ,  960.000 ,        0 ,  823.638 ,  959.792 ,    0.000 ,  959.792 ,  963.792 ,    0.000 ,    0.000 ,  136.153 ,    7.701 ,        3 , 	)
  59 	 (   8 ,  960.000 , 1080.000 ,        0 ,  832.595 ,  968.748 ,    0.000 ,  968.748 ,  972.748 ,    0.000 ,    0.000 ,    8.748 ,    2.275 ,        4 , 	)
 136 	 (   4 ,  887.000 , 1007.000 ,        0 ,  998.252 , 1007.000 ,    0.000 , 1007.000 , 1011.000 ,   43.208 ,    0.000 ,    8.748 ,    0.000 ,        5 , 	)
 132 	 (   0 , 1032.000 , 1152.000 ,        0 , 1002.252 , 1011.000 ,   21.000 , 1032.000 , 1036.000 ,   59.252 ,   32.748 ,    0.000 ,    0.000 ,        6 , 	)
  47 	 (   2 , 1140.000 , 1200.000 ,        0 , 1057.435 , 1057.435 ,   82.565 , 1140.000 , 1142.000 ,    0.000 ,   60.000 ,    0.000 ,   -1.799 ,        7 , 	)
 120 	 (   0 , 1190.762 , 1381.000 ,        0 , 1190.762 , 1190.762 ,    0.000 , 1190.762 , 1192.762 ,   48.762 ,  146.238 ,   -0.000 ,   67.599 ,        8 , 	)
 147 	 (   0 ,    0.000 , 1440.000 ,        0 , 1228.566 , 1228.566 ,    0.000 , 1228.566 , 1228.566 ,    0.000 ,  211.434 ,   -0.000 ,    0.000 ,        9 , 	)

	18 sommets 
	values : ( Cost : 416.174 , TRT : 354.913 , TWT :   0.000 , TD : 576.961 )
	violations : ( VC :       0 , VTW :   0.000 , VTD :   0.000 , VTRT :   0.000 )
	cout global : (   0.000	 )
S(i)	 (   C ,     TW0 ,       TW1 ,       VTW ,       Min ,       A ,       W ,       B ,       D ,       L ,       F ,       E ,       Det ,       [Imp ,       Imp]	)
   0 	 (   0 ,    0.000 , 1440.000 ,        0 ,    0.000 ,  267.891 ,    0.000 ,  267.891 ,  267.891 ,    0.000 ,    1.145 ,  267.891 ,    0.000 ,        0 , 	)
  37 	 (   1 ,  241.000 ,  480.000 ,        0 ,   14.802 ,  282.692 ,    0.000 ,  282.692 ,  283.692 ,    0.000 ,    1.145 ,   41.692 ,   11.185 ,        1 , 	)
  20 	 (   5 ,  240.000 ,  420.000 ,        0 ,  255.350 ,  297.043 ,    0.000 ,  297.043 ,  301.043 ,    0.000 ,    1.145 ,   41.692 ,    7.059 ,        2 , 	)
  24 	 (   8 ,  240.000 ,  480.000 ,        0 ,  273.876 ,  315.568 ,    0.000 ,  315.568 ,  318.568 ,    0.000 ,    1.145 ,   41.692 ,    5.285 ,        3 , 	)
  93 	 (   4 ,  289.000 ,  469.000 ,        0 ,  290.265 ,  331.958 ,    0.000 ,  331.958 ,  335.958 ,   30.915 ,    1.145 ,   41.692 ,   -9.252 ,        4 , 	)
   9 	 (   8 ,  240.000 ,  480.000 ,        0 ,  308.104 ,  349.796 ,    0.000 ,  349.796 ,  353.796 ,    0.000 ,    1.145 ,   41.692 ,    0.000 ,        5 , 	)
 110 	 (   7 ,  352.000 ,  532.000 ,        0 ,  312.104 ,  353.796 ,    0.000 ,  353.796 ,  354.796 ,   70.104 ,    1.145 ,    1.796 ,    0.000 ,        6 , 	)
  23 	 (   8 ,  240.000 ,  420.000 ,        0 ,  362.829 ,  364.626 ,    0.000 ,  364.626 ,  365.626 ,    0.000 ,    1.145 ,    1.796 ,   -1.658 ,        7 , 	)
  97 	 (   5 ,  391.000 ,  631.000 ,        0 ,  396.653 ,  398.449 ,    0.000 ,  398.449 ,  401.449 ,   79.880 ,    1.145 ,    1.796 ,    0.000 ,        8 , 	)
  96 	 (   4 ,  327.000 ,  507.000 ,        0 ,  399.653 ,  401.449 ,    0.000 ,  401.449 ,  402.449 ,   35.823 ,    1.145 ,    1.796 ,    0.000 ,        9 , 	)
   1 	 (   8 ,  240.000 ,  480.000 ,        0 ,  400.653 ,  402.449 ,    0.000 ,  402.449 ,  406.449 ,    0.000 ,    1.145 ,    1.796 ,    0.000 ,       10 , 	)
  74 	 (   4 ,  372.000 ,  612.000 ,        0 ,  453.228 ,  455.024 ,    0.000 ,  455.024 ,  459.024 ,   48.575 ,    1.145 ,    1.796 ,   24.937 ,       11 , 	)
  65 	 (   6 ,  300.000 ,  480.000 ,        0 ,  477.059 ,  478.855 ,    0.000 ,  478.855 ,  480.855 ,    0.000 ,    1.145 ,    1.796 ,   30.417 ,       12 , 	)
  82 	 (   2 ,  399.000 ,  639.000 ,        0 ,  499.640 ,  501.436 ,    0.000 ,  501.436 ,  505.436 ,  147.640 ,   39.180 ,    1.796 ,   30.227 ,       13 , 	)
  41 	 (   4 ,  540.000 ,  600.000 ,        0 ,  538.204 ,  540.000 ,    0.000 ,  540.000 ,  542.000 ,    0.000 ,   39.180 ,    0.000 ,   13.267 ,       14 , 	)
 114 	 (   2 ,  588.058 ,  725.000 ,        0 ,  588.058 ,  588.058 ,    0.000 ,  588.058 ,  590.058 ,   46.058 ,   39.180 ,    0.000 ,    7.795 ,       15 , 	)
 138 	 (   0 ,  398.000 ,  638.000 ,        0 ,  598.820 ,  598.820 ,    0.000 ,  598.820 ,  600.820 ,  117.965 ,   39.180 ,    0.000 ,   -0.819 ,       16 , 	)
 147 	 (   0 ,    0.000 , 1440.000 ,        0 ,  622.804 ,  622.804 ,    0.000 ,  622.804 ,  622.804 ,    0.000 ,  817.196 ,    0.000 ,    0.000 ,       17 , 	)

	12 sommets 
	values : ( Cost : 253.137 , TRT : 262.303 , TWT :  51.974 , TD : 431.171 )
	violations : ( VC :       0 , VTW :   0.000 , VTD :   0.000 , VTRT :   0.000 )
	cout global : (   0.000	 )
S(i)	 (   C ,     TW0 ,       TW1 ,       VTW ,       Min ,       A ,       W ,       B ,       D ,       L ,       F ,       E ,       Det ,       [Imp ,       Imp]	)
   0 	 (   0 ,    0.000 , 1440.000 ,        0 ,    0.000 ,  296.464 ,    0.000 ,  296.464 ,  296.464 ,    0.000 ,    0.000 ,  296.464 ,    0.000 ,        0 , 	)
  45 	 (   1 ,  240.000 ,  480.000 ,        0 ,   13.605 ,  310.069 ,    0.000 ,  310.069 ,  311.069 ,    0.000 ,    0.000 ,   70.069 ,   13.339 ,        1 , 	)
  71 	 (   2 ,  240.000 ,  360.000 ,        0 ,  289.931 ,  360.000 ,    0.000 ,  360.000 ,  361.000 ,    0.000 ,    0.000 ,   70.069 ,   16.901 ,        2 , 	)
  27 	 (   4 ,  240.000 ,  420.000 ,        0 ,  315.631 ,  385.700 ,   27.974 ,  413.674 ,  415.674 ,    0.000 ,    0.000 ,   98.044 ,    0.000 ,        3 , 	)
 118 	 (   3 ,  383.000 ,  563.000 ,        0 ,  317.631 ,  415.674 ,    0.000 ,  415.674 ,  416.674 ,  104.605 ,    0.000 ,   32.674 ,    0.000 ,        4 , 	)
  60 	 (   6 ,  240.000 ,  480.000 ,        0 ,  398.686 ,  431.361 ,    0.000 ,  431.361 ,  434.361 ,    0.000 ,    0.000 ,   32.674 ,    4.039 ,        5 , 	)
 144 	 (   5 ,  264.313 ,  455.000 ,        0 ,  422.326 ,  455.000 ,    0.000 ,  455.000 ,  456.000 ,   94.000 ,    0.000 ,   32.674 ,    0.000 ,        6 , 	)
  10 	 (   8 ,  480.000 ,  660.000 ,        0 ,  423.326 ,  456.000 ,   24.000 ,  480.000 ,  483.000 ,    0.000 ,    9.532 ,    0.000 ,    0.000 ,        7 , 	)
 133 	 (   5 ,  293.000 ,  533.000 ,        0 ,  492.829 ,  492.829 ,    0.000 ,  492.829 ,  495.829 ,   58.468 ,    9.532 ,    0.000 ,    5.333 ,        8 , 	)
 100 	 (   3 ,  374.000 ,  614.000 ,        0 ,  527.813 ,  527.813 ,    0.000 ,  527.813 ,  529.813 ,  112.138 ,   32.041 ,    0.000 ,    4.025 ,        9 , 	)
  83 	 (   0 ,  522.000 ,  757.000 ,        0 ,  544.959 ,  544.959 ,    0.000 ,  544.959 ,  547.959 ,   61.959 ,   32.041 ,    0.000 ,   -1.051 ,       10 , 	)
 147 	 (   0 ,    0.000 , 1440.000 ,        0 ,  558.767 ,  558.767 ,    0.000 ,  558.767 ,  558.767 ,    0.000 ,  881.233 ,    0.000 ,    0.000 ,       11 , 	)

	22 sommets 
	values : ( Cost : 400.023 , TRT : 336.769 , TWT :   0.000 , TD : 666.028 )
	violations : ( VC :       0 , VTW :   0.000 , VTD :   0.000 , VTRT :   0.000 )
	cout global : (   0.000	 )
S(i)	 (   C ,     TW0 ,       TW1 ,       VTW ,       Min ,       A ,       W ,       B ,       D ,       L ,       F ,       E ,       Det ,       [Imp ,       Imp]	)
   0 	 (   0 ,    0.000 , 1440.000 ,        0 ,    0.000 ,  252.636 ,    0.000 ,  252.636 ,  252.636 ,    0.000 ,    0.792 ,  252.636 ,    0.000 ,        0 , 	)
  17 	 (   1 ,  240.000 ,  360.000 ,        0 ,   15.286 ,  267.923 ,    0.000 ,  267.923 ,  268.923 ,    0.000 ,    0.792 ,   27.923 ,   17.929 ,        1 , 	)
  48 	 (   3 ,  299.000 ,  432.949 ,        0 ,  274.099 ,  302.022 ,    0.000 ,  302.022 ,  304.022 ,    0.000 ,    0.792 ,    3.022 ,   -5.437 ,        2 , 	)
  44 	 (   7 ,  240.000 ,  420.000 ,        0 ,  311.991 ,  315.013 ,    0.000 ,  315.013 ,  319.013 ,    0.000 ,    0.792 ,    3.022 ,    0.000 ,        3 , 	)
  35 	 (   8 ,  240.000 ,  480.000 ,        0 ,  315.991 ,  319.013 ,    0.000 ,  319.013 ,  320.013 ,    0.000 ,    0.792 ,    3.022 ,    0.000 ,        4 , 	)
  90 	 (   7 ,  313.000 ,  493.000 ,        0 ,  322.369 ,  325.391 ,    0.000 ,  325.391 ,  326.391 ,   56.468 ,    0.792 ,    3.022 ,    1.669 ,        5 , 	)
 108 	 (   6 ,  297.000 ,  537.000 ,        0 ,  348.105 ,  351.126 ,    0.000 ,  351.126 ,  352.126 ,   31.114 ,    0.792 ,    3.022 ,  -13.438 ,        6 , 	)
 117 	 (   2 ,  335.000 ,  515.000 ,        0 ,  371.918 ,  374.940 ,    0.000 ,  374.940 ,  378.940 ,   55.927 ,    0.792 ,    3.022 ,    4.233 ,        7 , 	)
  55 	 (   3 ,  240.000 ,  480.000 ,        0 ,  393.929 ,  396.950 ,    0.000 ,  396.950 ,  397.950 ,    0.000 ,    0.792 ,    3.022 ,    2.014 ,        8 , 	)
   6 	 (   7 ,  240.000 ,  420.000 ,        0 ,  404.065 ,  407.086 ,    0.000 ,  407.086 ,  411.086 ,    0.000 ,    0.792 ,    3.022 ,    7.025 ,        9 , 	)
 121 	 (   5 ,  419.000 ,  479.000 ,        0 ,  415.978 ,  419.000 ,    0.000 ,  419.000 ,  421.000 ,  114.978 ,    0.792 ,    0.000 ,   10.659 ,       10 , 	)
  56 	 (   6 ,  420.000 ,  480.000 ,        0 ,  430.298 ,  430.298 ,    0.000 ,  430.298 ,  431.298 ,    0.000 ,    0.792 ,    0.000 ,   14.459 ,       11 , 	)
  30 	 (   7 ,  300.000 ,  480.000 ,        0 ,  452.860 ,  452.860 ,    0.000 ,  452.860 ,  453.860 ,    0.000 ,    0.792 ,    0.000 ,    3.634 ,       12 , 	)
 129 	 (   6 ,  463.276 ,  566.000 ,        0 ,  478.208 ,  478.208 ,    0.000 ,  478.208 ,  479.208 ,   46.910 ,    0.792 ,    0.000 ,    0.000 ,       13 , 	)
  68 	 (   8 ,  240.000 ,  480.000 ,        0 ,  479.208 ,  479.208 ,    0.000 ,  479.208 ,  481.208 ,    0.000 ,    0.792 ,    0.000 ,    0.000 ,       14 , 	)
 103 	 (   7 ,  349.000 ,  529.000 ,        0 ,  481.208 ,  481.208 ,    0.000 ,  481.208 ,  482.208 ,   27.348 ,    6.604 ,    0.000 ,    0.000 ,       15 , 	)
 141 	 (   5 ,  383.000 ,  563.000 ,        0 ,  515.882 ,  515.882 ,    0.000 ,  515.882 ,  517.882 ,   34.674 ,    6.604 ,    0.000 ,    3.309 ,       16 , 	)
 128 	 (   4 ,  372.000 ,  552.000 ,        0 ,  527.347 ,  527.347 ,    0.000 ,  527.347 ,  528.347 ,  129.396 ,    6.604 ,    0.000 ,    2.878 ,       17 , 	)
  51 	 (   5 ,  492.000 ,  594.064 ,        0 ,  550.363 ,  550.363 ,    0.000 ,  550.363 ,  551.363 ,    0.000 ,   39.701 ,    0.000 ,    0.000 ,       18 , 	)
  79 	 (   1 ,  494.000 ,  674.000 ,        0 ,  551.363 ,  551.363 ,    0.000 ,  551.363 ,  555.363 ,  140.277 ,   38.064 ,    0.000 ,    0.000 ,       19 , 	)
 124 	 (   0 ,  560.000 ,  620.000 ,        0 ,  580.299 ,  580.299 ,    0.000 ,  580.299 ,  581.299 ,   28.936 ,   38.064 ,    0.000 ,    2.742 ,       20 , 	)
 147 	 (   0 ,    0.000 , 1440.000 ,        0 ,  589.405 ,  589.405 ,    0.000 ,  589.405 ,  589.405 ,    0.000 ,  850.595 ,    0.000 ,    0.000 ,       21 , 	)

	14 sommets 
	values : ( Cost : 335.432 , TRT : 378.026 , TWT :  99.822 , TD : 362.602 )
	violations : ( VC :       0 , VTW :   0.000 , VTD :   0.000 , VTRT :   0.000 )
	cout global : (   0.000	 )
S(i)	 (   C ,     TW0 ,       TW1 ,       VTW ,       Min ,       A ,       W ,       B ,       D ,       L ,       F ,       E ,       Det ,       [Imp ,       Imp]	)
   0 	 (   0 ,    0.000 , 1440.000 ,        0 ,    0.000 ,  256.826 ,    0.000 ,  256.826 ,  256.826 ,    0.000 ,    0.000 ,  256.826 ,    0.000 ,        0 , 	)
  22 	 (   3 ,  240.000 ,  480.000 ,        0 ,   18.626 ,  275.451 ,    0.000 ,  275.451 ,  278.451 ,    0.000 ,    0.000 ,   35.451 ,    3.080 ,        1 , 	)
  42 	 (   4 ,  240.000 ,  420.000 ,        0 ,  254.637 ,  290.088 ,    0.000 ,  290.088 ,  291.088 ,    0.000 ,    0.000 ,   35.451 ,   19.740 ,        2 , 	)
  13 	 (   5 ,  300.000 ,  420.000 ,        0 ,  290.404 ,  325.855 ,    0.000 ,  325.855 ,  326.855 ,    0.000 ,    0.000 ,   25.855 ,    1.202 ,        3 , 	)
 115 	 (   4 ,  331.000 ,  511.000 ,        0 ,  312.942 ,  338.797 ,    0.000 ,  338.797 ,  339.797 ,   47.709 ,    0.000 ,    7.797 ,    3.732 ,        4 , 	)
  69 	 (   7 ,  264.000 ,  410.469 ,        0 ,  342.468 ,  350.265 ,    0.000 ,  350.265 ,  353.265 ,    0.000 ,    0.000 ,    7.797 ,    2.017 ,        5 , 	)
  86 	 (   6 ,  356.000 ,  536.000 ,        0 ,  360.101 ,  367.898 ,    0.000 ,  367.898 ,  368.898 ,   41.043 ,    0.000 ,    7.797 ,   15.780 ,        6 , 	)
  95 	 (   3 ,  325.000 ,  565.000 ,        0 ,  381.305 ,  389.102 ,    0.000 ,  389.102 ,  392.102 ,  110.650 ,    0.000 ,    7.797 ,    3.014 ,        7 , 	)
  72 	 (   7 ,  240.000 ,  420.000 ,        0 ,  412.203 ,  420.000 ,    0.000 ,  420.000 ,  424.000 ,    0.000 ,    0.000 ,    7.797 ,    5.605 ,        8 , 	)
 142 	 (   4 ,  405.000 ,  465.000 ,        0 ,  430.194 ,  437.991 ,    0.000 ,  437.991 ,  440.991 ,   84.726 ,   27.009 ,    7.797 ,    3.835 ,        9 , 	)
 145 	 (   0 ,  337.000 ,  517.000 ,        0 ,  470.202 ,  477.999 ,    0.000 ,  477.999 ,  481.999 ,   53.999 ,   39.001 ,    7.797 ,   -0.158 ,       10 , 	)
  16 	 (   1 ,  561.000 ,  705.526 ,        0 ,  477.908 ,  485.705 ,   99.822 ,  585.526 ,  586.526 ,    0.000 ,  120.000 ,   24.526 ,    2.082 ,       11 , 	)
  89 	 (   0 ,  611.000 ,  731.000 ,        0 ,  586.474 ,  611.000 ,    0.000 ,  611.000 ,  612.000 ,   24.474 ,   24.526 ,    0.000 ,   22.231 ,       12 , 	)
 147 	 (   0 ,    0.000 , 1440.000 ,        0 ,  634.852 ,  634.852 ,    0.000 ,  634.852 ,  634.852 ,    0.000 ,  805.148 ,    0.000 ,    0.000 ,       13 , 	)

	20 sommets 
	values : ( Cost : 409.621 , TRT : 423.666 , TWT :  83.680 , TD : 765.388 )
	violations : ( VC :       0 , VTW :   0.000 , VTD :   0.000 , VTRT :   0.000 )
	cout global : (   0.000	 )
S(i)	 (   C ,     TW0 ,       TW1 ,       VTW ,       Min ,       A ,       W ,       B ,       D ,       L ,       F ,       E ,       Det ,       [Imp ,       Imp]	)
   0 	 (   0 ,    0.000 , 1440.000 ,        0 ,    0.000 ,  643.059 ,    0.000 ,  643.059 ,  643.059 ,    0.000 ,    0.000 ,  643.059 ,    0.000 ,        0 , 	)
   2 	 (   1 ,  600.000 ,  660.000 ,        0 ,   16.941 ,  660.000 ,    0.000 ,  660.000 ,  661.000 ,    0.000 ,    0.000 ,   60.000 ,   21.995 ,        1 , 	)
  25 	 (   5 ,  720.000 ,  960.000 ,        0 ,  623.505 ,  683.505 ,   78.112 ,  761.617 ,  765.617 ,    0.000 ,    0.000 ,   41.617 ,   -2.870 ,        2 , 	)
  73 	 (   6 ,  722.000 ,  960.000 ,        0 ,  749.192 ,  790.808 ,    0.000 ,  790.808 ,  791.808 ,    0.000 ,    0.000 ,   41.617 ,    3.038 ,        3 , 	)
  40 	 (   7 ,  720.000 ,  960.000 ,        0 ,  754.314 ,  795.931 ,    0.000 ,  795.931 ,  796.931 ,    0.000 ,    0.000 ,   41.617 ,    0.000 ,        4 , 	)
  75 	 (   6 ,  652.651 ,  799.000 ,        0 ,  755.314 ,  796.931 ,    0.000 ,  796.931 ,  797.931 ,  135.931 ,    0.000 ,   41.617 ,    0.000 ,        5 , 	)
  31 	 (   7 ,  780.000 ,  960.000 ,        0 ,  782.567 ,  824.183 ,    0.000 ,  824.183 ,  825.183 ,    0.000 ,    0.000 ,   41.617 ,    4.839 ,        6 , 	)
 113 	 (   6 ,  772.000 , 1012.000 ,        0 ,  788.430 ,  830.047 ,    0.000 ,  830.047 ,  831.047 ,   33.116 ,    0.000 ,   41.617 ,    0.000 ,        7 , 	)
  15 	 (   8 ,  799.000 ,  884.883 ,        0 ,  789.430 ,  831.047 ,    0.000 ,  831.047 ,  833.047 ,    0.000 ,    0.000 ,   32.047 ,    0.000 ,        8 , 	)
  88 	 (   6 ,  842.000 ,  902.000 ,        0 ,  816.117 ,  848.163 ,    0.000 ,  848.163 ,  850.163 ,   15.117 ,    0.000 ,    6.163 ,   -1.814 ,        9 , 	)
  98 	 (   2 ,  831.000 , 1011.000 ,        0 ,  856.150 ,  862.313 ,    0.000 ,  862.313 ,  866.313 ,   96.696 ,    0.000 ,    6.163 ,    8.270 ,       10 , 	)
  32 	 (   5 ,  724.000 ,  960.000 ,        0 ,  875.094 ,  881.257 ,    0.000 ,  881.257 ,  884.257 ,    0.000 ,    0.000 ,    6.163 ,   -1.592 ,       11 , 	)
 105 	 (   2 ,  826.000 , 1006.000 ,        0 ,  914.956 ,  921.119 ,    0.000 ,  921.119 ,  924.119 ,   36.862 ,    0.000 ,    6.163 ,   -0.735 ,       12 , 	)
  11 	 (   4 ,  780.000 ,  960.000 ,        0 ,  953.837 ,  960.000 ,    0.000 ,  960.000 ,  962.000 ,    0.000 ,    0.000 ,    6.163 ,   19.116 ,       13 , 	)
 104 	 (   3 ,  948.000 , 1068.000 ,        0 ,  970.007 ,  976.170 ,    0.000 ,  976.170 ,  977.170 ,  150.986 ,   33.014 ,    6.163 ,    2.189 ,       14 , 	)
 146 	 (   2 ,  952.000 , 1072.000 ,        0 ,  981.002 ,  987.165 ,    0.000 ,  987.165 ,  988.165 ,  195.356 ,   33.644 ,    6.163 ,    6.794 ,       15 , 	)
  67 	 (   3 , 1020.000 , 1140.000 ,        0 , 1008.268 , 1014.432 ,    5.568 , 1020.000 , 1021.000 ,    0.000 ,   40.938 ,    0.000 ,    1.774 ,       16 , 	)
 140 	 (   2 , 1030.262 , 1166.000 ,        0 , 1030.262 , 1030.262 ,    0.000 , 1030.262 , 1031.262 ,    9.262 ,   15.738 ,    0.000 ,    5.564 ,       17 , 	)
  84 	 (   0 ,  855.000 , 1095.000 ,        0 , 1054.062 , 1054.062 ,    0.000 , 1054.062 , 1056.062 ,   92.062 ,   40.938 ,    0.000 ,   -2.165 ,       18 , 	)
 147 	 (   0 ,    0.000 , 1440.000 ,        0 , 1066.726 , 1066.726 ,    0.000 , 1066.726 , 1066.726 ,    0.000 ,  373.274 ,    0.000 ,    0.000 ,       19 , 	)

	10 sommets 
	values : ( Cost : 208.471 , TRT : 478.512 , TWT : 299.767 , TD : 145.760 )
	violations : ( VC :       0 , VTW :   0.000 , VTD :   0.000 , VTRT :   0.000 )
	cout global : (   0.000	 )
S(i)	 (   C ,     TW0 ,       TW1 ,       VTW ,       Min ,       A ,       W ,       B ,       D ,       L ,       F ,       E ,       Det ,       [Imp ,       Imp]	)
   0 	 (   0 ,    0.000 , 1440.000 ,        0 ,    0.000 ,  427.774 ,    0.000 ,  427.774 ,  427.774 ,    0.000 ,    0.000 ,  427.774 ,    0.000 ,        0 , 	)
  28 	 (   2 ,  339.000 ,  448.309 ,        0 ,   15.286 ,  443.061 ,    0.000 ,  443.061 ,  445.061 ,    0.000 ,    0.000 ,  104.061 ,    1.668 ,        1 , 	)
  50 	 (   6 ,  255.000 ,  470.798 ,        0 ,  352.477 ,  456.538 ,    0.000 ,  456.538 ,  460.538 ,    0.000 ,    0.000 ,  104.061 ,    1.248 ,        2 , 	)
 101 	 (   4 ,  420.000 ,  480.000 ,        0 ,  375.939 ,  480.000 ,    0.000 ,  480.000 ,  482.000 ,   34.939 ,    0.000 ,   60.000 ,    6.611 ,        3 , 	)
 123 	 (   0 ,  316.000 ,  496.000 ,        0 ,  430.350 ,  490.350 ,    0.000 ,  490.350 ,  494.350 ,   29.813 ,    5.650 ,   60.000 ,    0.165 ,        4 , 	)
  38 	 (   1 ,  720.000 ,  900.000 ,        0 ,  459.162 ,  519.162 ,  299.767 ,  818.929 ,  819.929 ,    0.000 ,   81.071 ,   98.929 ,   36.905 ,        5 , 	)
  52 	 (   5 ,  840.000 ,  960.000 ,        0 ,  746.359 ,  845.289 ,    0.000 ,  845.289 ,  849.289 ,    0.000 ,   64.703 ,    5.289 ,   -1.253 ,        6 , 	)
 111 	 (   4 ,  771.000 , 1009.000 ,        0 ,  857.938 ,  863.226 ,    0.000 ,  863.226 ,  864.226 ,   43.297 ,   61.289 ,    5.289 ,   -0.232 ,        7 , 	)
 125 	 (   0 ,  887.000 , 1063.000 ,        0 ,  881.711 ,  887.000 ,    0.000 ,  887.000 ,  891.000 ,   37.711 ,   61.289 ,    0.000 ,   11.402 ,        8 , 	)
 147 	 (   0 ,    0.000 , 1440.000 ,        0 ,  906.286 ,  906.286 ,    0.000 ,  906.286 ,  906.286 ,    0.000 ,  533.714 ,    0.000 ,    0.000 ,        9 , 	)

	14 sommets 
	values : ( Cost : 281.702 , TRT : 369.253 , TWT : 121.447 , TD : 355.717 )
	violations : ( VC :       0 , VTW :   0.000 , VTD :   0.000 , VTRT :   0.000 )
	cout global : (   0.000	 )
S(i)	 (   C ,     TW0 ,       TW1 ,       VTW ,       Min ,       A ,       W ,       B ,       D ,       L ,       F ,       E ,       Det ,       [Imp ,       Imp]	)
   0 	 (   0 ,    0.000 , 1440.000 ,        0 ,    0.000 ,  438.429 ,    0.000 ,  438.429 ,  438.429 ,    0.000 ,    0.000 ,  438.429 ,    0.000 ,        0 , 	)
  26 	 (   2 ,  240.000 ,  480.000 ,        0 ,    5.576 ,  444.005 ,    0.000 ,  444.005 ,  446.005 ,    0.000 ,    0.000 ,  204.005 ,    4.040 ,        1 , 	)
   8 	 (   5 ,  240.000 ,  480.000 ,        0 ,  257.431 ,  461.435 ,    0.000 ,  461.435 ,  464.435 ,    0.000 ,    0.000 ,  204.005 ,   18.297 ,        2 , 	)
  12 	 (   7 ,  240.000 ,  480.000 ,        0 ,  275.995 ,  480.000 ,    0.000 ,  480.000 ,  482.000 ,    0.000 ,    0.000 ,  204.005 ,    3.177 ,        3 , 	)
  85 	 (   5 ,  312.000 ,  552.000 ,        0 ,  313.359 ,  517.364 ,    0.000 ,  517.364 ,  519.364 ,   35.364 ,    5.549 ,  204.005 ,    0.395 ,        4 , 	)
  49 	 (   8 ,  509.000 ,  702.944 ,        0 ,  324.162 ,  528.166 ,    5.549 ,  533.715 ,  536.715 ,    0.000 ,    0.000 ,   24.715 ,    0.000 ,        5 , 	)
  99 	 (   6 ,  354.000 ,  594.000 ,        0 ,  512.000 ,  536.715 ,    0.000 ,  536.715 ,  538.715 ,   90.711 ,    0.000 ,   24.715 ,    0.000 ,        6 , 	)
  81 	 (   3 ,  428.000 ,  608.000 ,        0 ,  533.192 ,  557.908 ,    0.000 ,  557.908 ,  560.908 ,   93.472 ,    0.000 ,   24.715 ,   24.979 ,        7 , 	)
  53 	 (   7 ,  480.000 ,  600.000 ,        0 ,  575.285 ,  600.000 ,    0.000 ,  600.000 ,  604.000 ,    0.000 ,    0.000 ,   24.715 ,    4.890 ,        8 , 	)
 126 	 (   3 ,  501.000 ,  621.000 ,        0 ,  588.069 ,  612.784 ,    0.000 ,  612.784 ,  616.784 ,    8.784 ,    8.216 ,   24.715 ,    7.994 ,        9 , 	)
 122 	 (   0 ,  630.000 ,  750.000 ,        0 ,  607.329 ,  632.044 ,    0.000 ,  632.044 ,  635.044 ,   95.329 ,   22.671 ,    2.044 ,    0.000 ,       10 , 	)
  34 	 (   4 ,  720.000 ,  960.000 ,        0 ,  633.000 ,  635.044 ,  115.898 ,  750.942 ,  754.942 ,    0.000 ,  209.058 ,   30.942 ,    0.000 ,       11 , 	)
 107 	 (   0 ,  787.000 , 1027.000 ,        0 ,  756.058 ,  787.000 ,    0.000 ,  787.000 ,  791.000 ,   32.058 ,   53.942 ,    0.000 ,   15.388 ,       12 , 	)
 147 	 (   0 ,    0.000 , 1440.000 ,        0 ,  807.682 ,  807.682 ,    0.000 ,  807.682 ,  807.682 ,    0.000 ,  632.318 ,    0.000 ,    0.000 ,       13 , 	)

	16 sommets 
	values : ( Cost : 371.798 , TRT : 395.477 , TWT :  83.930 , TD : 737.524 )
	violations : ( VC :       0 , VTW :   0.000 , VTD :   0.000 , VTRT :   0.000 )
	cout global : (   0.000	 )
S(i)	 (   C ,     TW0 ,       TW1 ,       VTW ,       Min ,       A ,       W ,       B ,       D ,       L ,       F ,       E ,       Det ,       [Imp ,       Imp]	)
   0 	 (   0 ,    0.000 , 1440.000 ,        0 ,    0.000 ,  643.409 ,    0.000 ,  643.409 ,  643.409 ,    0.000 ,    0.000 ,  643.409 ,    0.000 ,        0 , 	)
  18 	 (   4 ,  480.000 ,  660.000 ,        0 ,   16.591 ,  660.000 ,    0.000 ,  660.000 ,  664.000 ,    0.000 ,   -0.000 ,  180.000 ,   14.415 ,        1 , 	)
  14 	 (   7 ,  720.000 ,  900.000 ,        0 ,  492.488 ,  672.488 ,   83.930 ,  756.418 ,  759.418 ,    0.000 ,   13.876 ,   36.418 ,    7.102 ,        2 , 	)
  46 	 (   8 ,  780.000 ,  960.000 ,        0 ,  747.136 ,  783.554 ,    0.000 ,  783.554 ,  784.554 ,    0.000 ,   13.876 ,    3.554 ,   26.825 ,        3 , 	)
  91 	 (   4 ,  597.000 ,  837.000 ,        0 ,  819.570 ,  823.124 ,    0.000 ,  823.124 ,  827.124 ,  159.124 ,   13.876 ,    3.554 ,   -3.148 ,        4 , 	)
   3 	 (   7 ,  720.000 ,  900.000 ,        0 ,  841.601 ,  845.155 ,    0.000 ,  845.155 ,  848.155 ,    0.000 ,   22.040 ,    3.554 ,    4.404 ,        5 , 	)
  87 	 (   4 ,  794.000 , 1034.000 ,        0 ,  847.514 ,  851.068 ,    0.000 ,  851.068 ,  854.068 ,   91.650 ,   22.040 ,    3.554 ,    0.824 ,        6 , 	)
  64 	 (   5 ,  720.000 ,  960.000 ,        0 ,  869.038 ,  872.592 ,    0.000 ,  872.592 ,  873.592 ,    0.000 ,   22.040 ,    3.554 ,   29.406 ,        7 , 	)
 119 	 (   4 ,  896.000 , 1076.000 ,        0 ,  892.446 ,  896.000 ,    0.000 ,  896.000 ,  897.000 ,  111.446 ,   16.872 ,    0.000 ,    8.895 ,        8 , 	)
  62 	 (   5 ,  720.000 ,  960.000 ,        0 ,  918.205 ,  918.205 ,    0.000 ,  918.205 ,  919.205 ,    0.000 ,   16.872 ,    0.000 ,    1.768 ,        9 , 	)
   7 	 (   8 ,  780.000 ,  960.000 ,        0 ,  937.960 ,  937.960 ,    0.000 ,  937.960 ,  940.960 ,    0.000 ,   16.872 ,    0.000 ,    0.336 ,       10 , 	)
  76 	 (   5 ,  868.000 ,  988.000 ,        0 ,  960.224 ,  960.224 ,    0.000 ,  960.224 ,  963.224 ,  112.069 ,   16.872 ,    0.000 ,    1.838 ,       11 , 	)
 137 	 (   4 ,  808.000 , 1048.000 ,        0 ,  974.720 ,  974.720 ,    0.000 ,  974.720 ,  975.720 ,  101.128 ,   16.872 ,    0.000 ,    3.527 ,       12 , 	)
 135 	 (   3 ,  838.000 , 1078.000 ,        0 , 1003.356 , 1003.356 ,    0.000 , 1003.356 , 1004.356 ,   84.151 ,   27.083 ,    0.000 ,    3.747 ,       13 , 	)
  80 	 (   0 ,  866.000 , 1046.000 ,        0 , 1018.917 , 1018.917 ,    0.000 , 1018.917 , 1021.917 ,   77.956 ,   27.083 ,    0.000 ,    4.871 ,       14 , 	)
 147 	 (   0 ,    0.000 , 1440.000 ,        0 , 1038.886 , 1038.886 ,    0.000 , 1038.886 , 1038.886 ,    0.000 ,  401.114 ,    0.000 ,    0.000 ,       15 , 	)

	12 sommets 
	values : ( Cost : 245.468 , TRT : 212.562 , TWT :   0.000 , TD : 185.142 )
	violations : ( VC :       0 , VTW :   0.000 , VTD :   0.000 , VTRT :   0.000 )
	cout global : (   0.000	 )
S(i)	 (   C ,     TW0 ,       TW1 ,       VTW ,       Min ,       A ,       W ,       B ,       D ,       L ,       F ,       E ,       Det ,       [Imp ,       Imp]	)
   0 	 (   0 ,    0.000 , 1440.000 ,        0 ,    0.000 ,  253.971 ,    0.000 ,  253.971 ,  253.971 ,    0.000 ,    2.244 ,  253.971 ,    0.000 ,        0 , 	)
  21 	 (   4 ,  240.000 ,  480.000 ,        0 ,   19.447 ,  273.418 ,    0.000 ,  273.418 ,  277.418 ,    0.000 ,    2.244 ,   33.418 ,    6.464 ,        1 , 	)
  94 	 (   0 ,  312.000 ,  552.000 ,        0 ,  278.582 ,  312.000 ,    0.000 ,  312.000 ,  316.000 ,   34.582 ,    2.244 ,    0.000 ,   23.012 ,        2 , 	)
  58 	 (   3 ,  240.000 ,  420.000 ,        0 ,  332.974 ,  332.974 ,    0.000 ,  332.974 ,  335.974 ,    0.000 ,    2.244 ,    0.000 ,   10.886 ,        3 , 	)
  29 	 (   5 ,  240.000 ,  480.000 ,        0 ,  364.373 ,  364.373 ,    0.000 ,  364.373 ,  366.373 ,    0.000 ,    2.244 ,    0.000 ,    7.885 ,        4 , 	)
 102 	 (   3 ,  275.000 ,  515.000 ,        0 ,  383.561 ,  383.561 ,    0.000 ,  383.561 ,  385.561 ,   17.188 ,    2.244 ,    0.000 ,    9.775 ,        5 , 	)
 131 	 (   0 ,  331.000 ,  571.000 ,        0 ,  402.052 ,  402.052 ,    0.000 ,  402.052 ,  405.052 ,   66.078 ,    2.244 ,    0.000 ,    0.000 ,        6 , 	)
  66 	 (   3 ,  303.000 ,  427.352 ,        0 ,  405.052 ,  405.052 ,    0.000 ,  405.052 ,  408.052 ,    0.000 ,    2.244 ,    0.000 ,    0.000 ,        7 , 	)
   5 	 (   5 ,  315.000 ,  410.296 ,        0 ,  408.052 ,  408.052 ,    0.000 ,  408.052 ,  410.052 ,    0.000 ,    2.244 ,    0.000 ,    0.000 ,        8 , 	)
  78 	 (   3 ,  373.000 ,  433.000 ,        0 ,  430.756 ,  430.756 ,    0.000 ,  430.756 ,  432.756 ,   20.704 ,    2.244 ,    0.000 ,    3.942 ,        9 , 	)
 139 	 (   0 ,  409.000 ,  469.000 ,        0 ,  454.642 ,  454.642 ,    0.000 ,  454.642 ,  457.642 ,   46.590 ,   14.358 ,    0.000 ,   -0.879 ,       10 , 	)
 147 	 (   0 ,    0.000 , 1440.000 ,        0 ,  466.534 ,  466.534 ,    0.000 ,  466.534 ,  466.534 ,    0.000 ,  973.466 ,    0.000 ,    0.000 ,       11 , 	)
