12
	VALUE ALL : ( Cost : 4099.405 , TRT : 4134.245 , TWT : 621.986 , TD : 6188.310 )
	VIOLATIONS TOTAL : ( VC :       0 , VTW :   0.000 , VTD :   0.000 , VTRT :   0.000 )
 	COUT_ALL : (   0.003 )  T2B:   46201

	18 sommets 
	values : ( Cost : 427.305 , TRT : 433.862 , TWT :  70.580 , TD : 435.792 )
	violations : ( VC :       0 , VTW :   0.000 , VTD :   0.000 , VTRT :   0.000 )
	cout global : (   0.000	 )
S(i)	 (   C ,     TW0 ,       TW1 ,       VTW ,       Min ,       A ,       W ,       B ,       D ,       L ,       F ,       E ,       Det ,       [Imp ,       Imp]	)
   0 	 (   0 ,    0.000 , 1440.000 ,        0 ,    0.000 ,  707.117 ,    0.000 ,  707.117 ,  707.117 ,    0.000 ,    0.000 ,  707.117 ,    0.000 ,        0 , 	)
  59 	 (   4 ,  720.000 ,  780.000 ,        0 ,   72.883 ,  780.000 ,    0.000 ,  780.000 ,  784.000 ,    0.000 ,    0.000 ,   60.000 ,    0.000 ,        1 , 	)
  42 	 (   7 ,  780.000 ,  840.000 ,        0 ,  724.000 ,  784.000 ,   13.378 ,  797.378 ,  800.378 ,    0.000 ,    0.000 ,   17.378 ,    0.000 ,        2 , 	)
 154 	 (   3 ,  733.622 ,  810.000 ,        0 ,  792.622 ,  810.000 ,    0.000 ,  810.000 ,  814.000 ,   26.000 ,   -0.000 ,   17.378 ,    2.902 ,        3 , 	)
  27 	 (   7 ,  724.000 ,  960.000 ,        0 ,  808.271 ,  825.650 ,   13.226 ,  838.875 ,  842.875 ,    0.000 ,    0.000 ,   30.604 ,    7.549 ,        4 , 	)
  48 	 (   8 ,  733.000 ,  900.000 ,        0 ,  824.708 ,  855.311 ,    0.000 ,  855.311 ,  856.311 ,    0.000 ,    0.000 ,   30.604 ,    4.869 ,        5 , 	)
 137 	 (   5 ,  819.441 ,  940.000 ,        0 ,  842.480 ,  873.084 ,    0.000 ,  873.084 ,  876.084 ,   72.706 ,    0.000 ,   30.604 ,   -5.983 ,        6 , 	)
 122 	 (   1 ,  827.000 , 1007.000 ,        0 ,  857.836 ,  888.440 ,    0.000 ,  888.440 ,  892.440 ,   45.565 ,    0.000 ,   30.604 ,    7.262 ,        7 , 	)
  70 	 (   5 ,  780.000 ,  960.000 ,        0 ,  881.380 ,  911.984 ,    0.000 ,  911.984 ,  915.984 ,    0.000 ,    0.000 ,   30.604 ,   16.823 ,        8 , 	)
 165 	 (   1 ,  826.000 , 1062.000 ,        0 ,  921.873 ,  952.477 ,    0.000 ,  952.477 ,  956.477 ,   36.492 ,    0.000 ,   30.604 ,   16.143 ,        9 , 	)
 143 	 (   0 ,  919.000 ,  979.000 ,        0 ,  948.396 ,  979.000 ,    0.000 ,  979.000 ,  980.000 ,  122.689 ,    0.000 ,   30.604 ,    0.000 ,       10 , 	)
  51 	 (   1 ,  960.000 , 1200.000 ,        0 ,  949.396 ,  980.000 ,   43.976 , 1023.976 , 1024.976 ,    0.000 ,   60.000 ,   63.976 ,    0.000 ,       11 , 	)
  54 	 (   4 ,  960.000 , 1200.000 ,        0 ,  973.727 , 1037.703 ,    0.000 , 1037.703 , 1040.703 ,    0.000 ,   59.586 ,   63.976 ,    1.371 ,       12 , 	)
 146 	 (   3 , 1036.000 , 1276.000 ,        0 , 1003.414 , 1067.390 ,    0.000 , 1067.390 , 1068.390 ,   42.414 ,   12.568 ,   31.390 ,    9.901 ,       13 , 	)
  88 	 (   4 , 1080.000 , 1140.000 ,        0 , 1048.610 , 1080.000 ,    0.000 , 1080.000 , 1081.000 ,    0.000 ,   12.568 ,    0.000 ,   -0.442 ,       14 , 	)
 149 	 (   1 , 1011.000 , 1251.000 ,        0 , 1093.135 , 1093.135 ,    0.000 , 1093.135 , 1096.135 ,   52.432 ,   12.568 ,   -0.000 ,    2.317 ,       15 , 	)
 183 	 (   0 , 1113.177 , 1206.000 ,        0 , 1118.494 , 1118.494 ,    0.000 , 1118.494 , 1119.494 ,   37.494 ,   27.506 ,   -0.000 ,    5.215 ,       16 , 	)
 191 	 (   0 ,    0.000 , 1440.000 ,        0 , 1140.978 , 1140.978 ,    0.000 , 1140.978 , 1140.978 ,    0.000 ,  299.022 ,   -0.000 ,    0.000 ,       17 , 	)

	28 sommets 
	values : ( Cost : 487.168 , TRT : 460.668 , TWT :  50.376 , TD : 856.047 )
	violations : ( VC :       0 , VTW :   0.000 , VTD :   0.000 , VTRT :   0.000 )
	cout global : (   0.000	 )
S(i)	 (   C ,     TW0 ,       TW1 ,       VTW ,       Min ,       A ,       W ,       B ,       D ,       L ,       F ,       E ,       Det ,       [Imp ,       Imp]	)
   0 	 (   0 ,    0.000 , 1440.000 ,        0 ,    0.000 ,  283.069 ,    0.000 ,  283.069 ,  283.069 ,    0.000 ,    0.000 ,  283.069 ,    0.000 ,        0 , 	)
  39 	 (   1 ,  240.000 ,  480.000 ,        0 ,    4.189 ,  287.258 ,    0.000 ,  287.258 ,  288.258 ,    0.000 ,    0.000 ,   47.258 ,    6.254 ,        1 , 	)
   1 	 (   2 ,  300.000 ,  480.000 ,        0 ,  253.923 ,  301.181 ,    0.000 ,  301.181 ,  302.181 ,    0.000 ,    0.000 ,    1.181 ,    0.454 ,        2 , 	)
  18 	 (   3 ,  300.000 ,  480.000 ,        0 ,  310.878 ,  312.059 ,    0.000 ,  312.059 ,  313.059 ,    0.000 ,    0.000 ,    1.181 ,   -1.005 ,        3 , 	)
 113 	 (   2 ,  320.000 ,  500.000 ,        0 ,  321.874 ,  323.055 ,    0.000 ,  323.055 ,  324.055 ,    9.995 ,    0.000 ,    1.181 ,    1.917 ,        4 , 	)
 134 	 (   1 ,  332.000 ,  572.000 ,        0 ,  338.519 ,  339.700 ,    0.000 ,  339.700 ,  340.700 ,   51.442 ,    0.000 ,    1.181 ,   25.659 ,        5 , 	)
  36 	 (   3 ,  300.000 ,  420.000 ,        0 ,  356.333 ,  357.514 ,    0.000 ,  357.514 ,  359.514 ,    0.000 ,    0.000 ,    1.181 ,    7.936 ,        6 , 	)
  49 	 (   4 ,  240.000 ,  480.000 ,        0 ,  369.295 ,  370.477 ,    0.000 ,  370.477 ,  371.477 ,    0.000 ,    0.000 ,    1.181 ,    7.889 ,        7 , 	)
  69 	 (   8 ,  360.000 ,  420.000 ,        0 ,  376.683 ,  377.864 ,    0.000 ,  377.864 ,  381.864 ,    0.000 ,    0.000 ,    1.181 ,    3.823 ,        8 , 	)
  96 	 (   7 ,  387.000 ,  567.000 ,        0 ,  396.427 ,  397.608 ,    0.000 ,  397.608 ,  398.608 ,   95.427 ,    0.000 ,    1.181 ,    6.291 ,        9 , 	)
 131 	 (   5 ,  327.873 ,  491.000 ,        0 ,  408.708 ,  409.889 ,    0.000 ,  409.889 ,  411.889 ,   50.374 ,    0.000 ,    1.181 ,   -1.328 ,       10 , 	)
  40 	 (   8 ,  300.000 ,  480.000 ,        0 ,  422.178 ,  423.359 ,    0.000 ,  423.359 ,  426.359 ,    0.000 ,    0.000 ,    1.181 ,   -1.879 ,       11 , 	)
 144 	 (   7 ,  304.000 ,  544.000 ,        0 ,  432.322 ,  433.503 ,    0.000 ,  433.503 ,  434.503 ,   62.026 ,    0.000 ,    1.181 ,    6.424 ,       12 , 	)
 164 	 (   3 ,  412.793 ,  554.000 ,        0 ,  446.598 ,  447.779 ,    0.000 ,  447.779 ,  451.779 ,   65.915 ,    0.000 ,    1.181 ,    3.105 ,       13 , 	)
   5 	 (   4 ,  300.000 ,  480.000 ,        0 ,  478.819 ,  480.000 ,    0.000 ,  480.000 ,  481.000 ,    0.000 ,    0.000 ,    1.181 ,    0.000 ,       14 , 	)
 135 	 (   1 ,  426.000 ,  606.000 ,        0 ,  479.819 ,  481.000 ,    0.000 ,  481.000 ,  484.000 ,   54.641 ,   60.339 ,    1.181 ,    0.000 ,       15 , 	)
  84 	 (   3 ,  540.000 ,  720.000 ,        0 ,  488.443 ,  489.624 ,   50.376 ,  540.000 ,  542.000 ,    0.000 ,    9.963 ,    0.000 ,    9.302 ,       16 , 	)
 100 	 (   2 ,  343.000 ,  583.000 ,        0 ,  567.565 ,  567.565 ,    0.000 ,  567.565 ,  568.565 ,   86.565 ,    6.001 ,    0.000 ,   18.295 ,       17 , 	)
  94 	 (   5 ,  504.000 ,  650.283 ,        0 ,  580.053 ,  580.053 ,    0.000 ,  580.053 ,  583.053 ,    0.000 ,    6.001 ,    0.000 ,    3.567 ,       18 , 	)
  16 	 (   6 ,  498.000 ,  643.617 ,        0 ,  602.324 ,  602.324 ,    0.000 ,  602.324 ,  603.324 ,    0.000 ,    6.001 ,    0.000 ,   14.726 ,       19 , 	)
 111 	 (   5 ,  533.000 ,  653.000 ,        0 ,  611.707 ,  611.707 ,    0.000 ,  611.707 ,  612.707 ,    8.383 ,    6.001 ,    0.000 ,    1.640 ,       20 , 	)
  50 	 (   6 ,  483.000 ,  720.000 ,        0 ,  616.517 ,  616.517 ,    0.000 ,  616.517 ,  617.517 ,    0.000 ,    6.001 ,    0.000 ,   -1.009 ,       21 , 	)
  12 	 (   7 ,  480.000 ,  660.000 ,        0 ,  650.037 ,  650.037 ,    0.000 ,  650.037 ,  651.037 ,    0.000 ,    6.001 ,    0.000 ,   20.940 ,       22 , 	)
 179 	 (   5 ,  642.000 ,  822.000 ,        0 ,  670.999 ,  670.999 ,    0.000 ,  670.999 ,  672.999 ,  128.999 ,    6.001 ,    0.000 ,    2.167 ,       23 , 	)
 145 	 (   4 ,  586.000 ,  766.000 ,        0 ,  686.253 ,  686.253 ,    0.000 ,  686.253 ,  687.253 ,   68.737 ,   17.747 ,    0.000 ,    0.000 ,       24 , 	)
 189 	 (   1 ,  645.000 ,  705.000 ,        0 ,  687.253 ,  687.253 ,    0.000 ,  687.253 ,  690.253 ,  104.201 ,   17.747 ,    0.000 ,    0.000 ,       25 , 	)
 107 	 (   0 ,  528.000 ,  765.000 ,        0 ,  720.379 ,  720.379 ,    0.000 ,  720.379 ,  721.379 ,   69.342 ,   34.658 ,    0.000 ,    0.756 ,       26 , 	)
 191 	 (   0 ,    0.000 , 1440.000 ,        0 ,  743.737 ,  743.737 ,    0.000 ,  743.737 ,  743.737 ,    0.000 ,  696.263 ,    0.000 ,    0.000 ,       27 , 	)

	18 sommets 
	values : ( Cost : 349.824 , TRT : 392.336 , TWT :  97.311 , TD : 738.104 )
	violations : ( VC :       0 , VTW :   0.000 , VTD :   0.000 , VTRT :   0.000 )
	cout global : (   0.000	 )
S(i)	 (   C ,     TW0 ,       TW1 ,       VTW ,       Min ,       A ,       W ,       B ,       D ,       L ,       F ,       E ,       Det ,       [Imp ,       Imp]	)
   0 	 (   0 ,    0.000 , 1440.000 ,        0 ,    0.000 ,  625.580 ,    0.000 ,  625.580 ,  625.580 ,    0.000 ,    0.000 ,  625.580 ,    0.000 ,        0 , 	)
  52 	 (   4 ,  535.000 ,  680.111 ,        0 ,   12.016 ,  637.596 ,    0.000 ,  637.596 ,  641.596 ,    0.000 ,    0.000 ,  102.596 ,   12.514 ,        1 , 	)
  91 	 (   5 ,  503.000 ,  713.785 ,        0 ,  561.607 ,  664.203 ,    0.000 ,  664.203 ,  665.203 ,    0.000 ,    0.000 ,  102.596 ,   -2.816 ,        2 , 	)
  21 	 (   7 ,  510.000 ,  701.356 ,        0 ,  565.595 ,  668.192 ,    0.000 ,  668.192 ,  670.192 ,    0.000 ,    0.000 ,  102.596 ,    0.698 ,        3 , 	)
  13 	 (   8 ,  540.000 ,  720.000 ,        0 ,  581.442 ,  684.038 ,    0.000 ,  684.038 ,  685.038 ,    0.000 ,    0.000 ,  102.596 ,    1.119 ,        4 , 	)
 116 	 (   6 ,  626.000 ,  746.000 ,        0 ,  612.359 ,  714.955 ,    0.000 ,  714.955 ,  716.955 ,   44.763 ,    0.000 ,   88.955 ,    3.186 ,        5 , 	)
 186 	 (   5 ,  649.000 ,  769.000 ,        0 ,  640.517 ,  729.472 ,    0.000 ,  729.472 ,  730.472 ,   64.269 ,    0.000 ,   80.472 ,    5.542 ,        6 , 	)
 147 	 (   1 ,  675.000 ,  735.000 ,        0 ,  654.528 ,  735.000 ,    0.000 ,  735.000 ,  739.000 ,   93.404 ,    0.000 ,   60.000 ,    0.364 ,        7 , 	)
  95 	 (   2 ,  780.000 ,  960.000 ,        0 ,  683.380 ,  743.380 ,   65.604 ,  808.984 ,  809.984 ,    0.000 ,    0.000 ,   28.984 ,    3.833 ,        8 , 	)
 108 	 (   1 ,  653.000 ,  833.000 ,        0 ,  804.016 ,  833.000 ,    0.000 ,  833.000 ,  834.000 ,  147.962 ,    0.000 ,   28.984 ,    0.000 ,        9 , 	)
  61 	 (   2 ,  720.000 ,  960.000 ,        0 ,  805.016 ,  834.000 ,   31.707 ,  865.707 ,  866.707 ,    0.000 ,   26.768 ,   60.691 ,    0.000 ,       10 , 	)
  83 	 (   4 ,  720.000 ,  960.000 ,        0 ,  814.532 ,  875.223 ,    0.000 ,  875.223 ,  877.223 ,    0.000 ,   26.768 ,   60.691 ,   10.701 ,       11 , 	)
  46 	 (   8 ,  732.000 ,  954.805 ,        0 ,  862.121 ,  922.812 ,    0.000 ,  922.812 ,  926.812 ,    0.000 ,   26.768 ,   60.691 ,   21.571 ,       12 , 	)
 156 	 (   7 ,  816.000 , 1056.000 ,        0 ,  883.371 ,  944.062 ,    0.000 ,  944.062 ,  945.062 ,   77.355 ,   26.768 ,   60.691 ,    4.226 ,       13 , 	)
 141 	 (   3 ,  804.000 ,  984.000 ,        0 ,  896.541 ,  957.232 ,    0.000 ,  957.232 ,  961.232 ,   30.420 ,   26.768 ,   60.691 ,   11.213 ,       14 , 	)
 190 	 (   2 ,  970.000 , 1090.000 ,        0 ,  909.309 ,  970.000 ,    0.000 ,  970.000 ,  971.000 ,  160.016 ,   52.984 ,    0.000 ,    6.171 ,       15 , 	)
 178 	 (   0 ,  898.000 , 1078.000 ,        0 ,  997.138 ,  997.138 ,    0.000 ,  997.138 ,  999.138 ,  119.915 ,   80.862 ,    0.000 ,  -20.337 ,       16 , 	)
 191 	 (   0 ,    0.000 , 1440.000 ,        0 , 1017.917 , 1017.917 ,    0.000 , 1017.917 , 1017.917 ,    0.000 ,  422.083 ,    0.000 ,    0.000 ,       17 , 	)

	14 sommets 
	values : ( Cost : 313.870 , TRT : 357.102 , TWT :  87.109 , TD : 380.531 )
	violations : ( VC :       0 , VTW :   0.000 , VTD :   0.000 , VTRT :   0.000 )
	cout global : (   0.000	 )
S(i)	 (   C ,     TW0 ,       TW1 ,       VTW ,       Min ,       A ,       W ,       B ,       D ,       L ,       F ,       E ,       Det ,       [Imp ,       Imp]	)
   0 	 (   0 ,    0.000 , 1440.000 ,        0 ,    0.000 ,  261.110 ,    0.000 ,  261.110 ,  261.110 ,    0.000 ,    0.000 ,  261.110 ,    0.000 ,        0 , 	)
  73 	 (   4 ,  300.000 ,  480.000 ,        0 ,   43.067 ,  304.177 ,    0.000 ,  304.177 ,  308.177 ,    0.000 ,    0.000 ,    4.177 ,   11.448 ,        1 , 	)
  62 	 (   8 ,  240.000 ,  480.000 ,        0 ,  320.714 ,  324.891 ,    0.000 ,  324.891 ,  328.891 ,    0.000 ,    0.000 ,    4.177 ,   10.986 ,        2 , 	)
 168 	 (   4 ,  329.505 ,  552.000 ,        0 ,  344.491 ,  348.668 ,    0.000 ,  348.668 ,  352.668 ,   40.491 ,    0.000 ,    4.177 ,    0.000 ,        3 , 	)
  25 	 (   7 ,  242.000 ,  480.000 ,        0 ,  348.491 ,  352.668 ,    0.000 ,  352.668 ,  355.668 ,    0.000 ,    0.000 ,    4.177 ,    0.000 ,        4 , 	)
 120 	 (   4 ,  353.000 ,  533.000 ,        0 ,  391.974 ,  396.151 ,    0.000 ,  396.151 ,  399.151 ,   40.483 ,    0.000 ,    4.177 ,    0.714 ,        5 , 	)
   4 	 (   6 ,  240.000 ,  480.000 ,        0 ,  400.958 ,  405.135 ,    0.000 ,  405.135 ,  407.135 ,    0.000 ,    0.000 ,    4.177 ,   -0.236 ,        6 , 	)
  64 	 (   7 ,  240.000 ,  420.000 ,        0 ,  415.823 ,  420.000 ,    0.000 ,  420.000 ,  421.000 ,    0.000 ,    0.000 ,    4.177 ,    0.000 ,        7 , 	)
  99 	 (   5 ,  267.000 ,  507.000 ,        0 ,  416.823 ,  421.000 ,    0.000 ,  421.000 ,  423.000 ,   13.865 ,   21.135 ,    4.177 ,    0.000 ,        8 , 	)
 157 	 (   1 ,  394.000 ,  574.000 ,        0 ,  432.053 ,  436.230 ,    0.000 ,  436.230 ,  440.230 ,  107.339 ,   42.852 ,    4.177 ,    0.077 ,        9 , 	)
  79 	 (   4 ,  480.000 ,  720.000 ,        0 ,  442.620 ,  446.796 ,   42.852 ,  489.648 ,  492.648 ,    0.000 ,    0.000 ,    9.648 ,    3.014 ,       10 , 	)
 159 	 (   3 ,  283.000 ,  518.000 ,        0 ,  508.352 ,  518.000 ,    0.000 ,  518.000 ,  519.000 ,   97.000 ,    0.000 ,    9.648 ,   -9.815 ,       11 , 	)
 174 	 (   0 ,  574.000 ,  814.000 ,        0 ,  520.095 ,  529.743 ,   44.257 ,  574.000 ,  577.000 ,   81.352 ,   41.648 ,    0.000 ,   -0.420 ,       12 , 	)
 191 	 (   0 ,    0.000 , 1440.000 ,        0 ,  618.211 ,  618.211 ,    0.000 ,  618.211 ,  618.211 ,    0.000 ,  821.789 ,    0.000 ,    0.000 ,       13 , 	)

	26 sommets 
	values : ( Cost : 428.165 , TRT : 462.630 , TWT :  86.701 , TD : 701.414 )
	violations : ( VC :       0 , VTW :   0.000 , VTD :   0.000 , VTRT :   0.000 )
	cout global : (   0.000	 )
S(i)	 (   C ,     TW0 ,       TW1 ,       VTW ,       Min ,       A ,       W ,       B ,       D ,       L ,       F ,       E ,       Det ,       [Imp ,       Imp]	)
   0 	 (   0 ,    0.000 , 1440.000 ,        0 ,    0.000 ,  431.853 ,    0.000 ,  431.853 ,  431.853 ,    0.000 ,    0.000 ,  431.853 ,    0.000 ,        0 , 	)
  78 	 (   1 ,  300.000 ,  480.000 ,        0 ,    2.616 ,  434.469 ,    0.000 ,  434.469 ,  435.469 ,    0.000 ,    0.000 ,  134.469 ,    2.288 ,        1 , 	)
 173 	 (   0 ,  362.000 ,  542.000 ,        0 ,  319.450 ,  453.920 ,    0.000 ,  453.920 ,  454.920 ,   18.450 ,    0.000 ,   91.920 ,    2.999 ,        2 , 	)
  23 	 (   4 ,  243.000 ,  480.000 ,        0 ,  384.370 ,  476.289 ,    0.000 ,  476.289 ,  480.289 ,    0.000 ,    0.000 ,   91.920 ,   29.205 ,        3 , 	)
  11 	 (   5 ,  480.000 ,  720.000 ,        0 ,  404.708 ,  496.628 ,    0.000 ,  496.628 ,  497.628 ,    0.000 ,    0.000 ,   16.628 ,   -0.001 ,        4 , 	)
 106 	 (   4 ,  496.000 ,  736.000 ,        0 ,  489.109 ,  505.737 ,    0.000 ,  505.737 ,  506.737 ,    8.109 ,    0.000 ,    9.737 ,    3.043 ,        5 , 	)
  72 	 (   7 ,  480.000 ,  720.000 ,        0 ,  513.406 ,  523.143 ,    0.000 ,  523.143 ,  526.143 ,    0.000 ,    0.000 ,    9.737 ,    3.996 ,        6 , 	)
 118 	 (   3 ,  349.000 ,  529.000 ,        0 ,  519.263 ,  529.000 ,    0.000 ,  529.000 ,  533.000 ,   48.711 ,    0.000 ,    9.737 ,    1.436 ,        7 , 	)
   2 	 (   5 ,  480.000 ,  660.000 ,        0 ,  533.454 ,  543.191 ,   46.632 ,  589.823 ,  591.823 ,    0.000 ,    0.000 ,   56.368 ,    1.266 ,        8 , 	)
  75 	 (   8 ,  480.000 ,  600.000 ,        0 ,  543.632 ,  600.000 ,    0.000 ,  600.000 ,  603.000 ,    0.000 ,    0.000 ,   56.368 ,   -1.993 ,        9 , 	)
 167 	 (   5 ,  605.000 ,  845.000 ,        0 ,  558.341 ,  614.710 ,    0.000 ,  614.710 ,  617.710 ,   88.567 ,   83.239 ,    9.710 ,   -3.725 ,       10 , 	)
  31 	 (   6 ,  492.000 ,  715.071 ,        0 ,  622.122 ,  631.832 ,   40.070 ,  671.901 ,  672.901 ,    0.000 ,   43.169 ,   49.780 ,    1.134 ,       11 , 	)
 126 	 (   5 ,  562.000 ,  742.000 ,        0 ,  649.051 ,  698.831 ,    0.000 ,  698.831 ,  699.831 ,   25.929 ,   43.071 ,   49.780 ,    1.977 ,       12 , 	)
  97 	 (   3 ,  633.000 ,  873.000 ,        0 ,  666.753 ,  716.532 ,    0.000 ,  716.532 ,  718.532 ,  124.710 ,   81.998 ,   49.780 ,    2.730 ,       13 , 	)
  24 	 (   7 ,  720.000 ,  900.000 ,        0 ,  673.446 ,  723.226 ,    0.000 ,  723.226 ,  727.226 ,    0.000 ,   81.998 ,    3.226 ,    7.323 ,       14 , 	)
 119 	 (   3 ,  747.526 ,  967.000 ,        0 ,  747.526 ,  750.752 ,    0.000 ,  750.752 ,  754.752 ,   23.526 ,   39.474 ,    3.226 ,    0.000 ,       15 , 	)
  35 	 (   4 ,  720.000 ,  960.000 ,        0 ,  751.526 ,  754.752 ,    0.000 ,  754.752 ,  755.752 ,    0.000 ,   81.998 ,    3.226 ,    0.000 ,       16 , 	)
  43 	 (   5 ,  720.000 ,  960.000 ,        0 ,  765.030 ,  768.256 ,    0.000 ,  768.256 ,  769.256 ,    0.000 ,   63.752 ,    3.226 ,    2.485 ,       17 , 	)
 170 	 (   2 ,  638.000 ,  878.000 ,        0 ,  770.274 ,  773.499 ,    0.000 ,  773.499 ,  776.499 ,  170.499 ,   31.346 ,    3.226 ,    2.925 ,       18 , 	)
  80 	 (   4 ,  720.000 ,  960.000 ,        0 ,  779.385 ,  782.611 ,    0.000 ,  782.611 ,  784.611 ,    0.000 ,   31.346 ,    3.226 ,   -3.876 ,       19 , 	)
 130 	 (   3 ,  803.000 , 1043.000 ,        0 ,  799.774 ,  803.000 ,    0.000 ,  803.000 ,  804.000 ,   47.248 ,   29.533 ,    0.000 ,    5.871 ,       20 , 	)
 138 	 (   2 ,  777.000 , 1017.000 ,        0 ,  813.910 ,  813.910 ,    0.000 ,  813.910 ,  814.910 ,   44.654 ,   29.533 ,    0.000 ,    2.449 ,       21 , 	)
  29 	 (   6 ,  720.000 ,  900.000 ,        0 ,  818.002 ,  818.002 ,    0.000 ,  818.002 ,  822.002 ,    0.000 ,   29.533 ,    0.000 ,   -0.922 ,       22 , 	)
 175 	 (   4 ,  782.000 , 1022.000 ,        0 ,  836.077 ,  836.077 ,    0.000 ,  836.077 ,  838.077 ,   51.467 ,   29.533 ,    0.000 ,    4.407 ,       23 , 	)
 124 	 (   0 ,  779.000 , 1019.000 ,        0 ,  871.544 ,  871.544 ,    0.000 ,  871.544 ,  875.544 ,   49.543 ,   65.457 ,    0.000 ,    5.573 ,       24 , 	)
 191 	 (   0 ,    0.000 , 1440.000 ,        0 ,  894.483 ,  894.483 ,    0.000 ,  894.483 ,  894.483 ,    0.000 ,  545.517 ,    0.000 ,    0.000 ,       25 , 	)

	18 sommets 
	values : ( Cost : 316.260 , TRT : 416.175 , TWT : 144.386 , TD : 716.403 )
	violations : ( VC :       0 , VTW :   0.000 , VTD :   0.000 , VTRT :   0.000 )
	cout global : (   0.000	 )
S(i)	 (   C ,     TW0 ,       TW1 ,       VTW ,       Min ,       A ,       W ,       B ,       D ,       L ,       F ,       E ,       Det ,       [Imp ,       Imp]	)
   0 	 (   0 ,    0.000 , 1440.000 ,        0 ,    0.000 ,  342.901 ,    0.000 ,  342.901 ,  342.901 ,    0.000 ,    0.000 ,  342.901 ,    0.000 ,        0 , 	)
  38 	 (   1 ,  286.000 ,  434.544 ,        0 ,   18.939 ,  361.840 ,    0.000 ,  361.840 ,  362.840 ,    0.000 ,    0.000 ,   75.840 ,   -5.820 ,        1 , 	)
  86 	 (   4 ,  240.000 ,  480.000 ,        0 ,  297.448 ,  373.288 ,    0.000 ,  373.288 ,  376.288 ,    0.000 ,    0.000 ,   75.840 ,   17.253 ,        2 , 	)
 133 	 (   3 ,  325.000 ,  445.000 ,        0 ,  316.710 ,  392.550 ,    0.000 ,  392.550 ,  393.550 ,   29.710 ,    0.000 ,   67.550 ,   12.440 ,        3 , 	)
  15 	 (   5 ,  272.000 ,  459.077 ,        0 ,  345.177 ,  412.727 ,    0.000 ,  412.727 ,  414.727 ,    0.000 ,    0.000 ,   67.550 ,    0.000 ,        4 , 	)
  14 	 (   6 ,  240.000 ,  480.000 ,        0 ,  347.177 ,  414.727 ,    0.000 ,  414.727 ,  415.727 ,    0.000 ,    0.000 ,   67.550 ,    0.000 ,        5 , 	)
  30 	 (   8 ,  300.000 ,  420.000 ,        0 ,  352.450 ,  420.000 ,    0.000 ,  420.000 ,  422.000 ,    0.000 ,    0.000 ,   67.550 ,    3.123 ,        6 , 	)
 125 	 (   6 ,  314.185 ,  455.000 ,        0 ,  366.635 ,  434.185 ,    0.000 ,  434.185 ,  436.185 ,   12.185 ,   18.825 ,   67.550 ,  -10.071 ,        7 , 	)
 181 	 (   3 ,  393.000 ,  573.000 ,        0 ,  389.038 ,  456.587 ,    0.000 ,  456.587 ,  459.587 ,   80.299 ,   18.825 ,   63.587 ,    3.991 ,        8 , 	)
 110 	 (   1 ,  381.000 ,  501.000 ,        0 ,  410.229 ,  473.817 ,    0.000 ,  473.817 ,  475.817 ,   59.089 ,   18.825 ,   63.587 ,    1.190 ,        9 , 	)
  89 	 (   4 ,  480.000 ,  720.000 ,        0 ,  416.923 ,  480.510 ,   18.825 ,  499.335 ,  502.335 ,    0.000 ,    0.000 ,   19.335 ,    3.106 ,       10 , 	)
  81 	 (   8 ,  480.000 ,  720.000 ,        0 ,  493.112 ,  512.447 ,    0.000 ,  512.447 ,  516.447 ,    0.000 ,    0.000 ,   19.335 ,    6.539 ,       11 , 	)
 109 	 (   7 ,  328.000 ,  568.000 ,        0 ,  513.392 ,  532.727 ,    0.000 ,  532.727 ,  533.727 ,  117.000 ,    0.000 ,   19.335 ,    8.249 ,       12 , 	)
 184 	 (   4 ,  671.000 ,  851.000 ,        0 ,  547.597 ,  566.932 ,  104.068 ,  671.000 ,  674.000 ,  168.665 ,   72.926 ,    0.000 ,   -8.034 ,       13 , 	)
  41 	 (   5 ,  720.000 ,  840.000 ,        0 ,  698.508 ,  698.508 ,   21.492 ,  720.000 ,  721.000 ,    0.000 ,   51.433 ,    0.000 ,    2.261 ,       14 , 	)
 176 	 (   1 ,  662.000 ,  902.000 ,        0 ,  733.014 ,  733.014 ,    0.000 ,  733.014 ,  737.014 ,  216.567 ,   40.113 ,    0.000 ,    1.490 ,       15 , 	)
 136 	 (   0 ,  748.397 ,  914.000 ,        0 ,  753.887 ,  753.887 ,    0.000 ,  753.887 ,  754.887 ,   32.887 ,   40.113 ,    0.000 ,    6.748 ,       16 , 	)
 191 	 (   0 ,    0.000 , 1440.000 ,        0 ,  759.076 ,  759.076 ,    0.000 ,  759.076 ,  759.076 ,    0.000 ,  680.924 ,    0.000 ,    0.000 ,       17 , 	)

	14 sommets 
	values : ( Cost : 281.556 , TRT : 280.413 , TWT :  40.717 , TD : 291.631 )
	violations : ( VC :       0 , VTW :   0.000 , VTD :   0.000 , VTRT :   0.000 )
	cout global : (   0.000	 )
S(i)	 (   C ,     TW0 ,       TW1 ,       VTW ,       Min ,       A ,       W ,       B ,       D ,       L ,       F ,       E ,       Det ,       [Imp ,       Imp]	)
   0 	 (   0 ,    0.000 , 1440.000 ,        0 ,    0.000 ,  905.773 ,    0.000 ,  905.773 ,  905.773 ,    0.000 ,    0.000 ,  905.773 ,    0.000 ,        0 , 	)
  58 	 (   3 ,  749.000 ,  944.736 ,        0 ,   28.183 ,  933.956 ,    0.000 ,  933.956 ,  936.956 ,    0.000 ,    0.000 ,  184.956 ,   11.159 ,        1 , 	)
  55 	 (   5 ,  780.000 ,  960.000 ,        0 ,  759.534 ,  944.490 ,    0.000 ,  944.490 ,  946.490 ,    0.000 ,    0.000 ,  164.490 ,   -1.758 ,        2 , 	)
  66 	 (   7 ,  720.000 ,  960.000 ,        0 ,  789.167 ,  953.657 ,    0.000 ,  953.657 ,  955.657 ,    0.000 ,    0.000 ,  164.490 ,    3.464 ,        3 , 	)
 150 	 (   5 ,  911.000 , 1091.000 ,        0 ,  826.510 ,  991.000 ,    0.000 ,  991.000 ,  993.000 ,   44.510 ,    0.000 ,   80.000 ,    0.000 ,        4 , 	)
 153 	 (   2 ,  873.000 ,  993.000 ,        0 ,  913.000 ,  993.000 ,    0.000 ,  993.000 ,  996.000 ,   56.044 ,    0.000 ,   80.000 ,    0.000 ,        5 , 	)
  26 	 (   3 ,  960.000 , 1200.000 ,        0 ,  937.405 , 1017.405 ,   14.344 , 1031.748 , 1032.748 ,    0.000 ,    0.000 ,   71.748 ,    8.756 ,        6 , 	)
 121 	 (   2 , 1000.000 , 1240.000 ,        0 ,  980.720 , 1052.468 ,    0.000 , 1052.468 , 1053.468 ,   19.720 ,    0.000 ,   52.468 ,   13.455 ,        7 , 	)
 161 	 (   0 ,  822.000 , 1062.000 ,        0 , 1009.532 , 1062.000 ,    0.000 , 1062.000 , 1064.000 ,  106.343 ,    0.000 ,   52.468 ,   -0.014 ,        8 , 	)
  68 	 (   3 ,  964.000 , 1140.000 ,        0 , 1019.607 , 1072.074 ,   26.373 , 1098.447 , 1101.447 ,    0.000 ,   41.553 ,   78.841 ,    3.436 ,        9 , 	)
  74 	 (   6 ,  960.000 , 1200.000 ,        0 , 1032.114 , 1110.955 ,    0.000 , 1110.955 , 1113.955 ,    0.000 ,   60.000 ,   78.841 ,  -12.989 ,       10 , 	)
 163 	 (   3 , 1133.000 , 1193.000 ,        0 , 1054.159 , 1133.000 ,    0.000 , 1133.000 , 1136.000 ,   31.553 ,   60.000 ,    0.000 ,   -3.125 ,       11 , 	)
 169 	 (   0 , 1104.000 , 1284.000 ,        0 , 1147.417 , 1147.417 ,    0.000 , 1147.417 , 1150.417 ,   33.462 ,  136.583 ,   -0.000 ,    0.535 ,       12 , 	)
 191 	 (   0 ,    0.000 , 1440.000 ,        0 , 1186.186 , 1186.186 ,    0.000 , 1186.186 , 1186.186 ,    0.000 ,  253.814 ,   -0.000 ,    0.000 ,       13 , 	)

	14 sommets 
	values : ( Cost : 256.981 , TRT : 225.219 , TWT :   0.000 , TD : 261.180 )
	violations : ( VC :       0 , VTW :   0.000 , VTD :   0.000 , VTRT :   0.000 )
	cout global : (   0.000	 )
S(i)	 (   C ,     TW0 ,       TW1 ,       VTW ,       Min ,       A ,       W ,       B ,       D ,       L ,       F ,       E ,       Det ,       [Imp ,       Imp]	)
   0 	 (   0 ,    0.000 , 1440.000 ,        0 ,    0.000 ,  267.398 ,    0.000 ,  267.398 ,  267.398 ,    0.000 ,   12.866 ,  267.398 ,    0.000 ,        0 , 	)
  67 	 (   1 ,  240.000 ,  420.000 ,        0 ,    5.989 ,  273.387 ,    0.000 ,  273.387 ,  274.387 ,    0.000 ,   12.866 ,   33.387 ,    9.865 ,        1 , 	)
  17 	 (   5 ,  300.000 ,  420.000 ,        0 ,  286.614 ,  320.001 ,    0.000 ,  320.001 ,  324.001 ,    0.000 ,   12.866 ,   20.001 ,   10.566 ,        2 , 	)
 162 	 (   4 ,  338.000 ,  518.000 ,        0 ,  317.999 ,  338.000 ,    0.000 ,  338.000 ,  339.000 ,   63.613 ,   12.866 ,    0.000 ,    4.920 ,        3 , 	)
 112 	 (   0 ,  325.643 ,  482.000 ,        0 ,  351.564 ,  351.564 ,    0.000 ,  351.564 ,  355.564 ,   27.563 ,   12.866 ,    0.000 ,  -13.827 ,        4 , 	)
  22 	 (   4 ,  240.000 ,  420.000 ,        0 ,  368.315 ,  368.315 ,    0.000 ,  368.315 ,  372.315 ,    0.000 ,   12.866 ,    0.000 ,   25.412 ,        5 , 	)
  71 	 (   8 ,  303.000 ,  428.641 ,        0 ,  390.840 ,  390.840 ,    0.000 ,  390.840 ,  394.840 ,    0.000 ,   12.866 ,    0.000 ,   -8.718 ,        6 , 	)
 117 	 (   4 ,  341.000 ,  581.000 ,        0 ,  406.032 ,  406.032 ,    0.000 ,  406.032 ,  410.032 ,   33.717 ,   12.866 ,    0.000 ,    7.256 ,        7 , 	)
  93 	 (   6 ,  360.000 ,  480.000 ,        0 ,  419.202 ,  419.202 ,    0.000 ,  419.202 ,  421.202 ,    0.000 ,   12.866 ,    0.000 ,   15.083 ,        8 , 	)
  60 	 (   7 ,  251.000 ,  474.967 ,        0 ,  438.735 ,  438.735 ,    0.000 ,  438.735 ,  439.735 ,    0.000 ,   12.866 ,    0.000 ,    1.760 ,        9 , 	)
 188 	 (   5 ,  391.368 ,  561.000 ,        0 ,  453.331 ,  453.331 ,    0.000 ,  453.331 ,  455.331 ,   32.129 ,   12.866 ,    0.000 ,    2.613 ,       10 , 	)
 166 	 (   1 ,  412.000 ,  472.000 ,        0 ,  459.134 ,  459.134 ,    0.000 ,  459.134 ,  463.134 ,   64.294 ,   12.866 ,    0.000 ,   -1.805 ,       11 , 	)
 155 	 (   0 ,  322.000 ,  502.000 ,        0 ,  479.601 ,  479.601 ,    0.000 ,  479.601 ,  480.601 ,   39.865 ,   22.399 ,    0.000 ,    2.280 ,       12 , 	)
 191 	 (   0 ,    0.000 , 1440.000 ,        0 ,  492.617 ,  492.617 ,    0.000 ,  492.617 ,  492.617 ,    0.000 ,  947.383 ,    0.000 ,    0.000 ,       13 , 	)

	20 sommets 
	values : ( Cost : 483.829 , TRT : 421.240 , TWT :  17.459 , TD : 723.528 )
	violations : ( VC :       0 , VTW :   0.000 , VTD :   0.000 , VTRT :   0.000 )
	cout global : (   0.000	 )
S(i)	 (   C ,     TW0 ,       TW1 ,       VTW ,       Min ,       A ,       W ,       B ,       D ,       L ,       F ,       E ,       Det ,       [Imp ,       Imp]	)
   0 	 (   0 ,    0.000 , 1440.000 ,        0 ,    0.000 ,  763.106 ,    0.000 ,  763.106 ,  763.106 ,    0.000 ,    0.000 ,  763.106 ,    0.000 ,        0 , 	)
  45 	 (   2 ,  720.000 ,  960.000 ,        0 ,   13.736 ,  776.842 ,    0.000 ,  776.842 ,  778.842 ,    0.000 ,    0.000 ,   56.842 ,   -2.532 ,        1 , 	)
  33 	 (   4 ,  720.000 ,  960.000 ,        0 ,  733.814 ,  790.656 ,    0.000 ,  790.656 ,  792.656 ,    0.000 ,    0.000 ,   56.842 ,    7.347 ,        2 , 	)
   6 	 (   6 ,  720.000 ,  960.000 ,        0 ,  742.311 ,  799.153 ,    0.000 ,  799.153 ,  801.153 ,    0.000 ,    0.000 ,   56.842 ,    5.525 ,        3 , 	)
  90 	 (   7 ,  720.000 ,  960.000 ,        0 ,  768.574 ,  825.416 ,    0.000 ,  825.416 ,  826.416 ,    0.000 ,    0.000 ,   56.842 ,   14.305 ,        4 , 	)
 140 	 (   5 ,  810.000 , 1050.000 ,        0 ,  785.069 ,  841.911 ,    0.000 ,  841.911 ,  843.911 ,   63.069 ,    0.000 ,   31.911 ,    2.292 ,        5 , 	)
 101 	 (   3 ,  850.000 , 1030.000 ,        0 ,  832.494 ,  864.405 ,    0.000 ,  864.405 ,  866.405 ,   63.252 ,    0.000 ,   14.405 ,    1.529 ,        6 , 	)
  92 	 (   4 ,  727.000 ,  900.000 ,        0 ,  860.532 ,  874.937 ,    0.000 ,  874.937 ,  875.937 ,    0.000 ,    0.000 ,   14.405 ,    0.692 ,        7 , 	)
 185 	 (   3 ,  836.000 , 1016.000 ,        0 ,  865.466 ,  879.871 ,    0.000 ,  879.871 ,  880.871 ,   53.456 ,    0.000 ,   14.405 ,    3.465 ,        8 , 	)
  28 	 (   6 ,  720.000 ,  960.000 ,        0 ,  873.641 ,  888.047 ,    0.000 ,  888.047 ,  891.047 ,    0.000 ,    0.000 ,   14.405 ,    0.325 ,        9 , 	)
 128 	 (   4 ,  881.000 , 1061.000 ,        0 ,  884.644 ,  899.050 ,    0.000 ,  899.050 ,  901.050 ,  106.393 ,    0.000 ,   14.405 ,    4.536 ,       10 , 	)
 187 	 (   3 ,  815.000 ,  935.000 ,        0 ,  920.595 ,  935.000 ,    0.000 ,  935.000 ,  936.000 ,   59.063 ,    0.000 ,   14.405 ,   -2.122 ,       11 , 	)
   8 	 (   6 ,  960.000 , 1200.000 ,        0 ,  938.786 ,  953.192 ,   17.459 ,  970.650 ,  973.650 ,    0.000 ,   14.130 ,   10.650 ,   24.824 ,       12 , 	)
 123 	 (   3 ,  843.000 , 1023.000 ,        0 ,  988.266 ,  998.917 ,    0.000 ,  998.917 , 1001.917 ,  107.870 ,   14.130 ,   10.650 ,    6.781 ,       13 , 	)
  87 	 (   7 ,  960.000 , 1200.000 ,        0 , 1037.847 , 1048.498 ,    0.000 , 1048.498 , 1052.498 ,    0.000 ,  100.544 ,   10.650 ,   16.086 ,       14 , 	)
 103 	 (   4 , 1078.000 , 1318.000 ,        0 , 1067.350 , 1078.000 ,    0.000 , 1078.000 , 1081.000 ,  104.350 ,  100.544 ,    0.000 ,   14.709 ,       15 , 	)
  63 	 (   6 ,  960.000 , 1200.000 ,        0 , 1099.456 , 1099.456 ,    0.000 , 1099.456 , 1101.456 ,    0.000 ,  100.544 ,    0.000 ,   -2.720 ,       16 , 	)
 182 	 (   2 , 1105.000 , 1345.000 ,        0 , 1141.871 , 1141.871 ,    0.000 , 1141.871 , 1145.871 ,   89.374 ,  100.626 ,   -0.000 ,    7.586 ,       17 , 	)
 158 	 (   0 , 1134.000 , 1374.000 ,        0 , 1178.157 , 1178.157 ,    0.000 , 1178.157 , 1180.157 ,   76.702 ,  183.298 ,   -0.000 ,    9.671 ,       18 , 	)
 191 	 (   0 ,    0.000 , 1440.000 ,        0 , 1184.346 , 1184.346 ,    0.000 , 1184.346 , 1184.346 ,    0.000 ,  255.654 ,   -0.000 ,    0.000 ,       19 , 	)

	10 sommets 
	values : ( Cost : 180.348 , TRT : 151.744 , TWT :   0.144 , TD : 231.781 )
	violations : ( VC :       0 , VTW :   0.000 , VTD :   0.000 , VTRT :   0.000 )
	cout global : (   0.000	 )
S(i)	 (   C ,     TW0 ,       TW1 ,       VTW ,       Min ,       A ,       W ,       B ,       D ,       L ,       F ,       E ,       Det ,       [Imp ,       Imp]	)
   0 	 (   0 ,    0.000 , 1440.000 ,        0 ,    0.000 ,  221.656 ,    0.000 ,  221.656 ,  221.656 ,    0.000 ,    0.000 ,  221.656 ,    0.000 ,        0 , 	)
  77 	 (   1 ,  240.000 ,  420.000 ,        0 ,   21.913 ,  243.569 ,    0.000 ,  243.569 ,  244.569 ,    0.000 ,    0.000 ,    3.569 ,    7.472 ,        1 , 	)
  34 	 (   3 ,  240.000 ,  360.000 ,        0 ,  260.503 ,  264.072 ,    0.000 ,  264.072 ,  266.072 ,    0.000 ,    0.000 ,    3.569 ,   14.662 ,        2 , 	)
  37 	 (   4 ,  240.000 ,  480.000 ,        0 ,  293.574 ,  297.144 ,    0.000 ,  297.144 ,  298.144 ,    0.000 ,    0.000 ,    3.569 ,   -0.006 ,        3 , 	)
  57 	 (   8 ,  240.000 ,  300.000 ,        0 ,  296.431 ,  300.000 ,    0.000 ,  300.000 ,  304.000 ,    0.000 ,    0.000 ,    3.569 ,    3.713 ,        4 , 	)
 172 	 (   7 ,  306.000 ,  546.000 ,        0 ,  302.287 ,  305.856 ,    0.144 ,  306.000 ,  307.000 ,   61.431 ,   32.411 ,    0.000 ,    5.553 ,        5 , 	)
 129 	 (   5 ,  303.000 ,  543.000 ,        0 ,  331.040 ,  331.040 ,    0.000 ,  331.040 ,  333.040 ,   64.968 ,   32.411 ,    0.000 ,    8.341 ,        6 , 	)
 152 	 (   1 ,  271.346 ,  377.000 ,        0 ,  344.589 ,  344.589 ,    0.000 ,  344.589 ,  348.589 ,   40.589 ,   32.411 ,    0.000 ,    0.712 ,        7 , 	)
 132 	 (   0 ,  316.000 ,  556.000 ,        0 ,  362.938 ,  362.938 ,    0.000 ,  362.938 ,  363.938 ,   64.794 ,   37.206 ,    0.000 ,    1.453 ,        8 , 	)
 191 	 (   0 ,    0.000 , 1440.000 ,        0 ,  373.400 ,  373.400 ,    0.000 ,  373.400 ,  373.400 ,    0.000 , 1066.600 ,    0.000 ,    0.000 ,        9 , 	)

	18 sommets 
	values : ( Cost : 348.771 , TRT : 304.234 , TWT :   0.000 , TD : 462.315 )
	violations : ( VC :       0 , VTW :   0.000 , VTD :   0.000 , VTRT :   0.000 )
	cout global : (   0.000	 )
S(i)	 (   C ,     TW0 ,       TW1 ,       VTW ,       Min ,       A ,       W ,       B ,       D ,       L ,       F ,       E ,       Det ,       [Imp ,       Imp]	)
   0 	 (   0 ,    0.000 , 1440.000 ,        0 ,    0.000 ,  166.362 ,    0.000 ,  166.362 ,  166.362 ,    0.000 ,   68.263 ,  166.362 ,    0.000 ,        0 , 	)
  85 	 (   4 ,  240.000 ,  420.000 ,        0 ,   73.638 ,  240.000 ,    0.000 ,  240.000 ,  244.000 ,    0.000 ,   68.263 ,    0.000 ,   50.091 ,        1 , 	)
  47 	 (   8 ,  240.000 ,  480.000 ,        0 ,  274.509 ,  274.509 ,    0.000 ,  274.509 ,  278.509 ,    0.000 ,   46.238 ,    0.000 ,    6.638 ,        2 , 	)
 180 	 (   4 ,  281.000 ,  515.000 ,        0 ,  288.762 ,  288.762 ,    0.000 ,  288.762 ,  292.762 ,   44.762 ,   46.238 ,    0.000 ,   -2.558 ,        3 , 	)
 142 	 (   0 ,  310.000 ,  550.000 ,        0 ,  313.251 ,  313.251 ,    0.000 ,  313.251 ,  317.251 ,   34.742 ,   54.258 ,    0.000 ,    0.968 ,        4 , 	)
  65 	 (   4 ,  240.000 ,  420.000 ,        0 ,  320.746 ,  320.746 ,    0.000 ,  320.746 ,  324.746 ,    0.000 ,   68.263 ,    0.000 ,    2.964 ,        5 , 	)
   3 	 (   6 ,  240.000 ,  420.000 ,        0 ,  328.341 ,  328.341 ,    0.000 ,  328.341 ,  330.341 ,    0.000 ,   53.249 ,    0.000 ,    1.275 ,        6 , 	)
   9 	 (   7 ,  240.000 ,  480.000 ,        0 ,  341.332 ,  341.332 ,    0.000 ,  341.332 ,  342.332 ,    0.000 ,   48.582 ,    0.000 ,    1.669 ,        7 , 	)
  82 	 (   8 ,  300.000 ,  480.000 ,        0 ,  354.517 ,  354.517 ,    0.000 ,  354.517 ,  355.517 ,    0.000 ,   48.582 ,    0.000 ,    3.708 ,        8 , 	)
 160 	 (   4 ,  324.000 ,  504.000 ,        0 ,  379.497 ,  379.497 ,    0.000 ,  379.497 ,  383.497 ,   54.751 ,   18.521 ,    0.000 ,    3.054 ,        9 , 	)
  98 	 (   2 ,  321.000 ,  501.000 ,        0 ,  388.759 ,  388.759 ,    0.000 ,  388.759 ,  390.759 ,   58.418 ,   18.521 ,    0.000 ,    5.058 ,       10 , 	)
  56 	 (   4 ,  250.000 ,  478.406 ,        0 ,  401.040 ,  401.040 ,    0.000 ,  401.040 ,  403.040 ,    0.000 ,   18.521 ,    0.000 ,   13.926 ,       11 , 	)
  32 	 (   7 ,  240.000 ,  480.000 ,        0 ,  411.737 ,  411.737 ,    0.000 ,  411.737 ,  414.737 ,    0.000 ,   18.521 ,    0.000 ,    1.232 ,       12 , 	)
 104 	 (   6 ,  355.000 ,  595.000 ,        0 ,  428.432 ,  428.432 ,    0.000 ,  428.432 ,  429.432 ,   86.100 ,   18.521 ,    0.000 ,    2.818 ,       13 , 	)
 151 	 (   4 ,  329.000 ,  509.000 ,        0 ,  440.192 ,  440.192 ,    0.000 ,  440.192 ,  442.192 ,   37.153 ,   18.521 ,    0.000 ,   -2.673 ,       14 , 	)
 177 	 (   3 ,  388.000 ,  568.000 ,        0 ,  453.996 ,  453.996 ,    0.000 ,  453.996 ,  454.996 ,   98.479 ,   18.521 ,    0.000 ,    2.680 ,       15 , 	)
 127 	 (   0 ,  297.000 ,  537.000 ,        0 ,  462.647 ,  462.647 ,    0.000 ,  462.647 ,  465.647 ,   47.910 ,   26.090 ,    0.000 ,    4.852 ,       16 , 	)
 191 	 (   0 ,    0.000 , 1440.000 ,        0 ,  470.596 ,  470.596 ,    0.000 ,  470.596 ,  470.596 ,    0.000 ,  969.404 ,    0.000 ,    0.000 ,       17 , 	)

	16 sommets 
	values : ( Cost : 225.328 , TRT : 228.624 , TWT :  27.205 , TD : 389.583 )
	violations : ( VC :       0 , VTW :   0.000 , VTD :   0.000 , VTRT :   0.000 )
	cout global : (   0.000	 )
S(i)	 (   C ,     TW0 ,       TW1 ,       VTW ,       Min ,       A ,       W ,       B ,       D ,       L ,       F ,       E ,       Det ,       [Imp ,       Imp]	)
   0 	 (   0 ,    0.000 , 1440.000 ,        0 ,    0.000 ,  785.577 ,    0.000 ,  785.577 ,  785.577 ,    0.000 ,    0.000 ,  785.577 ,    0.000 ,        0 , 	)
  53 	 (   4 ,  720.000 ,  900.000 ,        0 ,   11.528 ,  797.105 ,    0.000 ,  797.105 ,  801.105 ,    0.000 ,    0.000 ,   77.105 ,    5.947 ,        1 , 	)
 148 	 (   0 ,  751.000 ,  931.000 ,        0 ,  737.583 ,  814.687 ,    0.000 ,  814.687 ,  818.687 ,   13.583 ,    0.000 ,   63.687 ,   12.111 ,        2 , 	)
  20 	 (   4 ,  816.000 ,  934.389 ,        0 ,  764.577 ,  828.264 ,    0.000 ,  828.264 ,  832.264 ,    0.000 ,    0.000 ,   12.264 ,    1.232 ,        3 , 	)
  10 	 (   5 ,  780.000 ,  840.000 ,        0 ,  827.736 ,  840.000 ,    0.000 ,  840.000 ,  841.000 ,    0.000 ,    0.000 ,   12.264 ,    5.296 ,        4 , 	)
  76 	 (   8 ,  720.000 ,  900.000 ,        0 ,  852.583 ,  864.847 ,   27.205 ,  892.051 ,  895.051 ,    0.000 ,    4.160 ,   39.468 ,    0.568 ,        5 , 	)
 105 	 (   7 ,  810.036 ,  919.000 ,        0 ,  861.340 ,  900.808 ,    0.000 ,  900.808 ,  901.808 ,   59.808 ,    2.866 ,   39.468 ,    2.629 ,        6 , 	)
 115 	 (   3 ,  913.000 ,  973.000 ,        0 ,  873.532 ,  913.000 ,    0.000 ,  913.000 ,  917.000 ,   80.736 ,    2.866 ,    0.000 ,    6.013 ,        7 , 	)
   7 	 (   4 ,  780.000 ,  960.000 ,        0 ,  922.911 ,  922.911 ,    0.000 ,  922.911 ,  923.911 ,    0.000 ,    2.866 ,    0.000 ,    0.585 ,        8 , 	)
  19 	 (   6 ,  724.000 ,  960.000 ,        0 ,  933.260 ,  933.260 ,    0.000 ,  933.260 ,  935.260 ,    0.000 ,    2.866 ,    0.000 ,    4.376 ,        9 , 	)
  44 	 (   7 ,  720.000 ,  960.000 ,        0 ,  955.840 ,  955.840 ,    0.000 ,  955.840 ,  956.840 ,    0.000 ,    2.866 ,    0.000 ,    2.607 ,       10 , 	)
 102 	 (   6 ,  866.000 , 1046.000 ,        0 ,  971.214 ,  971.214 ,    0.000 ,  971.214 ,  972.214 ,   47.303 ,    2.866 ,    0.000 ,    1.887 ,       11 , 	)
 114 	 (   4 ,  826.000 , 1006.000 ,        0 ,  984.982 ,  984.982 ,    0.000 ,  984.982 ,  986.982 ,   49.722 ,    2.866 ,    0.000 ,    3.238 ,       12 , 	)
 139 	 (   3 ,  778.000 , 1018.000 ,        0 ,  991.138 ,  991.138 ,    0.000 ,  991.138 ,  992.138 ,   34.298 ,    2.866 ,    0.000 ,    2.954 ,       13 , 	)
 171 	 (   0 ,  772.000 , 1010.000 ,        0 ,  999.185 ,  999.185 ,    0.000 ,  999.185 , 1002.185 ,  104.134 ,    2.866 ,    0.000 ,    4.674 ,       14 , 	)
 191 	 (   0 ,    0.000 , 1440.000 ,        0 , 1014.201 , 1014.201 ,    0.000 , 1014.201 , 1014.201 ,    0.000 ,  425.799 ,    0.000 ,    0.000 ,       15 , 	)
