9
	VALUE ALL : ( Cost : 3275.416 , TRT : 2962.358 , TWT : 241.639 , TD : 4095.966 )
	VIOLATIONS TOTAL : ( VC :       0 , VTW :   0.000 , VTD :   0.000 , VTRT :   0.000 )
 	COUT_ALL : (   0.002 )  T2B:   49801

	18 sommets 
	values : ( Cost : 437.453 , TRT : 470.889 , TWT : 113.977 , TD : 436.214 )
	violations : ( VC :       0 , VTW :   0.000 , VTD :   0.000 , VTRT :   0.000 )
	cout global : (   0.000	 )
S(i)	 (   C ,     TW0 ,       TW1 ,       VTW ,       Min ,       A ,       W ,       B ,       D ,       L ,       F ,       E ,       Det ,       [Imp ,       Imp]	)
   0 	 (   0 ,    0.000 , 1440.000 ,        0 ,    0.000 ,  541.798 ,    0.000 ,  541.798 ,  541.798 ,    0.000 ,    0.000 ,  541.798 ,    0.000 ,        0 , 	)
  50 	 (   1 ,  480.000 ,  660.000 ,        0 ,   82.668 ,  624.465 ,    0.000 ,  624.465 ,  625.465 ,    0.000 ,    0.000 ,  144.465 ,   32.544 ,        1 , 	)
   4 	 (   2 ,  553.000 ,  652.044 ,        0 ,  507.579 ,  652.044 ,    0.000 ,  652.044 ,  653.044 ,    0.000 ,    0.000 ,   99.044 ,    5.782 ,        2 , 	)
  66 	 (   1 ,  616.000 ,  676.000 ,        0 ,  576.956 ,  676.000 ,    0.000 ,  676.000 ,  677.000 ,   22.956 ,    0.000 ,   60.000 ,   32.190 ,        3 , 	)
 112 	 (   0 ,  524.000 ,  760.000 ,        0 ,  638.561 ,  698.561 ,    0.000 ,  698.561 ,  699.561 ,   73.095 ,   25.905 ,   60.000 ,    5.698 ,        4 , 	)
  25 	 (   2 ,  726.000 ,  960.000 ,        0 ,  653.767 ,  713.767 ,   65.662 ,  779.429 ,  781.429 ,    0.000 ,    0.000 ,   53.429 ,   25.440 ,        5 , 	)
   7 	 (   5 ,  730.000 ,  957.565 ,        0 ,  742.180 ,  795.609 ,    0.000 ,  795.609 ,  798.609 ,    0.000 ,    0.000 ,   53.429 ,    0.184 ,        6 , 	)
  16 	 (   6 ,  720.000 ,  960.000 ,        0 ,  764.928 ,  818.356 ,    0.000 ,  818.356 ,  819.356 ,    0.000 ,    0.000 ,   53.429 ,    3.271 ,        7 , 	)
  87 	 (   4 ,  819.000 ,  999.000 ,        0 ,  773.159 ,  826.587 ,    0.000 ,  826.587 ,  828.587 ,   45.159 ,    0.000 ,    7.587 ,    3.689 ,        8 , 	)
  69 	 (   1 ,  809.000 ,  989.000 ,        0 ,  841.928 ,  849.515 ,    0.000 ,  849.515 ,  852.515 ,   50.906 ,    0.000 ,    7.587 ,    5.186 ,        9 , 	)
  38 	 (   3 ,  763.000 ,  863.101 ,        0 ,  855.514 ,  863.101 ,    0.000 ,  863.101 ,  865.101 ,    0.000 ,    0.000 ,    7.587 ,   -0.161 ,       10 , 	)
 100 	 (   1 ,  829.000 ,  889.000 ,        0 ,  881.413 ,  889.000 ,    0.000 ,  889.000 ,  891.000 ,   23.899 ,    0.000 ,    7.587 ,    8.135 ,       11 , 	)
   2 	 (   4 ,  720.000 ,  900.000 ,        0 ,  891.882 ,  899.469 ,    0.531 ,  900.000 ,  903.000 ,    0.000 ,    0.000 ,    8.118 ,    0.000 ,       12 , 	)
  78 	 (   3 ,  797.000 , 1037.000 ,        0 ,  894.882 ,  903.000 ,    0.000 ,  903.000 ,  904.000 ,   83.644 ,   19.356 ,    8.118 ,    0.000 ,       13 , 	)
  11 	 (   4 ,  960.000 , 1080.000 ,        0 ,  904.098 ,  912.216 ,   47.784 ,  960.000 ,  961.000 ,    0.000 ,   14.874 ,    0.000 ,    2.427 ,       14 , 	)
  64 	 (   1 ,  772.000 , 1010.000 ,        0 ,  995.126 ,  995.126 ,    0.000 ,  995.126 ,  998.126 ,   92.126 ,   14.874 ,    0.000 ,    8.048 ,       15 , 	)
  73 	 (   0 ,  994.381 , 1148.000 ,        0 , 1005.429 , 1005.429 ,    0.000 , 1005.429 , 1006.429 ,   44.429 ,   22.571 ,    0.000 ,    5.543 ,       16 , 	)
 125 	 (   0 ,    0.000 , 1440.000 ,        0 , 1012.686 , 1012.686 ,    0.000 , 1012.686 , 1012.686 ,    0.000 ,  427.314 ,    0.000 ,    0.000 ,       17 , 	)

	20 sommets 
	values : ( Cost : 497.878 , TRT : 408.344 , TWT :   0.000 , TD : 780.520 )
	violations : ( VC :       0 , VTW :   0.000 , VTD :   0.000 , VTRT :   0.000 )
	cout global : (   0.000	 )
S(i)	 (   C ,     TW0 ,       TW1 ,       VTW ,       Min ,       A ,       W ,       B ,       D ,       L ,       F ,       E ,       Det ,       [Imp ,       Imp]	)
   0 	 (   0 ,    0.000 , 1440.000 ,        0 ,    0.000 ,  181.468 ,    0.000 ,  181.468 ,  181.468 ,    0.000 ,   14.592 ,  181.468 ,    0.000 ,        0 , 	)
  45 	 (   4 ,  240.000 ,  480.000 ,        0 ,   59.902 ,  241.370 ,    0.000 ,  241.370 ,  245.370 ,    0.000 ,   14.592 ,    1.370 ,  -22.275 ,        1 , 	)
  10 	 (   6 ,  240.000 ,  480.000 ,        0 ,  260.400 ,  261.770 ,    0.000 ,  261.770 ,  263.770 ,    0.000 ,   14.592 ,    1.370 ,   19.362 ,        2 , 	)
  54 	 (   7 ,  251.000 ,  476.683 ,        0 ,  287.890 ,  289.260 ,    0.000 ,  289.260 ,  290.260 ,    0.000 ,   14.592 ,    1.370 ,    8.140 ,        3 , 	)
   6 	 (   8 ,  240.000 ,  480.000 ,        0 ,  295.547 ,  296.917 ,    0.000 ,  296.917 ,  297.917 ,    0.000 ,   14.592 ,    1.370 ,    1.533 ,        4 , 	)
 107 	 (   4 ,  322.000 ,  562.000 ,        0 ,  320.630 ,  322.000 ,    0.000 ,  322.000 ,  326.000 ,   76.630 ,   14.592 ,    0.000 ,    7.194 ,        5 , 	)
 116 	 (   3 ,  325.000 ,  505.000 ,        0 ,  331.303 ,  331.303 ,    0.000 ,  331.303 ,  332.303 ,   41.043 ,   14.592 ,    0.000 ,    3.303 ,        6 , 	)
  31 	 (   5 ,  240.000 ,  420.000 ,        0 ,  354.977 ,  354.977 ,    0.000 ,  354.977 ,  356.977 ,    0.000 ,   14.592 ,    0.000 ,    7.934 ,        7 , 	)
  72 	 (   3 ,  342.000 ,  582.000 ,        0 ,  365.079 ,  365.079 ,    0.000 ,  365.079 ,  367.079 ,  101.309 ,   14.592 ,    0.000 ,    1.253 ,        8 , 	)
  36 	 (   4 ,  241.000 ,  480.000 ,        0 ,  401.632 ,  401.632 ,    0.000 ,  401.632 ,  402.632 ,    0.000 ,   14.592 ,    0.000 ,    2.833 ,        9 , 	)
  13 	 (   6 ,  360.000 ,  480.000 ,        0 ,  409.750 ,  409.750 ,    0.000 ,  409.750 ,  411.750 ,    0.000 ,   14.592 ,    0.000 ,    8.442 ,       10 , 	)
  93 	 (   4 ,  346.000 ,  526.000 ,        0 ,  427.499 ,  427.499 ,    0.000 ,  427.499 ,  429.499 ,   70.522 ,    6.244 ,    0.000 ,    2.305 ,       11 , 	)
  24 	 (   5 ,  240.000 ,  480.000 ,        0 ,  446.709 ,  446.709 ,    0.000 ,  446.709 ,  447.709 ,    0.000 ,    6.244 ,    0.000 ,    4.511 ,       12 , 	)
  98 	 (   4 ,  353.000 ,  533.000 ,        0 ,  464.408 ,  464.408 ,    0.000 ,  464.408 ,  465.408 ,   61.776 ,    6.244 ,    0.000 ,    0.000 ,       13 , 	)
  30 	 (   7 ,  240.000 ,  480.000 ,        0 ,  465.408 ,  465.408 ,    0.000 ,  465.408 ,  468.408 ,    0.000 ,    6.244 ,    0.000 ,    0.000 ,       14 , 	)
  86 	 (   6 ,  289.000 ,  529.000 ,        0 ,  478.264 ,  478.264 ,    0.000 ,  478.264 ,  479.264 ,   30.555 ,    6.244 ,    0.000 ,    1.462 ,       15 , 	)
  68 	 (   5 ,  431.000 ,  611.000 ,        0 ,  482.395 ,  482.395 ,    0.000 ,  482.395 ,  483.395 ,  184.478 ,    6.244 ,    0.000 ,    0.768 ,       16 , 	)
  92 	 (   2 ,  334.000 ,  574.000 ,        0 ,  529.859 ,  529.859 ,    0.000 ,  529.859 ,  532.859 ,   61.451 ,    6.244 ,    0.000 ,    7.244 ,       17 , 	)
  75 	 (   0 ,  437.000 ,  617.000 ,        0 ,  564.506 ,  564.506 ,    0.000 ,  564.506 ,  566.506 ,  152.756 ,    6.244 ,    0.000 ,   11.029 ,       18 , 	)
 125 	 (   0 ,    0.000 , 1440.000 ,        0 ,  589.812 ,  589.812 ,    0.000 ,  589.812 ,  589.812 ,    0.000 ,  850.188 ,    0.000 ,    0.000 ,       19 , 	)

	22 sommets 
	values : ( Cost : 503.700 , TRT : 458.635 , TWT :  43.914 , TD : 732.123 )
	violations : ( VC :       0 , VTW :   0.000 , VTD :   0.000 , VTRT :   0.000 )
	cout global : (   0.000	 )
S(i)	 (   C ,     TW0 ,       TW1 ,       VTW ,       Min ,       A ,       W ,       B ,       D ,       L ,       F ,       E ,       Det ,       [Imp ,       Imp]	)
   0 	 (   0 ,    0.000 , 1440.000 ,        0 ,    0.000 ,  529.398 ,    0.000 ,  529.398 ,  529.398 ,    0.000 ,    0.000 ,  529.398 ,    0.000 ,        0 , 	)
  58 	 (   1 ,  480.000 ,  540.000 ,        0 ,   10.602 ,  540.000 ,    0.000 ,  540.000 ,  541.000 ,    0.000 ,    0.000 ,   60.000 ,   19.777 ,        1 , 	)
  28 	 (   4 ,  480.000 ,  660.000 ,        0 ,  503.865 ,  563.865 ,   11.218 ,  575.083 ,  578.083 ,    0.000 ,    0.000 ,   71.218 ,    7.136 ,        2 , 	)
  34 	 (   5 ,  480.000 ,  600.000 ,        0 ,  528.782 ,  600.000 ,    0.000 ,  600.000 ,  601.000 ,    0.000 ,    0.000 ,   71.218 ,    6.365 ,        3 , 	)
  90 	 (   2 ,  549.000 ,  729.000 ,        0 ,  547.353 ,  618.571 ,    0.000 ,  618.571 ,  621.571 ,   40.489 ,   27.200 ,   69.571 ,    6.813 ,        4 , 	)
  15 	 (   5 ,  480.000 ,  720.000 ,        0 ,  566.645 ,  636.217 ,   27.200 ,  663.417 ,  666.417 ,    0.000 ,    0.000 ,   96.771 ,    0.000 ,        5 , 	)
 120 	 (   4 ,  539.495 ,  697.000 ,        0 ,  569.645 ,  666.417 ,    0.000 ,  666.417 ,  667.417 ,  125.417 ,    0.000 ,   96.771 ,    0.000 ,        6 , 	)
  96 	 (   3 ,  518.235 ,  701.000 ,        0 ,  604.229 ,  701.000 ,    0.000 ,  701.000 ,  702.000 ,  100.000 ,    0.000 ,   96.771 ,    6.032 ,        7 , 	)
  77 	 (   0 ,  600.000 ,  840.000 ,        0 ,  613.185 ,  709.956 ,    0.000 ,  709.956 ,  712.956 ,   43.540 ,   52.389 ,   96.771 ,    9.374 ,        8 , 	)
  37 	 (   1 ,  720.000 ,  900.000 ,        0 ,  643.898 ,  740.669 ,    5.495 ,  746.165 ,  747.165 ,    0.000 ,   46.894 ,   26.165 ,    8.086 ,        9 , 	)
  53 	 (   2 ,  727.000 ,  960.000 ,        0 ,  735.393 ,  761.558 ,    0.000 ,  761.558 ,  762.558 ,    0.000 ,    1.276 ,   26.165 ,    6.821 ,       10 , 	)
  46 	 (   5 ,  720.000 ,  960.000 ,        0 ,  753.749 ,  779.914 ,    0.000 ,  779.914 ,  782.914 ,    0.000 ,    1.276 ,   26.165 ,   16.966 ,       11 , 	)
 115 	 (   4 ,  815.000 ,  995.000 ,        0 ,  788.835 ,  815.000 ,    0.000 ,  815.000 ,  816.000 ,   52.442 ,    1.276 ,    0.000 ,   -9.140 ,       12 , 	)
  99 	 (   3 ,  755.000 ,  988.000 ,        0 ,  832.889 ,  832.889 ,    0.000 ,  832.889 ,  833.889 ,   85.724 ,    1.276 ,    0.000 ,    2.743 ,       13 , 	)
  56 	 (   5 ,  720.000 ,  960.000 ,        0 ,  841.162 ,  841.162 ,    0.000 ,  841.162 ,  843.162 ,    0.000 ,   46.894 ,    0.000 ,    0.561 ,       14 , 	)
  41 	 (   6 ,  780.000 ,  900.000 ,        0 ,  853.106 ,  853.106 ,    0.000 ,  853.106 ,  854.106 ,    0.000 ,   46.894 ,    0.000 ,    2.537 ,       15 , 	)
 103 	 (   5 ,  792.042 ,  931.000 ,        0 ,  865.148 ,  865.148 ,    0.000 ,  865.148 ,  866.148 ,   11.042 ,   18.958 ,    0.000 ,    0.105 ,       16 , 	)
  55 	 (   7 ,  720.000 ,  960.000 ,        0 ,  876.418 ,  876.418 ,    0.000 ,  876.418 ,  878.418 ,    0.000 ,   66.224 ,    0.000 ,    1.614 ,       17 , 	)
 118 	 (   5 ,  848.000 , 1028.000 ,        0 ,  906.938 ,  906.938 ,    0.000 ,  906.938 ,  908.938 ,   63.776 ,   62.477 ,    0.000 ,    4.321 ,       18 , 	)
 117 	 (   3 ,  803.000 , 1043.000 ,        0 ,  925.941 ,  925.941 ,    0.000 ,  925.941 ,  927.941 ,   47.523 ,   62.477 ,    0.000 ,   17.578 ,       19 , 	)
 108 	 (   0 ,  901.000 , 1081.000 ,        0 ,  945.085 ,  945.085 ,    0.000 ,  945.085 ,  948.085 ,  162.171 ,   75.829 ,    0.000 ,    2.623 ,       20 , 	)
 125 	 (   0 ,    0.000 , 1440.000 ,        0 ,  988.034 ,  988.034 ,    0.000 ,  988.034 ,  988.034 ,    0.000 ,  451.966 ,    0.000 ,    0.000 ,       21 , 	)

	8 sommets 
	values : ( Cost : 193.206 , TRT : 158.553 , TWT :   3.285 , TD : 152.174 )
	violations : ( VC :       0 , VTW :   0.000 , VTD :   0.000 , VTRT :   0.000 )
	cout global : (   0.000	 )
S(i)	 (   C ,     TW0 ,       TW1 ,       VTW ,       Min ,       A ,       W ,       B ,       D ,       L ,       F ,       E ,       Det ,       [Imp ,       Imp]	)
   0 	 (   0 ,    0.000 , 1440.000 ,        0 ,    0.000 ,  232.550 ,    0.000 ,  232.550 ,  232.550 ,    0.000 ,    0.000 ,  232.550 ,    0.000 ,        0 , 	)
  39 	 (   1 ,  240.000 ,  480.000 ,        0 ,   39.949 ,  272.498 ,    0.000 ,  272.498 ,  273.498 ,    0.000 ,    0.000 ,   32.498 ,   22.527 ,        1 , 	)
  35 	 (   2 ,  240.000 ,  300.000 ,        0 ,  267.502 ,  300.000 ,    0.000 ,  300.000 ,  301.000 ,    0.000 ,    0.000 ,   32.498 ,   -2.224 ,        2 , 	)
 101 	 (   1 ,  311.000 ,  551.000 ,        0 ,  275.217 ,  307.715 ,    3.285 ,  311.000 ,  312.000 ,   37.502 ,   57.068 ,    0.000 ,    4.809 ,        3 , 	)
  18 	 (   4 ,  240.000 ,  420.000 ,        0 ,  322.856 ,  322.856 ,    0.000 ,  322.856 ,  325.856 ,    0.000 ,   57.068 ,    0.000 ,    9.198 ,        4 , 	)
  97 	 (   3 ,  301.000 ,  421.000 ,        0 ,  363.932 ,  363.932 ,    0.000 ,  363.932 ,  364.932 ,   62.932 ,   56.259 ,    0.000 ,   10.298 ,        5 , 	)
  80 	 (   0 ,  323.000 ,  503.000 ,        0 ,  377.596 ,  377.596 ,    0.000 ,  377.596 ,  380.596 ,   51.741 ,   56.259 ,    0.000 ,   13.986 ,        6 , 	)
 125 	 (   0 ,    0.000 , 1440.000 ,        0 ,  391.102 ,  391.102 ,    0.000 ,  391.102 ,  391.102 ,    0.000 , 1048.898 ,    0.000 ,    0.000 ,        7 , 	)

	16 sommets 
	values : ( Cost : 454.865 , TRT : 376.004 , TWT :   0.000 , TD : 396.194 )
	violations : ( VC :       0 , VTW :   0.000 , VTD :   0.000 , VTRT :   0.000 )
	cout global : (   0.000	 )
S(i)	 (   C ,     TW0 ,       TW1 ,       VTW ,       Min ,       A ,       W ,       B ,       D ,       L ,       F ,       E ,       Det ,       [Imp ,       Imp]	)
   0 	 (   0 ,    0.000 , 1440.000 ,        0 ,    0.000 ,  859.144 ,    0.000 ,  859.144 ,  859.144 ,    0.000 ,   34.789 ,  859.144 ,    0.000 ,        0 , 	)
  33 	 (   4 ,  720.000 ,  900.000 ,        0 ,    6.067 ,  865.211 ,    0.000 ,  865.211 ,  869.211 ,    0.000 ,   34.789 ,  145.211 ,    3.188 ,        1 , 	)
  12 	 (   8 ,  780.000 ,  960.000 ,        0 ,  728.197 ,  873.408 ,    0.000 ,  873.408 ,  877.408 ,    0.000 ,   39.125 ,   93.408 ,    1.717 ,        2 , 	)
  74 	 (   4 ,  852.000 , 1032.000 ,        0 ,  809.906 ,  903.314 ,    0.000 ,  903.314 ,  907.314 ,   25.906 ,   39.125 ,   51.314 ,    4.965 ,        3 , 	)
  62 	 (   5 ,  723.000 ,  960.000 ,        0 ,  869.562 ,  920.875 ,    0.000 ,  920.875 ,  921.875 ,    0.000 ,   39.125 ,   51.314 ,    0.801 ,        4 , 	)
  95 	 (   1 ,  786.000 , 1026.000 ,        0 ,  880.241 ,  931.555 ,    0.000 ,  931.555 ,  935.555 ,   62.344 ,   41.103 ,   51.314 ,    0.949 ,        5 , 	)
 124 	 (   0 ,  826.000 , 1006.000 ,        0 ,  913.583 ,  964.897 ,    0.000 ,  964.897 ,  965.897 ,   43.022 ,   41.103 ,   51.314 ,   26.889 ,        6 , 	)
  49 	 (   4 ,  960.000 , 1200.000 ,        0 ,  946.683 ,  997.997 ,    0.000 ,  997.997 , 1001.997 ,    0.000 ,   42.839 ,   37.997 ,   -1.701 ,        7 , 	)
  40 	 (   5 , 1020.000 , 1080.000 ,        0 ,  982.003 , 1020.000 ,    0.000 , 1020.000 , 1021.000 ,    0.000 ,   29.636 ,    0.000 ,   24.724 ,        8 , 	)
 102 	 (   4 , 1036.190 , 1122.000 ,        0 , 1036.190 , 1036.190 ,    0.000 , 1036.190 , 1037.190 ,   15.190 ,   25.810 ,   -0.000 ,    4.015 ,        9 , 	)
  48 	 (   5 ,  960.000 , 1200.000 ,        0 , 1066.366 , 1066.366 ,    0.000 , 1066.366 , 1067.366 ,    0.000 ,   29.636 ,   -0.000 ,   17.747 ,       10 , 	)
 111 	 (   1 , 1091.000 , 1271.000 ,        0 , 1103.361 , 1103.361 ,    0.000 , 1103.361 , 1107.361 ,  101.364 ,   29.636 ,   -0.000 ,   36.251 ,       11 , 	)
   9 	 (   3 ,  960.000 , 1200.000 ,        0 , 1157.161 , 1157.161 ,    0.000 , 1157.161 , 1159.161 ,    0.000 ,   31.127 ,   -0.000 ,   11.392 ,       12 , 	)
 110 	 (   2 , 1063.000 , 1303.000 ,        0 , 1173.239 , 1173.239 ,    0.000 , 1173.239 , 1174.239 ,  105.873 ,   11.505 ,   -0.000 ,   14.449 ,       13 , 	)
  71 	 (   0 , 1006.000 , 1246.000 ,        0 , 1201.656 , 1201.656 ,    0.000 , 1201.656 , 1203.656 ,   42.495 ,   11.505 ,   -0.000 ,    5.094 ,       14 , 	)
 125 	 (   0 ,    0.000 , 1440.000 ,        0 , 1235.147 , 1235.147 ,    0.000 , 1235.147 , 1235.147 ,    0.000 ,  204.853 ,   -0.000 ,    0.000 ,       15 , 	)

	18 sommets 
	values : ( Cost : 436.138 , TRT : 361.923 , TWT :   0.000 , TD : 555.478 )
	violations : ( VC :       0 , VTW :   0.000 , VTD :   0.000 , VTRT :   0.000 )
	cout global : (   0.000	 )
S(i)	 (   C ,     TW0 ,       TW1 ,       VTW ,       Min ,       A ,       W ,       B ,       D ,       L ,       F ,       E ,       Det ,       [Imp ,       Imp]	)
   0 	 (   0 ,    0.000 , 1440.000 ,        0 ,    0.000 ,  279.192 ,    0.000 ,  279.192 ,  279.192 ,    0.000 ,    4.759 ,  279.192 ,    0.000 ,        0 , 	)
  52 	 (   4 ,  240.000 ,  480.000 ,        0 ,   48.092 ,  327.284 ,    0.000 ,  327.284 ,  331.284 ,    0.000 ,    4.759 ,   87.284 ,    0.000 ,        1 , 	)
  42 	 (   7 ,  278.000 ,  451.284 ,        0 ,  244.000 ,  331.284 ,    0.000 ,  331.284 ,  334.284 ,    0.000 ,    4.759 ,   53.284 ,    0.000 ,        2 , 	)
 104 	 (   4 ,  366.000 ,  486.000 ,        0 ,  312.716 ,  366.000 ,    0.000 ,  366.000 ,  369.000 ,   31.716 ,    4.759 ,    0.000 ,    6.950 ,        3 , 	)
  43 	 (   6 ,  240.000 ,  480.000 ,        0 ,  375.433 ,  375.433 ,    0.000 ,  375.433 ,  377.433 ,    0.000 ,    4.759 ,    0.000 ,   11.684 ,        4 , 	)
 105 	 (   4 ,  310.000 ,  550.000 ,        0 ,  403.049 ,  403.049 ,    0.000 ,  403.049 ,  405.049 ,   25.616 ,    4.759 ,    0.000 ,   -2.029 ,        5 , 	)
  26 	 (   5 ,  300.000 ,  480.000 ,        0 ,  431.063 ,  431.063 ,    0.000 ,  431.063 ,  432.063 ,    0.000 ,    4.759 ,    0.000 ,   14.945 ,        6 , 	)
  23 	 (   6 ,  243.000 ,  480.000 ,        0 ,  443.035 ,  443.035 ,    0.000 ,  443.035 ,  444.035 ,    0.000 ,    4.759 ,    0.000 ,    0.111 ,        7 , 	)
 114 	 (   2 ,  377.000 ,  617.000 ,        0 ,  454.482 ,  454.482 ,    0.000 ,  454.482 ,  458.482 ,  123.198 ,    4.759 ,    0.000 ,    3.413 ,        8 , 	)
  17 	 (   6 ,  300.000 ,  480.000 ,        0 ,  475.241 ,  475.241 ,    0.000 ,  475.241 ,  479.241 ,    0.000 ,    4.759 ,    0.000 ,    2.028 ,        9 , 	)
  85 	 (   5 ,  346.000 ,  526.000 ,        0 ,  494.868 ,  494.868 ,    0.000 ,  494.868 ,  495.868 ,   50.834 ,   31.132 ,    0.000 ,   -0.392 ,       10 , 	)
  44 	 (   6 ,  480.000 ,  720.000 ,        0 ,  508.246 ,  508.246 ,    0.000 ,  508.246 ,  509.246 ,    0.000 ,   33.232 ,    0.000 ,   13.079 ,       11 , 	)
  88 	 (   5 ,  364.000 ,  604.000 ,        0 ,  523.763 ,  523.763 ,    0.000 ,  523.763 ,  524.763 ,   91.700 ,   14.025 ,    0.000 ,    7.943 ,       12 , 	)
  29 	 (   6 ,  480.000 ,  600.000 ,        0 ,  535.236 ,  535.236 ,    0.000 ,  535.236 ,  536.236 ,    0.000 ,   14.025 ,    0.000 ,    8.117 ,       13 , 	)
  79 	 (   2 ,  346.000 ,  586.000 ,        0 ,  552.768 ,  552.768 ,    0.000 ,  552.768 ,  556.768 ,   73.527 ,   14.025 ,    0.000 ,   -2.307 ,       14 , 	)
  91 	 (   1 ,  553.000 ,  733.000 ,        0 ,  589.149 ,  589.149 ,    0.000 ,  589.149 ,  590.149 ,   52.913 ,   14.025 ,    0.000 ,   -1.074 ,       15 , 	)
 106 	 (   0 ,  570.000 ,  810.000 ,        0 ,  615.221 ,  615.221 ,    0.000 ,  615.221 ,  616.221 ,  105.975 ,   14.025 ,    0.000 ,    4.497 ,       16 , 	)
 125 	 (   0 ,    0.000 , 1440.000 ,        0 ,  641.116 ,  641.116 ,    0.000 ,  641.116 ,  641.116 ,    0.000 ,  798.884 ,    0.000 ,    0.000 ,       17 , 	)

	14 sommets 
	values : ( Cost : 246.075 , TRT : 211.019 , TWT :   0.000 , TD : 357.255 )
	violations : ( VC :       0 , VTW :   0.000 , VTD :   0.000 , VTRT :   0.000 )
	cout global : (   0.000	 )
S(i)	 (   C ,     TW0 ,       TW1 ,       VTW ,       Min ,       A ,       W ,       B ,       D ,       L ,       F ,       E ,       Det ,       [Imp ,       Imp]	)
   0 	 (   0 ,    0.000 , 1440.000 ,        0 ,    0.000 ,  281.827 ,    0.000 ,  281.827 ,  281.827 ,    0.000 ,   27.000 ,  281.827 ,    0.000 ,        0 , 	)
   1 	 (   1 ,  240.000 ,  480.000 ,        0 ,   18.830 ,  300.657 ,    0.000 ,  300.657 ,  301.657 ,    0.000 ,   27.000 ,   60.657 ,    7.667 ,        1 , 	)
   8 	 (   2 ,  308.000 ,  480.000 ,        0 ,  256.250 ,  316.907 ,    0.000 ,  316.907 ,  317.907 ,    0.000 ,   27.000 ,    8.907 ,    8.586 ,        2 , 	)
  61 	 (   4 ,  240.000 ,  420.000 ,        0 ,  339.002 ,  347.908 ,    0.000 ,  347.908 ,  349.908 ,    0.000 ,    8.907 ,    8.907 ,    8.739 ,        3 , 	)
   3 	 (   8 ,  240.000 ,  480.000 ,        0 ,  362.047 ,  370.953 ,    0.000 ,  370.953 ,  374.953 ,    0.000 ,    3.414 ,    8.907 ,    0.000 ,        4 , 	)
  63 	 (   7 ,  356.000 ,  536.000 ,        0 ,  366.047 ,  374.953 ,    0.000 ,  374.953 ,  375.953 ,   73.296 ,    3.414 ,    8.907 ,    0.000 ,        5 , 	)
  70 	 (   6 ,  392.000 ,  512.000 ,        0 ,  383.093 ,  392.000 ,    0.000 ,  392.000 ,  393.000 ,   74.093 ,    3.414 ,    0.000 ,    0.000 ,        6 , 	)
   5 	 (   7 ,  240.000 ,  420.000 ,        0 ,  393.000 ,  393.000 ,    0.000 ,  393.000 ,  394.000 ,    0.000 ,    3.414 ,    0.000 ,    0.000 ,        7 , 	)
  65 	 (   3 ,  371.000 ,  551.000 ,        0 ,  427.495 ,  427.495 ,    0.000 ,  427.495 ,  431.495 ,   52.541 ,    3.414 ,    0.000 ,    0.000 ,        8 , 	)
 123 	 (   1 ,  275.000 ,  507.000 ,        0 ,  431.495 ,  431.495 ,    0.000 ,  431.495 ,  433.495 ,   81.586 ,    3.414 ,    0.000 ,    0.000 ,        9 , 	)
  67 	 (   0 ,  272.000 ,  504.000 ,        0 ,  442.960 ,  442.960 ,    0.000 ,  442.960 ,  443.960 ,   48.960 ,   27.998 ,    0.000 ,    1.821 ,       10 , 	)
  14 	 (   4 ,  300.000 ,  480.000 ,        0 ,  452.002 ,  452.002 ,    0.000 ,  452.002 ,  456.002 ,    0.000 ,   27.998 ,    0.000 ,   11.862 ,       11 , 	)
  76 	 (   0 ,  348.000 ,  528.000 ,        0 ,  482.779 ,  482.779 ,    0.000 ,  482.779 ,  486.779 ,   26.777 ,   27.223 ,    0.000 ,    4.214 ,       12 , 	)
 125 	 (   0 ,    0.000 , 1440.000 ,        0 ,  492.846 ,  492.846 ,    0.000 ,  492.846 ,  492.846 ,    0.000 ,  947.154 ,    0.000 ,    0.000 ,       13 , 	)

	18 sommets 
	values : ( Cost : 377.781 , TRT : 400.510 , TWT :  80.464 , TD : 588.767 )
	violations : ( VC :       0 , VTW :   0.000 , VTD :   0.000 , VTRT :   0.000 )
	cout global : (   0.000	 )
S(i)	 (   C ,     TW0 ,       TW1 ,       VTW ,       Min ,       A ,       W ,       B ,       D ,       L ,       F ,       E ,       Det ,       [Imp ,       Imp]	)
   0 	 (   0 ,    0.000 , 1440.000 ,        0 ,    0.000 ,  852.935 ,    0.000 ,  852.935 ,  852.935 ,    0.000 ,    0.000 ,  852.935 ,    0.000 ,        0 , 	)
  22 	 (   4 ,  720.000 ,  960.000 ,        0 ,   14.868 ,  867.803 ,    0.000 ,  867.803 ,  871.803 ,    0.000 ,    0.000 ,  147.803 ,   29.316 ,        1 , 	)
  51 	 (   5 ,  720.000 ,  900.000 ,        0 ,  752.197 ,  900.000 ,    0.000 ,  900.000 ,  901.000 ,    0.000 ,    0.000 ,  147.803 ,    4.322 ,        2 , 	)
 113 	 (   4 ,  790.000 ,  970.000 ,        0 ,  788.021 ,  935.824 ,    0.000 ,  935.824 ,  936.824 ,   34.824 ,    0.180 ,  145.824 ,   37.824 ,        3 , 	)
  32 	 (   5 ,  780.000 ,  960.000 ,        0 ,  813.974 ,  959.798 ,    0.180 ,  959.978 ,  960.978 ,    0.000 ,    0.000 ,  146.004 ,    2.853 ,        4 , 	)
  60 	 (   7 ,  960.000 , 1200.000 ,        0 ,  843.631 ,  989.635 ,    0.000 ,  989.635 ,  991.635 ,    0.000 ,    0.000 ,   29.635 ,   -0.821 ,        5 , 	)
  84 	 (   3 ,  826.000 , 1066.000 ,        0 ,  979.168 , 1008.803 ,    0.000 , 1008.803 , 1012.803 ,  137.000 ,    0.000 ,   29.635 ,    0.000 ,        6 , 	)
  94 	 (   2 ,  844.000 , 1084.000 ,        0 ,  983.168 , 1012.803 ,    0.000 , 1012.803 , 1013.803 ,   51.825 ,   69.491 ,   29.635 ,    0.000 ,        7 , 	)
  27 	 (   4 ,  960.000 , 1200.000 ,        0 ,  991.509 , 1021.144 ,   69.491 , 1090.635 , 1092.635 ,    0.000 ,    0.000 ,   99.126 ,    0.000 ,        8 , 	)
 122 	 (   2 , 1028.000 , 1268.000 ,        0 ,  993.509 , 1092.635 ,    0.000 , 1092.635 , 1094.635 ,  101.000 ,   -0.000 ,   64.635 ,    0.000 ,        9 , 	)
  57 	 (   6 ,  960.000 , 1140.000 ,        0 , 1038.768 , 1103.402 ,   10.793 , 1114.195 , 1118.195 ,    0.000 ,   22.104 ,   75.428 ,    2.919 ,       10 , 	)
  20 	 (   7 , 1140.000 , 1200.000 ,        0 , 1064.572 , 1140.000 ,    0.000 , 1140.000 , 1141.000 ,    0.000 ,   22.104 ,    0.000 ,    0.000 ,       11 , 	)
  89 	 (   5 , 1083.000 , 1263.000 ,        0 , 1141.000 , 1141.000 ,    0.000 , 1141.000 , 1143.000 ,   48.365 ,   22.104 ,    0.000 ,    0.000 ,       12 , 	)
  59 	 (   8 ,  960.000 , 1200.000 ,        0 , 1177.896 , 1177.896 ,    0.000 , 1177.896 , 1180.896 ,    0.000 ,   22.104 ,    0.000 ,    9.211 ,       13 , 	)
  82 	 (   7 , 1185.877 , 1321.000 ,        0 , 1200.088 , 1200.088 ,    0.000 , 1200.088 , 1201.088 ,   59.088 ,   49.613 ,    0.000 ,    0.159 ,       14 , 	)
 119 	 (   3 , 1082.000 , 1262.000 ,        0 , 1212.387 , 1212.387 ,    0.000 , 1212.387 , 1216.387 ,   94.192 ,   49.613 ,    0.000 ,   10.099 ,       15 , 	)
 121 	 (   0 , 1053.000 , 1293.000 ,        0 , 1243.369 , 1243.369 ,    0.000 , 1243.369 , 1246.369 ,   62.473 ,   49.631 ,   -0.000 ,    5.428 ,       16 , 	)
 125 	 (   0 ,    0.000 , 1440.000 ,        0 , 1253.445 , 1253.445 ,    0.000 , 1253.445 , 1253.445 ,    0.000 ,  186.555 ,   -0.000 ,    0.000 ,       17 , 	)

	8 sommets 
	values : ( Cost : 128.320 , TRT : 116.481 , TWT :   0.000 , TD :  97.241 )
	violations : ( VC :       0 , VTW :   0.000 , VTD :   0.000 , VTRT :   0.000 )
	cout global : (   0.000	 )
S(i)	 (   C ,     TW0 ,       TW1 ,       VTW ,       Min ,       A ,       W ,       B ,       D ,       L ,       F ,       E ,       Det ,       [Imp ,       Imp]	)
   0 	 (   0 ,    0.000 , 1440.000 ,        0 ,    0.000 ,  270.540 ,    0.000 ,  270.540 ,  270.540 ,    0.000 ,   72.354 ,  270.540 ,    0.000 ,        0 , 	)
  47 	 (   4 ,  240.000 ,  420.000 ,        0 ,   10.602 ,  281.141 ,    0.000 ,  281.141 ,  285.141 ,    0.000 ,   72.354 ,   41.141 ,   17.754 ,        1 , 	)
 109 	 (   0 ,  327.000 ,  507.000 ,        0 ,  285.859 ,  327.000 ,    0.000 ,  327.000 ,  331.000 ,   41.859 ,   70.141 ,    0.000 ,    0.000 ,        2 , 	)
  19 	 (   4 ,  253.000 ,  473.229 ,        0 ,  331.000 ,  331.000 ,    0.000 ,  331.000 ,  335.000 ,    0.000 ,   72.354 ,    0.000 ,    0.000 ,        3 , 	)
  21 	 (   6 ,  240.000 ,  420.000 ,        0 ,  347.646 ,  347.646 ,    0.000 ,  347.646 ,  349.646 ,    0.000 ,   37.926 ,    0.000 ,    0.302 ,        4 , 	)
  81 	 (   2 ,  321.000 ,  501.000 ,        0 ,  361.074 ,  361.074 ,    0.000 ,  361.074 ,  365.074 ,   26.074 ,   37.926 ,    0.000 ,   -1.469 ,        5 , 	)
  83 	 (   0 ,  295.000 ,  475.000 ,        0 ,  378.954 ,  378.954 ,    0.000 ,  378.954 ,  380.954 ,   29.308 ,   42.692 ,    0.000 ,    2.960 ,        6 , 	)
 125 	 (   0 ,    0.000 , 1440.000 ,        0 ,  387.021 ,  387.021 ,    0.000 ,  387.021 ,  387.021 ,    0.000 , 1052.979 ,    0.000 ,    0.000 ,        7 , 	)
