11
	VALUE ALL : ( Cost : 4643.646 , TRT : 4029.619 , TWT : 178.156 , TD : 5721.757 )
	VIOLATIONS TOTAL : ( VC :       0 , VTW :   0.000 , VTD :   0.000 , VTRT :   0.000 )
 	COUT_ALL : (   0.003 )  T2B:   14401

	16 sommets 
	values : ( Cost : 398.346 , TRT : 393.252 , TWT :  59.744 , TD : 565.599 )
	violations : ( VC :       0 , VTW :   0.000 , VTD :   0.000 , VTRT :   0.000 )
	cout global : (   0.000	 )
S(i)	 (   C ,     TW0 ,       TW1 ,       VTW ,       Min ,       A ,       W ,       B ,       D ,       L ,       F ,       E ,       Det ,       [Imp ,       Imp]	)
   0 	 (   0 ,    0.000 , 1440.000 ,        0 ,    0.000 ,  304.514 ,    0.000 ,  304.514 ,  304.514 ,    0.000 ,    0.000 ,  304.514 ,    0.000 ,        0 , 	)
  21 	 (   3 ,  240.000 ,  480.000 ,        0 ,   25.905 ,  330.419 ,    0.000 ,  330.419 ,  333.419 ,    0.000 ,    0.000 ,   90.419 ,   17.832 ,        1 , 	)
  51 	 (   7 ,  300.000 ,  480.000 ,        0 ,  255.022 ,  345.441 ,    0.000 ,  345.441 ,  349.441 ,    0.000 ,    0.000 ,   45.441 ,    6.139 ,        2 , 	)
  53 	 (   8 ,  246.000 ,  420.000 ,        0 ,  332.477 ,  377.918 ,    0.000 ,  377.918 ,  378.918 ,    0.000 ,    0.000 ,   45.441 ,   23.908 ,        3 , 	)
 102 	 (   5 ,  392.000 ,  572.000 ,        0 ,  383.016 ,  428.456 ,    0.000 ,  428.456 ,  431.456 ,   95.038 ,    0.000 ,   36.456 ,    0.000 ,        4 , 	)
 132 	 (   1 ,  417.000 ,  657.000 ,        0 ,  395.000 ,  431.456 ,    0.000 ,  431.456 ,  435.456 ,   82.016 ,    0.000 ,   14.456 ,    0.000 ,        5 , 	)
  46 	 (   2 ,  240.000 ,  480.000 ,        0 ,  439.071 ,  453.527 ,    0.000 ,  453.527 ,  454.527 ,    0.000 ,    0.000 ,   14.456 ,    1.383 ,        6 , 	)
 134 	 (   1 ,  457.000 ,  517.000 ,        0 ,  448.788 ,  463.244 ,    0.000 ,  463.244 ,  464.244 ,   84.326 ,    0.000 ,    6.244 ,    5.211 ,        7 , 	)
  23 	 (   2 ,  240.000 ,  480.000 ,        0 ,  473.756 ,  480.000 ,    0.000 ,  480.000 ,  481.000 ,    0.000 ,    0.000 ,    6.244 ,   18.596 ,        8 , 	)
  34 	 (   6 ,  480.000 ,  660.000 ,        0 ,  488.878 ,  495.123 ,   14.010 ,  509.132 ,  513.132 ,    0.000 ,    0.000 ,   20.254 ,    0.840 ,        9 , 	)
 104 	 (   5 ,  333.000 ,  573.000 ,        0 ,  525.905 ,  546.159 ,    0.000 ,  546.159 ,  547.159 ,   65.159 ,    0.000 ,   20.254 ,   11.783 ,       10 , 	)
 127 	 (   4 ,  341.000 ,  581.000 ,        0 ,  556.273 ,  576.527 ,    0.000 ,  576.527 ,  577.527 ,  122.000 ,    0.000 ,   20.254 ,   -0.190 ,       11 , 	)
 115 	 (   0 ,  583.000 ,  823.000 ,        0 ,  566.728 ,  586.982 ,    0.000 ,  586.982 ,  590.982 ,   73.850 ,   99.150 ,    3.982 ,    2.999 ,       12 , 	)
  30 	 (   3 ,  511.000 ,  700.789 ,        0 ,  591.074 ,  595.056 ,   45.734 ,  640.789 ,  643.789 ,    0.000 ,   60.000 ,   49.716 ,    4.454 ,       13 , 	)
 111 	 (   0 ,  687.000 ,  747.000 ,        0 ,  637.284 ,  687.000 ,    0.000 ,  687.000 ,  690.000 ,   43.211 ,   60.000 ,    0.000 ,    5.936 ,       14 , 	)
 163 	 (   0 ,    0.000 , 1440.000 ,        0 ,  697.765 ,  697.765 ,    0.000 ,  697.765 ,  697.765 ,    0.000 ,  742.235 ,    0.000 ,    0.000 ,       15 , 	)

	16 sommets 
	values : ( Cost : 501.322 , TRT : 438.469 , TWT :  31.535 , TD : 680.464 )
	violations : ( VC :       0 , VTW :   0.000 , VTD :   0.000 , VTRT :   0.000 )
	cout global : (   0.000	 )
S(i)	 (   C ,     TW0 ,       TW1 ,       VTW ,       Min ,       A ,       W ,       B ,       D ,       L ,       F ,       E ,       Det ,       [Imp ,       Imp]	)
   0 	 (   0 ,    0.000 , 1440.000 ,        0 ,    0.000 ,  747.166 ,    0.000 ,  747.166 ,  747.166 ,    0.000 ,    0.000 ,  747.166 ,    0.000 ,        0 , 	)
   1 	 (   2 ,  720.000 ,  960.000 ,        0 ,   35.077 ,  782.244 ,    0.000 ,  782.244 ,  784.244 ,    0.000 ,    0.000 ,   62.244 ,   10.626 ,        1 , 	)
  67 	 (   6 ,  720.000 ,  960.000 ,        0 ,  734.565 ,  796.809 ,    0.000 ,  796.809 ,  800.809 ,    0.000 ,    0.000 ,   62.244 ,    5.729 ,        2 , 	)
  11 	 (   7 ,  720.000 ,  900.000 ,        0 ,  744.461 ,  806.705 ,    0.000 ,  806.705 ,  807.705 ,    0.000 ,    0.000 ,   62.244 ,    1.212 ,        3 , 	)
  69 	 (   8 ,  840.000 ,  960.000 ,        0 ,  799.937 ,  862.180 ,    0.000 ,  862.180 ,  863.180 ,    0.000 ,    0.000 ,   22.180 ,    6.340 ,        4 , 	)
  82 	 (   6 ,  836.000 , 1076.000 ,        0 ,  846.186 ,  868.367 ,    0.000 ,  868.367 ,  870.367 ,   84.123 ,    0.000 ,   22.180 ,    1.431 ,        5 , 	)
  43 	 (   7 ,  720.000 ,  960.000 ,        0 ,  862.538 ,  884.719 ,    0.000 ,  884.719 ,  885.719 ,    0.000 ,    0.000 ,   22.180 ,    1.143 ,        6 , 	)
 150 	 (   6 ,  864.473 , 1024.000 ,        0 ,  870.047 ,  892.227 ,    0.000 ,  892.227 ,  893.227 ,   29.047 ,    0.000 ,   22.180 ,    1.872 ,        7 , 	)
  92 	 (   5 ,  889.000 , 1129.000 ,        0 ,  889.457 ,  911.638 ,    0.000 ,  911.638 ,  912.638 ,  103.933 ,    0.000 ,   22.180 ,   13.927 ,        8 , 	)
 124 	 (   4 ,  781.000 , 1021.000 ,        0 ,  915.069 ,  937.250 ,    0.000 ,  937.250 ,  938.250 ,   51.531 ,    0.000 ,   22.180 ,   30.798 ,        9 , 	)
  16 	 (   8 ,  780.000 ,  960.000 ,        0 ,  937.820 ,  960.000 ,    0.000 ,  960.000 ,  964.000 ,    0.000 ,    0.000 ,   22.180 ,   16.843 ,       10 , 	)
 148 	 (   4 ,  928.000 , 1108.000 ,        0 , 1012.804 , 1034.984 ,    0.000 , 1034.984 , 1038.984 ,  234.175 ,   45.825 ,   22.180 ,   -1.222 ,       11 , 	)
  60 	 (   6 , 1080.000 , 1140.000 ,        0 , 1026.284 , 1048.465 ,   31.535 , 1080.000 , 1082.000 ,    0.000 ,   58.054 ,    0.000 ,   12.475 ,       12 , 	)
 141 	 (   4 , 1099.709 , 1213.000 ,        0 , 1099.709 , 1099.709 ,    0.000 , 1099.709 , 1101.709 ,   17.709 ,   53.291 ,    0.000 ,   10.287 ,       13 , 	)
  97 	 (   0 ,  942.000 , 1182.000 ,        0 , 1123.946 , 1123.946 ,    0.000 , 1123.946 , 1127.946 ,  159.946 ,   58.054 ,    0.000 ,    4.487 ,       14 , 	)
 163 	 (   0 ,    0.000 , 1440.000 ,        0 , 1185.635 , 1185.635 ,    0.000 , 1185.635 , 1185.635 ,    0.000 ,  254.365 ,    0.000 ,    0.000 ,       15 , 	)

	16 sommets 
	values : ( Cost : 420.651 , TRT : 346.279 , TWT :   0.000 , TD : 443.514 )
	violations : ( VC :       0 , VTW :   0.000 , VTD :   0.000 , VTRT :   0.000 )
	cout global : (   0.000	 )
S(i)	 (   C ,     TW0 ,       TW1 ,       VTW ,       Min ,       A ,       W ,       B ,       D ,       L ,       F ,       E ,       Det ,       [Imp ,       Imp]	)
   0 	 (   0 ,    0.000 , 1440.000 ,        0 ,    0.000 ,  175.670 ,    0.000 ,  175.670 ,  175.670 ,    0.000 ,    8.596 ,  175.670 ,    0.000 ,        0 , 	)
  32 	 (   1 ,  240.000 ,  420.000 ,        0 ,   64.330 ,  240.000 ,    0.000 ,  240.000 ,  241.000 ,    0.000 ,    8.596 ,    0.000 ,   21.554 ,        1 , 	)
  55 	 (   5 ,  240.000 ,  420.000 ,        0 ,  280.357 ,  280.357 ,    0.000 ,  280.357 ,  284.357 ,    0.000 ,    8.596 ,    0.000 ,   21.311 ,        2 , 	)
 113 	 (   4 ,  278.000 ,  512.000 ,        0 ,  300.414 ,  300.414 ,    0.000 ,  300.414 ,  301.414 ,   59.414 ,    8.596 ,    0.000 ,    0.000 ,        3 , 	)
  57 	 (   5 ,  240.000 ,  480.000 ,        0 ,  301.414 ,  301.414 ,    0.000 ,  301.414 ,  302.414 ,    0.000 ,    8.596 ,    0.000 ,    0.000 ,        4 , 	)
  25 	 (   8 ,  300.000 ,  480.000 ,        0 ,  321.341 ,  321.341 ,    0.000 ,  321.341 ,  324.341 ,    0.000 ,    8.596 ,    0.000 ,    0.628 ,        5 , 	)
 138 	 (   7 ,  297.000 ,  537.000 ,        0 ,  340.146 ,  340.146 ,    0.000 ,  340.146 ,  341.146 ,   37.732 ,    8.596 ,    0.000 ,   11.811 ,        6 , 	)
 136 	 (   3 ,  302.000 ,  542.000 ,        0 ,  352.343 ,  352.343 ,    0.000 ,  352.343 ,  356.343 ,   67.986 ,    8.596 ,    0.000 ,    9.892 ,        7 , 	)
  81 	 (   7 ,  300.000 ,  420.000 ,        0 ,  368.750 ,  368.750 ,    0.000 ,  368.750 ,  372.750 ,    0.000 ,    8.596 ,    0.000 ,   18.171 ,        8 , 	)
 106 	 (   4 ,  347.000 ,  583.000 ,        0 ,  407.426 ,  407.426 ,    0.000 ,  407.426 ,  410.426 ,   83.086 ,    8.596 ,    0.000 ,    3.873 ,        9 , 	)
  56 	 (   5 ,  276.000 ,  453.036 ,        0 ,  430.524 ,  430.524 ,    0.000 ,  430.524 ,  431.524 ,    0.000 ,    8.596 ,    0.000 ,    9.671 ,       10 , 	)
  52 	 (   6 ,  240.000 ,  480.000 ,        0 ,  441.317 ,  441.317 ,    0.000 ,  441.317 ,  442.317 ,    0.000 ,    8.596 ,    0.000 ,    6.277 ,       11 , 	)
 162 	 (   2 ,  405.000 ,  645.000 ,        0 ,  461.847 ,  461.847 ,    0.000 ,  461.847 ,  465.847 ,   89.097 ,    8.596 ,    0.000 ,   -5.112 ,       12 , 	)
 137 	 (   1 ,  368.000 ,  488.000 ,        0 ,  479.404 ,  479.404 ,    0.000 ,  479.404 ,  480.404 ,   47.880 ,    8.596 ,    0.000 ,    7.323 ,       13 , 	)
 133 	 (   0 ,  306.000 ,  546.000 ,        0 ,  500.636 ,  500.636 ,    0.000 ,  500.636 ,  501.636 ,   58.320 ,   29.680 ,    0.000 ,   38.267 ,       14 , 	)
 163 	 (   0 ,    0.000 , 1440.000 ,        0 ,  521.949 ,  521.949 ,    0.000 ,  521.949 ,  521.949 ,    0.000 ,  918.051 ,    0.000 ,    0.000 ,       15 , 	)

	14 sommets 
	values : ( Cost : 358.460 , TRT : 301.519 , TWT :   0.000 , TD : 401.753 )
	violations : ( VC :       0 , VTW :   0.000 , VTD :   0.000 , VTRT :   0.000 )
	cout global : (   0.000	 )
S(i)	 (   C ,     TW0 ,       TW1 ,       VTW ,       Min ,       A ,       W ,       B ,       D ,       L ,       F ,       E ,       Det ,       [Imp ,       Imp]	)
   0 	 (   0 ,    0.000 , 1440.000 ,        0 ,    0.000 ,  221.596 ,    0.000 ,  221.596 ,  221.596 ,    0.000 ,   21.257 ,  221.596 ,    0.000 ,        0 , 	)
   5 	 (   4 ,  240.000 ,  480.000 ,        0 ,   43.126 ,  264.722 ,    0.000 ,  264.722 ,  268.722 ,    0.000 ,   21.257 ,   24.722 ,    4.773 ,        1 , 	)
  86 	 (   0 ,  260.000 ,  500.000 ,        0 ,  254.050 ,  278.772 ,    0.000 ,  278.772 ,  282.772 ,   10.050 ,   10.950 ,   18.772 ,    2.022 ,        2 , 	)
  39 	 (   1 ,  240.000 ,  480.000 ,        0 ,  271.694 ,  290.466 ,    0.000 ,  290.466 ,  291.466 ,    0.000 ,   21.257 ,   18.772 ,    8.692 ,        3 , 	)
  37 	 (   3 ,  300.000 ,  480.000 ,        0 ,  302.170 ,  320.942 ,    0.000 ,  320.942 ,  322.942 ,    0.000 ,   21.257 ,   18.772 ,   26.599 ,        4 , 	)
  40 	 (   7 ,  240.000 ,  480.000 ,        0 ,  339.786 ,  358.559 ,    0.000 ,  358.559 ,  362.559 ,    0.000 ,   21.257 ,   18.772 ,    0.964 ,        5 , 	)
 120 	 (   6 ,  376.000 ,  616.000 ,        0 ,  357.228 ,  376.000 ,    0.000 ,  376.000 ,  377.000 ,   84.534 ,   21.257 ,    0.000 ,    4.985 ,        6 , 	)
   7 	 (   7 ,  280.000 ,  447.511 ,        0 ,  391.839 ,  391.839 ,    0.000 ,  391.839 ,  392.839 ,    0.000 ,   21.257 ,    0.000 ,   10.844 ,        7 , 	)
 118 	 (   5 ,  403.000 ,  643.000 ,        0 ,  411.448 ,  411.448 ,    0.000 ,  411.448 ,  413.448 ,   88.506 ,   21.257 ,    0.000 ,   12.273 ,        8 , 	)
  88 	 (   4 ,  357.000 ,  477.000 ,        0 ,  435.601 ,  435.601 ,    0.000 ,  435.601 ,  436.601 ,   42.762 ,   21.257 ,    0.000 ,    3.185 ,        9 , 	)
  48 	 (   8 ,  260.000 ,  468.031 ,        0 ,  446.774 ,  446.774 ,    0.000 ,  446.774 ,  450.774 ,    0.000 ,   21.257 ,    0.000 ,   10.201 ,       10 , 	)
 129 	 (   4 ,  320.000 ,  500.000 ,        0 ,  478.743 ,  478.743 ,    0.000 ,  478.743 ,  482.743 ,   27.969 ,   21.257 ,    0.000 ,    7.851 ,       11 , 	)
 121 	 (   0 ,  492.000 ,  672.000 ,        0 ,  510.490 ,  510.490 ,    0.000 ,  510.490 ,  514.490 ,  147.932 ,  161.510 ,    0.000 ,   16.059 ,       12 , 	)
 163 	 (   0 ,    0.000 , 1440.000 ,        0 ,  523.115 ,  523.115 ,    0.000 ,  523.115 ,  523.115 ,    0.000 ,  916.885 ,    0.000 ,    0.000 ,       13 , 	)

	12 sommets 
	values : ( Cost : 287.412 , TRT : 286.233 , TWT :  48.134 , TD : 312.626 )
	violations : ( VC :       0 , VTW :   0.000 , VTD :   0.000 , VTRT :   0.000 )
	cout global : (   0.000	 )
S(i)	 (   C ,     TW0 ,       TW1 ,       VTW ,       Min ,       A ,       W ,       B ,       D ,       L ,       F ,       E ,       Det ,       [Imp ,       Imp]	)
   0 	 (   0 ,    0.000 , 1440.000 ,        0 ,    0.000 ,  903.979 ,    0.000 ,  903.979 ,  903.979 ,    0.000 ,    0.000 ,  903.979 ,    0.000 ,        0 , 	)
  47 	 (   2 ,  858.000 ,  945.708 ,        0 ,   11.738 ,  915.717 ,    0.000 ,  915.717 ,  917.717 ,    0.000 ,    0.000 ,   57.717 ,    4.434 ,        1 , 	)
   2 	 (   3 ,  725.000 ,  960.000 ,        0 ,  876.292 ,  934.010 ,    0.000 ,  934.010 ,  935.010 ,    0.000 ,    0.000 ,   57.717 ,    0.000 ,        2 , 	)
 128 	 (   1 ,  904.000 ,  964.000 ,        0 ,  877.292 ,  935.010 ,    0.000 ,  935.010 ,  937.010 ,   17.292 ,    0.000 ,   31.010 ,    0.000 ,        3 , 	)
  70 	 (   2 ,  780.000 ,  960.000 ,        0 ,  928.990 ,  960.000 ,    0.000 ,  960.000 ,  961.000 ,    0.000 ,    0.000 ,   31.010 ,    9.779 ,        4 , 	)
 151 	 (   1 ,  800.986 , 1015.000 ,        0 ,  949.976 ,  980.986 ,    0.000 ,  980.986 ,  981.986 ,   19.986 ,   14.709 ,   31.010 ,   10.828 ,        5 , 	)
  22 	 (   4 ,  960.000 , 1200.000 ,        0 ,  967.548 ,  998.558 ,   14.709 , 1013.267 , 1016.267 ,    0.000 ,    0.000 ,   45.719 ,    7.725 ,        6 , 	)
  27 	 (   8 , 1033.000 , 1133.201 ,        0 ,  990.850 , 1036.568 ,    0.000 , 1036.568 , 1040.568 ,    0.000 ,    0.000 ,    3.568 ,   -2.886 ,        7 , 	)
  83 	 (   7 ,  866.000 , 1046.000 ,        0 , 1042.432 , 1046.000 ,    0.000 , 1046.000 , 1047.000 ,  110.990 ,    0.000 ,    3.568 ,    2.208 ,        8 , 	)
 108 	 (   3 , 1101.000 , 1161.000 ,        0 , 1064.007 , 1067.575 ,   33.425 , 1101.000 , 1105.000 ,   60.432 ,    3.568 ,    0.000 ,   10.796 ,        9 , 	)
 103 	 (   0 , 1083.000 , 1263.000 ,        0 , 1120.193 , 1120.193 ,    0.000 , 1120.193 , 1123.193 ,  103.926 ,   18.074 ,    0.000 ,   17.914 ,       10 , 	)
 163 	 (   0 ,    0.000 , 1440.000 ,        0 , 1190.212 , 1190.212 ,    0.000 , 1190.212 , 1190.212 ,    0.000 ,  249.788 ,    0.000 ,    0.000 ,       11 , 	)

	16 sommets 
	values : ( Cost : 409.041 , TRT : 369.597 , TWT :  36.047 , TD : 492.184 )
	violations : ( VC :       0 , VTW :   0.000 , VTD :   0.000 , VTRT :   0.000 )
	cout global : (   0.000	 )
S(i)	 (   C ,     TW0 ,       TW1 ,       VTW ,       Min ,       A ,       W ,       B ,       D ,       L ,       F ,       E ,       Det ,       [Imp ,       Imp]	)
   0 	 (   0 ,    0.000 , 1440.000 ,        0 ,    0.000 ,  368.758 ,    0.000 ,  368.758 ,  368.758 ,    0.000 ,    0.000 ,  368.758 ,    0.000 ,        0 , 	)
  10 	 (   1 ,  300.000 ,  480.000 ,        0 ,   34.408 ,  403.166 ,    0.000 ,  403.166 ,  404.166 ,    0.000 ,    0.000 ,  103.166 ,    8.708 ,        1 , 	)
  35 	 (   2 ,  240.000 ,  420.000 ,        0 ,  307.607 ,  410.773 ,    0.000 ,  410.773 ,  411.773 ,    0.000 ,    0.000 ,  103.166 ,    0.000 ,        2 , 	)
  29 	 (   4 ,  240.000 ,  480.000 ,        0 ,  308.607 ,  411.773 ,    0.000 ,  411.773 ,  413.773 ,    0.000 ,    0.000 ,  103.166 ,    0.000 ,        3 , 	)
 110 	 (   2 ,  293.000 ,  533.000 ,        0 ,  336.607 ,  439.773 ,    0.000 ,  439.773 ,  441.773 ,   26.000 ,    0.000 ,  103.166 ,   30.087 ,        4 , 	)
 116 	 (   1 ,  304.000 ,  484.000 ,        0 ,  380.834 ,  484.000 ,    0.000 ,  484.000 ,  485.000 ,   72.227 ,   -0.000 ,  103.166 ,    9.734 ,        5 , 	)
  17 	 (   5 ,  480.000 ,  660.000 ,        0 ,  391.626 ,  494.792 ,   27.166 ,  521.959 ,  525.959 ,    0.000 ,    0.000 ,   41.959 ,   14.029 ,        6 , 	)
  91 	 (   4 ,  394.000 ,  630.000 ,        0 ,  511.208 ,  553.166 ,    0.000 ,  553.166 ,  554.166 ,  149.000 ,    0.000 ,   41.959 ,   22.424 ,        7 , 	)
  13 	 (   6 ,  540.000 ,  660.000 ,        0 ,  524.711 ,  566.669 ,    8.881 ,  575.550 ,  577.550 ,    0.000 ,    6.821 ,   35.550 ,    1.253 ,        8 , 	)
  45 	 (   7 ,  480.000 ,  720.000 ,        0 ,  582.869 ,  618.420 ,    0.000 ,  618.420 ,  619.420 ,    0.000 ,    6.821 ,   35.550 ,    0.000 ,        9 , 	)
  98 	 (   3 ,  558.000 ,  798.000 ,        0 ,  583.869 ,  619.420 ,    0.000 ,  619.420 ,  623.420 ,   93.461 ,    6.821 ,   35.550 ,    0.000 ,       10 , 	)
  94 	 (   1 ,  628.000 ,  748.000 ,        0 ,  592.450 ,  628.000 ,    0.000 ,  628.000 ,  630.000 ,   50.450 ,    6.821 ,    0.000 ,    7.171 ,       11 , 	)
  18 	 (   3 ,  600.000 ,  660.000 ,        0 ,  653.179 ,  653.179 ,    0.000 ,  653.179 ,  655.179 ,    0.000 ,    6.821 ,    0.000 ,   13.028 ,       12 , 	)
  99 	 (   1 ,  624.951 ,  724.000 ,        0 ,  678.130 ,  678.130 ,    0.000 ,  678.130 ,  680.130 ,   22.951 ,   39.049 ,    0.000 ,    9.703 ,       13 , 	)
 126 	 (   0 ,  591.000 ,  831.000 ,        0 ,  697.515 ,  697.515 ,    0.000 ,  697.515 ,  698.515 ,   78.095 ,   88.905 ,    0.000 ,   -3.560 ,       14 , 	)
 163 	 (   0 ,    0.000 , 1440.000 ,        0 ,  738.355 ,  738.355 ,    0.000 ,  738.355 ,  738.355 ,    0.000 ,  701.645 ,   -0.000 ,    0.000 ,       15 , 	)

	12 sommets 
	values : ( Cost : 376.759 , TRT : 305.277 , TWT :   0.000 , TD : 369.442 )
	violations : ( VC :       0 , VTW :   0.000 , VTD :   0.000 , VTRT :   0.000 )
	cout global : (   0.000	 )
S(i)	 (   C ,     TW0 ,       TW1 ,       VTW ,       Min ,       A ,       W ,       B ,       D ,       L ,       F ,       E ,       Det ,       [Imp ,       Imp]	)
   0 	 (   0 ,    0.000 , 1440.000 ,        0 ,    0.000 ,  718.354 ,    0.000 ,  718.354 ,  718.354 ,    0.000 ,    9.138 ,  718.354 ,    0.000 ,        0 , 	)
  73 	 (   3 ,  720.000 ,  900.000 ,        0 ,   25.726 ,  744.080 ,    0.000 ,  744.080 ,  747.080 ,    0.000 ,    9.138 ,   24.080 ,   13.986 ,        1 , 	)
  15 	 (   7 ,  780.000 ,  900.000 ,        0 ,  755.920 ,  780.000 ,    0.000 ,  780.000 ,  784.000 ,    0.000 ,    9.138 ,    0.000 ,  -18.911 ,        2 , 	)
  96 	 (   3 ,  824.989 , 1014.000 ,        0 ,  824.989 ,  824.989 ,    0.000 ,  824.989 ,  828.989 ,   40.989 ,    9.138 ,    0.000 ,    3.524 ,        3 , 	)
  49 	 (   5 ,  720.000 ,  900.000 ,        0 ,  846.141 ,  846.141 ,    0.000 ,  846.141 ,  848.141 ,    0.000 ,    9.138 ,    0.000 ,    1.711 ,        4 , 	)
  24 	 (   6 ,  840.000 ,  960.000 ,        0 ,  854.352 ,  854.352 ,    0.000 ,  854.352 ,  855.352 ,    0.000 ,    9.138 ,    0.000 ,    8.321 ,        5 , 	)
 105 	 (   5 ,  870.744 , 1041.000 ,        0 ,  885.096 ,  885.096 ,    0.000 ,  885.096 ,  886.096 ,   29.744 ,    9.138 ,    0.000 ,    7.053 ,        6 , 	)
  33 	 (   6 ,  720.000 ,  900.000 ,        0 ,  890.862 ,  890.862 ,    0.000 ,  890.862 ,  891.862 ,    0.000 ,    9.138 ,    0.000 ,    0.298 ,        7 , 	)
 130 	 (   4 ,  752.325 ,  983.000 ,        0 ,  900.598 ,  900.598 ,    0.000 ,  900.598 ,  902.598 ,   52.456 ,   13.363 ,    0.000 ,    3.875 ,        8 , 	)
 114 	 (   3 ,  768.000 ,  948.000 ,        0 ,  926.477 ,  926.477 ,    0.000 ,  926.477 ,  927.477 ,   34.615 ,   13.363 ,    0.000 ,    8.741 ,        9 , 	)
 154 	 (   0 ,  891.000 , 1071.000 ,        0 ,  958.717 ,  958.717 ,    0.000 ,  958.717 ,  961.717 ,  211.637 ,   13.363 ,    0.000 ,   46.020 ,       10 , 	)
 163 	 (   0 ,    0.000 , 1440.000 ,        0 , 1023.632 , 1023.632 ,    0.000 , 1023.632 , 1023.632 ,    0.000 ,  416.368 ,    0.000 ,    0.000 ,       11 , 	)

	18 sommets 
	values : ( Cost : 458.994 , TRT : 385.108 , TWT :   0.000 , TD : 513.938 )
	violations : ( VC :       0 , VTW :   0.000 , VTD :   0.000 , VTRT :   0.000 )
	cout global : (   0.000	 )
S(i)	 (   C ,     TW0 ,       TW1 ,       VTW ,       Min ,       A ,       W ,       B ,       D ,       L ,       F ,       E ,       Det ,       [Imp ,       Imp]	)
   0 	 (   0 ,    0.000 , 1440.000 ,        0 ,    0.000 ,  794.235 ,    0.000 ,  794.235 ,  794.235 ,    0.000 ,   21.993 ,  794.235 ,    0.000 ,        0 , 	)
  74 	 (   3 ,  720.000 ,  960.000 ,        0 ,   24.763 ,  818.998 ,    0.000 ,  818.998 ,  821.998 ,    0.000 ,   21.993 ,   98.998 ,    4.080 ,        1 , 	)
   9 	 (   4 ,  720.000 ,  900.000 ,        0 ,  733.598 ,  832.595 ,    0.000 ,  832.595 ,  833.595 ,    0.000 ,   21.993 ,   98.998 ,    5.802 ,        2 , 	)
 155 	 (   1 ,  792.000 , 1032.000 ,        0 ,  764.965 ,  863.963 ,    0.000 ,  863.963 ,  866.963 ,   41.965 ,   13.644 ,   71.963 ,   11.193 ,        3 , 	)
  78 	 (   3 ,  780.000 ,  960.000 ,        0 ,  802.715 ,  874.678 ,    0.000 ,  874.678 ,  876.678 ,    0.000 ,   13.644 ,   71.963 ,    3.500 ,        4 , 	)
 159 	 (   1 ,  804.362 , 1022.000 ,        0 ,  827.077 ,  899.041 ,    0.000 ,  899.041 ,  901.041 ,   22.362 ,   13.644 ,   71.963 ,   26.164 ,        5 , 	)
  76 	 (   5 ,  900.000 ,  960.000 ,        0 ,  851.256 ,  923.219 ,    0.000 ,  923.219 ,  927.219 ,    0.000 ,   13.644 ,   23.219 ,   16.427 ,        6 , 	)
   8 	 (   8 ,  720.000 ,  960.000 ,        0 ,  914.788 ,  938.007 ,    0.000 ,  938.007 ,  941.007 ,    0.000 ,   13.644 ,   23.219 ,    1.876 ,        7 , 	)
  90 	 (   7 ,  784.000 , 1024.000 ,        0 ,  922.733 ,  945.952 ,    0.000 ,  945.952 ,  946.952 ,  112.356 ,   13.644 ,   23.219 ,   -0.797 ,        8 , 	)
  89 	 (   4 ,  817.000 , 1057.000 ,        0 ,  965.692 ,  988.911 ,    0.000 ,  988.911 ,  991.911 ,   47.905 ,   22.016 ,   23.219 ,    8.295 ,        9 , 	)
  19 	 (   8 ,  960.000 , 1080.000 ,        0 ,  975.707 ,  998.926 ,    0.000 ,  998.926 , 1002.926 ,    0.000 ,   22.016 ,   23.219 ,    9.924 ,       10 , 	)
 157 	 (   4 , 1030.000 , 1090.000 ,        0 , 1006.781 , 1030.000 ,    0.000 , 1030.000 , 1034.000 ,  102.781 ,   22.016 ,    0.000 ,   32.720 ,       11 , 	)
  12 	 (   5 , 1020.000 , 1080.000 ,        0 , 1057.984 , 1057.984 ,    0.000 , 1057.984 , 1058.984 ,    0.000 ,   22.016 ,   -0.000 ,    2.184 ,       12 , 	)
  64 	 (   7 ,  960.000 , 1200.000 ,        0 , 1080.193 , 1080.193 ,    0.000 , 1080.193 , 1082.193 ,    0.000 ,   33.408 ,   -0.000 ,    3.792 ,       13 , 	)
 100 	 (   3 , 1086.000 , 1146.000 ,        0 , 1087.411 , 1087.411 ,    0.000 , 1087.411 , 1091.411 ,   84.485 ,   33.408 ,   -0.000 ,    0.841 ,       14 , 	)
  93 	 (   2 , 1052.659 , 1166.000 ,        0 , 1110.577 , 1110.577 ,    0.000 , 1110.577 , 1111.577 ,   51.592 ,   33.408 ,   -0.000 ,    2.556 ,       15 , 	)
 145 	 (   0 , 1069.000 , 1309.000 ,        0 , 1132.683 , 1132.683 ,    0.000 , 1132.683 , 1134.683 ,   50.490 ,  111.510 ,   -0.000 ,   14.802 ,       16 , 	)
 163 	 (   0 ,    0.000 , 1440.000 ,        0 , 1179.343 , 1179.343 ,    0.000 , 1179.343 , 1179.343 ,    0.000 ,  260.657 ,   -0.000 ,    0.000 ,       17 , 	)

	24 sommets 
	values : ( Cost : 556.830 , TRT : 466.669 , TWT :   0.000 , TD : 891.262 )
	violations : ( VC :       0 , VTW :   0.000 , VTD :   0.000 , VTRT :   0.000 )
	cout global : (   0.000	 )
S(i)	 (   C ,     TW0 ,       TW1 ,       VTW ,       Min ,       A ,       W ,       B ,       D ,       L ,       F ,       E ,       Det ,       [Imp ,       Imp]	)
   0 	 (   0 ,    0.000 , 1440.000 ,        0 ,    0.000 ,  794.399 ,    0.000 ,  794.399 ,  794.399 ,    0.000 ,    9.754 ,  794.399 ,    0.000 ,        0 , 	)
  71 	 (   4 ,  720.000 ,  960.000 ,        0 ,   35.077 ,  829.477 ,    0.000 ,  829.477 ,  833.477 ,    0.000 ,    9.754 ,  109.477 ,    7.092 ,        1 , 	)
   6 	 (   5 ,  778.000 ,  916.168 ,        0 ,  733.162 ,  842.639 ,    0.000 ,  842.639 ,  843.639 ,    0.000 ,    9.754 ,   64.639 ,    4.753 ,        2 , 	)
  54 	 (   8 ,  840.000 ,  960.000 ,        0 ,  793.117 ,  857.756 ,    0.000 ,  857.756 ,  860.756 ,    0.000 ,    9.754 ,   17.756 ,   -1.316 ,        3 , 	)
 152 	 (   4 ,  769.000 , 1009.000 ,        0 ,  851.930 ,  869.686 ,    0.000 ,  869.686 ,  873.686 ,   36.209 ,    9.754 ,   17.756 ,    0.000 ,        4 , 	)
  50 	 (   8 ,  720.000 ,  960.000 ,        0 ,  861.350 ,  879.105 ,    0.000 ,  879.105 ,  883.105 ,    0.000 ,    9.754 ,   17.756 ,   -2.350 ,        5 , 	)
  87 	 (   7 ,  904.000 ,  964.000 ,        0 ,  886.244 ,  904.000 ,    0.000 ,  904.000 ,  905.000 ,   60.361 ,    9.754 ,    0.000 ,    1.843 ,        6 , 	)
  26 	 (   8 ,  720.000 ,  960.000 ,        0 ,  921.005 ,  921.005 ,    0.000 ,  921.005 ,  922.005 ,    0.000 ,    9.754 ,    0.000 ,    0.000 ,        7 , 	)
 135 	 (   5 ,  894.000 , 1061.000 ,        0 ,  922.005 ,  922.005 ,    0.000 ,  922.005 ,  925.005 ,   61.250 ,    9.754 ,    0.000 ,    0.000 ,        8 , 	)
  72 	 (   7 ,  720.000 ,  960.000 ,        0 ,  950.246 ,  950.246 ,    0.000 ,  950.246 ,  952.246 ,    0.000 ,    9.754 ,    0.000 ,    5.292 ,        9 , 	)
 131 	 (   3 ,  865.000 , 1105.000 ,        0 ,  974.401 ,  974.401 ,    0.000 ,  974.401 ,  978.401 ,   91.295 ,   18.669 ,    0.000 ,    1.535 ,       10 , 	)
  80 	 (   4 ,  960.000 , 1140.000 ,        0 ,  986.180 ,  986.180 ,    0.000 ,  986.180 ,  987.180 ,    0.000 ,   18.669 ,    0.000 ,    0.403 ,       11 , 	)
 161 	 (   3 ,  981.000 , 1161.000 ,        0 ,  997.653 ,  997.653 ,    0.000 ,  997.653 ,  998.653 ,   10.473 ,   17.527 ,    0.000 ,    4.370 ,       12 , 	)
 153 	 (   1 ,  835.000 , 1075.000 ,        0 , 1015.644 , 1015.644 ,    0.000 , 1015.644 , 1017.644 ,   63.398 ,   18.669 ,    0.000 ,    8.117 ,       13 , 	)
  36 	 (   2 ,  965.000 , 1200.000 ,        0 , 1026.214 , 1026.214 ,    0.000 , 1026.214 , 1027.214 ,    0.000 ,   18.669 ,    0.000 ,   14.088 ,       14 , 	)
 107 	 (   1 ,  868.000 , 1108.000 ,        0 , 1049.081 , 1049.081 ,    0.000 , 1049.081 , 1050.081 ,  127.076 ,    4.743 ,    0.000 ,    9.989 ,       15 , 	)
  66 	 (   4 ,  960.000 , 1080.000 ,        0 , 1061.331 , 1061.331 ,    0.000 , 1061.331 , 1064.331 ,    0.000 ,    4.743 ,   -0.000 ,    1.944 ,       16 , 	)
  65 	 (   7 ,  960.000 , 1200.000 ,        0 , 1102.111 , 1102.111 ,    0.000 , 1102.111 , 1105.111 ,    0.000 ,    4.743 ,   -0.000 ,    7.504 ,       17 , 	)
  68 	 (   8 ,  960.000 , 1200.000 ,        0 , 1118.017 , 1118.017 ,    0.000 , 1118.017 , 1119.017 ,    0.000 ,    4.743 ,   -0.000 ,   -3.887 ,       18 , 	)
 146 	 (   5 , 1055.000 , 1295.000 ,        0 , 1148.634 , 1148.634 ,    0.000 , 1148.634 , 1151.634 ,   43.523 ,    4.743 ,   -0.000 ,   -0.227 ,       19 , 	)
 147 	 (   2 , 1055.000 , 1287.000 ,        0 , 1181.572 , 1181.572 ,    0.000 , 1181.572 , 1184.572 ,  117.241 ,    4.743 ,   -0.000 ,    0.953 ,       20 , 	)
 149 	 (   1 , 1089.000 , 1329.000 ,        0 , 1190.196 , 1190.196 ,    0.000 , 1190.196 , 1191.196 ,   71.179 ,    4.743 ,   -0.000 ,    5.838 ,       21 , 	)
 117 	 (   0 , 1180.000 , 1300.000 ,        0 , 1236.471 , 1236.471 ,    0.000 , 1236.471 , 1237.471 ,  209.257 ,    4.743 ,   -0.000 ,    9.606 ,       22 , 	)
 163 	 (   0 ,    0.000 , 1440.000 ,        0 , 1261.068 , 1261.068 ,    0.000 , 1261.068 , 1261.068 ,    0.000 ,  178.932 ,   -0.000 ,    0.000 ,       23 , 	)

	16 sommets 
	values : ( Cost : 381.669 , TRT : 327.012 , TWT :   0.043 , TD : 358.488 )
	violations : ( VC :       0 , VTW :   0.000 , VTD :   0.000 , VTRT :   0.000 )
	cout global : (   0.000	 )
S(i)	 (   C ,     TW0 ,       TW1 ,       VTW ,       Min ,       A ,       W ,       B ,       D ,       L ,       F ,       E ,       Det ,       [Imp ,       Imp]	)
   0 	 (   0 ,    0.000 , 1440.000 ,        0 ,    0.000 ,  338.173 ,    0.000 ,  338.173 ,  338.173 ,    0.000 ,    0.000 ,  338.173 ,    0.000 ,        0 , 	)
  62 	 (   2 ,  310.000 ,  478.338 ,        0 ,    6.311 ,  344.483 ,    0.000 ,  344.483 ,  346.483 ,    0.000 ,    0.000 ,   34.483 ,    3.691 ,        1 , 	)
  28 	 (   5 ,  240.000 ,  480.000 ,        0 ,  346.397 ,  380.880 ,    0.000 ,  380.880 ,  383.880 ,    0.000 ,    0.000 ,   34.483 ,   19.087 ,        2 , 	)
 143 	 (   3 ,  389.000 ,  509.000 ,        0 ,  362.749 ,  397.232 ,    0.000 ,  397.232 ,  399.232 ,   50.749 ,    0.000 ,    8.232 ,    4.053 ,        3 , 	)
 109 	 (   0 ,  440.000 ,  560.000 ,        0 ,  433.539 ,  441.771 ,    0.000 ,  441.771 ,  444.771 ,   57.891 ,    0.000 ,    1.771 ,   11.760 ,        4 , 	)
  61 	 (   3 ,  254.000 ,  472.314 ,        0 ,  457.490 ,  459.262 ,    0.000 ,  459.262 ,  462.262 ,    0.000 ,    0.000 ,    1.771 ,   13.294 ,        5 , 	)
  41 	 (   7 ,  240.000 ,  480.000 ,        0 ,  477.263 ,  479.035 ,    0.000 ,  479.035 ,  483.035 ,    0.000 ,    0.000 ,    1.771 ,    3.294 ,        6 , 	)
 142 	 (   4 ,  318.000 ,  498.000 ,        0 ,  490.471 ,  492.242 ,    0.000 ,  492.242 ,  495.242 ,   29.980 ,    0.000 ,    1.771 ,    0.720 ,        7 , 	)
  79 	 (   7 ,  480.000 ,  720.000 ,        0 ,  517.932 ,  519.703 ,    0.000 ,  519.703 ,  522.703 ,    0.000 ,    0.000 ,    1.771 ,   13.849 ,        8 , 	)
 122 	 (   3 ,  303.000 ,  543.000 ,        0 ,  541.229 ,  543.000 ,    0.000 ,  543.000 ,  547.000 ,   59.965 ,   -0.000 ,    1.771 ,   11.859 ,        9 , 	)
  77 	 (   7 ,  480.000 ,  720.000 ,        0 ,  564.817 ,  566.589 ,    0.043 ,  566.632 ,  570.632 ,    0.000 ,   42.833 ,    1.814 ,    8.717 ,       10 , 	)
  31 	 (   8 ,  555.000 ,  645.814 ,        0 ,  584.000 ,  585.814 ,    0.000 ,  585.814 ,  586.814 ,    0.000 ,   42.833 ,    1.814 ,    0.486 ,       11 , 	)
 112 	 (   7 ,  597.000 ,  657.000 ,        0 ,  595.186 ,  597.000 ,    0.000 ,  597.000 ,  598.000 ,   10.186 ,   30.814 ,    0.000 ,    0.905 ,       12 , 	)
 160 	 (   4 ,  575.000 ,  815.000 ,        0 ,  603.870 ,  603.870 ,    0.000 ,  603.870 ,  606.870 ,   81.167 ,   42.833 ,    0.000 ,    4.177 ,       13 , 	)
 158 	 (   0 ,  633.000 ,  813.000 ,        0 ,  639.181 ,  639.181 ,    0.000 ,  639.181 ,  643.181 ,   68.550 ,   91.450 ,    0.000 ,   15.282 ,       14 , 	)
 163 	 (   0 ,    0.000 , 1440.000 ,        0 ,  665.185 ,  665.185 ,    0.000 ,  665.185 ,  665.185 ,    0.000 ,  774.815 ,    0.000 ,    0.000 ,       15 , 	)

	24 sommets 
	values : ( Cost : 494.162 , TRT : 410.203 , TWT :   2.653 , TD : 692.488 )
	violations : ( VC :       0 , VTW :   0.000 , VTD :   0.000 , VTRT :   0.000 )
	cout global : (   0.000	 )
S(i)	 (   C ,     TW0 ,       TW1 ,       VTW ,       Min ,       A ,       W ,       B ,       D ,       L ,       F ,       E ,       Det ,       [Imp ,       Imp]	)
   0 	 (   0 ,    0.000 , 1440.000 ,        0 ,    0.000 ,  563.689 ,    0.000 ,  563.689 ,  563.689 ,    0.000 ,    0.000 ,  563.689 ,    0.000 ,        0 , 	)
  75 	 (   1 ,  515.000 ,  635.613 ,        0 ,   35.077 ,  598.767 ,    0.000 ,  598.767 ,  599.767 ,    0.000 ,    0.000 ,   83.767 ,   31.095 ,        1 , 	)
  59 	 (   2 ,  600.000 ,  660.000 ,        0 ,  536.781 ,  620.548 ,    0.000 ,  620.548 ,  621.548 ,    0.000 ,    0.000 ,   20.548 ,    8.954 ,        2 , 	)
 156 	 (   1 ,  613.000 ,  673.000 ,        0 ,  625.560 ,  646.108 ,    0.000 ,  646.108 ,  647.108 ,   46.341 ,    0.000 ,   20.548 ,   13.402 ,        3 , 	)
 140 	 (   0 ,  663.000 ,  723.000 ,        0 ,  646.810 ,  667.358 ,    0.000 ,  667.358 ,  668.358 ,   45.810 ,    0.000 ,    4.358 ,   -0.590 ,        4 , 	)
  58 	 (   2 ,  480.000 ,  720.000 ,        0 ,  715.642 ,  720.000 ,    0.000 ,  720.000 ,  722.000 ,    0.000 ,    0.000 ,    4.358 ,   14.065 ,        5 , 	)
  20 	 (   4 ,  722.000 ,  960.000 ,        0 ,  733.140 ,  737.498 ,    2.653 ,  740.150 ,  742.150 ,    0.000 ,    1.598 ,    7.011 ,    9.065 ,        6 , 	)
  44 	 (   5 ,  727.000 ,  960.000 ,        0 ,  753.043 ,  760.053 ,    0.000 ,  760.053 ,  761.053 ,    0.000 ,    1.598 ,    7.011 ,   -0.593 ,        7 , 	)
 139 	 (   3 ,  569.000 ,  809.000 ,        0 ,  774.720 ,  781.731 ,    0.000 ,  781.731 ,  783.731 ,   59.731 ,    1.598 ,    7.011 ,   10.860 ,        8 , 	)
   3 	 (   6 ,  780.000 ,  960.000 ,        0 ,  783.244 ,  790.254 ,    0.000 ,  790.254 ,  793.254 ,    0.000 ,    1.598 ,    7.011 ,    1.735 ,        9 , 	)
 125 	 (   5 ,  816.000 ,  996.000 ,        0 ,  808.989 ,  816.000 ,    0.000 ,  816.000 ,  817.000 ,   54.947 ,    1.598 ,    0.000 ,    5.090 ,       10 , 	)
  14 	 (   6 ,  780.000 ,  960.000 ,        0 ,  821.762 ,  821.762 ,    0.000 ,  821.762 ,  822.762 ,    0.000 ,    1.598 ,    0.000 ,    1.919 ,       11 , 	)
  63 	 (   7 ,  780.000 ,  900.000 ,        0 ,  828.068 ,  828.068 ,    0.000 ,  828.068 ,  829.068 ,    0.000 ,    1.598 ,    0.000 ,    0.000 ,       12 , 	)
  84 	 (   4 ,  829.000 , 1009.000 ,        0 ,  829.068 ,  829.068 ,    0.000 ,  829.068 ,  832.068 ,   35.814 ,    1.598 ,    0.000 ,    0.000 ,       13 , 	)
 101 	 (   2 ,  833.000 , 1013.000 ,        0 ,  836.402 ,  836.402 ,    0.000 ,  836.402 ,  838.402 ,   94.252 ,    1.598 ,    0.000 ,    0.000 ,       14 , 	)
  42 	 (   3 ,  720.000 ,  840.000 ,        0 ,  838.402 ,  838.402 ,    0.000 ,  838.402 ,  839.402 ,    0.000 ,    1.598 ,    0.000 ,    0.000 ,       15 , 	)
  38 	 (   6 ,  780.000 ,  960.000 ,        0 ,  849.049 ,  849.049 ,    0.000 ,  849.049 ,  852.049 ,    0.000 ,    8.588 ,    0.000 ,   19.362 ,       16 , 	)
 119 	 (   3 ,  803.000 , 1043.000 ,        0 ,  867.405 ,  867.405 ,    0.000 ,  867.405 ,  870.405 ,   15.356 ,    8.588 ,    0.000 ,    5.698 ,       17 , 	)
   4 	 (   5 ,  720.000 ,  900.000 ,        0 ,  891.412 ,  891.412 ,    0.000 ,  891.412 ,  893.412 ,    0.000 ,    8.588 ,    0.000 ,    1.186 ,       18 , 	)
 123 	 (   4 ,  759.246 ,  943.000 ,        0 ,  912.807 ,  912.807 ,    0.000 ,  912.807 ,  913.807 ,   73.405 ,   24.458 ,    0.000 ,    3.380 ,       19 , 	)
  95 	 (   3 ,  847.000 , 1087.000 ,        0 ,  928.304 ,  928.304 ,    0.000 ,  928.304 ,  929.304 ,  105.542 ,   24.458 ,    0.000 ,    2.712 ,       20 , 	)
 144 	 (   2 ,  922.000 , 1102.000 ,        0 ,  941.386 ,  941.386 ,    0.000 ,  941.386 ,  942.386 ,  112.317 ,   74.026 ,    0.000 ,    0.000 ,       21 , 	)
  85 	 (   0 ,  783.000 , 1023.000 ,        0 ,  942.386 ,  942.386 ,    0.000 ,  942.386 ,  944.386 ,   48.974 ,   74.026 ,    0.000 ,    0.000 ,       22 , 	)
 163 	 (   0 ,    0.000 , 1440.000 ,        0 ,  973.892 ,  973.892 ,    0.000 ,  973.892 ,  973.892 ,    0.000 ,  466.108 ,    0.000 ,    0.000 ,       23 , 	)
