10
	VALUE ALL : ( Cost : 3615.076 , TRT : 3556.305 , TWT : 450.203 , TD : 5302.493 )
	VIOLATIONS TOTAL : ( VC :       0 , VTW :   0.000 , VTD :   0.000 , VTRT :   0.000 )
 	COUT_ALL : (   0.003 )  T2B:   40201

	12 sommets 
	values : ( Cost : 334.260 , TRT : 381.784 , TWT : 108.461 , TD : 517.700 )
	violations : ( VC :       0 , VTW :   0.000 , VTD :   0.000 , VTRT :   0.000 )
	cout global : (   0.000	 )
S(i)	 (   C ,     TW0 ,       TW1 ,       VTW ,       Min ,       A ,       W ,       B ,       D ,       L ,       F ,       E ,       Det ,       [Imp ,       Imp]	)
   0 	 (   0 ,    0.000 , 1440.000 ,        0 ,    0.000 ,  635.537 ,    0.000 ,  635.537 ,  635.537 ,    0.000 ,    0.000 ,  635.537 ,    0.000 ,        0 , 	)
  62 	 (   3 ,  480.000 ,  660.000 ,        0 ,   24.463 ,  660.000 ,    0.000 ,  660.000 ,  663.000 ,    0.000 ,    0.000 ,  180.000 ,   37.469 ,        1 , 	)
  64 	 (   5 ,  720.000 ,  960.000 ,        0 ,  539.550 ,  719.550 ,  108.461 ,  828.011 ,  830.011 ,    0.000 ,    0.016 ,  108.011 ,    0.220 ,        2 , 	)
 148 	 (   2 ,  616.000 ,  856.000 ,        0 ,  747.973 ,  855.984 ,    0.000 ,  855.984 ,  858.984 ,  192.984 ,    0.016 ,  108.011 ,    2.298 ,        3 , 	)
  60 	 (   5 ,  840.000 ,  960.000 ,        0 ,  757.712 ,  865.723 ,    0.000 ,  865.723 ,  868.723 ,    0.000 ,   59.573 ,   25.723 ,   10.868 ,        4 , 	)
  22 	 (   7 ,  732.000 ,  953.315 ,        0 ,  857.098 ,  882.822 ,    0.000 ,  882.822 ,  884.822 ,    0.000 ,   57.723 ,   25.723 ,   -2.762 ,        5 , 	)
  26 	 (   8 ,  720.000 ,  960.000 ,        0 ,  866.937 ,  892.660 ,    0.000 ,  892.660 ,  893.660 ,    0.000 ,   30.395 ,   25.723 ,    9.920 ,        6 , 	)
 108 	 (   6 ,  800.000 ,  980.000 ,        0 ,  894.704 ,  920.427 ,    0.000 ,  920.427 ,  922.427 ,   35.605 ,   30.395 ,   25.723 ,    6.022 ,        7 , 	)
 146 	 (   3 ,  936.000 , 1056.000 ,        0 ,  910.277 ,  936.000 ,    0.000 ,  936.000 ,  939.000 ,   67.277 ,   57.723 ,    0.000 ,    1.843 ,        8 , 	)
 112 	 (   2 ,  825.000 , 1065.000 ,        0 ,  958.966 ,  958.966 ,    0.000 ,  958.966 ,  959.966 ,   65.306 ,   74.694 ,    0.000 ,    1.680 ,        9 , 	)
 150 	 (   0 ,  953.000 , 1133.000 ,        0 ,  986.539 ,  986.539 ,    0.000 ,  986.539 ,  988.539 ,  156.528 ,  146.461 ,    0.000 ,   44.475 ,       10 , 	)
 173 	 (   0 ,    0.000 , 1440.000 ,        0 , 1017.321 , 1017.321 ,    0.000 , 1017.321 , 1017.321 ,    0.000 ,  422.679 ,    0.000 ,    0.000 ,       11 , 	)

	18 sommets 
	values : ( Cost : 389.512 , TRT : 320.866 , TWT :   0.000 , TD : 711.108 )
	violations : ( VC :       0 , VTW :   0.000 , VTD :   0.000 , VTRT :   0.000 )
	cout global : (   0.000	 )
S(i)	 (   C ,     TW0 ,       TW1 ,       VTW ,       Min ,       A ,       W ,       B ,       D ,       L ,       F ,       E ,       Det ,       [Imp ,       Imp]	)
   0 	 (   0 ,    0.000 , 1440.000 ,        0 ,    0.000 ,  248.614 ,    0.000 ,  248.614 ,  248.614 ,    0.000 ,   22.071 ,  248.614 ,    0.000 ,        0 , 	)
   1 	 (   1 ,  240.000 ,  420.000 ,        0 ,   14.023 ,  262.637 ,    0.000 ,  262.637 ,  263.637 ,    0.000 ,   22.071 ,   22.637 ,   -1.977 ,        1 , 	)
  48 	 (   3 ,  240.000 ,  480.000 ,        0 ,  266.705 ,  289.341 ,    0.000 ,  289.341 ,  291.341 ,    0.000 ,    4.958 ,   22.637 ,   -3.681 ,        2 , 	)
  38 	 (   4 ,  240.000 ,  480.000 ,        0 ,  294.532 ,  317.168 ,    0.000 ,  317.168 ,  318.168 ,    0.000 ,    4.958 ,   22.637 ,    0.000 ,        3 , 	)
  61 	 (   7 ,  240.000 ,  480.000 ,        0 ,  295.532 ,  318.168 ,    0.000 ,  318.168 ,  321.168 ,    0.000 ,    1.177 ,   22.637 ,    0.000 ,        4 , 	)
   5 	 (   8 ,  240.000 ,  420.000 ,        0 ,  322.508 ,  345.144 ,    0.000 ,  345.144 ,  346.144 ,    0.000 ,    1.177 ,   22.637 ,   21.215 ,        5 , 	)
 124 	 (   7 ,  271.000 ,  511.000 ,        0 ,  336.355 ,  358.992 ,    0.000 ,  358.992 ,  359.992 ,   40.823 ,    1.177 ,   22.637 ,    3.235 ,        6 , 	)
  87 	 (   6 ,  333.000 ,  513.000 ,        0 ,  360.042 ,  382.679 ,    0.000 ,  382.679 ,  383.679 ,  119.042 ,    4.958 ,   22.637 ,    2.889 ,        7 , 	)
 147 	 (   3 ,  362.000 ,  542.000 ,        0 ,  367.059 ,  389.695 ,    0.000 ,  389.695 ,  392.695 ,   68.527 ,   16.992 ,   22.637 ,   -0.320 ,        8 , 	)
 134 	 (   1 ,  413.000 ,  593.000 ,        0 ,  390.363 ,  413.000 ,    0.000 ,  413.000 ,  415.000 ,  121.659 ,   16.992 ,    0.000 ,    3.589 ,        9 , 	)
  32 	 (   2 ,  240.000 ,  480.000 ,        0 ,  423.165 ,  423.165 ,    0.000 ,  423.165 ,  424.165 ,    0.000 ,   16.992 ,    0.000 ,    8.824 ,       10 , 	)
  23 	 (   5 ,  240.000 ,  480.000 ,        0 ,  436.056 ,  436.056 ,    0.000 ,  436.056 ,  439.056 ,    0.000 ,   16.992 ,    0.000 ,   -3.737 ,       11 , 	)
 118 	 (   4 ,  291.000 ,  531.000 ,        0 ,  448.701 ,  448.701 ,    0.000 ,  448.701 ,  449.701 ,   24.535 ,   16.992 ,    0.000 ,   11.139 ,       12 , 	)
  44 	 (   6 ,  300.000 ,  480.000 ,        0 ,  457.929 ,  457.929 ,    0.000 ,  457.929 ,  459.929 ,    0.000 ,   16.992 ,    0.000 ,    1.618 ,       13 , 	)
 130 	 (   4 ,  368.000 ,  608.000 ,        0 ,  508.141 ,  508.141 ,    0.000 ,  508.141 ,  510.141 ,   48.213 ,   16.992 ,    0.000 ,    8.710 ,       14 , 	)
 109 	 (   1 ,  471.000 ,  591.000 ,        0 ,  527.356 ,  527.356 ,    0.000 ,  527.356 ,  530.356 ,   88.301 ,   16.992 ,    0.000 ,    0.108 ,       15 , 	)
  91 	 (   0 ,  403.000 ,  583.000 ,        0 ,  546.152 ,  546.152 ,    0.000 ,  546.152 ,  547.152 ,  200.008 ,   16.992 ,    0.000 ,   28.510 ,       16 , 	)
 173 	 (   0 ,    0.000 , 1440.000 ,        0 ,  569.480 ,  569.480 ,    0.000 ,  569.480 ,  569.480 ,    0.000 ,  870.520 ,    0.000 ,    0.000 ,       17 , 	)

	18 sommets 
	values : ( Cost : 331.259 , TRT : 287.067 , TWT :   0.000 , TD : 379.526 )
	violations : ( VC :       0 , VTW :   0.000 , VTD :   0.000 , VTRT :   0.000 )
	cout global : (   0.000	 )
S(i)	 (   C ,     TW0 ,       TW1 ,       VTW ,       Min ,       A ,       W ,       B ,       D ,       L ,       F ,       E ,       Det ,       [Imp ,       Imp]	)
   0 	 (   0 ,    0.000 , 1440.000 ,        0 ,    0.000 ,  310.312 ,    0.000 ,  310.312 ,  310.312 ,    0.000 ,   25.731 ,  310.312 ,    0.000 ,        0 , 	)
  45 	 (   3 ,  240.000 ,  420.000 ,        0 ,   24.631 ,  334.943 ,    0.000 ,  334.943 ,  337.943 ,    0.000 ,   25.731 ,   94.943 ,   -0.147 ,        1 , 	)
  19 	 (   5 ,  240.000 ,  480.000 ,        0 ,  245.657 ,  340.600 ,    0.000 ,  340.600 ,  342.600 ,    0.000 ,   25.731 ,   94.943 ,   -0.756 ,        2 , 	)
 105 	 (   3 ,  264.000 ,  504.000 ,        0 ,  261.192 ,  356.135 ,    0.000 ,  356.135 ,  358.135 ,   13.535 ,   14.465 ,   92.135 ,    1.538 ,        3 , 	)
 131 	 (   0 ,  264.050 ,  479.000 ,        0 ,  272.047 ,  364.181 ,    0.000 ,  364.181 ,  367.181 ,   26.238 ,   25.731 ,   92.135 ,   -1.345 ,        4 , 	)
  66 	 (   1 ,  240.000 ,  420.000 ,        0 ,  291.665 ,  383.799 ,    0.000 ,  383.799 ,  384.799 ,    0.000 ,   25.731 ,   92.135 ,   14.809 ,        5 , 	)
  43 	 (   5 ,  300.000 ,  480.000 ,        0 ,  308.488 ,  400.623 ,    0.000 ,  400.623 ,  404.623 ,    0.000 ,   25.731 ,   92.135 ,   -2.671 ,        6 , 	)
 152 	 (   4 ,  264.658 ,  484.000 ,        0 ,  317.652 ,  409.786 ,    0.000 ,  409.786 ,  410.786 ,   24.987 ,   25.731 ,   92.135 ,    6.792 ,        7 , 	)
  63 	 (   7 ,  360.000 ,  480.000 ,        0 ,  362.135 ,  454.269 ,    0.000 ,  454.269 ,  457.269 ,    0.000 ,   25.731 ,   92.135 ,   16.097 ,        8 , 	)
 129 	 (   3 ,  357.000 ,  596.000 ,        0 ,  383.784 ,  475.919 ,    0.000 ,  475.919 ,  479.919 ,   71.296 ,   12.779 ,   92.135 ,    0.707 ,        9 , 	)
  74 	 (   4 ,  480.000 ,  660.000 ,        0 ,  394.601 ,  486.735 ,    0.000 ,  486.735 ,  487.735 ,    0.000 ,   12.779 ,    6.735 ,    3.326 ,       10 , 	)
  39 	 (   5 ,  480.000 ,  720.000 ,        0 ,  491.177 ,  497.913 ,    0.000 ,  497.913 ,  498.913 ,    0.000 ,   12.779 ,    6.735 ,    4.257 ,       11 , 	)
 149 	 (   2 ,  388.631 ,  552.000 ,        0 ,  506.755 ,  513.490 ,    0.000 ,  513.490 ,  516.490 ,   56.221 ,   12.779 ,    6.735 ,    7.080 ,       12 , 	)
  71 	 (   6 ,  540.000 ,  720.000 ,        0 ,  548.925 ,  555.660 ,    0.000 ,  555.660 ,  559.660 ,    0.000 ,   50.913 ,    6.735 ,    8.906 ,       13 , 	)
 157 	 (   2 ,  553.989 ,  751.000 ,        0 ,  562.914 ,  569.650 ,    0.000 ,  569.650 ,  573.650 ,    9.989 ,   17.011 ,    6.735 ,    1.710 ,       14 , 	)
 125 	 (   1 ,  577.000 ,  817.000 ,        0 ,  570.265 ,  577.000 ,    0.000 ,  577.000 ,  578.000 ,   78.087 ,   50.913 ,    0.000 ,    4.889 ,       15 , 	)
 160 	 (   0 ,  568.000 ,  808.000 ,        0 ,  586.907 ,  586.907 ,    0.000 ,  586.907 ,  587.907 ,   99.171 ,   58.829 ,    0.000 ,    7.860 ,       16 , 	)
 173 	 (   0 ,    0.000 , 1440.000 ,        0 ,  597.379 ,  597.379 ,    0.000 ,  597.379 ,  597.379 ,    0.000 ,  842.621 ,    0.000 ,    0.000 ,       17 , 	)

	22 sommets 
	values : ( Cost : 371.415 , TRT : 402.086 , TWT :  78.826 , TD : 389.666 )
	violations : ( VC :       0 , VTW :   0.000 , VTD :   0.000 , VTRT :   0.000 )
	cout global : (   0.000	 )
S(i)	 (   C ,     TW0 ,       TW1 ,       VTW ,       Min ,       A ,       W ,       B ,       D ,       L ,       F ,       E ,       Det ,       [Imp ,       Imp]	)
   0 	 (   0 ,    0.000 , 1440.000 ,        0 ,    0.000 ,  715.544 ,    0.000 ,  715.544 ,  715.544 ,    0.000 ,    0.000 ,  715.544 ,    0.000 ,        0 , 	)
  11 	 (   2 ,  720.000 ,  840.000 ,        0 ,   27.435 ,  742.980 ,    0.000 ,  742.980 ,  744.980 ,    0.000 ,    0.000 ,   22.980 ,    2.845 ,        1 , 	)
  97 	 (   0 ,  740.189 ,  891.000 ,        0 ,  740.189 ,  763.168 ,    0.000 ,  763.168 ,  765.168 ,   18.189 ,    0.000 ,   22.980 ,   13.095 ,        2 , 	)
  25 	 (   3 ,  720.000 ,  840.000 ,        0 ,  771.235 ,  794.214 ,    0.000 ,  794.214 ,  797.214 ,    0.000 ,    0.000 ,   22.980 ,    9.276 ,        3 , 	)
   4 	 (   4 ,  734.000 ,  952.089 ,        0 ,  781.310 ,  804.289 ,    0.000 ,  804.289 ,  805.289 ,    0.000 ,    0.000 ,   22.980 ,    0.000 ,        4 , 	)
  29 	 (   6 ,  780.000 ,  960.000 ,        0 ,  782.310 ,  805.289 ,    0.000 ,  805.289 ,  807.289 ,    0.000 ,    0.000 ,   22.980 ,    0.000 ,        5 , 	)
 111 	 (   3 ,  758.498 ,  938.000 ,        0 ,  811.258 ,  834.238 ,    0.000 ,  834.238 ,  837.238 ,   37.023 ,    0.000 ,   22.980 ,   17.420 ,        6 , 	)
 115 	 (   1 ,  833.000 , 1013.000 ,        0 ,  831.018 ,  853.998 ,    0.000 ,  853.998 ,  855.998 ,   46.708 ,    0.000 ,   20.998 ,    1.090 ,        7 , 	)
  90 	 (   0 ,  796.000 ,  976.000 ,        0 ,  842.820 ,  863.818 ,    0.000 ,  863.818 ,  864.818 ,   58.529 ,    0.000 ,   20.998 ,   -1.062 ,        8 , 	)
  12 	 (   1 ,  720.000 ,  960.000 ,        0 ,  849.778 ,  870.776 ,    0.000 ,  870.776 ,  871.776 ,    0.000 ,    0.000 ,   20.998 ,    3.247 ,        9 , 	)
  36 	 (   3 ,  803.000 ,  878.148 ,        0 ,  857.150 ,  878.148 ,    0.000 ,  878.148 ,  880.148 ,    0.000 ,    0.000 ,   20.998 ,    0.647 ,       10 , 	)
 122 	 (   1 ,  829.000 ,  889.000 ,        0 ,  868.002 ,  889.000 ,    0.000 ,  889.000 ,  891.000 ,    8.852 ,    0.000 ,   20.998 ,    1.808 ,       11 , 	)
  70 	 (   2 ,  840.000 ,  960.000 ,        0 ,  879.741 ,  900.739 ,   11.779 ,  912.518 ,  913.518 ,    0.000 ,    0.000 ,   32.777 ,   17.753 ,       12 , 	)
 156 	 (   1 ,  860.379 , 1000.000 ,        0 ,  900.120 ,  932.897 ,    0.000 ,  932.897 ,  933.897 ,   19.379 ,    0.000 ,   32.777 ,    1.523 ,       13 , 	)
  13 	 (   4 ,  900.000 ,  960.000 ,        0 ,  915.882 ,  948.659 ,    0.000 ,  948.659 ,  951.659 ,    0.000 ,    0.000 ,   32.777 ,   -3.198 ,       14 , 	)
  30 	 (   8 ,  840.000 ,  960.000 ,        0 ,  927.223 ,  960.000 ,    0.000 ,  960.000 ,  964.000 ,    0.000 ,    0.000 ,   32.777 ,  -11.365 ,       15 , 	)
 116 	 (   4 ,  859.006 , 1004.000 ,        0 ,  946.229 ,  979.006 ,    0.000 ,  979.006 ,  983.006 ,   15.006 ,    4.368 ,   32.777 ,   -2.629 ,       16 , 	)
  99 	 (   1 ,  942.207 , 1068.000 ,        0 ,  961.631 ,  994.408 ,    0.000 ,  994.408 ,  997.408 ,   42.749 ,    4.368 ,   32.777 ,    0.000 ,       17 , 	)
  98 	 (   0 ,  817.000 , 1057.000 ,        0 ,  964.631 ,  997.408 ,    0.000 ,  997.408 ,  998.408 ,  125.632 ,    4.368 ,   32.777 ,    0.000 ,       18 , 	)
  58 	 (   3 , 1080.000 , 1140.000 ,        0 ,  980.176 , 1012.953 ,   67.047 , 1080.000 , 1083.000 ,    0.000 ,   60.000 ,    0.000 ,    6.487 ,       19 , 	)
 144 	 (   0 , 1100.600 , 1190.000 ,        0 , 1100.600 , 1100.600 ,    0.000 , 1100.600 , 1103.600 ,   17.600 ,   29.400 ,    0.000 ,   10.570 ,       20 , 	)
 173 	 (   0 ,    0.000 , 1440.000 ,        0 , 1117.630 , 1117.630 ,    0.000 , 1117.630 , 1117.630 ,    0.000 ,  322.370 ,   -0.000 ,    0.000 ,       21 , 	)

	28 sommets 
	values : ( Cost : 491.842 , TRT : 429.806 , TWT :   0.000 , TD : 590.417 )
	violations : ( VC :       0 , VTW :   0.000 , VTD :   0.000 , VTRT :   0.000 )
	cout global : (   0.000	 )
S(i)	 (   C ,     TW0 ,       TW1 ,       VTW ,       Min ,       A ,       W ,       B ,       D ,       L ,       F ,       E ,       Det ,       [Imp ,       Imp]	)
   0 	 (   0 ,    0.000 , 1440.000 ,        0 ,    0.000 ,  309.915 ,    0.000 ,  309.915 ,  309.915 ,    0.000 ,    4.972 ,  309.915 ,    0.000 ,        0 , 	)
  35 	 (   2 ,  240.000 ,  360.000 ,        0 ,   17.995 ,  327.910 ,    0.000 ,  327.910 ,  329.910 ,    0.000 ,    4.972 ,   87.910 ,   -3.467 ,        1 , 	)
  18 	 (   5 ,  248.000 ,  479.480 ,        0 ,  249.902 ,  337.812 ,    0.000 ,  337.812 ,  340.812 ,    0.000 ,    4.972 ,   87.910 ,    3.646 ,        2 , 	)
  53 	 (   6 ,  240.000 ,  480.000 ,        0 ,  258.917 ,  346.827 ,    0.000 ,  346.827 ,  347.827 ,    0.000 ,    4.972 ,   87.910 ,   -1.400 ,        3 , 	)
  47 	 (   8 ,  252.000 ,  473.217 ,        0 ,  265.972 ,  353.882 ,    0.000 ,  353.882 ,  355.882 ,    0.000 ,    4.972 ,   87.910 ,    2.451 ,        4 , 	)
 121 	 (   6 ,  270.724 ,  439.000 ,        0 ,  282.411 ,  370.321 ,    0.000 ,  370.321 ,  372.321 ,   40.411 ,    4.972 ,   87.910 ,   -2.002 ,        5 , 	)
 104 	 (   3 ,  333.000 ,  513.000 ,        0 ,  291.562 ,  379.471 ,    0.000 ,  379.471 ,  382.471 ,   38.659 ,    4.972 ,   46.471 ,   -0.166 ,        6 , 	)
 133 	 (   1 ,  320.000 ,  500.000 ,        0 ,  339.729 ,  386.200 ,    0.000 ,  386.200 ,  388.200 ,   30.318 ,    4.972 ,   46.471 ,    3.802 ,        7 , 	)
  68 	 (   5 ,  240.000 ,  420.000 ,        0 ,  344.209 ,  390.680 ,    0.000 ,  390.680 ,  394.680 ,    0.000 ,    4.972 ,   46.471 ,    1.041 ,        8 , 	)
 154 	 (   1 ,  284.000 ,  519.000 ,        0 ,  383.614 ,  430.086 ,    0.000 ,  430.086 ,  434.086 ,   35.405 ,    4.972 ,   46.471 ,    4.711 ,        9 , 	)
 139 	 (   0 ,  368.000 ,  608.000 ,        0 ,  416.948 ,  463.420 ,    0.000 ,  463.420 ,  464.420 ,  115.592 ,    4.972 ,   46.471 ,    9.474 ,       10 , 	)
  40 	 (   3 ,  420.000 ,  480.000 ,        0 ,  425.777 ,  472.249 ,    0.000 ,  472.249 ,  475.249 ,    0.000 ,    4.972 ,   46.471 ,    4.869 ,       11 , 	)
  16 	 (   7 ,  480.000 ,  720.000 ,        0 ,  458.646 ,  505.117 ,    0.000 ,  505.117 ,  509.117 ,    0.000 ,    4.972 ,   25.117 ,    9.623 ,       12 , 	)
 102 	 (   3 ,  535.000 ,  775.000 ,        0 ,  509.883 ,  535.000 ,    0.000 ,  535.000 ,  539.000 ,   25.883 ,    4.972 ,    0.000 ,    5.772 ,       13 , 	)
 126 	 (   0 ,  474.196 ,  620.000 ,        0 ,  549.938 ,  549.938 ,    0.000 ,  549.938 ,  552.938 ,   74.689 ,    4.972 ,    0.000 ,    4.485 ,       14 , 	)
  51 	 (   1 ,  480.000 ,  720.000 ,        0 ,  566.735 ,  566.735 ,    0.000 ,  566.735 ,  567.735 ,    0.000 ,    4.972 ,    0.000 ,    2.486 ,       15 , 	)
  42 	 (   4 ,  490.000 ,  597.659 ,        0 ,  572.247 ,  572.247 ,    0.000 ,  572.247 ,  575.247 ,    0.000 ,    4.972 ,    0.000 ,    3.808 ,       16 , 	)
 128 	 (   1 ,  569.000 ,  629.000 ,        0 ,  603.588 ,  603.588 ,    0.000 ,  603.588 ,  606.588 ,   28.341 ,    4.972 ,    0.000 ,    0.000 ,       17 , 	)
 137 	 (   0 ,  587.000 ,  767.000 ,        0 ,  606.588 ,  606.588 ,    0.000 ,  606.588 ,  607.588 ,   38.853 ,    4.972 ,    0.000 ,    0.000 ,       18 , 	)
  27 	 (   1 ,  480.000 ,  660.000 ,        0 ,  621.004 ,  621.004 ,    0.000 ,  621.004 ,  622.004 ,    0.000 ,    4.972 ,    0.000 ,   14.983 ,       19 , 	)
  46 	 (   2 ,  480.000 ,  720.000 ,        0 ,  649.243 ,  649.243 ,    0.000 ,  649.243 ,  650.243 ,    0.000 ,    4.972 ,    0.000 ,   -2.265 ,       20 , 	)
  34 	 (   3 ,  600.000 ,  720.000 ,        0 ,  659.415 ,  659.415 ,    0.000 ,  659.415 ,  660.415 ,    0.000 ,    4.972 ,    0.000 ,    2.137 ,       21 , 	)
 132 	 (   2 ,  526.000 ,  766.000 ,        0 ,  676.654 ,  676.654 ,    0.000 ,  676.654 ,  677.654 ,   26.411 ,    4.972 ,    0.000 ,    4.098 ,       22 , 	)
 113 	 (   1 ,  530.000 ,  768.000 ,        0 ,  680.944 ,  680.944 ,    0.000 ,  680.944 ,  681.944 ,   58.940 ,    4.972 ,    0.000 ,   -4.159 ,       23 , 	)
  50 	 (   5 ,  556.000 ,  707.356 ,        0 ,  693.061 ,  693.061 ,    0.000 ,  693.061 ,  697.061 ,    0.000 ,    4.972 ,    0.000 ,    2.306 ,       24 , 	)
 120 	 (   4 ,  658.000 ,  838.000 ,        0 ,  709.361 ,  709.361 ,    0.000 ,  709.361 ,  710.361 ,   48.946 ,    4.972 ,    0.000 ,    8.323 ,       25 , 	)
 136 	 (   0 ,  610.000 ,  730.000 ,        0 ,  725.028 ,  725.028 ,    0.000 ,  725.028 ,  729.028 ,   27.967 ,    4.972 ,    0.000 ,   -0.404 ,       26 , 	)
 173 	 (   0 ,    0.000 , 1440.000 ,        0 ,  739.721 ,  739.721 ,    0.000 ,  739.721 ,  739.721 ,    0.000 ,  700.279 ,    0.000 ,    0.000 ,       27 , 	)

	18 sommets 
	values : ( Cost : 453.931 , TRT : 455.635 , TWT :  64.333 , TD : 455.099 )
	violations : ( VC :       0 , VTW :   0.000 , VTD :   0.000 , VTRT :   0.000 )
	cout global : (   0.000	 )
S(i)	 (   C ,     TW0 ,       TW1 ,       VTW ,       Min ,       A ,       W ,       B ,       D ,       L ,       F ,       E ,       Det ,       [Imp ,       Imp]	)
   0 	 (   0 ,    0.000 , 1440.000 ,        0 ,    0.000 ,  687.886 ,    0.000 ,  687.886 ,  687.886 ,    0.000 ,    0.000 ,  687.886 ,    0.000 ,        0 , 	)
  10 	 (   3 ,  480.000 ,  720.000 ,        0 ,   32.114 ,  720.000 ,    0.000 ,  720.000 ,  723.000 ,    0.000 ,    0.000 ,  240.000 ,    1.574 ,        1 , 	)
  85 	 (   6 ,  720.000 ,  900.000 ,        0 ,  485.967 ,  725.967 ,   23.035 ,  749.002 ,  752.002 ,    0.000 ,    0.000 ,   29.002 ,    4.492 ,        2 , 	)
 171 	 (   3 ,  749.134 ,  973.000 ,        0 ,  749.134 ,  778.136 ,    0.000 ,  778.136 ,  781.136 ,   26.134 ,    0.000 ,   29.002 ,    1.292 ,        3 , 	)
   2 	 (   7 ,  720.000 ,  960.000 ,        0 ,  761.380 ,  790.383 ,    0.000 ,  790.383 ,  794.383 ,    0.000 ,    0.000 ,   29.002 ,    0.259 ,        4 , 	)
  96 	 (   4 ,  579.000 ,  819.000 ,        0 ,  781.390 ,  810.392 ,    0.000 ,  810.392 ,  813.392 ,   87.392 ,    0.000 ,   29.002 ,  -10.656 ,        5 , 	)
  65 	 (   5 ,  720.000 ,  840.000 ,        0 ,  810.998 ,  840.000 ,    0.000 ,  840.000 ,  841.000 ,    0.000 ,    0.000 ,   29.002 ,   11.432 ,        6 , 	)
 151 	 (   4 ,  728.829 ,  862.000 ,        0 ,  819.827 ,  848.829 ,    0.000 ,  848.829 ,  849.829 ,    7.829 ,   13.171 ,   29.002 ,  -23.032 ,        7 , 	)
  81 	 (   8 ,  735.000 ,  950.698 ,        0 ,  869.040 ,  898.042 ,   39.600 ,  937.642 ,  941.642 ,    0.000 ,    0.000 ,   68.602 ,  -17.519 ,        8 , 	)
  88 	 (   4 ,  869.000 , 1049.000 ,        0 ,  889.109 ,  957.711 ,    0.000 ,  957.711 ,  961.711 ,  163.329 ,    0.000 ,   68.602 ,    9.056 ,        9 , 	)
 167 	 (   0 ,  796.000 ,  976.000 ,        0 ,  907.398 ,  976.000 ,    0.000 ,  976.000 ,  980.000 ,   34.358 ,    0.000 ,   68.602 ,    4.955 ,       10 , 	)
  82 	 (   4 ,  960.000 , 1200.000 ,        0 ,  925.245 ,  993.847 ,    1.698 ,  995.545 ,  999.545 ,    0.000 ,   32.770 ,   35.545 ,   -0.026 ,       11 , 	)
   9 	 (   7 ,  960.000 , 1140.000 ,        0 ,  976.044 , 1011.589 ,    0.000 , 1011.589 , 1014.589 ,    0.000 ,   32.770 ,   35.545 ,    7.682 ,       12 , 	)
  95 	 (   4 , 1052.000 , 1232.000 ,        0 , 1024.008 , 1059.553 ,    0.000 , 1059.553 , 1062.553 ,   44.964 ,   32.770 ,    7.553 ,    0.544 ,       13 , 	)
 168 	 (   0 , 1068.000 , 1308.000 ,        0 , 1060.447 , 1068.000 ,    0.000 , 1068.000 , 1072.000 ,   68.455 ,   32.770 ,    0.000 ,    8.612 ,       14 , 	)
  69 	 (   3 , 1034.000 , 1132.362 ,        0 , 1099.592 , 1099.592 ,    0.000 , 1099.592 , 1102.592 ,    0.000 ,   32.770 ,   -0.000 ,    2.215 ,       15 , 	)
 155 	 (   0 , 1098.000 , 1158.000 ,        0 , 1125.230 , 1125.230 ,    0.000 , 1125.230 , 1128.230 ,   22.638 ,   32.770 ,   -0.000 ,   10.108 ,       16 , 	)
 173 	 (   0 ,    0.000 , 1440.000 ,        0 , 1143.521 , 1143.521 ,    0.000 , 1143.521 , 1143.521 ,    0.000 ,  296.479 ,   -0.000 ,    0.000 ,       17 , 	)

	28 sommets 
	values : ( Cost : 401.987 , TRT : 429.682 , TWT :  75.436 , TD : 920.265 )
	violations : ( VC :       0 , VTW :   0.000 , VTD :   0.000 , VTRT :   0.000 )
	cout global : (   0.000	 )
S(i)	 (   C ,     TW0 ,       TW1 ,       VTW ,       Min ,       A ,       W ,       B ,       D ,       L ,       F ,       E ,       Det ,       [Imp ,       Imp]	)
   0 	 (   0 ,    0.000 , 1440.000 ,        0 ,    0.000 ,  755.453 ,    0.000 ,  755.453 ,  755.453 ,    0.000 ,    0.000 ,  755.453 ,    0.000 ,        0 , 	)
  84 	 (   1 ,  729.000 ,  958.332 ,        0 ,   11.980 ,  767.433 ,    0.000 ,  767.433 ,  768.433 ,    0.000 ,    0.000 ,   38.433 ,    1.070 ,        1 , 	)
   6 	 (   2 ,  720.000 ,  960.000 ,        0 ,  734.380 ,  772.814 ,    0.000 ,  772.814 ,  773.814 ,    0.000 ,    0.000 ,   38.433 ,    5.189 ,        2 , 	)
  31 	 (   3 ,  720.000 ,  780.000 ,        0 ,  741.567 ,  780.000 ,    0.000 ,  780.000 ,  781.000 ,    0.000 ,    0.000 ,   38.433 ,    0.000 ,        3 , 	)
  55 	 (   6 ,  720.000 ,  900.000 ,        0 ,  742.567 ,  781.000 ,    8.005 ,  789.005 ,  792.005 ,    0.000 ,    0.000 ,   46.438 ,    0.000 ,        4 , 	)
 141 	 (   3 ,  747.277 ,  968.000 ,        0 ,  769.844 ,  816.283 ,    0.000 ,  816.283 ,  819.283 ,   24.277 ,    0.000 ,   46.438 ,    7.158 ,        5 , 	)
  37 	 (   5 ,  756.000 ,  932.912 ,        0 ,  776.417 ,  822.856 ,    0.000 ,  822.856 ,  824.856 ,    0.000 ,    0.000 ,   46.438 ,   -0.012 ,        6 , 	)
  67 	 (   8 ,  780.000 ,  960.000 ,        0 ,  783.027 ,  829.465 ,    0.000 ,  829.465 ,  832.465 ,    0.000 ,    0.000 ,   46.438 ,   -0.384 ,        7 , 	)
 170 	 (   7 ,  809.000 ,  989.000 ,        0 ,  800.995 ,  847.433 ,    0.000 ,  847.433 ,  848.433 ,   79.000 ,    0.000 ,   38.433 ,  -11.457 ,        8 , 	)
  92 	 (   6 ,  785.000 , 1025.000 ,        0 ,  816.468 ,  854.901 ,    0.000 ,  854.901 ,  855.901 ,   81.087 ,    5.913 ,   38.433 ,    3.249 ,        9 , 	)
 153 	 (   3 ,  828.000 , 1065.000 ,        0 ,  826.054 ,  864.487 ,    0.000 ,  864.487 ,  867.487 ,   32.022 ,   15.121 ,   36.487 ,    6.229 ,       10 , 	)
   7 	 (   5 ,  780.000 ,  900.000 ,        0 ,  837.341 ,  873.829 ,   15.121 ,  888.950 ,  890.950 ,    0.000 ,    0.000 ,   51.608 ,    1.047 ,       11 , 	)
 117 	 (   4 ,  767.000 , 1000.000 ,        0 ,  845.103 ,  896.711 ,    0.000 ,  896.711 ,  897.711 ,  115.711 ,    0.000 ,   51.608 ,    5.710 ,       12 , 	)
  17 	 (   8 ,  720.000 ,  960.000 ,        0 ,  851.619 ,  903.227 ,    0.000 ,  903.227 ,  907.227 ,    0.000 ,    0.000 ,   51.608 ,   11.901 ,       13 , 	)
 123 	 (   6 ,  849.000 ,  969.000 ,        0 ,  864.247 ,  915.856 ,    0.000 ,  915.856 ,  917.856 ,   91.000 ,    0.000 ,   51.608 ,    0.921 ,       14 , 	)
  72 	 (   7 ,  720.000 ,  960.000 ,        0 ,  878.622 ,  930.230 ,    1.571 ,  931.801 ,  932.801 ,    0.000 ,    0.000 ,   53.179 ,   -1.191 ,       15 , 	)
  76 	 (   8 ,  732.000 ,  954.564 ,        0 ,  885.353 ,  938.532 ,    0.000 ,  938.532 ,  939.532 ,    0.000 ,    0.000 ,   53.179 ,    1.050 ,       16 , 	)
  93 	 (   6 ,  806.230 ,  967.000 ,        0 ,  895.219 ,  948.398 ,    0.000 ,  948.398 ,  950.398 ,   57.448 ,    0.000 ,   53.179 ,    7.749 ,       17 , 	)
  56 	 (   7 ,  720.000 ,  960.000 ,        0 ,  906.821 ,  960.000 ,    0.000 ,  960.000 ,  961.000 ,    0.000 ,    0.000 ,   53.179 ,    7.337 ,       18 , 	)
 162 	 (   6 ,  801.000 ,  981.000 ,        0 ,  926.829 ,  980.008 ,    0.000 ,  980.008 ,  981.008 ,   40.475 ,    0.992 ,   53.179 ,    0.000 ,       19 , 	)
 103 	 (   2 ,  907.000 , 1087.000 ,        0 ,  927.829 ,  981.008 ,    0.000 ,  981.008 ,  985.008 ,   73.780 ,   10.557 ,   53.179 ,    0.000 ,       20 , 	)
 158 	 (   1 ,  791.000 , 1031.000 ,        0 ,  947.866 , 1001.045 ,    0.000 , 1001.045 , 1002.045 ,   68.244 ,   10.557 ,   53.179 ,    0.654 ,       21 , 	)
  41 	 (   4 ,  995.000 , 1176.561 ,        0 ,  955.490 , 1008.669 ,   10.557 , 1019.226 , 1022.226 ,    0.000 ,    0.000 ,   24.226 ,    3.549 ,       22 , 	)
 142 	 (   3 ,  791.000 , 1031.000 ,        0 , 1006.774 , 1031.000 ,    0.000 , 1031.000 , 1032.000 ,   70.000 ,   -0.000 ,   24.226 ,    3.325 ,       23 , 	)
  54 	 (   6 ,  960.000 , 1200.000 ,        0 , 1022.473 , 1046.699 ,   40.182 , 1086.881 , 1089.881 ,    0.000 ,   24.226 ,   64.408 ,    5.850 ,       24 , 	)
 140 	 (   3 , 1091.000 , 1271.000 ,        0 , 1074.919 , 1139.327 ,    0.000 , 1139.327 , 1142.327 ,   49.446 ,   24.226 ,   48.327 ,   29.113 ,       25 , 	)
 127 	 (   0 , 1160.000 , 1220.000 ,        0 , 1111.673 , 1160.000 ,    0.000 , 1160.000 , 1163.000 ,  137.774 ,   24.226 ,    0.000 ,    6.233 ,       26 , 	)
 173 	 (   0 ,    0.000 , 1440.000 ,        0 , 1185.135 , 1185.135 ,    0.000 , 1185.135 , 1185.135 ,    0.000 ,  254.865 ,   -0.000 ,    0.000 ,       27 , 	)

	12 sommets 
	values : ( Cost : 171.121 , TRT : 148.662 , TWT :   0.000 , TD : 212.759 )
	violations : ( VC :       0 , VTW :   0.000 , VTD :   0.000 , VTRT :   0.000 )
	cout global : (   0.000	 )
S(i)	 (   C ,     TW0 ,       TW1 ,       VTW ,       Min ,       A ,       W ,       B ,       D ,       L ,       F ,       E ,       Det ,       [Imp ,       Imp]	)
   0 	 (   0 ,    0.000 , 1440.000 ,        0 ,    0.000 ,  288.066 ,    0.000 ,  288.066 ,  288.066 ,    0.000 ,   16.826 ,  288.066 ,    0.000 ,        0 , 	)
   8 	 (   1 ,  287.000 ,  437.314 ,        0 ,    6.753 ,  294.819 ,    0.000 ,  294.819 ,  295.819 ,    0.000 ,   16.826 ,    7.819 ,   16.514 ,        1 , 	)
  75 	 (   2 ,  240.000 ,  480.000 ,        0 ,  315.605 ,  323.424 ,    0.000 ,  323.424 ,  324.424 ,    0.000 ,    7.819 ,    7.819 ,    0.000 ,        2 , 	)
  20 	 (   4 ,  240.000 ,  360.000 ,        0 ,  316.605 ,  324.424 ,    0.000 ,  324.424 ,  326.424 ,    0.000 ,    7.819 ,    7.819 ,    0.000 ,        3 , 	)
  94 	 (   3 ,  336.000 ,  456.000 ,        0 ,  328.181 ,  336.000 ,    0.000 ,  336.000 ,  337.000 ,   40.181 ,    7.819 ,    0.000 ,    0.059 ,        4 , 	)
 161 	 (   2 ,  304.000 ,  544.000 ,        0 ,  359.117 ,  359.117 ,    0.000 ,  359.117 ,  360.117 ,   34.693 ,   16.826 ,    0.000 ,    3.104 ,        5 , 	)
  52 	 (   6 ,  240.000 ,  420.000 ,        0 ,  365.663 ,  365.663 ,    0.000 ,  365.663 ,  369.663 ,    0.000 ,   16.826 ,    0.000 ,    2.065 ,        6 , 	)
 106 	 (   4 ,  357.000 ,  417.000 ,        0 ,  400.174 ,  400.174 ,    0.000 ,  400.174 ,  402.174 ,   73.750 ,   16.826 ,    0.000 ,    1.353 ,        7 , 	)
  33 	 (   6 ,  240.000 ,  480.000 ,        0 ,  408.134 ,  408.134 ,    0.000 ,  408.134 ,  410.134 ,    0.000 ,   17.697 ,    0.000 ,   10.286 ,        8 , 	)
 138 	 (   2 ,  294.000 ,  474.000 ,        0 ,  419.966 ,  419.966 ,    0.000 ,  419.966 ,  423.966 ,   50.303 ,   13.168 ,    0.000 ,    0.000 ,        9 , 	)
 119 	 (   0 ,  261.000 ,  501.000 ,        0 ,  423.966 ,  423.966 ,    0.000 ,  423.966 ,  425.966 ,   13.832 ,   13.168 ,    0.000 ,    0.000 ,       10 , 	)
 173 	 (   0 ,    0.000 , 1440.000 ,        0 ,  436.729 ,  436.729 ,    0.000 ,  436.729 ,  436.729 ,    0.000 , 1003.271 ,    0.000 ,    0.000 ,       11 , 	)

	20 sommets 
	values : ( Cost : 388.222 , TRT : 376.508 , TWT :  46.612 , TD : 656.890 )
	violations : ( VC :       0 , VTW :   0.000 , VTD :   0.000 , VTRT :   0.000 )
	cout global : (   0.000	 )
S(i)	 (   C ,     TW0 ,       TW1 ,       VTW ,       Min ,       A ,       W ,       B ,       D ,       L ,       F ,       E ,       Det ,       [Imp ,       Imp]	)
   0 	 (   0 ,    0.000 , 1440.000 ,        0 ,    0.000 ,  851.268 ,    0.000 ,  851.268 ,  851.268 ,    0.000 ,    0.000 ,  851.268 ,    0.000 ,        0 , 	)
   3 	 (   3 ,  720.000 ,  960.000 ,        0 ,   12.892 ,  864.160 ,    0.000 ,  864.160 ,  867.160 ,    0.000 ,    0.000 ,  144.160 ,    0.000 ,        1 , 	)
  73 	 (   4 ,  720.000 ,  960.000 ,        0 ,  723.000 ,  867.160 ,    0.000 ,  867.160 ,  868.160 ,    0.000 ,    0.000 ,  144.160 ,    0.000 ,        2 , 	)
  83 	 (   7 ,  720.000 ,  960.000 ,        0 ,  748.017 ,  892.177 ,    0.000 ,  892.177 ,  895.177 ,    0.000 ,    0.000 ,  144.160 ,    4.470 ,        3 , 	)
  57 	 (   8 ,  720.000 ,  960.000 ,        0 ,  788.811 ,  932.971 ,    0.000 ,  932.971 ,  933.971 ,    0.000 ,    0.000 ,  144.160 ,   18.966 ,        4 , 	)
 159 	 (   7 ,  853.000 , 1033.000 ,        0 ,  803.523 ,  947.683 ,    0.000 ,  947.683 ,  948.683 ,   79.523 ,    0.000 ,   94.683 ,    0.000 ,        5 , 	)
 169 	 (   4 ,  787.000 , 1027.000 ,        0 ,  854.000 ,  948.683 ,    0.000 ,  948.683 ,  951.683 ,   53.507 ,    0.000 ,   94.683 ,    0.000 ,        6 , 	)
  79 	 (   8 ,  780.000 ,  960.000 ,        0 ,  865.317 ,  960.000 ,    0.000 ,  960.000 ,  964.000 ,    0.000 ,    0.000 ,   94.683 ,   -0.092 ,        7 , 	)
  89 	 (   5 ,  841.000 , 1021.000 ,        0 ,  873.786 ,  968.469 ,    0.000 ,  968.469 ,  971.469 ,  101.309 ,    6.404 ,   94.683 ,    2.383 ,        8 , 	)
  86 	 (   7 ,  960.000 , 1200.000 ,        0 ,  889.273 ,  983.956 ,    6.404 ,  990.360 ,  992.360 ,    0.000 ,    0.000 ,   30.360 ,    8.038 ,        9 , 	)
 143 	 (   6 ,  788.000 , 1028.000 ,        0 ,  986.212 , 1016.572 ,    0.000 , 1016.572 , 1017.572 ,   82.601 ,    0.000 ,   30.360 ,    3.322 ,       10 , 	)
 172 	 (   4 , 1018.000 , 1258.000 ,        0 ,  994.605 , 1024.965 ,    0.000 , 1024.965 , 1026.965 ,   32.605 ,    0.000 ,    6.965 ,   10.546 ,       11 , 	)
  77 	 (   6 , 1020.000 , 1200.000 ,        0 , 1046.496 , 1053.462 ,    0.000 , 1053.462 , 1055.462 ,    0.000 ,    0.000 ,    6.965 ,    6.186 ,       12 , 	)
 165 	 (   2 ,  848.000 , 1088.000 ,        0 , 1081.035 , 1088.000 ,    0.000 , 1088.000 , 1092.000 ,  124.000 ,   -0.000 ,    6.965 ,   -1.800 ,       13 , 	)
  59 	 (   3 ,  998.000 , 1171.104 ,        0 , 1094.475 , 1101.441 ,   40.208 , 1141.649 , 1142.649 ,    0.000 ,    2.738 ,   47.174 ,    9.151 ,       14 , 	)
 163 	 (   1 , 1158.000 , 1278.000 ,        0 , 1110.826 , 1158.000 ,    0.000 , 1158.000 , 1160.000 ,  102.538 ,    2.738 ,    0.000 ,    0.405 ,       15 , 	)
  15 	 (   3 ,  997.000 , 1172.168 ,        0 , 1164.684 , 1164.684 ,    0.000 , 1164.684 , 1166.684 ,    0.000 ,    2.738 ,   -0.000 ,    0.312 ,       16 , 	)
 145 	 (   2 , 1084.000 , 1204.000 ,        0 , 1185.878 , 1185.878 ,    0.000 , 1185.878 , 1186.878 ,   43.229 ,    2.738 ,   -0.000 ,    3.745 ,       17 , 	)
 101 	 (   0 , 1087.000 , 1207.000 ,        0 , 1204.262 , 1204.262 ,    0.000 , 1204.262 , 1206.262 ,   37.577 ,    2.738 ,   -0.000 ,   17.838 ,       18 , 	)
 173 	 (   0 ,    0.000 , 1440.000 ,        0 , 1227.777 , 1227.777 ,    0.000 , 1227.777 , 1227.777 ,    0.000 ,  212.223 ,   -0.000 ,    0.000 ,       19 , 	)

	16 sommets 
	values : ( Cost : 281.527 , TRT : 324.209 , TWT :  76.535 , TD : 469.063 )
	violations : ( VC :       0 , VTW :   0.000 , VTD :   0.000 , VTRT :   0.000 )
	cout global : (   0.000	 )
S(i)	 (   C ,     TW0 ,       TW1 ,       VTW ,       Min ,       A ,       W ,       B ,       D ,       L ,       F ,       E ,       Det ,       [Imp ,       Imp]	)
   0 	 (   0 ,    0.000 , 1440.000 ,        0 ,    0.000 ,  807.326 ,    0.000 ,  807.326 ,  807.326 ,    0.000 ,    0.000 ,  807.326 ,    0.000 ,        0 , 	)
  80 	 (   1 ,  780.000 ,  900.000 ,        0 ,   12.911 ,  820.237 ,    0.000 ,  820.237 ,  821.237 ,    0.000 ,    0.000 ,   40.237 ,    5.741 ,        1 , 	)
  21 	 (   4 ,  780.000 ,  960.000 ,        0 ,  787.853 ,  828.089 ,    0.000 ,  828.089 ,  831.089 ,    0.000 ,    0.000 ,   40.237 ,    3.611 ,        2 , 	)
  78 	 (   5 ,  720.000 ,  840.000 ,        0 ,  799.763 ,  840.000 ,    0.000 ,  840.000 ,  841.000 ,    0.000 ,    0.000 ,   40.237 ,    5.858 ,        3 , 	)
  14 	 (   7 ,  780.000 ,  960.000 ,        0 ,  808.458 ,  848.695 ,   21.541 ,  870.236 ,  872.236 ,    0.000 ,    0.000 ,   61.778 ,    2.164 ,        4 , 	)
 166 	 (   6 ,  803.916 ,  962.000 ,        0 ,  820.459 ,  882.237 ,    0.000 ,  882.237 ,  883.237 ,   61.000 ,    0.000 ,   61.778 ,   -0.707 ,        5 , 	)
 100 	 (   4 ,  822.000 , 1057.000 ,        0 ,  846.235 ,  908.013 ,    0.000 ,  908.013 ,  910.013 ,   35.777 ,   32.708 ,   61.778 ,    0.905 ,        6 , 	)
 107 	 (   1 ,  855.000 , 1095.000 ,        0 ,  854.733 ,  916.511 ,    0.000 ,  916.511 ,  919.511 ,   85.422 ,   32.708 ,   61.511 ,   -2.462 ,        7 , 	)
 164 	 (   0 ,  790.000 ,  970.000 ,        0 ,  867.465 ,  928.976 ,    0.000 ,  928.976 ,  929.976 ,   87.976 ,   32.708 ,   61.511 ,   -5.620 ,        8 , 	)
  28 	 (   4 ,  960.000 , 1200.000 ,        0 ,  883.732 ,  945.244 ,   32.708 ,  977.951 ,  981.951 ,    0.000 ,    0.000 ,   17.951 ,   30.284 ,        9 , 	)
  24 	 (   8 ,  960.000 , 1020.000 ,        0 , 1002.049 , 1020.000 ,    0.000 , 1020.000 , 1024.000 ,    0.000 ,    0.000 ,   17.951 ,    2.280 ,       10 , 	)
 114 	 (   4 , 1058.000 , 1298.000 ,        0 , 1017.763 , 1035.714 ,   22.286 , 1058.000 , 1062.000 ,   76.049 ,   28.849 ,    0.000 ,    0.000 ,       11 , 	)
  49 	 (   7 , 1000.000 , 1168.311 ,        0 , 1062.000 , 1062.000 ,    0.000 , 1062.000 , 1065.000 ,    0.000 ,   28.849 ,    0.000 ,    0.000 ,       12 , 	)
 135 	 (   4 , 1080.000 , 1200.000 ,        0 , 1093.689 , 1093.689 ,    0.000 , 1093.689 , 1096.689 ,   28.689 ,   28.849 ,    0.000 ,   -5.356 ,       13 , 	)
 110 	 (   0 , 1009.877 , 1147.000 ,        0 , 1118.151 , 1118.151 ,    0.000 , 1118.151 , 1122.151 ,   94.151 ,   28.849 ,   -0.000 ,    4.976 ,       14 , 	)
 173 	 (   0 ,    0.000 , 1440.000 ,        0 , 1131.535 , 1131.535 ,    0.000 , 1131.535 , 1131.535 ,    0.000 ,  308.465 ,   -0.000 ,    0.000 ,       15 , 	)
