12
	VALUE ALL : ( Cost : 3826.104 , TRT : 3731.461 , TWT : 476.691 , TD : 5683.197 )
	VIOLATIONS TOTAL : ( VC :       0 , VTW :   0.000 , VTD :   0.000 , VTRT :   0.000 )
 	COUT_ALL : (   0.003 )  T2B:   32401

	16 sommets 
	values : ( Cost : 288.853 , TRT : 340.917 , TWT :  89.735 , TD : 469.727 )
	violations : ( VC :       0 , VTW :   0.000 , VTD :   0.000 , VTRT :   0.000 )
	cout global : (   0.000	 )
S(i)	 (   C ,     TW0 ,       TW1 ,       VTW ,       Min ,       A ,       W ,       B ,       D ,       L ,       F ,       E ,       Det ,       [Imp ,       Imp]	)
   0 	 (   0 ,    0.000 , 1440.000 ,        0 ,    0.000 ,  294.356 ,    0.000 ,  294.356 ,  294.356 ,    0.000 ,    0.000 ,  294.356 ,    0.000 ,        0 , 	)
  22 	 (   4 ,  300.000 ,  480.000 ,        0 ,    7.090 ,  301.446 ,    0.000 ,  301.446 ,  305.446 ,    0.000 ,    0.000 ,    1.446 ,    4.275 ,        1 , 	)
  19 	 (   5 ,  240.000 ,  420.000 ,        0 ,  308.945 ,  310.391 ,    0.000 ,  310.391 ,  311.391 ,    0.000 ,    0.000 ,    1.446 ,    5.108 ,        2 , 	)
  27 	 (   6 ,  240.000 ,  420.000 ,        0 ,  325.955 ,  327.401 ,    0.000 ,  327.401 ,  328.401 ,    0.000 ,    0.000 ,    1.446 ,   13.743 ,        3 , 	)
 108 	 (   2 ,  331.600 ,  558.000 ,        0 ,  346.392 ,  347.838 ,    0.000 ,  347.838 ,  351.838 ,   42.392 ,    0.000 ,    1.446 ,    8.477 ,        4 , 	)
  49 	 (   3 ,  300.000 ,  360.000 ,        0 ,  358.554 ,  360.000 ,    0.000 ,  360.000 ,  361.000 ,    0.000 ,   -0.000 ,    1.446 ,    3.558 ,        5 , 	)
 105 	 (   2 ,  290.000 ,  528.000 ,        0 ,  376.631 ,  378.077 ,    0.000 ,  378.077 ,  379.077 ,   66.686 ,   10.248 ,    1.446 ,    5.358 ,        6 , 	)
 113 	 (   1 ,  307.000 ,  487.000 ,        0 ,  383.789 ,  385.235 ,    0.000 ,  385.235 ,  386.235 ,   56.835 ,   10.248 ,    1.446 ,    2.026 ,        7 , 	)
  55 	 (   5 ,  240.000 ,  420.000 ,        0 ,  408.306 ,  409.752 ,   10.248 ,  420.000 ,  424.000 ,    0.000 ,    0.000 ,   11.694 ,    3.878 ,        8 , 	)
 135 	 (   4 ,  342.486 ,  472.000 ,        0 ,  422.014 ,  433.708 ,    0.000 ,  433.708 ,  434.708 ,   72.708 ,   38.292 ,   11.694 ,    2.645 ,        9 , 	)
  70 	 (   7 ,  480.000 ,  660.000 ,        0 ,  433.779 ,  445.473 ,   48.639 ,  494.112 ,  497.112 ,    0.000 ,    0.000 ,   14.112 ,    7.341 ,       10 , 	)
 156 	 (   4 ,  515.000 ,  755.000 ,        0 ,  506.456 ,  520.568 ,    0.000 ,  520.568 ,  523.568 ,   23.456 ,    0.000 ,    5.568 ,    1.920 ,       11 , 	)
  33 	 (   7 ,  480.000 ,  720.000 ,        0 ,  536.782 ,  542.350 ,    0.000 ,  542.350 ,  545.350 ,    0.000 ,    0.000 ,    5.568 ,   -0.647 ,       12 , 	)
 141 	 (   3 ,  315.000 ,  555.000 ,        0 ,  549.432 ,  555.000 ,    0.000 ,  555.000 ,  559.000 ,  131.000 ,    0.000 ,    5.568 ,    0.631 ,       13 , 	)
 119 	 (   0 ,  622.000 ,  802.000 ,        0 ,  585.585 ,  591.153 ,   30.847 ,  622.000 ,  625.000 ,   76.650 ,   88.350 ,    0.000 ,   18.177 ,       14 , 	)
 173 	 (   0 ,    0.000 , 1440.000 ,        0 ,  635.273 ,  635.273 ,    0.000 ,  635.273 ,  635.273 ,    0.000 ,  804.727 ,    0.000 ,    0.000 ,       15 , 	)

	14 sommets 
	values : ( Cost : 245.157 , TRT : 220.329 , TWT :   0.000 , TD : 279.629 )
	violations : ( VC :       0 , VTW :   0.000 , VTD :   0.000 , VTRT :   0.000 )
	cout global : (   0.000	 )
S(i)	 (   C ,     TW0 ,       TW1 ,       VTW ,       Min ,       A ,       W ,       B ,       D ,       L ,       F ,       E ,       Det ,       [Imp ,       Imp]	)
   0 	 (   0 ,    0.000 , 1440.000 ,        0 ,    0.000 ,  268.057 ,    0.000 ,  268.057 ,  268.057 ,    0.000 ,   25.657 ,  268.057 ,    0.000 ,        0 , 	)
  16 	 (   2 ,  240.000 ,  480.000 ,        0 ,   17.627 ,  285.684 ,    0.000 ,  285.684 ,  287.684 ,    0.000 ,   25.657 ,   45.684 ,    0.000 ,        1 , 	)
  58 	 (   4 ,  254.000 ,  472.175 ,        0 ,  242.000 ,  287.684 ,    0.000 ,  287.684 ,  289.684 ,    0.000 ,   25.657 ,   33.684 ,    0.000 ,        2 , 	)
  23 	 (   7 ,  240.000 ,  420.000 ,        0 ,  277.507 ,  311.191 ,    0.000 ,  311.191 ,  314.191 ,    0.000 ,   25.657 ,   33.684 ,    8.826 ,        3 , 	)
 144 	 (   5 ,  317.000 ,  497.000 ,        0 ,  290.651 ,  324.335 ,    0.000 ,  324.335 ,  326.335 ,   34.651 ,   25.657 ,    7.335 ,   -1.581 ,        4 , 	)
   1 	 (   8 ,  240.000 ,  420.000 ,        0 ,  331.168 ,  338.503 ,    0.000 ,  338.503 ,  341.503 ,    0.000 ,   25.657 ,    7.335 ,    6.739 ,        5 , 	)
 109 	 (   5 ,  331.000 ,  511.000 ,        0 ,  360.505 ,  367.841 ,    0.000 ,  367.841 ,  370.841 ,   53.650 ,   25.657 ,    7.335 ,    8.737 ,        6 , 	)
  87 	 (   2 ,  288.000 ,  468.000 ,        0 ,  368.665 ,  376.000 ,    0.000 ,  376.000 ,  379.000 ,   34.497 ,   25.657 ,    7.335 ,    0.000 ,        7 , 	)
 102 	 (   0 ,  379.000 ,  559.000 ,        0 ,  371.665 ,  379.000 ,    0.000 ,  379.000 ,  381.000 ,   91.316 ,   25.657 ,    0.000 ,    0.000 ,        8 , 	)
  68 	 (   4 ,  300.000 ,  420.000 ,        0 ,  394.343 ,  394.343 ,    0.000 ,  394.343 ,  398.343 ,    0.000 ,   25.657 ,    0.000 ,    6.215 ,        9 , 	)
 154 	 (   0 ,  389.000 ,  509.000 ,        0 ,  441.506 ,  441.506 ,    0.000 ,  441.506 ,  445.506 ,   43.163 ,   34.494 ,    0.000 ,    0.000 ,       10 , 	)
  11 	 (   4 ,  300.000 ,  480.000 ,        0 ,  445.506 ,  445.506 ,    0.000 ,  445.506 ,  449.506 ,    0.000 ,   34.494 ,    0.000 ,    0.000 ,       11 , 	)
  97 	 (   0 ,  326.352 ,  529.000 ,        0 ,  471.858 ,  471.858 ,    0.000 ,  471.858 ,  475.858 ,   22.352 ,   22.648 ,    0.000 ,    5.015 ,       12 , 	)
 173 	 (   0 ,    0.000 , 1440.000 ,        0 ,  488.386 ,  488.386 ,    0.000 ,  488.386 ,  488.386 ,    0.000 ,  951.614 ,    0.000 ,    0.000 ,       13 , 	)

	18 sommets 
	values : ( Cost : 424.084 , TRT : 382.396 , TWT :  27.535 , TD : 496.593 )
	violations : ( VC :       0 , VTW :   0.000 , VTD :   0.000 , VTRT :   0.000 )
	cout global : (   0.000	 )
S(i)	 (   C ,     TW0 ,       TW1 ,       VTW ,       Min ,       A ,       W ,       B ,       D ,       L ,       F ,       E ,       Det ,       [Imp ,       Imp]	)
   0 	 (   0 ,    0.000 , 1440.000 ,        0 ,    0.000 ,  813.774 ,    0.000 ,  813.774 ,  813.774 ,    0.000 ,    0.000 ,  813.774 ,    0.000 ,        0 , 	)
  10 	 (   1 ,  780.000 ,  840.000 ,        0 ,   14.061 ,  827.835 ,    0.000 ,  827.835 ,  828.835 ,    0.000 ,    0.000 ,   47.835 ,   21.494 ,        1 , 	)
  77 	 (   2 ,  840.000 ,  960.000 ,        0 ,  798.537 ,  846.372 ,    0.000 ,  846.372 ,  847.372 ,    0.000 ,    0.000 ,    6.372 ,   -4.160 ,        2 , 	)
  12 	 (   6 ,  720.000 ,  960.000 ,        0 ,  851.377 ,  857.749 ,    0.000 ,  857.749 ,  861.749 ,    0.000 ,    0.000 ,    6.372 ,    4.124 ,        3 , 	)
  25 	 (   7 ,  791.000 ,  896.764 ,        0 ,  865.239 ,  871.611 ,    0.000 ,  871.611 ,  872.611 ,    0.000 ,    0.000 ,    6.372 ,    1.511 ,        4 , 	)
  96 	 (   6 ,  812.223 ,  925.000 ,        0 ,  868.684 ,  875.056 ,    0.000 ,  875.056 ,  876.056 ,   46.221 ,    0.000 ,    6.372 ,    1.150 ,        5 , 	)
  38 	 (   8 ,  780.000 ,  960.000 ,        0 ,  874.276 ,  880.648 ,    0.000 ,  880.648 ,  882.648 ,    0.000 ,    0.000 ,    6.372 ,   -6.530 ,        6 , 	)
 111 	 (   7 ,  865.000 ,  925.000 ,        0 ,  893.325 ,  899.697 ,    0.000 ,  899.697 ,  900.697 ,   27.086 ,    0.000 ,    6.372 ,    6.823 ,        7 , 	)
 124 	 (   5 ,  885.000 , 1065.000 ,        0 ,  935.999 ,  942.371 ,    0.000 ,  942.371 ,  944.371 ,   59.723 ,    0.000 ,    6.372 ,   -6.001 ,        8 , 	)
  28 	 (   6 ,  780.000 ,  960.000 ,        0 ,  953.628 ,  960.000 ,    0.000 ,  960.000 ,  961.000 ,    0.000 ,    0.000 ,    6.372 ,    3.226 ,        9 , 	)
  98 	 (   2 ,  945.000 , 1125.000 ,        0 ,  965.158 ,  971.530 ,    0.000 ,  971.530 ,  975.530 ,  109.781 ,   18.874 ,    6.372 ,   -0.207 ,       10 , 	)
 163 	 (   1 ,  975.000 , 1215.000 ,        0 ,  987.005 ,  993.377 ,    0.000 ,  993.377 ,  994.377 ,  146.005 ,   18.874 ,    6.372 ,    3.377 ,       11 , 	)
 114 	 (   0 ,  836.000 , 1016.000 ,        0 ,  990.753 ,  997.126 ,    0.000 ,  997.126 ,  998.126 ,   36.126 ,   18.874 ,    6.372 ,   -0.251 ,       12 , 	)
  26 	 (   4 , 1000.000 , 1107.777 ,        0 , 1007.392 , 1013.765 ,   27.535 , 1041.300 , 1045.300 ,    0.000 ,   60.000 ,   33.908 ,    2.336 ,       13 , 	)
  85 	 (   8 ,  969.000 , 1198.537 ,        0 , 1014.983 , 1048.891 ,    0.000 , 1048.891 , 1052.891 ,    0.000 ,   41.300 ,   33.908 ,    2.477 ,       14 , 	)
 112 	 (   4 , 1080.000 , 1140.000 ,        0 , 1046.092 , 1080.000 ,    0.000 , 1080.000 , 1084.000 ,   34.700 ,   41.300 ,    0.000 ,    3.488 ,       15 , 	)
 171 	 (   0 , 1052.000 , 1232.000 ,        0 , 1089.842 , 1089.842 ,    0.000 , 1089.842 , 1093.842 ,   36.951 ,   42.049 ,   -0.000 ,    7.317 ,       16 , 	)
 173 	 (   0 ,    0.000 , 1440.000 ,        0 , 1196.170 , 1196.170 ,    0.000 , 1196.170 , 1196.170 ,    0.000 ,  243.830 ,   -0.000 ,    0.000 ,       17 , 	)

	16 sommets 
	values : ( Cost : 276.262 , TRT : 416.792 , TWT : 183.077 , TD : 627.111 )
	violations : ( VC :       0 , VTW :   0.000 , VTD :   0.000 , VTRT :   0.000 )
	cout global : (   0.000	 )
S(i)	 (   C ,     TW0 ,       TW1 ,       VTW ,       Min ,       A ,       W ,       B ,       D ,       L ,       F ,       E ,       Det ,       [Imp ,       Imp]	)
   0 	 (   0 ,    0.000 , 1440.000 ,        0 ,    0.000 ,  693.373 ,    0.000 ,  693.373 ,  693.373 ,    0.000 ,    0.000 ,  693.373 ,    0.000 ,        0 , 	)
   7 	 (   3 ,  493.000 ,  711.745 ,        0 ,   10.893 ,  704.266 ,    0.000 ,  704.266 ,  707.266 ,    0.000 ,    0.000 ,  211.266 ,    7.270 ,        1 , 	)
  41 	 (   4 ,  660.000 ,  720.000 ,        0 ,  508.734 ,  720.000 ,    0.000 ,  720.000 ,  721.000 ,    0.000 ,    0.000 ,   60.000 ,   -1.950 ,        2 , 	)
  93 	 (   1 ,  558.000 ,  738.000 ,        0 ,  669.571 ,  729.571 ,    0.000 ,  729.571 ,  732.571 ,   22.305 ,    8.429 ,   60.000 ,    5.333 ,        3 , 	)
  72 	 (   2 ,  730.000 ,  956.547 ,        0 ,  679.963 ,  739.963 ,  129.626 ,  869.589 ,  870.589 ,    0.000 ,    0.000 ,  139.589 ,    2.573 ,        4 , 	)
  14 	 (   6 ,  720.000 ,  900.000 ,        0 ,  744.761 ,  884.350 ,    0.000 ,  884.350 ,  888.350 ,    0.000 ,    0.000 ,  139.589 ,    2.177 ,        5 , 	)
  81 	 (   7 ,  780.000 ,  960.000 ,        0 ,  751.169 ,  890.759 ,    0.000 ,  890.759 ,  891.759 ,    0.000 ,    0.000 ,  110.759 ,   -1.099 ,        6 , 	)
 158 	 (   6 ,  805.000 ,  985.000 ,        0 ,  802.241 ,  913.000 ,    0.000 ,  913.000 ,  914.000 ,   42.411 ,    0.000 ,  108.000 ,    0.000 ,        7 , 	)
 127 	 (   5 ,  697.241 ,  914.000 ,        0 ,  806.000 ,  914.000 ,    0.000 ,  914.000 ,  915.000 ,  193.000 ,    0.000 ,  108.000 ,    0.000 ,        8 , 	)
  36 	 (   6 ,  960.000 , 1140.000 ,        0 ,  809.403 ,  917.403 ,   44.477 ,  961.880 ,  962.880 ,    0.000 ,    0.000 ,    1.880 ,    3.578 ,        9 , 	)
  66 	 (   8 ,  960.000 , 1200.000 ,        0 ,  991.120 ,  993.000 ,    0.000 ,  993.000 ,  995.000 ,    0.000 ,    0.000 ,    1.880 ,    0.000 ,       10 , 	)
 100 	 (   4 ,  815.000 ,  995.000 ,        0 ,  993.120 ,  995.000 ,    0.000 ,  995.000 ,  999.000 ,  106.650 ,    0.000 ,    1.880 ,    0.000 ,       11 , 	)
 167 	 (   3 ,  871.000 , 1051.000 ,        0 ,  997.120 ,  999.000 ,    0.000 ,  999.000 , 1000.000 ,  107.241 ,   13.759 ,    1.880 ,    0.000 ,       12 , 	)
 122 	 (   2 , 1018.000 , 1258.000 ,        0 , 1021.505 , 1023.384 ,    0.000 , 1023.384 , 1024.384 ,   60.505 ,   45.974 ,    1.880 ,   30.490 ,       13 , 	)
 152 	 (   0 , 1090.000 , 1270.000 ,        0 , 1079.147 , 1081.026 ,    8.974 , 1090.000 , 1092.000 ,   95.000 ,   37.000 ,    0.000 ,    9.540 ,       14 , 	)
 173 	 (   0 ,    0.000 , 1440.000 ,        0 , 1110.165 , 1110.165 ,    0.000 , 1110.165 , 1110.165 ,    0.000 ,  329.835 ,   -0.000 ,    0.000 ,       15 , 	)

	14 sommets 
	values : ( Cost : 191.743 , TRT : 170.168 , TWT :   0.000 , TD : 278.530 )
	violations : ( VC :       0 , VTW :   0.000 , VTD :   0.000 , VTRT :   0.000 )
	cout global : (   0.000	 )
S(i)	 (   C ,     TW0 ,       TW1 ,       VTW ,       Min ,       A ,       W ,       B ,       D ,       L ,       F ,       E ,       Det ,       [Imp ,       Imp]	)
   0 	 (   0 ,    0.000 , 1440.000 ,        0 ,    0.000 ,  295.780 ,    0.000 ,  295.780 ,  295.780 ,    0.000 ,   15.614 ,  295.780 ,    0.000 ,        0 , 	)
  18 	 (   1 ,  300.000 ,  420.000 ,        0 ,   15.596 ,  311.376 ,    0.000 ,  311.376 ,  312.376 ,    0.000 ,   15.614 ,   11.376 ,    1.159 ,        1 , 	)
   3 	 (   5 ,  240.000 ,  480.000 ,        0 ,  309.480 ,  320.856 ,    0.000 ,  320.856 ,  324.856 ,    0.000 ,   15.265 ,   11.376 ,   14.775 ,        2 , 	)
  24 	 (   6 ,  317.000 ,  467.244 ,        0 ,  332.506 ,  343.882 ,    0.000 ,  343.882 ,  344.882 ,    0.000 ,   15.265 ,   11.376 ,    3.258 ,        3 , 	)
  35 	 (   8 ,  283.000 ,  382.613 ,        0 ,  341.430 ,  352.806 ,    0.000 ,  352.806 ,  354.806 ,    0.000 ,   15.265 ,   11.376 ,    1.362 ,        4 , 	)
 110 	 (   7 ,  366.000 ,  486.000 ,        0 ,  354.624 ,  366.000 ,    0.000 ,  366.000 ,  367.000 ,   21.118 ,   15.265 ,    0.000 ,    6.805 ,        5 , 	)
 104 	 (   6 ,  329.860 ,  498.000 ,        0 ,  374.111 ,  374.111 ,    0.000 ,  374.111 ,  375.111 ,   61.735 ,   15.265 ,    0.000 ,    5.365 ,        6 , 	)
 121 	 (   4 ,  348.000 ,  408.000 ,        0 ,  392.386 ,  392.386 ,    0.000 ,  392.386 ,  394.386 ,   37.580 ,   15.614 ,    0.000 ,    2.597 ,        7 , 	)
  46 	 (   5 ,  278.000 ,  450.501 ,        0 ,  406.956 ,  406.956 ,    0.000 ,  406.956 ,  407.956 ,    0.000 ,   31.545 ,    0.000 ,    0.000 ,        8 , 	)
  89 	 (   1 ,  356.000 ,  596.000 ,        0 ,  407.956 ,  407.956 ,    0.000 ,  407.956 ,  411.956 ,   83.099 ,   31.545 ,    0.000 ,    0.000 ,        9 , 	)
   8 	 (   5 ,  240.000 ,  480.000 ,        0 ,  411.956 ,  411.956 ,    0.000 ,  411.956 ,  415.956 ,    0.000 ,   31.545 ,    0.000 ,    0.000 ,       10 , 	)
  94 	 (   1 ,  327.000 ,  567.000 ,        0 ,  447.455 ,  447.455 ,    0.000 ,  447.455 ,  451.455 ,   31.499 ,   31.545 ,    0.000 ,    0.000 ,       11 , 	)
 132 	 (   0 ,  363.000 ,  483.000 ,        0 ,  451.455 ,  451.455 ,    0.000 ,  451.455 ,  452.455 ,   43.499 ,   31.545 ,    0.000 ,    0.000 ,       12 , 	)
 173 	 (   0 ,    0.000 , 1440.000 ,        0 ,  465.947 ,  465.947 ,    0.000 ,  465.947 ,  465.947 ,    0.000 ,  974.053 ,    0.000 ,    0.000 ,       13 , 	)

	16 sommets 
	values : ( Cost : 366.351 , TRT : 307.452 , TWT :   0.000 , TD : 432.078 )
	violations : ( VC :       0 , VTW :   0.000 , VTD :   0.000 , VTRT :   0.000 )
	cout global : (   0.000	 )
S(i)	 (   C ,     TW0 ,       TW1 ,       VTW ,       Min ,       A ,       W ,       B ,       D ,       L ,       F ,       E ,       Det ,       [Imp ,       Imp]	)
   0 	 (   0 ,    0.000 , 1440.000 ,        0 ,    0.000 ,  770.464 ,    0.000 ,  770.464 ,  770.464 ,    0.000 ,   17.429 ,  770.464 ,    0.000 ,        0 , 	)
  56 	 (   4 ,  720.000 ,  960.000 ,        0 ,   12.400 ,  782.864 ,    0.000 ,  782.864 ,  786.864 ,    0.000 ,   17.429 ,   62.864 ,    6.558 ,        1 , 	)
  82 	 (   5 ,  720.000 ,  960.000 ,        0 ,  728.970 ,  791.834 ,    0.000 ,  791.834 ,  792.834 ,    0.000 ,   17.429 ,   62.864 ,    0.674 ,        2 , 	)
   6 	 (   8 ,  720.000 ,  900.000 ,        0 ,  743.575 ,  806.439 ,    0.000 ,  806.439 ,  809.439 ,    0.000 ,   17.429 ,   62.864 ,    4.511 ,        3 , 	)
 142 	 (   4 ,  829.000 , 1069.000 ,        0 ,  766.136 ,  829.000 ,    0.000 ,  829.000 ,  833.000 ,   42.136 ,   17.429 ,    0.000 ,    1.907 ,        4 , 	)
 168 	 (   3 ,  826.000 , 1066.000 ,        0 ,  866.935 ,  866.935 ,    0.000 ,  866.935 ,  867.935 ,   74.101 ,   17.429 ,    0.000 ,   -3.177 ,        5 , 	)
  69 	 (   4 ,  720.000 ,  900.000 ,        0 ,  882.571 ,  882.571 ,    0.000 ,  882.571 ,  883.571 ,    0.000 ,   17.429 ,    0.000 ,    0.525 ,        6 , 	)
  92 	 (   1 ,  868.000 , 1048.000 ,        0 ,  886.872 ,  886.872 ,    0.000 ,  886.872 ,  889.872 ,   77.433 ,   27.385 ,    0.000 ,    0.477 ,        7 , 	)
  76 	 (   2 ,  734.000 ,  951.814 ,        0 ,  895.856 ,  895.856 ,    0.000 ,  895.856 ,  896.856 ,    0.000 ,   27.385 ,    0.000 ,    1.344 ,        8 , 	)
  83 	 (   6 ,  780.000 ,  960.000 ,        0 ,  901.871 ,  901.871 ,    0.000 ,  901.871 ,  905.871 ,    0.000 ,    9.241 ,    0.000 ,    0.489 ,        9 , 	)
  53 	 (   8 ,  720.000 ,  960.000 ,        0 ,  913.225 ,  913.225 ,    0.000 ,  913.225 ,  915.225 ,    0.000 ,    9.241 ,    0.000 ,    5.137 ,       10 , 	)
 155 	 (   7 ,  754.000 ,  986.000 ,        0 ,  933.251 ,  933.251 ,    0.000 ,  933.251 ,  934.251 ,   49.680 ,    9.241 ,    0.000 ,    7.660 ,       11 , 	)
 162 	 (   6 ,  795.000 ,  975.000 ,        0 ,  947.615 ,  947.615 ,    0.000 ,  947.615 ,  948.615 ,   50.759 ,    9.241 ,    0.000 ,    4.241 ,       12 , 	)
 169 	 (   2 ,  844.000 , 1024.000 ,        0 ,  956.693 ,  956.693 ,    0.000 ,  956.693 ,  960.693 ,   50.822 ,   30.178 ,    0.000 ,   13.959 ,       13 , 	)
 139 	 (   0 ,  884.000 , 1064.000 ,        0 , 1002.373 , 1002.373 ,    0.000 , 1002.373 , 1004.373 ,   87.148 ,   61.627 ,    0.000 ,   -0.832 ,       14 , 	)
 173 	 (   0 ,    0.000 , 1440.000 ,        0 , 1077.916 , 1077.916 ,    0.000 , 1077.916 , 1077.916 ,    0.000 ,  362.084 ,    0.000 ,    0.000 ,       15 , 	)

	22 sommets 
	values : ( Cost : 435.329 , TRT : 434.856 , TWT :  59.541 , TD : 609.659 )
	violations : ( VC :       0 , VTW :   0.000 , VTD :   0.000 , VTRT :   0.000 )
	cout global : (   0.000	 )
S(i)	 (   C ,     TW0 ,       TW1 ,       VTW ,       Min ,       A ,       W ,       B ,       D ,       L ,       F ,       E ,       Det ,       [Imp ,       Imp]	)
   0 	 (   0 ,    0.000 , 1440.000 ,        0 ,    0.000 ,  706.508 ,    0.000 ,  706.508 ,  706.508 ,    0.000 ,    0.000 ,  706.508 ,    0.000 ,        0 , 	)
   9 	 (   2 ,  480.000 ,  720.000 ,        0 ,   13.492 ,  720.000 ,    0.000 ,  720.000 ,  722.000 ,    0.000 ,    0.000 ,  240.000 ,    1.045 ,        1 , 	)
  62 	 (   3 ,  720.000 ,  960.000 ,        0 ,  494.565 ,  734.565 ,   19.161 ,  753.726 ,  754.726 ,    0.000 ,    0.000 ,   33.726 ,    1.856 ,        2 , 	)
  50 	 (   7 ,  720.000 ,  900.000 ,        0 ,  725.437 ,  759.163 ,    0.000 ,  759.163 ,  763.163 ,    0.000 ,    0.000 ,   33.726 ,    0.104 ,        3 , 	)
  95 	 (   5 ,  543.000 ,  783.000 ,        0 ,  749.274 ,  783.000 ,    0.000 ,  783.000 ,  785.000 ,   61.000 ,    0.000 ,   33.726 ,    6.705 ,        4 , 	)
  52 	 (   8 ,  720.000 ,  840.000 ,        0 ,  758.207 ,  791.933 ,   40.380 ,  832.314 ,  835.314 ,    0.000 ,    7.162 ,   74.107 ,    6.202 ,        5 , 	)
 136 	 (   4 ,  789.000 ,  969.000 ,        0 ,  769.895 ,  844.001 ,    0.000 ,  844.001 ,  848.001 ,   80.838 ,    7.162 ,   55.001 ,   -1.100 ,        6 , 	)
 148 	 (   3 ,  838.000 , 1018.000 ,        0 ,  797.209 ,  852.211 ,    0.000 ,  852.211 ,  853.211 ,   97.484 ,   20.516 ,   14.211 ,    7.259 ,        7 , 	)
  65 	 (   5 ,  725.000 ,  960.000 ,        0 ,  847.543 ,  861.753 ,    0.000 ,  861.753 ,  863.753 ,    0.000 ,   38.257 ,   14.211 ,    0.820 ,        8 , 	)
  34 	 (   6 ,  720.000 ,  960.000 ,        0 ,  858.012 ,  872.223 ,    0.000 ,  872.223 ,  873.223 ,    0.000 ,   38.257 ,   14.211 ,   -5.041 ,        9 , 	)
 151 	 (   4 ,  822.000 , 1002.000 ,        0 ,  880.951 ,  895.162 ,    0.000 ,  895.162 ,  897.162 ,   31.408 ,   38.257 ,   14.211 ,   -0.444 ,       10 , 	)
  30 	 (   7 ,  736.000 ,  954.239 ,        0 ,  896.783 ,  910.993 ,    0.000 ,  910.993 ,  913.993 ,    0.000 ,   38.257 ,   14.211 ,    7.174 ,       11 , 	)
 120 	 (   6 ,  802.000 , 1042.000 ,        0 ,  914.762 ,  928.972 ,    0.000 ,  928.972 ,  929.972 ,   55.750 ,   33.250 ,   14.211 ,    0.989 ,       12 , 	)
 138 	 (   3 ,  798.000 , 1024.000 ,        0 ,  939.532 ,  953.743 ,    0.000 ,  953.743 ,  956.743 ,  118.429 ,   33.250 ,   14.211 ,    0.000 ,       13 , 	)
 116 	 (   0 ,  815.000 ,  995.000 ,        0 ,  942.532 ,  956.743 ,    0.000 ,  956.743 ,  959.743 ,   42.750 ,   33.250 ,   14.211 ,    0.000 ,       14 , 	)
  61 	 (   4 ,  960.000 , 1200.000 ,        0 ,  993.282 , 1007.492 ,    0.000 , 1007.492 , 1011.492 ,    0.000 ,  122.793 ,   14.211 ,    2.418 ,       15 , 	)
  74 	 (   7 ,  960.000 , 1140.000 ,        0 , 1002.996 , 1017.207 ,    0.000 , 1017.207 , 1020.207 ,    0.000 ,   82.492 ,   14.211 ,    0.727 ,       16 , 	)
   2 	 (   8 ,  960.000 , 1200.000 ,        0 , 1018.667 , 1032.877 ,    0.000 , 1032.877 , 1033.877 ,    0.000 ,   54.020 ,   14.211 ,   -6.077 ,       17 , 	)
 160 	 (   5 ,  992.058 , 1221.000 ,        0 , 1029.977 , 1044.187 ,    0.000 , 1044.187 , 1047.187 ,   23.980 ,   42.488 ,   14.211 ,    4.289 ,       18 , 	)
 147 	 (   1 , 1064.000 , 1304.000 ,        0 , 1049.789 , 1064.000 ,    0.000 , 1064.000 , 1068.000 ,   52.508 ,   42.488 ,    0.000 ,    1.456 ,       19 , 	)
  88 	 (   0 , 1026.000 , 1266.000 ,        0 , 1079.389 , 1079.389 ,    0.000 , 1079.389 , 1080.389 ,   45.512 ,   42.488 ,   -0.000 ,   21.323 ,       20 , 	)
 173 	 (   0 ,    0.000 , 1440.000 ,        0 , 1141.364 , 1141.364 ,    0.000 , 1141.364 , 1141.364 ,    0.000 ,  298.636 ,   -0.000 ,    0.000 ,       21 , 	)

	12 sommets 
	values : ( Cost : 188.041 , TRT : 165.384 , TWT :   0.000 , TD : 249.882 )
	violations : ( VC :       0 , VTW :   0.000 , VTD :   0.000 , VTRT :   0.000 )
	cout global : (   0.000	 )
S(i)	 (   C ,     TW0 ,       TW1 ,       VTW ,       Min ,       A ,       W ,       B ,       D ,       L ,       F ,       E ,       Det ,       [Imp ,       Imp]	)
   0 	 (   0 ,    0.000 , 1440.000 ,        0 ,    0.000 ,  764.245 ,    0.000 ,  764.245 ,  764.245 ,    0.000 ,   31.198 ,  764.245 ,    0.000 ,        0 , 	)
  71 	 (   4 ,  724.000 ,  960.000 ,        0 ,   12.002 ,  776.247 ,    0.000 ,  776.247 ,  780.247 ,    0.000 ,   31.198 ,   52.247 ,    5.144 ,        1 , 	)
  45 	 (   7 ,  720.000 ,  840.000 ,        0 ,  756.556 ,  808.802 ,    0.000 ,  808.802 ,  811.802 ,    0.000 ,   31.198 ,   52.247 ,    6.156 ,        2 , 	)
 157 	 (   3 ,  826.000 , 1006.000 ,        0 ,  773.753 ,  826.000 ,    0.000 ,  826.000 ,  830.000 ,   45.753 ,   34.856 ,    0.000 ,    0.000 ,        3 , 	)
  39 	 (   4 ,  720.000 ,  960.000 ,        0 ,  830.000 ,  830.000 ,    0.000 ,  830.000 ,  831.000 ,    0.000 ,   34.856 ,    0.000 ,    0.000 ,        4 , 	)
   5 	 (   7 ,  840.000 ,  900.000 ,        0 ,  841.203 ,  841.203 ,    0.000 ,  841.203 ,  844.203 ,    0.000 ,   30.126 ,    0.000 ,    6.971 ,        5 , 	)
  64 	 (   8 ,  780.000 ,  960.000 ,        0 ,  869.126 ,  869.126 ,    0.000 ,  869.126 ,  870.126 ,    0.000 ,   30.126 ,    0.000 ,    1.511 ,        6 , 	)
  91 	 (   5 ,  868.857 ,  972.000 ,        0 ,  872.571 ,  872.571 ,    0.000 ,  872.571 ,  875.571 ,   28.368 ,   30.126 ,    0.000 ,    2.119 ,        7 , 	)
 125 	 (   4 ,  783.000 , 1023.000 ,        0 ,  884.874 ,  884.874 ,    0.000 ,  884.874 ,  885.874 ,   53.874 ,   30.126 ,    0.000 ,    0.275 ,        8 , 	)
 131 	 (   1 ,  750.983 ,  955.000 ,        0 ,  888.947 ,  888.947 ,    0.000 ,  888.947 ,  891.947 ,   77.144 ,   34.856 ,    0.000 ,   -3.016 ,        9 , 	)
 150 	 (   0 ,  810.989 , 1041.000 ,        0 ,  914.868 ,  914.868 ,    0.000 ,  914.868 ,  915.868 ,   44.743 ,   35.257 ,    0.000 ,   25.871 ,       10 , 	)
 173 	 (   0 ,    0.000 , 1440.000 ,        0 ,  929.629 ,  929.629 ,    0.000 ,  929.629 ,  929.629 ,    0.000 ,  510.371 ,    0.000 ,    0.000 ,       11 , 	)

	14 sommets 
	values : ( Cost : 314.292 , TRT : 264.310 , TWT :   0.000 , TD : 378.453 )
	violations : ( VC :       0 , VTW :   0.000 , VTD :   0.000 , VTRT :   0.000 )
	cout global : (   0.000	 )
S(i)	 (   C ,     TW0 ,       TW1 ,       VTW ,       Min ,       A ,       W ,       B ,       D ,       L ,       F ,       E ,       Det ,       [Imp ,       Imp]	)
   0 	 (   0 ,    0.000 , 1440.000 ,        0 ,    0.000 ,  284.389 ,    0.000 ,  284.389 ,  284.389 ,    0.000 ,   15.126 ,  284.389 ,    0.000 ,        0 , 	)
  29 	 (   3 ,  240.000 ,  480.000 ,        0 ,   15.239 ,  299.628 ,    0.000 ,  299.628 ,  302.628 ,    0.000 ,   15.126 ,   59.628 ,    4.874 ,        1 , 	)
  51 	 (   6 ,  240.000 ,  480.000 ,        0 ,  253.944 ,  313.572 ,    0.000 ,  313.572 ,  316.572 ,    0.000 ,   15.126 ,   59.628 ,    8.794 ,        2 , 	)
  80 	 (   7 ,  300.000 ,  420.000 ,        0 ,  272.732 ,  332.360 ,    0.000 ,  332.360 ,  333.360 ,    0.000 ,   15.126 ,   32.360 ,    9.816 ,        3 , 	)
 115 	 (   4 ,  357.000 ,  597.000 ,        0 ,  340.573 ,  372.933 ,    0.000 ,  372.933 ,  375.933 ,   70.305 ,   15.126 ,   15.933 ,   -7.021 ,        4 , 	)
 166 	 (   3 ,  389.000 ,  569.000 ,        0 ,  373.067 ,  389.000 ,    0.000 ,  389.000 ,  390.000 ,   55.640 ,   15.126 ,    0.000 ,    1.047 ,        5 , 	)
  47 	 (   6 ,  240.000 ,  420.000 ,        0 ,  404.874 ,  404.874 ,    0.000 ,  404.874 ,  407.874 ,    0.000 ,   15.126 ,    0.000 ,   -2.570 ,        6 , 	)
 137 	 (   3 ,  405.000 ,  645.000 ,        0 ,  422.301 ,  422.301 ,    0.000 ,  422.301 ,  425.301 ,  105.729 ,    0.658 ,    0.000 ,    3.152 ,        7 , 	)
  63 	 (   5 ,  240.000 ,  480.000 ,        0 ,  427.753 ,  427.753 ,    0.000 ,  427.753 ,  429.753 ,    0.000 ,    0.658 ,    0.000 ,    1.217 ,        8 , 	)
  37 	 (   7 ,  310.000 ,  477.492 ,        0 ,  436.626 ,  436.626 ,    0.000 ,  436.626 ,  438.626 ,    0.000 ,    0.658 ,    0.000 ,    1.905 ,        9 , 	)
 149 	 (   5 ,  302.000 ,  542.000 ,        0 ,  464.082 ,  464.082 ,    0.000 ,  464.082 ,  466.082 ,   34.329 ,    0.658 ,    0.000 ,    6.599 ,       10 , 	)
 123 	 (   3 ,  388.000 ,  508.000 ,        0 ,  475.734 ,  475.734 ,    0.000 ,  475.734 ,  477.734 ,   37.108 ,    0.658 ,    0.000 ,    5.815 ,       11 , 	)
 133 	 (   0 ,  271.320 ,  499.000 ,        0 ,  483.216 ,  483.216 ,    0.000 ,  483.216 ,  486.216 ,   75.342 ,    0.658 ,    0.000 ,    0.317 ,       12 , 	)
 173 	 (   0 ,    0.000 , 1440.000 ,        0 ,  548.699 ,  548.699 ,    0.000 ,  548.699 ,  548.699 ,    0.000 ,  891.301 ,    0.000 ,    0.000 ,       13 , 	)

	24 sommets 
	values : ( Cost : 497.524 , TRT : 473.064 , TWT :  60.986 , TD : 888.681 )
	violations : ( VC :       0 , VTW :   0.000 , VTD :   0.000 , VTRT :   0.000 )
	cout global : (   0.000	 )
S(i)	 (   C ,     TW0 ,       TW1 ,       VTW ,       Min ,       A ,       W ,       B ,       D ,       L ,       F ,       E ,       Det ,       [Imp ,       Imp]	)
   0 	 (   0 ,    0.000 , 1440.000 ,        0 ,    0.000 ,  441.493 ,    0.000 ,  441.493 ,  441.493 ,    0.000 ,    0.000 ,  441.493 ,    0.000 ,        0 , 	)
  78 	 (   1 ,  240.000 ,  480.000 ,        0 ,   11.995 ,  453.488 ,    0.000 ,  453.488 ,  454.488 ,    0.000 ,    0.000 ,  213.488 ,    0.000 ,        1 , 	)
  84 	 (   2 ,  240.000 ,  480.000 ,        0 ,  241.000 ,  454.488 ,    0.000 ,  454.488 ,  455.488 ,    0.000 ,    0.000 ,  213.488 ,    0.000 ,        2 , 	)
  15 	 (   3 ,  240.000 ,  480.000 ,        0 ,  257.355 ,  470.843 ,    0.000 ,  470.843 ,  471.843 ,    0.000 ,    0.000 ,  213.488 ,    4.599 ,        3 , 	)
  43 	 (   4 ,  300.000 ,  480.000 ,        0 ,  265.512 ,  479.000 ,    0.000 ,  479.000 ,  480.000 ,    0.000 ,    0.000 ,  179.000 ,    0.000 ,        4 , 	)
  17 	 (   5 ,  300.000 ,  480.000 ,        0 ,  301.000 ,  480.000 ,    0.000 ,  480.000 ,  481.000 ,    0.000 ,    0.000 ,  179.000 ,    0.000 ,        5 , 	)
  73 	 (   7 ,  480.000 ,  660.000 ,        0 ,  319.433 ,  498.433 ,    7.065 ,  505.498 ,  507.498 ,    0.000 ,    0.000 ,   25.498 ,   21.130 ,        6 , 	)
 164 	 (   6 ,  339.000 ,  579.000 ,        0 ,  510.684 ,  536.183 ,    0.000 ,  536.183 ,  537.183 ,   81.695 ,    0.000 ,   25.498 ,    4.641 ,        7 , 	)
  40 	 (   7 ,  540.000 ,  720.000 ,        0 ,  514.555 ,  540.053 ,    0.000 ,  540.053 ,  541.053 ,    0.000 ,    0.000 ,    0.053 ,    1.244 ,        8 , 	)
 103 	 (   6 ,  379.000 ,  559.000 ,        0 ,  558.455 ,  558.508 ,    0.000 ,  558.508 ,  559.508 ,   77.508 ,    0.000 ,    0.053 ,    0.000 ,        9 , 	)
  31 	 (   7 ,  540.000 ,  600.000 ,        0 ,  559.455 ,  559.508 ,    0.000 ,  559.508 ,  560.508 ,    0.000 ,    0.000 ,    0.053 ,    0.000 ,       10 , 	)
 101 	 (   6 ,  341.000 ,  581.000 ,        0 ,  574.968 ,  575.021 ,    0.000 ,  575.021 ,  576.021 ,  103.178 ,    0.000 ,    0.053 ,    2.907 ,       11 , 	)
 159 	 (   4 ,  545.000 ,  785.000 ,        0 ,  581.962 ,  582.015 ,    0.000 ,  582.015 ,  584.015 ,   74.517 ,    0.000 ,    0.053 ,    5.061 ,       12 , 	)
 126 	 (   3 ,  567.693 ,  793.000 ,        0 ,  591.779 ,  591.832 ,    0.000 ,  591.832 ,  592.832 ,   50.779 ,    0.000 ,    0.053 ,    6.781 ,       13 , 	)
 129 	 (   2 ,  426.000 ,  606.000 ,        0 ,  602.827 ,  602.880 ,    0.000 ,  602.880 ,  603.880 ,  122.880 ,    0.000 ,    0.053 ,    1.294 ,       14 , 	)
 170 	 (   1 ,  379.000 ,  619.000 ,        0 ,  618.947 ,  619.000 ,    0.000 ,  619.000 ,  620.000 ,  163.512 ,    0.000 ,    0.053 ,   -7.639 ,       15 , 	)
 117 	 (   0 ,  619.927 ,  811.000 ,        0 ,  673.827 ,  673.880 ,    0.000 ,  673.880 ,  674.880 ,  113.372 ,   96.628 ,    0.053 ,   -5.727 ,       16 , 	)
   4 	 (   4 ,  720.000 ,  960.000 ,        0 ,  696.840 ,  696.893 ,   53.920 ,  750.814 ,  754.814 ,    0.000 ,  105.814 ,   30.814 ,    1.373 ,       17 , 	)
  86 	 (   8 ,  729.000 ,  959.227 ,        0 ,  749.559 ,  780.372 ,    0.000 ,  780.372 ,  784.372 ,    0.000 ,   34.041 ,   30.814 ,    3.436 ,       18 , 	)
  90 	 (   4 ,  772.000 , 1012.000 ,        0 ,  755.959 ,  786.773 ,    0.000 ,  786.773 ,  790.773 ,   31.959 ,   34.041 ,   14.773 ,   -5.145 ,       19 , 	)
 172 	 (   0 ,  813.000 ,  993.000 ,        0 ,  798.227 ,  813.000 ,    0.000 ,  813.000 ,  817.000 ,   28.628 ,   51.372 ,    0.000 ,   -4.811 ,       20 , 	)
  57 	 (   2 ,  722.000 ,  960.000 ,        0 ,  854.186 ,  854.186 ,    0.000 ,  854.186 ,  856.186 ,    0.000 ,  105.814 ,    0.000 ,  -13.960 ,       21 , 	)
 143 	 (   0 ,  833.000 , 1013.000 ,        0 ,  896.838 ,  896.838 ,    0.000 ,  896.838 ,  898.838 ,   40.653 ,   68.347 ,   -0.000 ,   15.087 ,       22 , 	)
 173 	 (   0 ,    0.000 , 1440.000 ,        0 ,  914.557 ,  914.557 ,    0.000 ,  914.557 ,  914.557 ,    0.000 ,  525.443 ,   -0.000 ,    0.000 ,       23 , 	)

	14 sommets 
	values : ( Cost : 312.295 , TRT : 314.626 , TWT :  55.817 , TD : 520.568 )
	violations : ( VC :       0 , VTW :   0.000 , VTD :   0.000 , VTRT :   0.000 )
	cout global : (   0.000	 )
S(i)	 (   C ,     TW0 ,       TW1 ,       VTW ,       Min ,       A ,       W ,       B ,       D ,       L ,       F ,       E ,       Det ,       [Imp ,       Imp]	)
   0 	 (   0 ,    0.000 , 1440.000 ,        0 ,    0.000 ,  353.671 ,    0.000 ,  353.671 ,  353.671 ,    0.000 ,    0.000 ,  353.671 ,    0.000 ,        0 , 	)
  20 	 (   3 ,  240.000 ,  480.000 ,        0 ,    8.608 ,  362.279 ,    0.000 ,  362.279 ,  365.279 ,    0.000 ,    0.000 ,  122.279 ,    8.632 ,        1 , 	)
  48 	 (   4 ,  300.000 ,  480.000 ,        0 ,  253.426 ,  375.705 ,    0.000 ,  375.705 ,  376.705 ,    0.000 ,    0.000 ,   75.705 ,  -12.304 ,        2 , 	)
 134 	 (   3 ,  420.000 ,  600.000 ,        0 ,  361.088 ,  436.793 ,    0.000 ,  436.793 ,  437.793 ,   60.088 ,    0.000 ,   16.793 ,  -31.417 ,        3 , 	)
  59 	 (   4 ,  240.000 ,  480.000 ,        0 ,  435.853 ,  452.647 ,    0.000 ,  452.647 ,  453.647 ,    0.000 ,    0.000 ,   16.793 ,   -3.184 ,        4 , 	)
  75 	 (   8 ,  240.000 ,  480.000 ,        0 ,  448.589 ,  465.382 ,    0.000 ,  465.382 ,  469.382 ,    0.000 ,    0.000 ,   16.793 ,   -1.314 ,        5 , 	)
 106 	 (   5 ,  421.000 ,  661.000 ,        0 ,  457.585 ,  474.378 ,    0.000 ,  474.378 ,  477.378 ,  109.099 ,    0.000 ,   16.793 ,    3.758 ,        6 , 	)
  42 	 (   6 ,  240.000 ,  480.000 ,        0 ,  463.207 ,  480.000 ,    0.000 ,  480.000 ,  481.000 ,    0.000 ,    0.000 ,   16.793 ,    2.022 ,        7 , 	)
  67 	 (   8 ,  480.000 ,  720.000 ,        0 ,  482.259 ,  499.053 ,    7.179 ,  506.232 ,  508.232 ,    0.000 ,    0.000 ,   23.972 ,    1.584 ,        8 , 	)
 128 	 (   7 ,  319.000 ,  559.000 ,        0 ,  507.481 ,  531.453 ,    0.000 ,  531.453 ,  532.453 ,   50.453 ,    0.000 ,   23.972 ,    1.565 ,        9 , 	)
 145 	 (   6 ,  301.000 ,  541.000 ,        0 ,  511.674 ,  535.647 ,    0.000 ,  535.647 ,  536.647 ,   82.000 ,    0.000 ,   23.972 ,    0.318 ,       10 , 	)
 161 	 (   2 ,  415.000 ,  595.000 ,        0 ,  543.568 ,  567.541 ,    0.000 ,  567.541 ,  571.541 ,   98.159 ,   27.459 ,   23.972 ,   13.517 ,       11 , 	)
 153 	 (   0 ,  629.000 ,  809.000 ,        0 ,  556.389 ,  580.362 ,   48.638 ,  629.000 ,  631.000 ,  120.768 ,   36.232 ,    0.000 ,   13.892 ,       12 , 	)
 173 	 (   0 ,    0.000 , 1440.000 ,        0 ,  668.296 ,  668.296 ,    0.000 ,  668.296 ,  668.296 ,    0.000 ,  771.704 ,    0.000 ,    0.000 ,       13 , 	)

	16 sommets 
	values : ( Cost : 286.173 , TRT : 241.168 , TWT :   0.000 , TD : 452.286 )
	violations : ( VC :       0 , VTW :   0.000 , VTD :   0.000 , VTRT :   0.000 )
	cout global : (   0.000	 )
S(i)	 (   C ,     TW0 ,       TW1 ,       VTW ,       Min ,       A ,       W ,       B ,       D ,       L ,       F ,       E ,       Det ,       [Imp ,       Imp]	)
   0 	 (   0 ,    0.000 , 1440.000 ,        0 ,    0.000 ,  217.747 ,    0.000 ,  217.747 ,  217.747 ,    0.000 ,   22.322 ,  217.747 ,    0.000 ,        0 , 	)
  13 	 (   1 ,  240.000 ,  300.000 ,        0 ,   59.931 ,  277.678 ,    0.000 ,  277.678 ,  278.678 ,    0.000 ,   22.322 ,   37.678 ,   18.835 ,        1 , 	)
  79 	 (   4 ,  240.000 ,  420.000 ,        0 ,  258.065 ,  295.744 ,    0.000 ,  295.744 ,  298.744 ,    0.000 ,   36.266 ,   37.678 ,   13.226 ,        2 , 	)
  54 	 (   7 ,  240.000 ,  480.000 ,        0 ,  276.452 ,  314.130 ,    0.000 ,  314.130 ,  317.130 ,    0.000 ,   36.266 ,   37.678 ,    2.060 ,        3 , 	)
  32 	 (   8 ,  300.000 ,  420.000 ,        0 ,  293.444 ,  331.123 ,    0.000 ,  331.123 ,  332.123 ,    0.000 ,   11.406 ,   31.123 ,    8.246 ,        4 , 	)
 118 	 (   7 ,  323.953 ,  513.000 ,        0 ,  323.953 ,  355.075 ,    0.000 ,  355.075 ,  356.075 ,   22.953 ,   11.406 ,   31.123 ,    4.423 ,        5 , 	)
  44 	 (   8 ,  360.000 ,  420.000 ,        0 ,  328.877 ,  360.000 ,    0.000 ,  360.000 ,  361.000 ,    0.000 ,   11.406 ,    0.000 ,    1.016 ,        6 , 	)
 165 	 (   5 ,  302.000 ,  542.000 ,        0 ,  365.588 ,  365.588 ,    0.000 ,  365.588 ,  368.588 ,   66.844 ,    1.056 ,    0.000 ,    0.000 ,        7 , 	)
  21 	 (   6 ,  251.000 ,  475.601 ,        0 ,  368.588 ,  368.588 ,    0.000 ,  368.588 ,  369.588 ,    0.000 ,    1.056 ,    0.000 ,    0.000 ,        8 , 	)
 140 	 (   3 ,  299.000 ,  539.000 ,        0 ,  373.724 ,  373.724 ,    0.000 ,  373.724 ,  376.724 ,   56.594 ,    1.056 ,    0.000 ,   -4.476 ,        9 , 	)
  60 	 (   6 ,  240.000 ,  420.000 ,        0 ,  383.734 ,  383.734 ,    0.000 ,  383.734 ,  386.734 ,    0.000 ,    1.056 ,    0.000 ,    4.011 ,       10 , 	)
  99 	 (   5 ,  353.000 ,  593.000 ,        0 ,  395.062 ,  395.062 ,    0.000 ,  395.062 ,  396.062 ,  116.384 ,    1.056 ,    0.000 ,   10.632 ,       11 , 	)
 130 	 (   4 ,  383.181 ,  481.000 ,        0 ,  419.944 ,  419.944 ,    0.000 ,  419.944 ,  420.944 ,   58.944 ,    1.056 ,    0.000 ,    8.768 ,       12 , 	)
 107 	 (   3 ,  323.000 ,  503.000 ,        0 ,  438.064 ,  438.064 ,    0.000 ,  438.064 ,  439.064 ,   68.476 ,    2.524 ,    0.000 ,   13.682 ,       13 , 	)
 146 	 (   0 ,  269.533 ,  494.000 ,        0 ,  448.825 ,  448.825 ,    0.000 ,  448.825 ,  451.825 ,   62.091 ,    8.909 ,    0.000 ,    3.090 ,       14 , 	)
 173 	 (   0 ,    0.000 , 1440.000 ,        0 ,  458.915 ,  458.915 ,    0.000 ,  458.915 ,  458.915 ,    0.000 ,  981.085 ,    0.000 ,    0.000 ,       15 , 	)
