11
	VALUE ALL : ( Cost : 3206.914 , TRT : 3130.439 , TWT : 421.226 , TD : 4849.075 )
	VIOLATIONS TOTAL : ( VC :       0 , VTW :   0.000 , VTD :   0.000 , VTRT :   0.000 )
 	COUT_ALL : (   0.002 )  T2B:   47401

	16 sommets 
	values : ( Cost : 197.867 , TRT : 180.772 , TWT :   0.000 , TD : 363.284 )
	violations : ( VC :       0 , VTW :   0.000 , VTD :   0.000 , VTRT :   0.000 )
	cout global : (   0.000	 )
S(i)	 (   C ,     TW0 ,       TW1 ,       VTW ,       Min ,       A ,       W ,       B ,       D ,       L ,       F ,       E ,       Det ,       [Imp ,       Imp]	)
   0 	 (   0 ,    0.000 , 1440.000 ,        0 ,    0.000 ,  273.632 ,    0.000 ,  273.632 ,  273.632 ,    0.000 ,    4.014 ,  273.632 ,    0.000 ,        0 , 	)
   7 	 (   4 ,  240.000 ,  480.000 ,        0 ,    5.723 ,  279.354 ,    0.000 ,  279.354 ,  283.354 ,    0.000 ,    4.014 ,   39.354 ,    6.853 ,        1 , 	)
  38 	 (   6 ,  242.000 ,  480.000 ,        0 ,  253.229 ,  292.583 ,    0.000 ,  292.583 ,  294.583 ,    0.000 ,    4.014 ,   39.354 ,    0.476 ,        2 , 	)
  80 	 (   2 ,  328.000 ,  568.000 ,        0 ,  288.646 ,  328.000 ,    0.000 ,  328.000 ,  332.000 ,   44.646 ,    4.014 ,    0.000 ,    4.072 ,        3 , 	)
  56 	 (   6 ,  240.000 ,  420.000 ,        0 ,  346.852 ,  346.852 ,    0.000 ,  346.852 ,  350.852 ,    0.000 ,    4.014 ,    0.000 ,    0.369 ,        4 , 	)
  49 	 (   7 ,  253.000 ,  479.859 ,        0 ,  357.166 ,  357.166 ,    0.000 ,  357.166 ,  358.166 ,    0.000 ,    4.014 ,    0.000 ,    5.008 ,        5 , 	)
  24 	 (   8 ,  240.000 ,  480.000 ,        0 ,  360.780 ,  360.780 ,    0.000 ,  360.780 ,  361.780 ,    0.000 ,    4.014 ,    0.000 ,   -0.003 ,        6 , 	)
 111 	 (   6 ,  352.000 ,  532.000 ,        0 ,  370.450 ,  370.450 ,    0.000 ,  370.450 ,  372.450 ,   75.868 ,    4.014 ,    0.000 ,    2.250 ,        7 , 	)
   8 	 (   7 ,  240.000 ,  420.000 ,        0 ,  378.317 ,  378.317 ,    0.000 ,  378.317 ,  379.317 ,    0.000 ,    4.014 ,    0.000 ,    0.699 ,        8 , 	)
  97 	 (   6 ,  282.000 ,  522.000 ,        0 ,  390.689 ,  390.689 ,    0.000 ,  390.689 ,  391.689 ,   28.910 ,    4.014 ,    0.000 ,   -4.565 ,        9 , 	)
  81 	 (   5 ,  275.212 ,  490.000 ,        0 ,  409.963 ,  409.963 ,    0.000 ,  409.963 ,  410.963 ,   30.647 ,    4.014 ,    0.000 ,    5.895 ,       10 , 	)
  57 	 (   8 ,  240.000 ,  420.000 ,        0 ,  415.986 ,  415.986 ,    0.000 ,  415.986 ,  418.986 ,    0.000 ,    4.014 ,    0.000 ,    1.770 ,       11 , 	)
 130 	 (   5 ,  255.470 ,  457.000 ,        0 ,  431.456 ,  431.456 ,    0.000 ,  431.456 ,  434.456 ,   12.470 ,    5.860 ,    0.000 ,    0.000 ,       12 , 	)
 129 	 (   1 ,  289.000 ,  525.000 ,        0 ,  434.456 ,  434.456 ,    0.000 ,  434.456 ,  438.456 ,   83.605 ,    5.860 ,    0.000 ,    0.000 ,       13 , 	)
 122 	 (   0 ,  347.000 ,  527.000 ,        0 ,  445.306 ,  445.306 ,    0.000 ,  445.306 ,  446.306 ,   87.140 ,    5.860 ,    0.000 ,    3.783 ,       14 , 	)
 147 	 (   0 ,    0.000 , 1440.000 ,        0 ,  454.404 ,  454.404 ,    0.000 ,  454.404 ,  454.404 ,    0.000 ,  985.596 ,    0.000 ,    0.000 ,       15 , 	)

	14 sommets 
	values : ( Cost : 285.637 , TRT : 295.348 , TWT :  58.583 , TD : 569.232 )
	violations : ( VC :       0 , VTW :   0.000 , VTD :   0.000 , VTRT :   0.000 )
	cout global : (   0.000	 )
S(i)	 (   C ,     TW0 ,       TW1 ,       VTW ,       Min ,       A ,       W ,       B ,       D ,       L ,       F ,       E ,       Det ,       [Imp ,       Imp]	)
   0 	 (   0 ,    0.000 , 1440.000 ,        0 ,    0.000 ,  891.805 ,    0.000 ,  891.805 ,  891.805 ,    0.000 ,    0.000 ,  891.805 ,    0.000 ,        0 , 	)
  68 	 (   1 ,  780.000 ,  960.000 ,        0 ,    8.090 ,  899.895 ,    0.000 ,  899.895 ,  900.895 ,    0.000 ,    0.000 ,  119.895 ,   -1.641 ,        1 , 	)
  67 	 (   3 ,  720.000 ,  960.000 ,        0 ,  794.520 ,  914.415 ,    0.000 ,  914.415 ,  916.415 ,    0.000 ,    0.000 ,  119.895 ,   15.090 ,        2 , 	)
 141 	 (   2 ,  830.000 , 1070.000 ,        0 ,  828.129 ,  948.025 ,    0.000 ,  948.025 ,  949.025 ,   47.129 ,    0.000 ,  118.025 ,   14.317 ,        3 , 	)
  10 	 (   4 ,  720.000 ,  960.000 ,        0 ,  841.975 ,  960.000 ,    0.000 ,  960.000 ,  962.000 ,    0.000 ,    0.000 ,  118.025 ,    0.476 ,        4 , 	)
  48 	 (   8 ,  960.000 , 1140.000 ,        0 ,  850.475 ,  968.500 ,   28.371 ,  996.871 , 1000.871 ,    0.000 ,    0.000 ,   36.871 ,    0.259 ,        5 , 	)
 140 	 (   6 ,  862.000 , 1042.000 ,        0 ,  984.023 , 1020.894 ,    0.000 , 1020.894 , 1022.894 ,  104.479 ,    0.000 ,   36.871 ,    1.411 ,        6 , 	)
  39 	 (   7 , 1020.000 , 1200.000 ,        0 , 1002.444 , 1039.315 ,    0.000 , 1039.315 , 1040.315 ,    0.000 ,    0.000 ,   19.315 ,    3.430 ,        7 , 	)
  17 	 (   8 ,  960.000 , 1200.000 ,        0 , 1044.305 , 1063.620 ,    0.000 , 1063.620 , 1064.620 ,    0.000 ,    0.000 ,   19.315 ,   -1.579 ,        8 , 	)
  83 	 (   6 ,  831.000 , 1071.000 ,        0 , 1051.685 , 1071.000 ,    0.000 , 1071.000 , 1073.000 ,  109.000 ,    0.000 ,   19.315 ,    8.363 ,        9 , 	)
 112 	 (   5 , 1112.000 , 1232.000 ,        0 , 1062.473 , 1081.788 ,   30.212 , 1112.000 , 1113.000 ,   71.685 ,   21.315 ,    0.000 ,    0.551 ,       10 , 	)
 121 	 (   1 , 1075.000 , 1255.000 ,        0 , 1135.877 , 1135.877 ,    0.000 , 1135.877 , 1139.877 ,  135.005 ,   23.067 ,    0.000 ,    4.766 ,       11 , 	)
  90 	 (   0 , 1054.000 , 1294.000 ,        0 , 1166.553 , 1166.553 ,    0.000 , 1166.553 , 1167.553 ,  101.933 ,   23.067 ,    0.000 ,    1.790 ,       12 , 	)
 147 	 (   0 ,    0.000 , 1440.000 ,        0 , 1187.153 , 1187.153 ,    0.000 , 1187.153 , 1187.153 ,    0.000 ,  252.847 ,    0.000 ,    0.000 ,       13 , 	)

	14 sommets 
	values : ( Cost : 342.866 , TRT : 346.774 , TWT :  56.980 , TD : 432.597 )
	violations : ( VC :       0 , VTW :   0.000 , VTD :   0.000 , VTRT :   0.000 )
	cout global : (   0.000	 )
S(i)	 (   C ,     TW0 ,       TW1 ,       VTW ,       Min ,       A ,       W ,       B ,       D ,       L ,       F ,       E ,       Det ,       [Imp ,       Imp]	)
   0 	 (   0 ,    0.000 , 1440.000 ,        0 ,    0.000 ,  337.390 ,    0.000 ,  337.390 ,  337.390 ,    0.000 ,    0.000 ,  337.390 ,    0.000 ,        0 , 	)
  41 	 (   3 ,  312.000 ,  413.952 ,        0 ,   40.494 ,  377.884 ,    0.000 ,  377.884 ,  380.884 ,    0.000 ,    0.000 ,   65.884 ,   48.618 ,        1 , 	)
 114 	 (   0 ,  382.000 ,  442.000 ,        0 ,  340.048 ,  405.932 ,    0.000 ,  405.932 ,  408.932 ,   25.048 ,    0.000 ,   23.932 ,   26.992 ,        2 , 	)
  63 	 (   3 ,  240.000 ,  480.000 ,        0 ,  407.311 ,  431.244 ,    0.000 ,  431.244 ,  434.244 ,    0.000 ,    0.000 ,   23.932 ,    6.663 ,        3 , 	)
   6 	 (   7 ,  336.000 ,  453.513 ,        0 ,  429.580 ,  453.513 ,    0.000 ,  453.513 ,  457.513 ,    0.000 ,    0.000 ,   23.932 ,    4.756 ,        4 , 	)
  15 	 (   8 ,  420.000 ,  480.000 ,        0 ,  439.935 ,  463.867 ,    5.498 ,  469.365 ,  470.365 ,    0.000 ,    0.000 ,   29.431 ,   -6.498 ,        5 , 	)
  79 	 (   4 ,  432.000 ,  492.000 ,        0 ,  462.569 ,  492.000 ,    0.000 ,  492.000 ,  496.000 ,   34.487 ,    0.000 ,   29.431 ,    8.614 ,        6 , 	)
  29 	 (   6 ,  480.000 ,  720.000 ,        0 ,  483.723 ,  513.153 ,   21.505 ,  534.658 ,  536.658 ,    0.000 ,    0.000 ,   50.935 ,   -0.000 ,        7 , 	)
 136 	 (   3 ,  376.000 ,  556.000 ,        0 ,  505.065 ,  556.000 ,    0.000 ,  556.000 ,  559.000 ,  121.756 ,    0.000 ,   50.935 ,   14.482 ,        8 , 	)
  88 	 (   2 ,  466.363 ,  602.000 ,        0 ,  519.538 ,  570.473 ,    0.000 ,  570.473 ,  571.473 ,  100.108 ,    1.284 ,   50.935 ,    7.462 ,        9 , 	)
  18 	 (   5 ,  576.000 ,  692.938 ,        0 ,  546.583 ,  597.518 ,    1.284 ,  598.802 ,  601.802 ,    0.000 ,    0.000 ,   22.802 ,   22.111 ,       10 , 	)
 102 	 (   3 ,  543.000 ,  783.000 ,        0 ,  596.856 ,  619.658 ,    0.000 ,  619.658 ,  621.658 ,   83.000 ,    0.000 ,   22.802 ,    3.443 ,       11 , 	)
  91 	 (   0 ,  670.000 ,  730.000 ,        0 ,  618.505 ,  641.307 ,   28.693 ,  670.000 ,  673.000 ,   68.198 ,   22.802 ,    0.000 ,    0.237 ,       12 , 	)
 147 	 (   0 ,    0.000 , 1440.000 ,        0 ,  684.165 ,  684.165 ,    0.000 ,  684.165 ,  684.165 ,    0.000 ,  755.835 ,    0.000 ,    0.000 ,       13 , 	)

	12 sommets 
	values : ( Cost : 262.388 , TRT : 223.326 , TWT :   8.042 , TD : 441.061 )
	violations : ( VC :       0 , VTW :   0.000 , VTD :   0.000 , VTRT :   0.000 )
	cout global : (   0.000	 )
S(i)	 (   C ,     TW0 ,       TW1 ,       VTW ,       Min ,       A ,       W ,       B ,       D ,       L ,       F ,       E ,       Det ,       [Imp ,       Imp]	)
   0 	 (   0 ,    0.000 , 1440.000 ,        0 ,    0.000 ,  324.969 ,    0.000 ,  324.969 ,  324.969 ,    0.000 ,    0.000 ,  324.969 ,    0.000 ,        0 , 	)
  34 	 (   1 ,  287.000 ,  451.259 ,        0 ,   35.065 ,  360.035 ,    0.000 ,  360.035 ,  361.035 ,    0.000 ,    0.000 ,   73.035 ,   14.993 ,        1 , 	)
   5 	 (   3 ,  240.000 ,  480.000 ,        0 ,  316.028 ,  389.062 ,    0.000 ,  389.062 ,  391.062 ,    0.000 ,    0.000 ,   73.035 ,    2.113 ,        2 , 	)
  59 	 (   6 ,  252.000 ,  480.000 ,        0 ,  325.287 ,  398.322 ,    0.000 ,  398.322 ,  401.322 ,    0.000 ,    0.000 ,   73.035 ,    3.826 ,        3 , 	)
   2 	 (   8 ,  300.000 ,  420.000 ,        0 ,  346.965 ,  420.000 ,    0.000 ,  420.000 ,  422.000 ,    0.000 ,    0.000 ,   73.035 ,    9.783 ,        4 , 	)
  75 	 (   6 ,  332.374 ,  503.000 ,        0 ,  379.339 ,  452.374 ,    0.000 ,  452.374 ,  454.374 ,   30.374 ,    4.042 ,   73.035 ,    3.267 ,        5 , 	)
  25 	 (   7 ,  240.000 ,  480.000 ,        0 ,  402.923 ,  475.958 ,    4.042 ,  480.000 ,  481.000 ,    0.000 ,    0.000 ,   77.077 ,    0.000 ,        6 , 	)
 132 	 (   4 ,  485.000 ,  545.000 ,        0 ,  403.923 ,  481.000 ,    4.000 ,  485.000 ,  488.000 ,   83.678 ,   13.323 ,    0.000 ,    0.000 ,        7 , 	)
 107 	 (   3 ,  455.000 ,  515.000 ,        0 ,  494.400 ,  494.400 ,    0.000 ,  494.400 ,  495.400 ,  133.365 ,   13.323 ,    0.000 ,    2.961 ,        8 , 	)
  98 	 (   2 ,  312.000 ,  552.000 ,        0 ,  527.967 ,  527.967 ,    0.000 ,  527.967 ,  528.967 ,   46.967 ,   13.323 ,    0.000 ,   10.786 ,        9 , 	)
  78 	 (   0 ,  378.000 ,  558.000 ,        0 ,  537.739 ,  537.739 ,    0.000 ,  537.739 ,  539.739 ,  146.677 ,   13.323 ,    0.000 ,    0.405 ,       10 , 	)
 147 	 (   0 ,    0.000 , 1440.000 ,        0 ,  548.295 ,  548.295 ,    0.000 ,  548.295 ,  548.295 ,    0.000 ,  891.705 ,    0.000 ,    0.000 ,       11 , 	)

	18 sommets 
	values : ( Cost : 271.557 , TRT : 230.178 , TWT :   0.000 , TD : 448.383 )
	violations : ( VC :       0 , VTW :   0.000 , VTD :   0.000 , VTRT :   0.000 )
	cout global : (   0.000	 )
S(i)	 (   C ,     TW0 ,       TW1 ,       VTW ,       Min ,       A ,       W ,       B ,       D ,       L ,       F ,       E ,       Det ,       [Imp ,       Imp]	)
   0 	 (   0 ,    0.000 , 1440.000 ,        0 ,    0.000 ,  760.341 ,    0.000 ,  760.341 ,  760.341 ,    0.000 ,   46.389 ,  760.341 ,    0.000 ,        0 , 	)
  45 	 (   4 ,  780.000 ,  960.000 ,        0 ,   43.786 ,  804.126 ,    0.000 ,  804.126 ,  808.126 ,    0.000 ,   46.389 ,   24.126 ,    0.201 ,        1 , 	)
 118 	 (   0 ,  833.000 , 1013.000 ,        0 ,  808.874 ,  833.000 ,    0.000 ,  833.000 ,  837.000 ,   24.874 ,   42.126 ,    0.000 ,    0.000 ,        2 , 	)
  47 	 (   2 ,  780.000 ,  900.000 ,        0 ,  837.000 ,  837.000 ,    0.000 ,  837.000 ,  839.000 ,    0.000 ,   46.389 ,    0.000 ,    0.000 ,        3 , 	)
  22 	 (   3 ,  780.000 ,  900.000 ,        0 ,  839.000 ,  839.000 ,    0.000 ,  839.000 ,  840.000 ,    0.000 ,   41.809 ,    0.000 ,    0.000 ,        4 , 	)
  31 	 (   4 ,  780.000 ,  960.000 ,        0 ,  872.656 ,  872.656 ,    0.000 ,  872.656 ,  873.656 ,    0.000 ,   41.809 ,    0.000 ,    3.724 ,        5 , 	)
  33 	 (   5 ,  743.000 ,  937.662 ,        0 ,  881.977 ,  881.977 ,    0.000 ,  881.977 ,  882.977 ,    0.000 ,   18.038 ,    0.000 ,    1.749 ,        6 , 	)
   4 	 (   6 ,  720.000 ,  960.000 ,        0 ,  887.989 ,  887.989 ,    0.000 ,  887.989 ,  888.989 ,    0.000 ,   13.662 ,    0.000 ,    0.000 ,        7 , 	)
 106 	 (   5 ,  767.000 ,  947.000 ,        0 ,  892.315 ,  892.315 ,    0.000 ,  892.315 ,  893.315 ,    9.338 ,   13.662 ,    0.000 ,    1.011 ,        8 , 	)
  43 	 (   7 ,  720.000 ,  960.000 ,        0 ,  902.534 ,  902.534 ,    0.000 ,  902.534 ,  904.534 ,    0.000 ,   18.038 ,    0.000 ,    1.698 ,        9 , 	)
  30 	 (   8 ,  720.000 ,  960.000 ,        0 ,  913.611 ,  913.611 ,    0.000 ,  913.611 ,  914.611 ,    0.000 ,   18.038 ,    0.000 ,    7.511 ,       10 , 	)
  95 	 (   7 ,  891.000 , 1011.000 ,        0 ,  925.618 ,  925.618 ,    0.000 ,  925.618 ,  926.618 ,   85.618 ,   18.038 ,    0.000 ,    0.000 ,       11 , 	)
 104 	 (   6 ,  833.000 , 1013.000 ,        0 ,  926.618 ,  926.618 ,    0.000 ,  926.618 ,  927.618 ,   52.962 ,   18.038 ,    0.000 ,    0.000 ,       12 , 	)
 120 	 (   4 ,  832.321 , 1036.000 ,        0 ,  931.191 ,  931.191 ,    0.000 ,  931.191 ,  933.191 ,   92.191 ,   35.620 ,    0.000 ,    2.308 ,       13 , 	)
 103 	 (   3 ,  769.000 , 1009.000 ,        0 ,  944.991 ,  944.991 ,    0.000 ,  944.991 ,  945.991 ,   30.380 ,   35.620 ,    0.000 ,   -2.017 ,       14 , 	)
 116 	 (   1 ,  806.000 , 1046.000 ,        0 ,  965.122 ,  965.122 ,    0.000 ,  965.122 ,  967.122 ,   60.588 ,   36.568 ,    0.000 ,    7.171 ,       15 , 	)
  77 	 (   0 ,  817.000 , 1057.000 ,        0 ,  981.421 ,  981.421 ,    0.000 ,  981.421 ,  982.421 ,   92.432 ,   36.568 ,    0.000 ,    3.235 ,       16 , 	)
 147 	 (   0 ,    0.000 , 1440.000 ,        0 ,  990.519 ,  990.519 ,    0.000 ,  990.519 ,  990.519 ,    0.000 ,  449.481 ,    0.000 ,    0.000 ,       17 , 	)

	16 sommets 
	values : ( Cost : 321.874 , TRT : 315.183 , TWT :  53.172 , TD : 475.280 )
	violations : ( VC :       0 , VTW :   0.000 , VTD :   0.000 , VTRT :   0.000 )
	cout global : (   0.000	 )
S(i)	 (   C ,     TW0 ,       TW1 ,       VTW ,       Min ,       A ,       W ,       B ,       D ,       L ,       F ,       E ,       Det ,       [Imp ,       Imp]	)
   0 	 (   0 ,    0.000 , 1440.000 ,        0 ,    0.000 ,  868.171 ,    0.000 ,  868.171 ,  868.171 ,    0.000 ,    0.000 ,  868.171 ,    0.000 ,        0 , 	)
  37 	 (   1 ,  726.000 ,  900.000 ,        0 ,    8.556 ,  876.728 ,    0.000 ,  876.728 ,  877.728 ,    0.000 ,    0.000 ,  150.728 ,    7.578 ,        1 , 	)
  51 	 (   5 ,  720.000 ,  900.000 ,        0 ,  749.272 ,  900.000 ,    0.000 ,  900.000 ,  904.000 ,    0.000 ,    0.000 ,  150.728 ,   12.335 ,        2 , 	)
  55 	 (   6 ,  840.000 ,  960.000 ,        0 ,  761.032 ,  911.760 ,   12.148 ,  923.908 ,  924.908 ,    0.000 ,    0.000 ,   83.908 ,    6.931 ,        3 , 	)
 110 	 (   5 ,  818.000 ,  938.000 ,        0 ,  854.092 ,  938.000 ,    0.000 ,  938.000 ,  939.000 ,   60.272 ,    0.000 ,   83.908 ,    0.000 ,        4 , 	)
  52 	 (   6 ,  720.000 ,  960.000 ,        0 ,  855.092 ,  939.000 ,    3.477 ,  942.477 ,  943.477 ,    0.000 ,    0.000 ,   87.385 ,    0.000 ,        5 , 	)
  73 	 (   7 ,  967.000 , 1200.000 ,        0 ,  885.835 ,  973.220 ,    0.000 ,  973.220 ,  974.220 ,    0.000 ,    0.000 ,    6.220 ,    0.000 ,        6 , 	)
 125 	 (   6 ,  799.000 , 1039.000 ,        0 ,  968.000 ,  974.220 ,    0.000 ,  974.220 ,  975.220 ,   30.744 ,    0.000 ,    6.220 ,    0.000 ,        7 , 	)
 124 	 (   2 ,  801.000 , 1041.000 ,        0 ,  989.918 ,  996.138 ,    0.000 ,  996.138 , 1000.138 ,   92.138 ,    0.000 ,    6.220 ,    4.538 ,        8 , 	)
 128 	 (   1 ,  871.847 , 1044.000 ,        0 , 1001.688 , 1007.908 ,    0.000 , 1007.908 , 1008.908 ,   83.000 ,    0.000 ,    6.220 ,    7.526 ,        9 , 	)
 146 	 (   0 , 1057.000 , 1237.000 ,        0 , 1013.232 , 1019.453 ,   37.547 , 1057.000 , 1058.000 ,   82.780 ,    6.220 ,    0.000 ,    4.820 ,       10 , 	)
  46 	 (   1 ,  960.000 , 1200.000 ,        0 , 1065.470 , 1065.470 ,    0.000 , 1065.470 , 1066.470 ,    0.000 ,   98.638 ,    0.000 ,   -0.626 ,       11 , 	)
  60 	 (   2 , 1020.000 , 1200.000 ,        0 , 1101.362 , 1101.362 ,    0.000 , 1101.362 , 1102.362 ,    0.000 ,   27.399 ,    0.000 ,    3.009 ,       12 , 	)
 133 	 (   1 , 1062.000 , 1297.000 ,        0 , 1138.108 , 1138.108 ,    0.000 , 1138.108 , 1139.108 ,   35.745 ,   27.399 ,   -0.000 ,   13.751 ,       13 , 	)
 119 	 (   0 , 1048.000 , 1288.000 ,        0 , 1157.071 , 1157.071 ,    0.000 , 1157.071 , 1158.071 ,   90.601 ,   27.399 ,   -0.000 ,   -0.266 ,       14 , 	)
 147 	 (   0 ,    0.000 , 1440.000 ,        0 , 1183.354 , 1183.354 ,    0.000 , 1183.354 , 1183.354 ,    0.000 ,  256.646 ,   -0.000 ,    0.000 ,       15 , 	)

	20 sommets 
	values : ( Cost : 379.647 , TRT : 321.642 , TWT :   6.193 , TD : 525.929 )
	violations : ( VC :       0 , VTW :   0.000 , VTD :   0.000 , VTRT :   0.000 )
	cout global : (   0.000	 )
S(i)	 (   C ,     TW0 ,       TW1 ,       VTW ,       Min ,       A ,       W ,       B ,       D ,       L ,       F ,       E ,       Det ,       [Imp ,       Imp]	)
   0 	 (   0 ,    0.000 , 1440.000 ,        0 ,    0.000 ,  291.523 ,    0.000 ,  291.523 ,  291.523 ,    0.000 ,    0.000 ,  291.523 ,    0.000 ,        0 , 	)
  26 	 (   3 ,  243.000 ,  480.000 ,        0 ,   17.068 ,  308.590 ,    0.000 ,  308.590 ,  311.590 ,    0.000 ,    0.000 ,   65.590 ,   -1.500 ,        1 , 	)
  35 	 (   4 ,  240.000 ,  420.000 ,        0 ,  258.455 ,  324.045 ,    0.000 ,  324.045 ,  325.045 ,    0.000 ,    0.000 ,   65.590 ,   13.923 ,        2 , 	)
  71 	 (   6 ,  240.000 ,  480.000 ,        0 ,  270.016 ,  335.606 ,    0.000 ,  335.606 ,  337.606 ,    0.000 ,    0.000 ,   65.590 ,    6.686 ,        3 , 	)
  11 	 (   7 ,  300.000 ,  420.000 ,        0 ,  297.510 ,  363.100 ,    0.000 ,  363.100 ,  364.100 ,    0.000 ,    0.000 ,   63.100 ,    1.795 ,        4 , 	)
 108 	 (   6 ,  307.000 ,  487.000 ,        0 ,  307.134 ,  370.234 ,    0.000 ,  370.234 ,  371.234 ,   45.189 ,    0.000 ,   63.100 ,    0.000 ,        5 , 	)
  99 	 (   3 ,  348.000 ,  528.000 ,        0 ,  308.134 ,  371.234 ,    0.000 ,  371.234 ,  374.234 ,   59.644 ,    0.000 ,   23.234 ,    0.000 ,        6 , 	)
  23 	 (   7 ,  300.000 ,  480.000 ,        0 ,  363.549 ,  386.783 ,    0.000 ,  386.783 ,  390.783 ,    0.000 ,    0.000 ,   23.234 ,    1.100 ,        7 , 	)
  36 	 (   8 ,  240.000 ,  480.000 ,        0 ,  371.350 ,  394.583 ,    0.000 ,  394.583 ,  395.583 ,    0.000 ,    0.000 ,   23.234 ,    0.289 ,        8 , 	)
  84 	 (   7 ,  329.495 ,  497.000 ,        0 ,  375.045 ,  398.279 ,    0.000 ,  398.279 ,  399.279 ,   34.179 ,    0.000 ,   23.234 ,    0.329 ,        9 , 	)
 144 	 (   5 ,  347.000 ,  587.000 ,        0 ,  396.880 ,  420.114 ,    0.000 ,  420.114 ,  422.114 ,   82.508 ,    0.000 ,   23.234 ,   33.364 ,       10 , 	)
  42 	 (   6 ,  240.000 ,  480.000 ,        0 ,  434.911 ,  458.144 ,    0.000 ,  458.144 ,  459.144 ,    0.000 ,    0.000 ,   23.234 ,    0.000 ,       11 , 	)
 109 	 (   5 ,  292.000 ,  532.000 ,        0 ,  435.911 ,  459.144 ,    0.000 ,  459.144 ,  460.144 ,   63.561 ,    0.000 ,   23.234 ,    0.000 ,       12 , 	)
  96 	 (   1 ,  343.000 ,  577.000 ,        0 ,  448.071 ,  471.305 ,    0.000 ,  471.305 ,  475.305 ,   80.522 ,    0.000 ,   23.234 ,   21.176 ,       13 , 	)
  14 	 (   2 ,  480.000 ,  660.000 ,        0 ,  476.219 ,  499.453 ,    0.000 ,  499.453 ,  500.453 ,    0.000 ,    0.000 ,   19.453 ,   30.125 ,       14 , 	)
  87 	 (   1 ,  530.000 ,  768.000 ,        0 ,  521.077 ,  540.530 ,    0.000 ,  540.530 ,  541.530 ,   40.077 ,    0.000 ,   10.530 ,   -0.626 ,       15 , 	)
 115 	 (   0 ,  369.000 ,  549.000 ,        0 ,  538.470 ,  549.000 ,    0.000 ,  549.000 ,  550.000 ,   89.856 ,    0.000 ,   10.530 ,    6.665 ,       16 , 	)
   3 	 (   1 ,  519.000 ,  689.606 ,        0 ,  552.883 ,  563.413 ,    6.193 ,  569.606 ,  570.606 ,    0.000 ,  120.000 ,   16.723 ,    4.564 ,       17 , 	)
  76 	 (   0 ,  601.000 ,  721.000 ,        0 ,  584.277 ,  601.000 ,    0.000 ,  601.000 ,  602.000 ,   30.394 ,   50.606 ,    0.000 ,   17.180 ,       18 , 	)
 147 	 (   0 ,    0.000 , 1440.000 ,        0 ,  613.165 ,  613.165 ,    0.000 ,  613.165 ,  613.165 ,    0.000 ,  826.835 ,    0.000 ,    0.000 ,       19 , 	)

	20 sommets 
	values : ( Cost : 360.341 , TRT : 326.950 , TWT :  14.017 , TD : 625.850 )
	violations : ( VC :       0 , VTW :   0.000 , VTD :   0.000 , VTRT :   0.000 )
	cout global : (   0.000	 )
S(i)	 (   C ,     TW0 ,       TW1 ,       VTW ,       Min ,       A ,       W ,       B ,       D ,       L ,       F ,       E ,       Det ,       [Imp ,       Imp]	)
   0 	 (   0 ,    0.000 , 1440.000 ,        0 ,    0.000 ,  234.656 ,    0.000 ,  234.656 ,  234.656 ,    0.000 ,    0.000 ,  234.656 ,    0.000 ,        0 , 	)
  19 	 (   4 ,  240.000 ,  480.000 ,        0 ,   27.823 ,  262.479 ,    0.000 ,  262.479 ,  266.479 ,    0.000 ,    0.000 ,   22.479 ,    0.000 ,        1 , 	)
  27 	 (   5 ,  245.000 ,  420.000 ,        0 ,  244.000 ,  266.479 ,    0.000 ,  266.479 ,  267.479 ,    0.000 ,    0.000 ,   21.479 ,    0.000 ,        2 , 	)
  54 	 (   6 ,  240.000 ,  480.000 ,        0 ,  285.819 ,  307.298 ,    0.000 ,  307.298 ,  308.298 ,    0.000 ,    0.000 ,   21.479 ,   20.711 ,        3 , 	)
  92 	 (   2 ,  304.000 ,  544.000 ,        0 ,  297.859 ,  319.338 ,    0.000 ,  319.338 ,  323.338 ,   52.859 ,    0.000 ,   15.338 ,    4.179 ,        4 , 	)
  66 	 (   3 ,  300.000 ,  480.000 ,        0 ,  332.490 ,  347.828 ,    0.000 ,  347.828 ,  348.828 ,    0.000 ,    0.000 ,   15.338 ,    1.799 ,        5 , 	)
 100 	 (   2 ,  341.000 ,  461.000 ,        0 ,  339.479 ,  354.817 ,    0.000 ,  354.817 ,  355.817 ,   87.338 ,    0.000 ,   13.817 ,    4.717 ,        6 , 	)
  65 	 (   4 ,  242.000 ,  420.000 ,        0 ,  356.420 ,  370.237 ,    0.000 ,  370.237 ,  372.237 ,    0.000 ,    0.000 ,   13.817 ,    1.028 ,        7 , 	)
  50 	 (   8 ,  240.000 ,  480.000 ,        0 ,  374.656 ,  388.472 ,    0.000 ,  388.472 ,  392.472 ,    0.000 ,    0.000 ,   13.817 ,    1.323 ,        8 , 	)
 139 	 (   7 ,  338.000 ,  572.000 ,        0 ,  384.236 ,  398.053 ,    0.000 ,  398.053 ,  399.053 ,   49.225 ,    0.000 ,   13.817 ,    0.214 ,        9 , 	)
  62 	 (   8 ,  300.000 ,  420.000 ,        0 ,  406.183 ,  420.000 ,    0.000 ,  420.000 ,  421.000 ,    0.000 ,    0.000 ,   13.817 ,    0.000 ,       10 , 	)
 123 	 (   4 ,  295.000 ,  535.000 ,        0 ,  407.183 ,  421.000 ,    0.000 ,  421.000 ,  425.000 ,   28.528 ,   15.922 ,   13.817 ,    0.000 ,       11 , 	)
 138 	 (   2 ,  353.000 ,  473.000 ,        0 ,  419.305 ,  433.121 ,    0.000 ,  433.121 ,  435.121 ,   60.884 ,   15.922 ,   13.817 ,   -4.653 ,       12 , 	)
  21 	 (   6 ,  360.000 ,  480.000 ,        0 ,  441.090 ,  454.907 ,   14.017 ,  468.923 ,  472.923 ,    0.000 ,    1.905 ,   27.833 ,    0.000 ,       13 , 	)
 135 	 (   5 ,  333.560 ,  508.000 ,        0 ,  445.090 ,  472.923 ,    0.000 ,  472.923 ,  473.923 ,   51.923 ,    1.905 ,   27.833 ,    0.000 ,       14 , 	)
   1 	 (   8 ,  300.000 ,  480.000 ,        0 ,  450.262 ,  478.095 ,    0.000 ,  478.095 ,  481.095 ,    0.000 ,    1.905 ,   27.833 ,    4.756 ,       15 , 	)
 127 	 (   7 ,  489.000 ,  669.000 ,        0 ,  461.167 ,  489.000 ,    0.000 ,  489.000 ,  490.000 ,  180.702 ,   24.274 ,    0.000 ,    2.581 ,       16 , 	)
  94 	 (   3 ,  399.839 ,  580.000 ,        0 ,  521.683 ,  521.683 ,    0.000 ,  521.683 ,  525.683 ,   48.759 ,   24.274 ,    0.000 ,   13.396 ,       17 , 	)
  74 	 (   0 ,  391.000 ,  571.000 ,        0 ,  546.726 ,  546.726 ,    0.000 ,  546.726 ,  549.726 ,   65.632 ,   24.274 ,    0.000 ,   16.201 ,       18 , 	)
 147 	 (   0 ,    0.000 , 1440.000 ,        0 ,  561.605 ,  561.605 ,    0.000 ,  561.605 ,  561.605 ,    0.000 ,  878.395 ,    0.000 ,    0.000 ,       19 , 	)

	12 sommets 
	values : ( Cost : 191.286 , TRT : 206.788 , TWT :  36.964 , TD : 203.930 )
	violations : ( VC :       0 , VTW :   0.000 , VTD :   0.000 , VTRT :   0.000 )
	cout global : (   0.000	 )
S(i)	 (   C ,     TW0 ,       TW1 ,       VTW ,       Min ,       A ,       W ,       B ,       D ,       L ,       F ,       E ,       Det ,       [Imp ,       Imp]	)
   0 	 (   0 ,    0.000 , 1440.000 ,        0 ,    0.000 ,  638.768 ,    0.000 ,  638.768 ,  638.768 ,    0.000 ,    0.000 ,  638.768 ,    0.000 ,        0 , 	)
  28 	 (   1 ,  480.000 ,  660.000 ,        0 ,   21.232 ,  660.000 ,    0.000 ,  660.000 ,  661.000 ,    0.000 ,   -0.000 ,  180.000 ,   21.253 ,        1 , 	)
   9 	 (   5 ,  540.000 ,  720.000 ,        0 ,  505.477 ,  685.477 ,   34.523 ,  720.000 ,  724.000 ,    0.000 ,    0.000 ,  180.000 ,    5.152 ,        2 , 	)
 101 	 (   4 ,  509.726 ,  738.000 ,        0 ,  553.401 ,  733.401 ,    0.000 ,  733.401 ,  734.401 ,   72.401 ,    4.599 ,  180.000 ,    0.438 ,        3 , 	)
  13 	 (   7 ,  720.000 ,  840.000 ,        0 ,  566.480 ,  746.480 ,    2.441 ,  748.921 ,  751.921 ,    0.000 ,   10.747 ,   28.921 ,    8.950 ,        4 , 	)
  86 	 (   4 ,  742.000 ,  862.000 ,        0 ,  732.853 ,  761.774 ,    0.000 ,  761.774 ,  764.774 ,    9.853 ,   10.747 ,   19.774 ,    3.359 ,        5 , 	)
  82 	 (   0 ,  601.000 ,  781.000 ,        0 ,  750.480 ,  770.253 ,    0.000 ,  770.253 ,  774.253 ,   46.253 ,   10.747 ,   19.774 ,    6.826 ,        6 , 	)
  53 	 (   3 ,  722.000 ,  960.000 ,        0 ,  759.946 ,  779.720 ,    0.000 ,  779.720 ,  782.720 ,    0.000 ,  153.143 ,   19.774 ,    0.683 ,        7 , 	)
  69 	 (   5 ,  720.000 ,  960.000 ,        0 ,  787.083 ,  806.857 ,    0.000 ,  806.857 ,  808.857 ,    0.000 ,   57.720 ,   19.774 ,    7.342 ,        8 , 	)
 126 	 (   2 ,  832.000 , 1012.000 ,        0 ,  812.226 ,  832.000 ,    0.000 ,  832.000 ,  835.000 ,   49.280 ,   35.857 ,    0.000 ,    0.000 ,        9 , 	)
 142 	 (   0 ,  767.000 , 1007.000 ,        0 ,  835.000 ,  835.000 ,    0.000 ,  835.000 ,  837.000 ,   26.143 ,   35.857 ,    0.000 ,    0.000 ,       10 , 	)
 147 	 (   0 ,    0.000 , 1440.000 ,        0 ,  845.556 ,  845.556 ,    0.000 ,  845.556 ,  845.556 ,    0.000 ,  594.444 ,    0.000 ,    0.000 ,       11 , 	)

	10 sommets 
	values : ( Cost : 274.010 , TRT : 425.296 , TWT : 187.274 , TD : 372.814 )
	violations : ( VC :       0 , VTW :   0.000 , VTD :   0.000 , VTRT :   0.000 )
	cout global : (   0.000	 )
S(i)	 (   C ,     TW0 ,       TW1 ,       VTW ,       Min ,       A ,       W ,       B ,       D ,       L ,       F ,       E ,       Det ,       [Imp ,       Imp]	)
   0 	 (   0 ,    0.000 , 1440.000 ,        0 ,    0.000 ,  407.681 ,    0.000 ,  407.681 ,  407.681 ,    0.000 ,    0.000 ,  407.681 ,    0.000 ,        0 , 	)
  40 	 (   4 ,  295.000 ,  438.859 ,        0 ,   27.177 ,  434.859 ,    0.000 ,  434.859 ,  438.859 ,    0.000 ,    0.000 ,  139.859 ,    0.000 ,        1 , 	)
  70 	 (   8 ,  240.000 ,  480.000 ,        0 ,  299.000 ,  438.859 ,    0.000 ,  438.859 ,  442.859 ,    0.000 ,    0.000 ,  139.859 ,    0.000 ,        2 , 	)
 113 	 (   4 ,  433.000 ,  493.000 ,        0 ,  353.141 ,  493.000 ,    0.000 ,  493.000 ,  497.000 ,   54.141 ,    0.000 ,   60.000 ,   14.771 ,        3 , 	)
  58 	 (   8 ,  540.000 ,  720.000 ,        0 ,  445.602 ,  505.602 ,  105.347 ,  610.948 ,  614.948 ,    0.000 ,    0.000 ,   70.948 ,   15.904 ,        4 , 	)
 131 	 (   4 ,  613.000 ,  853.000 ,        0 ,  594.344 ,  665.292 ,    0.000 ,  665.292 ,  669.292 ,   50.344 ,    0.000 ,   52.292 ,   17.191 ,        5 , 	)
 143 	 (   0 ,  446.000 ,  686.000 ,        0 ,  633.708 ,  686.000 ,    0.000 ,  686.000 ,  690.000 ,  243.141 ,    0.000 ,   52.292 ,   -3.714 ,        6 , 	)
  32 	 (   4 ,  780.000 ,  840.000 ,        0 ,  645.781 ,  698.073 ,   81.927 ,  780.000 ,  784.000 ,    0.000 ,   60.000 ,    0.000 ,    7.805 ,        7 , 	)
 105 	 (   0 ,  809.187 ,  911.000 ,        0 ,  809.187 ,  809.187 ,    0.000 ,  809.187 ,  813.187 ,   25.187 ,   41.813 ,    0.000 ,    0.253 ,        8 , 	)
 147 	 (   0 ,    0.000 , 1440.000 ,        0 ,  832.977 ,  832.977 ,    0.000 ,  832.977 ,  832.977 ,    0.000 ,  607.023 ,    0.000 ,    0.000 ,        9 , 	)

	16 sommets 
	values : ( Cost : 319.441 , TRT : 258.181 , TWT :   0.000 , TD : 390.717 )
	violations : ( VC :       0 , VTW :   0.000 , VTD :   0.000 , VTRT :   0.000 )
	cout global : (   0.000	 )
S(i)	 (   C ,     TW0 ,       TW1 ,       VTW ,       Min ,       A ,       W ,       B ,       D ,       L ,       F ,       E ,       Det ,       [Imp ,       Imp]	)
   0 	 (   0 ,    0.000 , 1440.000 ,        0 ,    0.000 ,  750.220 ,    0.000 ,  750.220 ,  750.220 ,    0.000 ,   11.653 ,  750.220 ,    0.000 ,        0 , 	)
  61 	 (   2 ,  720.000 ,  960.000 ,        0 ,   17.068 ,  767.288 ,    0.000 ,  767.288 ,  769.288 ,    0.000 ,   11.653 ,   47.288 ,    6.240 ,        1 , 	)
  64 	 (   4 ,  780.000 ,  960.000 ,        0 ,  744.674 ,  791.962 ,    0.000 ,  791.962 ,  793.962 ,    0.000 ,   11.653 ,   11.962 ,    0.626 ,        2 , 	)
  16 	 (   5 ,  720.000 ,  900.000 ,        0 ,  797.399 ,  809.362 ,    0.000 ,  809.362 ,  810.362 ,    0.000 ,   11.653 ,   11.962 ,   15.250 ,        3 , 	)
  72 	 (   6 ,  780.000 ,  960.000 ,        0 ,  829.038 ,  841.000 ,    0.000 ,  841.000 ,  842.000 ,    0.000 ,   11.653 ,   11.962 ,    0.000 ,        4 , 	)
 137 	 (   4 ,  842.000 , 1022.000 ,        0 ,  830.038 ,  842.000 ,    0.000 ,  842.000 ,  844.000 ,   48.038 ,   11.653 ,    0.000 ,    0.000 ,        5 , 	)
 134 	 (   2 ,  812.000 , 1052.000 ,        0 ,  846.695 ,  846.695 ,    0.000 ,  846.695 ,  848.695 ,   77.408 ,   11.653 ,    0.000 ,    0.000 ,        6 , 	)
  89 	 (   1 ,  771.000 , 1009.000 ,        0 ,  848.695 ,  848.695 ,    0.000 ,  848.695 ,  849.695 ,   38.334 ,   11.653 ,    0.000 ,    0.000 ,        7 , 	)
 145 	 (   0 ,  865.000 , 1045.000 ,        0 ,  872.676 ,  872.676 ,    0.000 ,  872.676 ,  873.676 ,   30.676 ,   11.653 ,    0.000 ,    8.377 ,        8 , 	)
  20 	 (   1 ,  720.000 ,  960.000 ,        0 ,  882.008 ,  882.008 ,    0.000 ,  882.008 ,  883.008 ,    0.000 ,   11.653 ,    0.000 ,    7.976 ,        9 , 	)
  44 	 (   2 ,  720.000 ,  960.000 ,        0 ,  896.121 ,  896.121 ,    0.000 ,  896.121 ,  897.121 ,    0.000 ,   11.653 ,    0.000 ,   -0.059 ,       10 , 	)
 117 	 (   1 ,  810.000 , 1050.000 ,        0 ,  941.881 ,  941.881 ,    0.000 ,  941.881 ,  942.881 ,   44.760 ,   11.653 ,    0.000 ,    3.068 ,       11 , 	)
  12 	 (   2 ,  780.000 ,  960.000 ,        0 ,  948.347 ,  948.347 ,    0.000 ,  948.347 ,  949.347 ,    0.000 ,   11.653 ,    0.000 ,    7.729 ,       12 , 	)
  93 	 (   1 ,  919.000 , 1039.000 ,        0 ,  988.335 ,  988.335 ,    0.000 ,  988.335 ,  989.335 ,  105.326 ,   50.665 ,    0.000 ,    1.189 ,       13 , 	)
  85 	 (   0 ,  868.000 , 1048.000 ,        0 ,  995.523 ,  995.523 ,    0.000 ,  995.523 ,  996.523 ,   46.175 ,   52.477 ,    0.000 ,    3.279 ,       14 , 	)
 147 	 (   0 ,    0.000 , 1440.000 ,        0 , 1008.402 , 1008.402 ,    0.000 , 1008.402 , 1008.402 ,    0.000 ,  431.598 ,    0.000 ,    0.000 ,       15 , 	)
