16
	VALUE ALL : ( Cost : 5637.368 , TRT : 5480.845 , TWT : 710.222 , TD : 8519.951 )
	VIOLATIONS TOTAL : ( VC :       0 , VTW :   0.000 , VTD :   0.000 , VTRT :   0.000 )
 	COUT_ALL : (   0.004 )  T2B:   27601

	20 sommets 
	values : ( Cost : 350.230 , TRT : 441.483 , TWT : 130.152 , TD : 542.780 )
	violations : ( VC :       0 , VTW :   0.000 , VTD :   0.000 , VTRT :   0.000 )
	cout global : (   0.000	 )
S(i)	 (   C ,     TW0 ,       TW1 ,       VTW ,       Min ,       A ,       W ,       B ,       D ,       L ,       F ,       E ,       Det ,       [Imp ,       Imp]	)
   0 	 (   0 ,    0.000 , 1440.000 ,        0 ,    0.000 ,  363.063 ,    0.000 ,  363.063 ,  363.063 ,    0.000 ,    0.000 ,  363.063 ,    0.000 ,        0 , 	)
 117 	 (   4 ,  256.000 ,  469.386 ,        0 ,    7.063 ,  370.126 ,    0.000 ,  370.126 ,  374.126 ,    0.000 ,    0.000 ,  114.126 ,   -4.112 ,        1 , 	)
  83 	 (   5 ,  240.000 ,  480.000 ,        0 ,  271.920 ,  386.047 ,    0.000 ,  386.047 ,  387.047 ,    0.000 ,    0.000 ,  114.126 ,    3.563 ,        2 , 	)
 242 	 (   1 ,  313.000 ,  493.000 ,        0 ,  284.177 ,  398.304 ,    0.000 ,  398.304 ,  402.304 ,   24.177 ,    0.000 ,   85.304 ,    5.739 ,        3 , 	)
 105 	 (   5 ,  240.000 ,  480.000 ,        0 ,  325.430 ,  410.734 ,    0.000 ,  410.734 ,  414.734 ,    0.000 ,    0.000 ,   85.304 ,    1.562 ,        4 , 	)
  56 	 (   7 ,  300.000 ,  480.000 ,        0 ,  349.320 ,  434.624 ,    0.000 ,  434.624 ,  436.624 ,    0.000 ,    0.000 ,   85.304 ,   13.862 ,        5 , 	)
 230 	 (   3 ,  318.000 ,  558.000 ,        0 ,  382.636 ,  467.940 ,    0.000 ,  467.940 ,  471.940 ,   53.206 ,    0.000 ,   85.304 ,    6.885 ,        6 , 	)
  68 	 (   7 ,  240.000 ,  480.000 ,        0 ,  394.696 ,  480.000 ,    0.000 ,  480.000 ,  484.000 ,    0.000 ,    0.000 ,   85.304 ,   10.847 ,        7 , 	)
 208 	 (   6 ,  358.000 ,  538.000 ,        0 ,  404.354 ,  489.658 ,    0.000 ,  489.658 ,  490.658 ,  102.611 ,   14.389 ,   85.304 ,   -2.711 ,        8 , 	)
 181 	 (   4 ,  361.000 ,  601.000 ,        0 ,  422.023 ,  507.327 ,    0.000 ,  507.327 ,  509.327 ,   70.703 ,   23.086 ,   85.304 ,    2.638 ,        9 , 	)
 193 	 (   0 ,  304.000 ,  544.000 ,        0 ,  435.610 ,  520.914 ,    0.000 ,  520.914 ,  524.914 ,   36.914 ,   23.086 ,   85.304 ,    0.000 ,       10 , 	)
  94 	 (   1 ,  480.000 ,  720.000 ,        0 ,  439.610 ,  524.914 ,  130.152 ,  655.065 ,  656.065 ,    0.000 ,   39.430 ,  175.065 ,    0.000 ,       11 , 	)
  46 	 (   3 ,  572.000 ,  698.807 ,        0 ,  484.311 ,  659.377 ,    0.000 ,  659.377 ,  661.377 ,    0.000 ,   39.430 ,   87.377 ,   -1.225 ,       12 , 	)
 171 	 (   1 ,  681.000 ,  741.000 ,        0 ,  614.193 ,  701.570 ,    0.000 ,  701.570 ,  703.570 ,   40.193 ,   39.430 ,   20.570 ,    9.123 ,       13 , 	)
   4 	 (   5 ,  720.000 ,  960.000 ,        0 ,  712.222 ,  732.792 ,    0.000 ,  732.792 ,  736.792 ,    0.000 ,  103.647 ,   12.792 ,    6.841 ,       14 , 	)
   6 	 (   7 ,  720.000 ,  960.000 ,        0 ,  739.657 ,  752.449 ,    0.000 ,  752.449 ,  754.449 ,    0.000 ,   34.792 ,   12.792 ,   14.411 ,       15 , 	)
 219 	 (   6 ,  640.000 ,  880.000 ,        0 ,  763.562 ,  776.353 ,    0.000 ,  776.353 ,  777.353 ,  120.288 ,   34.792 ,   12.792 ,    8.320 ,       16 , 	)
 129 	 (   2 ,  787.000 , 1027.000 ,        0 ,  774.208 ,  787.000 ,    0.000 ,  787.000 ,  791.000 ,   50.208 ,   34.792 ,    0.000 ,   -0.737 ,       17 , 	)
 131 	 (   0 ,  783.000 , 1023.000 ,        0 ,  798.928 ,  798.928 ,    0.000 ,  798.928 ,  800.928 ,   44.479 ,   38.521 ,    0.000 ,    0.000 ,       18 , 	)
 251 	 (   0 ,    0.000 , 1440.000 ,        0 ,  804.546 ,  804.546 ,    0.000 ,  804.546 ,  804.546 ,    0.000 ,  635.454 ,    0.000 ,    0.000 ,       19 , 	)

	12 sommets 
	values : ( Cost : 231.003 , TRT : 193.686 , TWT :   0.000 , TD : 399.844 )
	violations : ( VC :       0 , VTW :   0.000 , VTD :   0.000 , VTRT :   0.000 )
	cout global : (   0.000	 )
S(i)	 (   C ,     TW0 ,       TW1 ,       VTW ,       Min ,       A ,       W ,       B ,       D ,       L ,       F ,       E ,       Det ,       [Imp ,       Imp]	)
   0 	 (   0 ,    0.000 , 1440.000 ,        0 ,    0.000 ,  283.049 ,    0.000 ,  283.049 ,  283.049 ,    0.000 ,   34.868 ,  283.049 ,    0.000 ,        0 , 	)
  77 	 (   3 ,  300.000 ,  480.000 ,        0 ,   16.951 ,  300.000 ,    0.000 ,  300.000 ,  303.000 ,    0.000 ,   34.868 ,    0.000 ,    0.991 ,        1 , 	)
  44 	 (   4 ,  240.000 ,  480.000 ,        0 ,  308.959 ,  308.959 ,    0.000 ,  308.959 ,  309.959 ,    0.000 ,   34.868 ,    0.000 ,    0.545 ,        2 , 	)
  35 	 (   8 ,  300.000 ,  480.000 ,        0 ,  317.924 ,  317.924 ,    0.000 ,  317.924 ,  321.924 ,    0.000 ,   22.302 ,    0.000 ,    9.808 ,        3 , 	)
 202 	 (   5 ,  355.000 ,  594.000 ,        0 ,  362.645 ,  362.645 ,    0.000 ,  362.645 ,  365.645 ,   59.645 ,   11.329 ,    0.000 ,    8.078 ,        4 , 	)
  19 	 (   6 ,  272.000 ,  460.277 ,        0 ,  376.440 ,  376.440 ,    0.000 ,  376.440 ,  377.440 ,    0.000 ,   11.329 ,    0.000 ,    5.146 ,        5 , 	)
  13 	 (   7 ,  244.000 ,  480.000 ,        0 ,  381.333 ,  381.333 ,    0.000 ,  381.333 ,  382.333 ,    0.000 ,   11.329 ,    0.000 ,    1.199 ,        6 , 	)
 160 	 (   3 ,  337.000 ,  570.000 ,        0 ,  396.595 ,  396.595 ,    0.000 ,  396.595 ,  400.595 ,   74.671 ,   11.329 ,    0.000 ,   -6.553 ,        7 , 	)
 169 	 (   2 ,  367.000 ,  547.000 ,        0 ,  417.657 ,  417.657 ,    0.000 ,  417.657 ,  418.657 ,  107.698 ,   19.308 ,    0.000 ,    0.000 ,        8 , 	)
 138 	 (   1 ,  345.000 ,  525.000 ,        0 ,  450.471 ,  450.471 ,    0.000 ,  450.471 ,  451.471 ,   68.138 ,   19.308 ,    0.000 ,   10.567 ,        9 , 	)
 144 	 (   0 ,  382.000 ,  502.000 ,        0 ,  467.132 ,  467.132 ,    0.000 ,  467.132 ,  468.132 ,   89.692 ,   19.308 ,    0.000 ,    6.218 ,       10 , 	)
 251 	 (   0 ,    0.000 , 1440.000 ,        0 ,  476.735 ,  476.735 ,    0.000 ,  476.735 ,  476.735 ,    0.000 ,  963.265 ,    0.000 ,    0.000 ,       11 , 	)

	24 sommets 
	values : ( Cost : 444.620 , TRT : 456.622 , TWT :  82.321 , TD : 929.862 )
	violations : ( VC :       0 , VTW :   0.000 , VTD :   0.000 , VTRT :   0.000 )
	cout global : (   0.000	 )
S(i)	 (   C ,     TW0 ,       TW1 ,       VTW ,       Min ,       A ,       W ,       B ,       D ,       L ,       F ,       E ,       Det ,       [Imp ,       Imp]	)
   0 	 (   0 ,    0.000 , 1440.000 ,        0 ,    0.000 ,  745.295 ,    0.000 ,  745.295 ,  745.295 ,    0.000 ,    0.000 ,  745.295 ,    0.000 ,        0 , 	)
  73 	 (   2 ,  720.000 ,  960.000 ,        0 ,   13.167 ,  758.462 ,    0.000 ,  758.462 ,  760.462 ,    0.000 ,    0.000 ,   38.462 ,    3.681 ,        1 , 	)
  37 	 (   4 ,  720.000 ,  780.000 ,        0 ,  741.538 ,  780.000 ,    0.000 ,  780.000 ,  782.000 ,    0.000 ,    0.000 ,   38.462 ,   24.086 ,        2 , 	)
  42 	 (   7 ,  720.000 ,  960.000 ,        0 ,  767.435 ,  805.897 ,   13.392 ,  819.289 ,  822.289 ,    0.000 ,    0.000 ,   51.855 ,    3.980 ,        3 , 	)
  23 	 (   8 ,  720.000 ,  960.000 ,        0 ,  776.356 ,  828.211 ,    0.000 ,  828.211 ,  829.211 ,    0.000 ,    0.000 ,   51.855 ,    4.906 ,        4 , 	)
 148 	 (   7 ,  763.000 , 1003.000 ,        0 ,  798.745 ,  850.600 ,    0.000 ,  850.600 ,  851.600 ,   21.389 ,    0.000 ,   51.855 ,    4.467 ,        5 , 	)
 198 	 (   5 ,  845.000 , 1025.000 ,        0 ,  808.683 ,  860.538 ,    0.000 ,  860.538 ,  862.538 ,  100.076 ,    0.000 ,   15.538 ,    3.160 ,        6 , 	)
 167 	 (   2 ,  773.000 , 1013.000 ,        0 ,  849.505 ,  865.043 ,    0.000 ,  865.043 ,  868.043 ,   42.753 ,    0.000 ,   15.538 ,    0.807 ,        7 , 	)
  53 	 (   6 ,  739.000 ,  943.088 ,        0 ,  858.243 ,  873.781 ,    0.000 ,  873.781 ,  877.781 ,    0.000 ,    0.000 ,   15.538 ,    0.832 ,        8 , 	)
 162 	 (   4 ,  761.731 ,  888.000 ,        0 ,  870.064 ,  885.602 ,    0.000 ,  885.602 ,  887.602 ,  103.602 ,    0.000 ,   15.538 ,    4.267 ,        9 , 	)
 110 	 (   5 ,  720.000 ,  960.000 ,        0 ,  877.950 ,  893.489 ,    0.000 ,  893.489 ,  894.489 ,    0.000 ,    0.000 ,   15.538 ,    0.541 ,       10 , 	)
  51 	 (   6 ,  780.000 ,  900.000 ,        0 ,  884.462 ,  900.000 ,    0.000 ,  900.000 ,  901.000 ,    0.000 ,    0.000 ,   15.538 ,   10.482 ,       11 , 	)
 178 	 (   2 ,  781.000 ,  961.000 ,        0 ,  898.604 ,  914.142 ,    0.000 ,  914.142 ,  918.142 ,   36.361 ,    1.639 ,   15.538 ,    2.935 ,       12 , 	)
 101 	 (   3 ,  721.000 ,  960.000 ,        0 ,  919.885 ,  935.423 ,   24.364 ,  959.787 ,  960.787 ,    0.000 ,    0.000 ,   39.902 ,   10.111 ,       13 , 	)
  61 	 (   5 ,  983.000 , 1193.681 ,        0 ,  944.861 ,  984.763 ,    0.000 ,  984.763 ,  986.763 ,    0.000 ,    0.000 ,    1.763 ,    3.550 ,       14 , 	)
   5 	 (   7 ,  960.000 , 1200.000 ,        0 , 1004.120 , 1005.883 ,    0.000 , 1005.883 , 1007.883 ,    0.000 ,    0.000 ,    1.763 ,    2.400 ,       15 , 	)
 226 	 (   6 ,  832.000 , 1012.000 ,        0 , 1010.237 , 1012.000 ,    0.000 , 1012.000 , 1013.000 ,   51.213 ,    0.000 ,    1.763 ,    4.789 ,       16 , 	)
 235 	 (   5 ,  837.000 , 1077.000 ,        0 , 1020.286 , 1022.050 ,    0.000 , 1022.050 , 1023.050 ,  127.561 ,   28.439 ,    1.763 ,   -1.342 ,       17 , 	)
 176 	 (   4 , 1001.000 , 1241.000 ,        0 , 1032.928 , 1034.691 ,    0.000 , 1034.691 , 1035.691 ,  133.691 ,   46.328 ,    1.763 ,    0.886 ,       18 , 	)
  99 	 (   5 ,  960.000 , 1200.000 ,        0 , 1052.856 , 1054.620 ,   44.565 , 1099.184 , 1100.184 ,    0.000 ,    1.763 ,   46.328 ,   10.855 ,       19 , 	)
 186 	 (   3 , 1130.000 , 1250.000 ,        0 , 1083.672 , 1130.000 ,    0.000 , 1130.000 , 1132.000 ,  143.237 ,    1.763 ,    0.000 ,    1.705 ,       20 , 	)
 224 	 (   2 , 1076.000 , 1316.000 ,        0 , 1138.523 , 1138.523 ,    0.000 , 1138.523 , 1139.523 ,   38.339 ,    9.360 ,    0.000 ,    0.000 ,       21 , 	)
 130 	 (   0 , 1067.000 , 1307.000 ,        0 , 1139.523 , 1139.523 ,    0.000 , 1139.523 , 1141.523 ,  131.640 ,    9.360 ,    0.000 ,    0.000 ,       22 , 	)
 251 	 (   0 ,    0.000 , 1440.000 ,        0 , 1201.917 , 1201.917 ,    0.000 , 1201.917 , 1201.917 ,    0.000 ,  238.083 ,    0.000 ,    0.000 ,       23 , 	)

	16 sommets 
	values : ( Cost : 273.600 , TRT : 223.714 , TWT :   0.000 , TD : 344.402 )
	violations : ( VC :       0 , VTW :   0.000 , VTD :   0.000 , VTRT :   0.000 )
	cout global : (   0.000	 )
S(i)	 (   C ,     TW0 ,       TW1 ,       VTW ,       Min ,       A ,       W ,       B ,       D ,       L ,       F ,       E ,       Det ,       [Imp ,       Imp]	)
   0 	 (   0 ,    0.000 , 1440.000 ,        0 ,    0.000 ,  246.304 ,    0.000 ,  246.304 ,  246.304 ,    0.000 ,    1.791 ,  246.304 ,    0.000 ,        0 , 	)
  64 	 (   1 ,  240.000 ,  480.000 ,        0 ,   32.755 ,  279.059 ,    0.000 ,  279.059 ,  280.059 ,    0.000 ,    1.791 ,   39.059 ,    3.456 ,        1 , 	)
  15 	 (   3 ,  300.000 ,  360.000 ,        0 ,  260.941 ,  300.000 ,    0.000 ,  300.000 ,  302.000 ,    0.000 ,    1.791 ,    0.000 ,   13.956 ,        2 , 	)
  75 	 (   4 ,  300.000 ,  420.000 ,        0 ,  311.669 ,  311.669 ,    0.000 ,  311.669 ,  312.669 ,    0.000 ,    1.791 ,    0.000 ,    3.531 ,        3 , 	)
 189 	 (   3 ,  292.000 ,  532.000 ,        0 ,  322.002 ,  322.002 ,    0.000 ,  322.002 ,  323.002 ,   41.944 ,    1.791 ,    0.000 ,    0.772 ,        4 , 	)
  31 	 (   5 ,  300.000 ,  480.000 ,        0 ,  329.431 ,  329.431 ,    0.000 ,  329.431 ,  331.431 ,    0.000 ,    1.791 ,    0.000 ,    1.981 ,        5 , 	)
 200 	 (   4 ,  324.614 ,  516.000 ,        0 ,  342.327 ,  342.327 ,    0.000 ,  342.327 ,  343.327 ,   29.658 ,    1.791 ,    0.000 ,   11.699 ,        6 , 	)
  52 	 (   5 ,  240.000 ,  420.000 ,        0 ,  357.209 ,  357.209 ,    0.000 ,  357.209 ,  358.209 ,    0.000 ,    1.791 ,    0.000 ,    0.000 ,        7 , 	)
  36 	 (   6 ,  240.000 ,  360.000 ,        0 ,  358.209 ,  358.209 ,    0.000 ,  358.209 ,  359.209 ,    0.000 ,    1.791 ,    0.000 ,    0.000 ,        8 , 	)
 156 	 (   4 ,  367.000 ,  547.000 ,        0 ,  380.744 ,  380.744 ,    0.000 ,  380.744 ,  382.744 ,   49.314 ,    4.238 ,    0.000 ,    0.000 ,        9 , 	)
 140 	 (   2 ,  344.914 ,  477.000 ,        0 ,  382.744 ,  382.744 ,    0.000 ,  382.744 ,  384.744 ,   80.744 ,    4.238 ,    0.000 ,    0.000 ,       10 , 	)
 177 	 (   1 ,  303.000 ,  483.000 ,        0 ,  394.127 ,  394.127 ,    0.000 ,  394.127 ,  395.127 ,   35.918 ,    4.238 ,    0.000 ,    8.117 ,       11 , 	)
  67 	 (   2 ,  240.000 ,  480.000 ,        0 ,  403.123 ,  403.123 ,    0.000 ,  403.123 ,  404.123 ,    0.000 ,    4.238 ,    0.000 ,    2.993 ,       12 , 	)
 192 	 (   1 ,  281.000 ,  521.000 ,        0 ,  419.184 ,  419.184 ,    0.000 ,  419.184 ,  420.184 ,   15.062 ,    4.238 ,    0.000 ,    1.191 ,       13 , 	)
 161 	 (   0 ,  282.000 ,  457.000 ,        0 ,  450.971 ,  450.971 ,    0.000 ,  450.971 ,  451.971 ,   91.762 ,    4.238 ,    0.000 ,    7.814 ,       14 , 	)
 251 	 (   0 ,    0.000 , 1440.000 ,        0 ,  470.018 ,  470.018 ,    0.000 ,  470.018 ,  470.018 ,    0.000 ,  969.982 ,    0.000 ,    0.000 ,       15 , 	)

	22 sommets 
	values : ( Cost : 349.298 , TRT : 312.630 , TWT :   0.000 , TD : 571.400 )
	violations : ( VC :       0 , VTW :   0.000 , VTD :   0.000 , VTRT :   0.000 )
	cout global : (   0.000	 )
S(i)	 (   C ,     TW0 ,       TW1 ,       VTW ,       Min ,       A ,       W ,       B ,       D ,       L ,       F ,       E ,       Det ,       [Imp ,       Imp]	)
   0 	 (   0 ,    0.000 , 1440.000 ,        0 ,    0.000 ,  698.389 ,    0.000 ,  698.389 ,  698.389 ,    0.000 ,    2.997 ,  698.389 ,    0.000 ,        0 , 	)
  80 	 (   3 ,  720.000 ,  840.000 ,        0 ,   21.611 ,  720.000 ,    0.000 ,  720.000 ,  723.000 ,    0.000 ,    2.997 ,    0.000 ,   -0.059 ,        1 , 	)
  11 	 (   7 ,  720.000 ,  960.000 ,        0 ,  747.386 ,  747.386 ,    0.000 ,  747.386 ,  751.386 ,    0.000 ,    2.997 ,    0.000 ,    3.114 ,        2 , 	)
 106 	 (   8 ,  720.000 ,  900.000 ,        0 ,  758.649 ,  758.649 ,    0.000 ,  758.649 ,  759.649 ,    0.000 ,    2.997 ,    0.000 ,    4.956 ,        3 , 	)
 205 	 (   5 ,  760.000 ,  934.000 ,        0 ,  768.991 ,  768.991 ,    0.000 ,  768.991 ,  771.991 ,   45.991 ,    2.997 ,    0.000 ,   -1.197 ,        4 , 	)
  78 	 (   8 ,  720.000 ,  900.000 ,        0 ,  779.026 ,  779.026 ,    0.000 ,  779.026 ,  782.026 ,    0.000 ,    2.997 ,    0.000 ,    1.589 ,        5 , 	)
 203 	 (   5 ,  756.000 ,  936.000 ,        0 ,  799.303 ,  799.303 ,    0.000 ,  799.303 ,  802.303 ,   17.277 ,    2.997 ,    0.000 ,    0.392 ,        6 , 	)
 124 	 (   6 ,  720.000 ,  960.000 ,        0 ,  806.320 ,  806.320 ,    0.000 ,  806.320 ,  807.320 ,    0.000 ,    2.997 ,    0.000 ,    7.971 ,        7 , 	)
 231 	 (   5 ,  785.000 ,  965.000 ,        0 ,  816.599 ,  816.599 ,    0.000 ,  816.599 ,  817.599 ,   56.950 ,    2.997 ,    0.000 ,    5.333 ,        8 , 	)
 115 	 (   8 ,  780.000 ,  900.000 ,        0 ,  828.084 ,  828.084 ,    0.000 ,  828.084 ,  831.084 ,    0.000 ,    2.997 ,    0.000 ,    7.061 ,        9 , 	)
 136 	 (   4 ,  834.000 , 1014.000 ,        0 ,  838.547 ,  838.547 ,    0.000 ,  838.547 ,  842.547 ,   87.160 ,    2.997 ,    0.000 ,    8.472 ,       10 , 	)
 249 	 (   3 ,  779.000 , 1019.000 ,        0 ,  861.005 ,  861.005 ,    0.000 ,  861.005 ,  862.005 ,   53.685 ,    2.997 ,    0.000 ,   -2.780 ,       11 , 	)
  74 	 (   6 ,  720.000 ,  960.000 ,        0 ,  889.526 ,  889.526 ,    0.000 ,  889.526 ,  892.526 ,    0.000 ,    2.997 ,    0.000 ,    0.000 ,       12 , 	)
 122 	 (   8 ,  720.000 ,  960.000 ,        0 ,  892.526 ,  892.526 ,    0.000 ,  892.526 ,  894.526 ,    0.000 ,    2.997 ,    0.000 ,    0.000 ,       13 , 	)
 199 	 (   5 ,  756.000 ,  996.000 ,        0 ,  911.751 ,  911.751 ,    0.000 ,  911.751 ,  914.751 ,   19.225 ,    2.997 ,    0.000 ,   11.317 ,       14 , 	)
  38 	 (   7 ,  720.000 ,  960.000 ,        0 ,  924.375 ,  924.375 ,    0.000 ,  924.375 ,  926.375 ,    0.000 ,    2.997 ,    0.000 ,    5.644 ,       15 , 	)
 240 	 (   4 ,  857.000 , 1037.000 ,        0 ,  954.003 ,  954.003 ,    0.000 ,  954.003 ,  957.003 ,  122.919 ,    2.997 ,    0.000 ,    0.000 ,       16 , 	)
  21 	 (   7 ,  720.000 ,  960.000 ,        0 ,  957.003 ,  957.003 ,    0.000 ,  957.003 ,  960.003 ,    0.000 ,    2.997 ,    0.000 ,    0.000 ,       17 , 	)
 163 	 (   5 ,  780.000 , 1020.000 ,        0 ,  971.008 ,  971.008 ,    0.000 ,  971.008 ,  973.008 ,   44.632 ,   14.174 ,    0.000 ,    7.842 ,       18 , 	)
 247 	 (   3 ,  883.000 , 1063.000 ,        0 ,  982.265 ,  982.265 ,    0.000 ,  982.265 ,  984.265 ,   87.739 ,   14.174 ,    0.000 ,    0.171 ,       19 , 	)
 146 	 (   0 ,  770.000 , 1010.000 ,        0 ,  995.826 ,  995.826 ,    0.000 ,  995.826 ,  998.826 ,   35.823 ,   14.174 ,    0.000 ,   -3.360 ,       20 , 	)
 251 	 (   0 ,    0.000 , 1440.000 ,        0 , 1011.020 , 1011.020 ,    0.000 , 1011.020 , 1011.020 ,    0.000 ,  428.980 ,    0.000 ,    0.000 ,       21 , 	)

	28 sommets 
	values : ( Cost : 512.391 , TRT : 468.457 , TWT :  35.201 , TD : 963.438 )
	violations : ( VC :       0 , VTW :   0.000 , VTD :   0.000 , VTRT :   0.000 )
	cout global : (   0.000	 )
S(i)	 (   C ,     TW0 ,       TW1 ,       VTW ,       Min ,       A ,       W ,       B ,       D ,       L ,       F ,       E ,       Det ,       [Imp ,       Imp]	)
   0 	 (   0 ,    0.000 , 1440.000 ,        0 ,    0.000 ,  641.298 ,    0.000 ,  641.298 ,  641.298 ,    0.000 ,    0.000 ,  641.298 ,    0.000 ,        0 , 	)
  55 	 (   3 ,  490.000 ,  716.562 ,        0 ,   28.321 ,  669.620 ,    0.000 ,  669.620 ,  672.620 ,    0.000 ,    0.000 ,  179.620 ,   12.945 ,        1 , 	)
  40 	 (   4 ,  540.000 ,  720.000 ,        0 ,  513.805 ,  693.425 ,    0.000 ,  693.425 ,  694.425 ,    0.000 ,    0.000 ,  153.425 ,    8.202 ,        2 , 	)
 180 	 (   1 ,  624.000 ,  744.000 ,        0 ,  552.835 ,  706.259 ,    0.000 ,  706.259 ,  709.259 ,   33.640 ,    0.000 ,   82.259 ,    7.374 ,        3 , 	)
  50 	 (   4 ,  660.000 ,  720.000 ,        0 ,  637.741 ,  720.000 ,    0.000 ,  720.000 ,  723.000 ,    0.000 ,    0.000 ,   60.000 ,   -2.655 ,        4 , 	)
  24 	 (   5 ,  720.000 ,  900.000 ,        0 ,  689.561 ,  749.561 ,    6.152 ,  755.713 ,  756.713 ,    0.000 ,    0.000 ,   35.713 ,    5.388 ,        5 , 	)
 114 	 (   7 ,  749.000 ,  883.985 ,        0 ,  731.973 ,  767.686 ,    0.000 ,  767.686 ,  769.686 ,    0.000 ,    0.000 ,   18.686 ,    1.826 ,        6 , 	)
 175 	 (   4 ,  720.000 ,  780.000 ,        0 ,  753.980 ,  772.665 ,    0.000 ,  772.665 ,  775.665 ,   49.665 ,    0.000 ,   18.686 ,    0.008 ,        7 , 	)
  45 	 (   6 ,  780.000 ,  960.000 ,        0 ,  765.362 ,  784.047 ,    0.000 ,  784.047 ,  786.047 ,    0.000 ,    0.000 ,    4.047 ,    7.405 ,        8 , 	)
 165 	 (   5 ,  589.000 ,  829.000 ,        0 ,  808.377 ,  812.425 ,    0.000 ,  812.425 ,  813.425 ,  118.000 ,    0.000 ,    4.047 ,    2.229 ,        9 , 	)
 170 	 (   3 ,  830.000 , 1068.000 ,        0 ,  824.791 ,  828.838 ,    1.162 ,  830.000 ,  832.000 ,   43.953 ,   21.514 ,    0.000 ,    1.188 ,       10 , 	)
  92 	 (   5 ,  720.000 ,  960.000 ,        0 ,  844.777 ,  844.777 ,   21.514 ,  866.291 ,  868.291 ,    0.000 ,    0.000 ,   21.514 ,    4.015 ,       11 , 	)
 239 	 (   3 ,  871.000 ,  931.000 ,        0 ,  850.783 ,  872.298 ,    0.000 ,  872.298 ,  874.298 ,  102.612 ,    0.000 ,    1.298 ,    4.274 ,       12 , 	)
 149 	 (   2 ,  816.000 ,  996.000 ,        0 ,  877.850 ,  879.147 ,    0.000 ,  879.147 ,  880.147 ,  122.435 ,    0.000 ,    1.298 ,    2.071 ,       13 , 	)
 125 	 (   5 ,  840.000 ,  900.000 ,        0 ,  898.702 ,  900.000 ,    0.000 ,  900.000 ,  903.000 ,    0.000 ,    0.000 ,    1.298 ,   14.765 ,       14 , 	)
   2 	 (   7 ,  720.000 ,  960.000 ,        0 ,  914.047 ,  915.345 ,    0.306 ,  915.651 ,  917.651 ,    0.000 ,    0.000 ,    1.604 ,    9.288 ,       15 , 	)
  72 	 (   8 ,  783.000 ,  960.000 ,        0 ,  934.116 ,  935.720 ,    0.000 ,  935.720 ,  936.720 ,    0.000 ,    0.000 ,    1.604 ,   -0.066 ,       16 , 	)
 217 	 (   6 ,  797.000 , 1037.000 ,        0 ,  968.687 ,  970.291 ,    0.000 ,  970.291 ,  972.291 ,  102.000 ,    0.000 ,    1.604 ,    8.578 ,       17 , 	)
 127 	 (   4 ,  858.000 , 1038.000 ,        0 ,  981.995 ,  983.599 ,    0.000 ,  983.599 ,  985.599 ,   65.948 ,    8.795 ,    1.604 ,    0.638 ,       18 , 	)
 197 	 (   3 ,  886.000 , 1006.000 ,        0 ,  995.601 ,  997.205 ,    0.000 ,  997.205 ,  998.205 ,   60.485 ,    8.795 ,    1.604 ,    1.268 ,       19 , 	)
  97 	 (   4 ,  962.000 , 1200.000 ,        0 , 1001.865 , 1003.469 ,    6.067 , 1009.536 , 1010.536 ,    0.000 ,   19.416 ,    7.671 ,   -0.656 ,       20 , 	)
 250 	 (   1 ,  892.981 , 1036.000 ,        0 , 1008.914 , 1016.584 ,    0.000 , 1016.584 , 1019.584 ,  113.584 ,   19.416 ,    7.671 ,    3.641 ,       21 , 	)
  48 	 (   2 , 1020.000 , 1080.000 ,        0 , 1015.740 , 1023.411 ,    0.000 , 1023.411 , 1024.411 ,    0.000 ,   22.277 ,    3.411 ,    0.986 ,       22 , 	)
 111 	 (   4 ,  960.000 , 1200.000 ,        0 , 1057.589 , 1061.000 ,    0.000 , 1061.000 , 1063.000 ,    0.000 ,   22.277 ,    3.411 ,    0.000 ,       23 , 	)
 173 	 (   3 , 1063.000 , 1179.000 ,        0 , 1059.589 , 1063.000 ,    0.000 , 1063.000 , 1064.000 ,   38.589 ,   22.277 ,    0.000 ,    0.000 ,       24 , 	)
 236 	 (   1 , 1004.000 , 1244.000 ,        0 , 1089.805 , 1089.805 ,    0.000 , 1089.805 , 1091.805 ,   26.805 ,   22.277 ,    0.000 ,    8.889 ,       25 , 	)
 222 	 (   0 , 1071.000 , 1251.000 ,        0 , 1096.259 , 1096.259 ,    0.000 , 1096.259 , 1097.259 ,   85.723 ,   22.277 ,    0.000 ,   -0.000 ,       26 , 	)
 251 	 (   0 ,    0.000 , 1440.000 ,        0 , 1109.756 , 1109.756 ,    0.000 , 1109.756 , 1109.756 ,    0.000 ,  330.244 ,   -0.000 ,    0.000 ,       27 , 	)

	20 sommets 
	values : ( Cost : 381.351 , TRT : 424.883 , TWT : 100.153 , TD : 699.339 )
	violations : ( VC :       0 , VTW :   0.000 , VTD :   0.000 , VTRT :   0.000 )
	cout global : (   0.000	 )
S(i)	 (   C ,     TW0 ,       TW1 ,       VTW ,       Min ,       A ,       W ,       B ,       D ,       L ,       F ,       E ,       Det ,       [Imp ,       Imp]	)
   0 	 (   0 ,    0.000 , 1440.000 ,        0 ,    0.000 ,  404.395 ,    0.000 ,  404.395 ,  404.395 ,    0.000 ,    0.000 ,  404.395 ,    0.000 ,        0 , 	)
  71 	 (   2 ,  240.000 ,  420.000 ,        0 ,   15.605 ,  420.000 ,    0.000 ,  420.000 ,  422.000 ,    0.000 ,    0.000 ,  180.000 ,    1.194 ,        1 , 	)
  30 	 (   4 ,  360.000 ,  480.000 ,        0 ,  249.306 ,  429.306 ,    6.606 ,  435.912 ,  437.912 ,    0.000 ,    0.000 ,   75.912 ,   12.802 ,        2 , 	)
  86 	 (   5 ,  240.000 ,  480.000 ,        0 ,  383.614 ,  459.526 ,    0.000 ,  459.526 ,  460.526 ,    0.000 ,    0.000 ,   75.912 ,    6.025 ,        3 , 	)
  79 	 (   6 ,  240.000 ,  480.000 ,        0 ,  394.875 ,  470.787 ,    0.000 ,  470.787 ,  471.787 ,    0.000 ,    0.000 ,   75.912 ,    2.743 ,        4 , 	)
   3 	 (   8 ,  242.000 ,  480.000 ,        0 ,  402.408 ,  478.320 ,    0.000 ,  478.320 ,  480.320 ,    0.000 ,    0.000 ,   75.912 ,    3.878 ,        5 , 	)
 196 	 (   6 ,  319.000 ,  499.000 ,        0 ,  422.794 ,  498.706 ,    0.000 ,  498.706 ,  500.706 ,   76.706 ,    0.000 ,   75.912 ,    9.176 ,        6 , 	)
 128 	 (   4 ,  352.000 ,  532.000 ,        0 ,  456.088 ,  532.000 ,    0.000 ,  532.000 ,  534.000 ,   51.680 ,    0.000 ,   75.912 ,    0.780 ,        7 , 	)
 155 	 (   2 ,  551.000 ,  671.000 ,        0 ,  478.433 ,  554.345 ,    0.000 ,  554.345 ,  556.345 ,  116.433 ,    8.577 ,    3.345 ,    0.000 ,        8 , 	)
  88 	 (   4 ,  540.000 ,  720.000 ,        0 ,  553.000 ,  556.345 ,    8.577 ,  564.922 ,  566.922 ,    0.000 ,    0.000 ,   11.922 ,    0.000 ,        9 , 	)
  14 	 (   5 ,  540.000 ,  600.000 ,        0 ,  563.437 ,  575.359 ,    0.000 ,  575.359 ,  576.359 ,    0.000 ,    0.000 ,   11.922 ,    1.392 ,       10 , 	)
 211 	 (   4 ,  391.000 ,  631.000 ,        0 ,  576.971 ,  588.893 ,    0.000 ,  588.893 ,  589.893 ,  128.368 ,    0.000 ,   11.922 ,    6.212 ,       11 , 	)
 204 	 (   3 ,  368.000 ,  608.000 ,        0 ,  596.078 ,  608.000 ,    0.000 ,  608.000 ,  609.000 ,  136.213 ,    0.000 ,   11.922 ,   10.681 ,       12 , 	)
 213 	 (   1 ,  600.000 ,  780.000 ,        0 ,  605.856 ,  617.778 ,    0.000 ,  617.778 ,  619.778 ,   50.856 ,   23.142 ,   11.922 ,   14.834 ,       13 , 	)
 139 	 (   0 ,  579.000 ,  693.000 ,        0 ,  633.295 ,  645.217 ,    0.000 ,  645.217 ,  646.217 ,   68.858 ,   23.142 ,   11.922 ,   36.415 ,       14 , 	)
  81 	 (   4 ,  720.000 ,  900.000 ,        0 ,  657.447 ,  669.368 ,   84.970 ,  754.338 ,  758.338 ,    0.000 ,   11.165 ,   34.338 ,    0.561 ,       15 , 	)
  62 	 (   8 ,  720.000 ,  780.000 ,        0 ,  734.497 ,  768.835 ,    0.000 ,  768.835 ,  772.835 ,    0.000 ,   11.165 ,   34.338 ,    2.666 ,       16 , 	)
 187 	 (   4 ,  739.564 ,  816.000 ,        0 ,  754.061 ,  788.399 ,    0.000 ,  788.399 ,  792.399 ,   15.564 ,   16.436 ,   34.338 ,    2.471 ,       17 , 	)
 206 	 (   0 ,  813.000 ,  993.000 ,        0 ,  778.662 ,  813.000 ,    0.000 ,  813.000 ,  817.000 ,   54.662 ,   65.338 ,    0.000 ,   -0.971 ,       18 , 	)
 251 	 (   0 ,    0.000 , 1440.000 ,        0 ,  829.277 ,  829.277 ,    0.000 ,  829.277 ,  829.277 ,    0.000 ,  610.723 ,    0.000 ,    0.000 ,       19 , 	)

	12 sommets 
	values : ( Cost : 331.412 , TRT : 269.182 , TWT :   0.000 , TD : 416.714 )
	violations : ( VC :       0 , VTW :   0.000 , VTD :   0.000 , VTRT :   0.000 )
	cout global : (   0.000	 )
S(i)	 (   C ,     TW0 ,       TW1 ,       VTW ,       Min ,       A ,       W ,       B ,       D ,       L ,       F ,       E ,       Det ,       [Imp ,       Imp]	)
   0 	 (   0 ,    0.000 , 1440.000 ,        0 ,    0.000 ,  251.271 ,    0.000 ,  251.271 ,  251.271 ,    0.000 ,   14.009 ,  251.271 ,    0.000 ,        0 , 	)
  22 	 (   2 ,  240.000 ,  480.000 ,        0 ,   45.290 ,  296.561 ,    0.000 ,  296.561 ,  298.561 ,    0.000 ,   14.009 ,   56.561 ,   16.782 ,        1 , 	)
  12 	 (   4 ,  240.000 ,  480.000 ,        0 ,  268.075 ,  324.636 ,    0.000 ,  324.636 ,  326.636 ,    0.000 ,   14.009 ,   56.561 ,    2.983 ,        2 , 	)
  96 	 (   8 ,  240.000 ,  480.000 ,        0 ,  287.645 ,  344.206 ,    0.000 ,  344.206 ,  348.206 ,    0.000 ,   14.009 ,   56.561 ,    5.398 ,        3 , 	)
 147 	 (   6 ,  385.000 ,  625.000 ,        0 ,  328.439 ,  385.000 ,    0.000 ,  385.000 ,  387.000 ,   86.439 ,   14.009 ,    0.000 ,   -1.396 ,        4 , 	)
  20 	 (   7 ,  247.000 ,  420.000 ,        0 ,  394.218 ,  394.218 ,    0.000 ,  394.218 ,  395.218 ,    0.000 ,   14.009 ,    0.000 ,    3.899 ,        5 , 	)
 221 	 (   3 ,  377.000 ,  557.000 ,        0 ,  427.986 ,  427.986 ,    0.000 ,  427.986 ,  431.986 ,   79.780 ,   14.009 ,    0.000 ,    1.813 ,        6 , 	)
 145 	 (   2 ,  403.000 ,  463.000 ,        0 ,  439.709 ,  439.709 ,    0.000 ,  439.709 ,  440.709 ,   44.491 ,   14.009 ,    0.000 ,    0.426 ,        7 , 	)
   1 	 (   3 ,  300.000 ,  480.000 ,        0 ,  465.991 ,  465.991 ,    0.000 ,  465.991 ,  466.991 ,    0.000 ,   14.009 ,    0.000 ,    8.011 ,        8 , 	)
 137 	 (   1 ,  419.000 ,  599.000 ,        0 ,  483.796 ,  483.796 ,    0.000 ,  483.796 ,  485.796 ,  157.160 ,   31.165 ,    0.000 ,   -1.404 ,        9 , 	)
 126 	 (   0 ,  427.000 ,  547.000 ,        0 ,  515.835 ,  515.835 ,    0.000 ,  515.835 ,  516.835 ,   48.844 ,   31.165 ,    0.000 ,    2.489 ,       10 , 	)
 251 	 (   0 ,    0.000 , 1440.000 ,        0 ,  520.453 ,  520.453 ,    0.000 ,  520.453 ,  520.453 ,    0.000 ,  919.547 ,    0.000 ,    0.000 ,       11 , 	)

	14 sommets 
	values : ( Cost : 319.720 , TRT : 268.391 , TWT :   0.000 , TD : 447.366 )
	violations : ( VC :       0 , VTW :   0.000 , VTD :   0.000 , VTRT :   0.000 )
	cout global : (   0.000	 )
S(i)	 (   C ,     TW0 ,       TW1 ,       VTW ,       Min ,       A ,       W ,       B ,       D ,       L ,       F ,       E ,       Det ,       [Imp ,       Imp]	)
   0 	 (   0 ,    0.000 , 1440.000 ,        0 ,    0.000 ,  220.384 ,    0.000 ,  220.384 ,  220.384 ,    0.000 ,    7.720 ,  220.384 ,    0.000 ,        0 , 	)
 116 	 (   2 ,  240.000 ,  300.000 ,        0 ,   67.859 ,  288.243 ,    0.000 ,  288.243 ,  290.243 ,    0.000 ,    7.720 ,   48.243 ,   18.534 ,        1 , 	)
  59 	 (   4 ,  300.000 ,  360.000 ,        0 ,  251.757 ,  300.000 ,    0.000 ,  300.000 ,  302.000 ,    0.000 ,    7.720 ,    0.000 ,    0.808 ,        2 , 	)
  93 	 (   6 ,  240.000 ,  480.000 ,        0 ,  306.226 ,  306.226 ,    0.000 ,  306.226 ,  308.226 ,    0.000 ,    7.720 ,    0.000 ,    3.862 ,        3 , 	)
  66 	 (   7 ,  240.000 ,  420.000 ,        0 ,  317.524 ,  317.524 ,    0.000 ,  317.524 ,  318.524 ,    0.000 ,    7.720 ,    0.000 ,   -0.535 ,        4 , 	)
 218 	 (   5 ,  303.000 ,  543.000 ,        0 ,  339.641 ,  339.641 ,    0.000 ,  339.641 ,  341.641 ,   31.414 ,    7.720 ,    0.000 ,    1.556 ,        5 , 	)
  25 	 (   8 ,  240.000 ,  420.000 ,        0 ,  352.423 ,  352.423 ,    0.000 ,  352.423 ,  355.423 ,    0.000 ,    7.720 ,    0.000 ,    5.453 ,        6 , 	)
 191 	 (   7 ,  277.000 ,  510.000 ,        0 ,  364.618 ,  364.618 ,    0.000 ,  364.618 ,  365.618 ,   46.094 ,    7.720 ,    0.000 ,   -0.243 ,        7 , 	)
 150 	 (   4 ,  297.000 ,  477.000 ,        0 ,  388.900 ,  388.900 ,    0.000 ,  388.900 ,  391.900 ,   33.477 ,    7.720 ,    0.000 ,   -0.729 ,        8 , 	)
  17 	 (   8 ,  240.000 ,  420.000 ,        0 ,  412.280 ,  412.280 ,    0.000 ,  412.280 ,  416.280 ,    0.000 ,    7.720 ,    0.000 ,    8.584 ,        9 , 	)
 184 	 (   6 ,  382.000 ,  575.000 ,        0 ,  430.368 ,  430.368 ,    0.000 ,  430.368 ,  432.368 ,  128.368 ,   49.084 ,    0.000 ,   -2.068 ,       10 , 	)
 142 	 (   2 ,  272.984 ,  502.000 ,        0 ,  445.196 ,  445.196 ,    0.000 ,  445.196 ,  449.196 ,   28.916 ,   49.084 ,    0.000 ,   12.620 ,       11 , 	)
 241 	 (   0 ,  350.000 ,  530.000 ,        0 ,  469.340 ,  469.340 ,    0.000 ,  469.340 ,  471.340 ,  179.097 ,   60.660 ,    0.000 ,   16.629 ,       12 , 	)
 251 	 (   0 ,    0.000 , 1440.000 ,        0 ,  488.775 ,  488.775 ,    0.000 ,  488.775 ,  488.775 ,    0.000 ,  951.225 ,    0.000 ,    0.000 ,       13 , 	)

	10 sommets 
	values : ( Cost : 278.388 , TRT : 231.314 , TWT :   0.000 , TD : 299.660 )
	violations : ( VC :       0 , VTW :   0.000 , VTD :   0.000 , VTRT :   0.000 )
	cout global : (   0.000	 )
S(i)	 (   C ,     TW0 ,       TW1 ,       VTW ,       Min ,       A ,       W ,       B ,       D ,       L ,       F ,       E ,       Det ,       [Imp ,       Imp]	)
   0 	 (   0 ,    0.000 , 1440.000 ,        0 ,    0.000 ,  255.489 ,    0.000 ,  255.489 ,  255.489 ,    0.000 ,   33.799 ,  255.489 ,    0.000 ,        0 , 	)
  39 	 (   3 ,  300.000 ,  480.000 ,        0 ,   44.511 ,  300.000 ,    0.000 ,  300.000 ,  303.000 ,    0.000 ,   33.799 ,    0.000 ,   15.799 ,        1 , 	)
 109 	 (   7 ,  262.000 ,  474.670 ,        0 ,  325.289 ,  325.289 ,    0.000 ,  325.289 ,  329.289 ,    0.000 ,   33.799 ,    0.000 ,    2.226 ,        2 , 	)
 164 	 (   4 ,  337.000 ,  570.000 ,        0 ,  341.602 ,  341.602 ,    0.000 ,  341.602 ,  344.602 ,   38.602 ,   20.578 ,    0.000 ,   -1.142 ,        3 , 	)
 104 	 (   5 ,  300.000 ,  420.000 ,        0 ,  348.668 ,  348.668 ,    0.000 ,  348.668 ,  349.668 ,    0.000 ,   20.578 ,    0.000 ,    3.926 ,        4 , 	)
  27 	 (   8 ,  290.000 ,  447.670 ,        0 ,  368.870 ,  368.870 ,    0.000 ,  368.870 ,  371.870 ,    0.000 ,   20.578 ,    0.000 ,    0.258 ,        5 , 	)
 229 	 (   7 ,  328.048 ,  493.000 ,        0 ,  379.974 ,  379.974 ,    0.000 ,  379.974 ,  380.974 ,   30.306 ,   20.578 ,    0.000 ,   15.707 ,        6 , 	)
 234 	 (   3 ,  414.000 ,  534.000 ,        0 ,  456.711 ,  456.711 ,    0.000 ,  456.711 ,  460.711 ,  127.422 ,   20.578 ,    0.000 ,   24.294 ,        7 , 	)
 152 	 (   0 ,  449.000 ,  509.000 ,        0 ,  475.201 ,  475.201 ,    0.000 ,  475.201 ,  478.201 ,  103.331 ,   33.799 ,    0.000 ,   -0.447 ,        8 , 	)
 251 	 (   0 ,    0.000 , 1440.000 ,        0 ,  486.804 ,  486.804 ,    0.000 ,  486.804 ,  486.804 ,    0.000 ,  953.196 ,    0.000 ,    0.000 ,        9 , 	)

	24 sommets 
	values : ( Cost : 411.832 , TRT : 445.952 , TWT : 100.304 , TD : 805.238 )
	violations : ( VC :       0 , VTW :   0.000 , VTD :   0.000 , VTRT :   0.000 )
	cout global : (   0.000	 )
S(i)	 (   C ,     TW0 ,       TW1 ,       VTW ,       Min ,       A ,       W ,       B ,       D ,       L ,       F ,       E ,       Det ,       [Imp ,       Imp]	)
   0 	 (   0 ,    0.000 , 1440.000 ,        0 ,    0.000 ,  300.420 ,    0.000 ,  300.420 ,  300.420 ,    0.000 ,    0.000 ,  300.420 ,    0.000 ,        0 , 	)
  33 	 (   1 ,  240.000 ,  420.000 ,        0 ,   21.611 ,  322.031 ,    0.000 ,  322.031 ,  323.031 ,    0.000 ,    0.000 ,   82.031 ,    1.541 ,        1 , 	)
 100 	 (   2 ,  240.000 ,  480.000 ,        0 ,  245.492 ,  327.523 ,    0.000 ,  327.523 ,  328.523 ,    0.000 ,    0.000 ,   82.031 ,    3.910 ,        2 , 	)
  70 	 (   3 ,  240.000 ,  420.000 ,        0 ,  254.679 ,  336.710 ,    0.000 ,  336.710 ,  337.710 ,    0.000 ,    0.000 ,   82.031 ,    0.290 ,        3 , 	)
  18 	 (   4 ,  240.000 ,  360.000 ,        0 ,  277.969 ,  360.000 ,    0.000 ,  360.000 ,  361.000 ,    0.000 ,    0.000 ,   82.031 ,   18.168 ,        4 , 	)
  85 	 (   8 ,  249.000 ,  479.683 ,        0 ,  300.478 ,  382.509 ,   23.963 ,  406.472 ,  410.472 ,    0.000 ,    0.000 ,  105.994 ,    1.532 ,        5 , 	)
 143 	 (   7 ,  268.564 ,  435.000 ,        0 ,  312.065 ,  418.059 ,    0.000 ,  418.059 ,  419.059 ,   57.059 ,    0.000 ,  105.994 ,    1.437 ,        6 , 	)
 225 	 (   6 ,  347.000 ,  587.000 ,        0 ,  323.472 ,  429.466 ,    0.000 ,  429.466 ,  430.466 ,  100.944 ,    0.000 ,   82.466 ,    2.139 ,        7 , 	)
  89 	 (   8 ,  240.000 ,  480.000 ,        0 ,  359.683 ,  442.150 ,    0.000 ,  442.150 ,  444.150 ,    0.000 ,    0.000 ,   82.466 ,    4.720 ,        8 , 	)
 158 	 (   7 ,  304.000 ,  544.000 ,        0 ,  366.565 ,  449.031 ,    0.000 ,  449.031 ,  450.031 ,  126.000 ,    0.000 ,   82.466 ,    1.027 ,        9 , 	)
 195 	 (   6 ,  385.000 ,  505.000 ,        0 ,  380.790 ,  463.256 ,    0.000 ,  463.256 ,  464.256 ,  125.547 ,   12.498 ,   78.256 ,    0.534 ,       10 , 	)
 214 	 (   4 ,  287.000 ,  527.000 ,        0 ,  392.242 ,  470.498 ,    0.000 ,  470.498 ,  472.498 ,   26.349 ,   12.498 ,   78.256 ,    6.023 ,       11 , 	)
 210 	 (   0 ,  334.000 ,  514.000 ,        0 ,  400.717 ,  478.974 ,    0.000 ,  478.974 ,  482.974 ,   68.502 ,   12.498 ,   78.256 ,    4.426 ,       12 , 	)
 118 	 (   4 ,  489.000 ,  659.886 ,        0 ,  418.684 ,  496.941 ,   76.341 ,  573.281 ,  577.281 ,    0.000 ,   43.969 ,   84.281 ,   25.656 ,       13 , 	)
  60 	 (   5 ,  531.000 ,  684.805 ,        0 ,  518.572 ,  602.853 ,    0.000 ,  602.853 ,  603.853 ,    0.000 ,   43.969 ,   71.853 ,    1.054 ,       14 , 	)
 243 	 (   1 ,  574.000 ,  694.000 ,        0 ,  537.596 ,  609.450 ,    0.000 ,  609.450 ,  613.450 ,   32.168 ,   43.969 ,   35.450 ,    1.586 ,       15 , 	)
 120 	 (   2 ,  480.000 ,  720.000 ,        0 ,  604.332 ,  639.782 ,    0.000 ,  639.782 ,  640.782 ,    0.000 ,   43.969 ,   35.450 ,   -0.001 ,       16 , 	)
  26 	 (   3 ,  480.000 ,  720.000 ,        0 ,  608.204 ,  643.653 ,    0.000 ,  643.653 ,  644.653 ,    0.000 ,   20.338 ,   35.450 ,    0.292 ,       17 , 	)
  43 	 (   4 ,  660.000 ,  720.000 ,        0 ,  624.550 ,  660.000 ,    0.000 ,  660.000 ,  661.000 ,    0.000 ,   20.338 ,    0.000 ,    5.856 ,       18 , 	)
 168 	 (   3 ,  677.723 ,  766.000 ,        0 ,  677.723 ,  677.723 ,    0.000 ,  677.723 ,  678.723 ,   16.723 ,   20.338 ,    0.000 ,    3.514 ,       19 , 	)
 185 	 (   2 ,  682.000 ,  742.000 ,        0 ,  698.031 ,  698.031 ,    0.000 ,  698.031 ,  699.031 ,   94.177 ,   20.338 ,    0.000 ,   -1.405 ,       20 , 	)
 245 	 (   1 ,  554.000 ,  794.000 ,        0 ,  719.444 ,  719.444 ,    0.000 ,  719.444 ,  720.444 ,   78.662 ,   20.338 ,    0.000 ,    0.341 ,       21 , 	)
 151 	 (   0 ,  585.000 ,  825.000 ,        0 ,  723.762 ,  723.762 ,    0.000 ,  723.762 ,  724.762 ,   79.108 ,   78.892 ,    0.000 ,    2.543 ,       22 , 	)
 251 	 (   0 ,    0.000 , 1440.000 ,        0 ,  746.372 ,  746.372 ,    0.000 ,  746.372 ,  746.372 ,    0.000 ,  693.628 ,    0.000 ,    0.000 ,       23 , 	)

	16 sommets 
	values : ( Cost : 395.368 , TRT : 351.095 , TWT :  23.826 , TD : 370.846 )
	violations : ( VC :       0 , VTW :   0.000 , VTD :   0.000 , VTRT :   0.000 )
	cout global : (   0.000	 )
S(i)	 (   C ,     TW0 ,       TW1 ,       VTW ,       Min ,       A ,       W ,       B ,       D ,       L ,       F ,       E ,       Det ,       [Imp ,       Imp]	)
   0 	 (   0 ,    0.000 , 1440.000 ,        0 ,    0.000 ,  795.583 ,    0.000 ,  795.583 ,  795.583 ,    0.000 ,    0.000 ,  795.583 ,    0.000 ,        0 , 	)
 112 	 (   2 ,  726.000 ,  960.000 ,        0 ,   17.435 ,  813.018 ,    0.000 ,  813.018 ,  815.018 ,    0.000 ,    0.000 ,   87.018 ,    0.497 ,        1 , 	)
 237 	 (   0 ,  820.000 , 1000.000 ,        0 ,  762.405 ,  849.423 ,    0.000 ,  849.423 ,  851.423 ,   34.405 ,    0.000 ,   29.423 ,    9.333 ,        2 , 	)
 108 	 (   3 ,  720.000 ,  960.000 ,        0 ,  830.717 ,  860.141 ,    0.000 ,  860.141 ,  863.141 ,    0.000 ,    0.000 ,   29.423 ,    5.796 ,        3 , 	)
  87 	 (   5 ,  799.000 ,  889.813 ,        0 ,  853.832 ,  883.255 ,    0.000 ,  883.255 ,  885.255 ,    0.000 ,    0.000 ,   29.423 ,   11.338 ,        4 , 	)
  54 	 (   6 ,  720.000 ,  960.000 ,        0 ,  883.734 ,  913.157 ,    0.000 ,  913.157 ,  914.157 ,    0.000 ,    0.000 ,   29.423 ,    5.558 ,        5 , 	)
 212 	 (   4 ,  862.000 ,  922.000 ,        0 ,  892.577 ,  922.000 ,    0.000 ,  922.000 ,  924.000 ,   36.745 ,    0.000 ,   29.423 ,   -0.355 ,        6 , 	)
 233 	 (   1 ,  855.000 , 1035.000 ,        0 ,  912.776 ,  942.199 ,    0.000 ,  942.199 ,  945.199 ,   79.059 ,   10.321 ,   29.423 ,    3.612 ,        7 , 	)
  90 	 (   4 ,  720.000 ,  960.000 ,        0 ,  920.256 ,  949.679 ,   10.321 ,  960.000 ,  963.000 ,    0.000 ,    0.000 ,   39.744 ,    2.008 ,        8 , 	)
 102 	 (   6 ,  960.000 , 1140.000 ,        0 ,  927.056 ,  966.801 ,   13.505 ,  980.305 ,  982.305 ,    0.000 ,    7.339 ,   20.305 ,    0.362 ,        9 , 	)
 179 	 (   5 ,  784.000 , 1024.000 ,        0 ,  971.513 ,  991.818 ,    0.000 ,  991.818 ,  992.818 ,   77.661 ,    7.339 ,   20.305 ,    4.742 ,       10 , 	)
 215 	 (   2 ,  814.000 , 1054.000 ,        0 ,  998.370 , 1018.675 ,    0.000 , 1018.675 , 1021.675 ,   55.675 ,   23.893 ,   20.305 ,    7.462 ,       11 , 	)
 227 	 (   0 , 1036.000 , 1216.000 ,        0 , 1015.695 , 1036.000 ,    0.000 , 1036.000 , 1038.000 ,   53.695 ,   23.893 ,    0.000 ,    5.902 ,       12 , 	)
  91 	 (   2 ,  960.000 , 1080.000 ,        0 , 1056.107 , 1056.107 ,    0.000 , 1056.107 , 1058.107 ,    0.000 ,   23.893 ,   -0.000 ,   17.103 ,       13 , 	)
 216 	 (   0 ,  995.606 , 1172.000 ,        0 , 1091.713 , 1091.713 ,    0.000 , 1091.713 , 1093.713 ,   33.606 ,   56.394 ,   -0.000 ,    9.368 ,       14 , 	)
 251 	 (   0 ,    0.000 , 1440.000 ,        0 , 1146.677 , 1146.677 ,    0.000 , 1146.677 , 1146.677 ,    0.000 ,  293.323 ,   -0.000 ,    0.000 ,       15 , 	)

	18 sommets 
	values : ( Cost : 392.890 , TRT : 432.577 , TWT :  93.171 , TD : 418.745 )
	violations : ( VC :       0 , VTW :   0.000 , VTD :   0.000 , VTRT :   0.000 )
	cout global : (   0.000	 )
S(i)	 (   C ,     TW0 ,       TW1 ,       VTW ,       Min ,       A ,       W ,       B ,       D ,       L ,       F ,       E ,       Det ,       [Imp ,       Imp]	)
   0 	 (   0 ,    0.000 , 1440.000 ,        0 ,    0.000 ,  863.043 ,    0.000 ,  863.043 ,  863.043 ,    0.000 ,    0.000 ,  863.043 ,    0.000 ,        0 , 	)
  98 	 (   4 ,  730.000 ,  958.324 ,        0 ,   18.772 ,  881.815 ,    0.000 ,  881.815 ,  885.815 ,    0.000 ,    0.000 ,  151.815 ,    7.350 ,        1 , 	)
 119 	 (   5 ,  720.000 ,  900.000 ,        0 ,  748.185 ,  900.000 ,    0.000 ,  900.000 ,  901.000 ,    0.000 ,    0.000 ,  151.815 ,    5.571 ,        2 , 	)
  32 	 (   8 ,  728.000 ,  959.877 ,        0 ,  755.754 ,  907.569 ,    3.742 ,  911.311 ,  914.311 ,    0.000 ,    0.000 ,  155.557 ,    2.380 ,        3 , 	)
 244 	 (   7 ,  760.000 ,  995.000 ,        0 ,  789.877 ,  945.435 ,    0.000 ,  945.435 ,  946.435 ,   44.435 ,    0.000 ,  155.557 ,    0.000 ,        4 , 	)
 157 	 (   4 ,  814.000 ,  994.000 ,        0 ,  790.877 ,  946.435 ,    0.000 ,  946.435 ,  949.435 ,   32.123 ,    0.000 ,  132.435 ,    0.000 ,        5 , 	)
 223 	 (   0 ,  811.000 ,  991.000 ,        0 ,  830.380 ,  962.815 ,    0.000 ,  962.815 ,  966.815 ,   77.000 ,    0.000 ,  132.435 ,    0.000 ,        6 , 	)
  76 	 (   2 , 1020.000 , 1200.000 ,        0 ,  834.380 ,  966.815 ,   89.429 , 1056.244 , 1058.244 ,    0.000 ,    7.301 ,   36.244 ,    0.000 ,        7 , 	)
  49 	 (   6 ,  985.000 , 1190.843 ,        0 , 1032.198 , 1068.443 ,    0.000 , 1068.443 , 1072.443 ,    0.000 ,    7.301 ,   36.244 ,    0.225 ,        8 , 	)
 201 	 (   4 , 1068.000 , 1248.000 ,        0 , 1049.623 , 1085.867 ,    0.000 , 1085.867 , 1087.867 ,   27.623 ,    7.301 ,   17.867 ,   -2.149 ,        9 , 	)
  41 	 (   7 ,  960.000 , 1140.000 ,        0 , 1090.767 , 1108.634 ,    0.000 , 1108.634 , 1111.634 ,    0.000 ,    7.301 ,   17.867 ,    0.000 ,       10 , 	)
 174 	 (   3 , 1126.000 , 1246.000 ,        0 , 1108.133 , 1126.000 ,    0.000 , 1126.000 , 1130.000 ,   53.557 ,    7.301 ,    0.000 ,    9.556 ,       11 , 	)
  65 	 (   7 , 1020.000 , 1200.000 ,        0 , 1138.659 , 1138.659 ,    0.000 , 1138.659 , 1142.659 ,    0.000 ,    7.301 ,    0.000 ,    2.076 ,       12 , 	)
 166 	 (   4 , 1012.000 , 1250.000 ,        0 , 1169.863 , 1169.863 ,    0.000 , 1169.863 , 1172.863 ,   58.229 ,    7.301 ,    0.000 ,    3.994 ,       13 , 	)
  69 	 (   5 ,  960.000 , 1200.000 ,        0 , 1192.699 , 1192.699 ,    0.000 , 1192.699 , 1193.699 ,    0.000 ,    7.301 ,   -0.000 ,   19.628 ,       14 , 	)
 190 	 (   1 , 1121.000 , 1301.000 ,        0 , 1214.295 , 1214.295 ,    0.000 , 1214.295 , 1218.295 ,   71.635 ,   16.158 ,   -0.000 ,   18.534 ,       15 , 	)
 194 	 (   0 , 1024.000 , 1264.000 ,        0 , 1247.842 , 1247.842 ,    0.000 , 1247.842 , 1248.842 ,   54.143 ,   16.158 ,   -0.000 ,    4.380 ,       16 , 	)
 251 	 (   0 ,    0.000 , 1440.000 ,        0 , 1295.620 , 1295.620 ,    0.000 , 1295.620 , 1295.620 ,    0.000 ,  144.380 ,   -0.000 ,    0.000 ,       17 , 	)

	8 sommets 
	values : ( Cost : 193.260 , TRT : 157.308 , TWT :   0.000 , TD : 117.053 )
	violations : ( VC :       0 , VTW :   0.000 , VTD :   0.000 , VTRT :   0.000 )
	cout global : (   0.000	 )
S(i)	 (   C ,     TW0 ,       TW1 ,       VTW ,       Min ,       A ,       W ,       B ,       D ,       L ,       F ,       E ,       Det ,       [Imp ,       Imp]	)
   0 	 (   0 ,    0.000 , 1440.000 ,        0 ,    0.000 ,  346.495 ,    0.000 ,  346.495 ,  346.495 ,    0.000 ,   46.226 ,  346.495 ,    0.000 ,        0 , 	)
 121 	 (   1 ,  298.000 ,  434.444 ,        0 ,   24.562 ,  371.056 ,    0.000 ,  371.056 ,  372.056 ,    0.000 ,   46.226 ,   73.056 ,   14.020 ,        1 , 	)
 103 	 (   2 ,  300.000 ,  480.000 ,        0 ,  322.308 ,  395.365 ,    0.000 ,  395.365 ,  396.365 ,    0.000 ,   46.226 ,   73.056 ,    2.388 ,        2 , 	)
 246 	 (   1 ,  421.000 ,  481.000 ,        0 ,  347.944 ,  421.000 ,    0.000 ,  421.000 ,  422.000 ,   48.944 ,   46.226 ,    0.000 ,   -0.055 ,        3 , 	)
 228 	 (   0 ,  401.000 ,  581.000 ,        0 ,  427.527 ,  427.527 ,    0.000 ,  427.527 ,  428.527 ,   31.162 ,   46.226 ,    0.000 ,    3.303 ,        4 , 	)
   9 	 (   4 ,  360.000 ,  480.000 ,        0 ,  433.774 ,  433.774 ,    0.000 ,  433.774 ,  437.774 ,    0.000 ,   46.226 ,    0.000 ,    3.710 ,        5 , 	)
 134 	 (   0 ,  400.947 ,  583.000 ,        0 ,  474.722 ,  474.722 ,    0.000 ,  474.722 ,  478.722 ,   36.947 ,   62.053 ,    0.000 ,    2.135 ,        6 , 	)
 251 	 (   0 ,    0.000 , 1440.000 ,        0 ,  503.803 ,  503.803 ,    0.000 ,  503.803 ,  503.803 ,    0.000 ,  936.197 ,    0.000 ,    0.000 ,        7 , 	)

	22 sommets 
	values : ( Cost : 408.161 , TRT : 471.850 , TWT : 116.962 , TD : 623.396 )
	violations : ( VC :       0 , VTW :   0.000 , VTD :   0.000 , VTRT :   0.000 )
	cout global : (   0.000	 )
S(i)	 (   C ,     TW0 ,       TW1 ,       VTW ,       Min ,       A ,       W ,       B ,       D ,       L ,       F ,       E ,       Det ,       [Imp ,       Imp]	)
   0 	 (   0 ,    0.000 , 1440.000 ,        0 ,    0.000 ,  610.535 ,    0.000 ,  610.535 ,  610.535 ,    0.000 ,    0.000 ,  610.535 ,    0.000 ,        0 , 	)
  58 	 (   4 ,  480.000 ,  720.000 ,        0 ,   20.420 ,  630.954 ,    0.000 ,  630.954 ,  634.954 ,    0.000 ,    0.000 ,  150.954 ,   11.502 ,        1 , 	)
   7 	 (   8 ,  515.000 ,  695.562 ,        0 ,  494.199 ,  645.153 ,    0.000 ,  645.153 ,  649.153 ,    0.000 ,    0.000 ,  130.153 ,    0.118 ,        2 , 	)
 183 	 (   4 ,  593.000 ,  833.000 ,        0 ,  541.993 ,  672.147 ,    0.000 ,  672.147 ,  676.147 ,   37.192 ,    0.000 ,   79.147 ,    2.127 ,        3 , 	)
  47 	 (   5 ,  503.000 ,  698.005 ,        0 ,  613.422 ,  692.568 ,    0.000 ,  692.568 ,  693.568 ,    0.000 ,    0.000 ,   79.147 ,    0.388 ,        4 , 	)
 132 	 (   1 ,  616.000 ,  736.000 ,        0 ,  618.537 ,  697.683 ,    0.000 ,  697.683 ,  701.683 ,   48.530 ,    0.000 ,   79.147 ,    1.436 ,        5 , 	)
 172 	 (   0 ,  528.000 ,  708.000 ,        0 ,  628.853 ,  708.000 ,    0.000 ,  708.000 ,  709.000 ,   14.432 ,    0.000 ,   79.147 ,    6.024 ,        6 , 	)
  29 	 (   1 ,  727.000 ,  960.000 ,        0 ,  634.407 ,  713.553 ,   58.498 ,  772.051 ,  773.051 ,    0.000 ,    0.000 ,   45.051 ,    8.216 ,        7 , 	)
 123 	 (   2 ,  777.000 ,  917.704 ,        0 ,  757.373 ,  802.424 ,    0.000 ,  802.424 ,  803.424 ,    0.000 ,    0.000 ,   25.424 ,    4.767 ,        8 , 	)
  63 	 (   4 ,  731.000 ,  956.234 ,        0 ,  783.247 ,  808.671 ,    0.000 ,  808.671 ,  810.671 ,    0.000 ,    0.000 ,   25.424 ,    0.000 ,        9 , 	)
 154 	 (   3 ,  816.000 ,  996.000 ,        0 ,  803.905 ,  829.329 ,    0.000 ,  829.329 ,  830.329 ,   56.278 ,    0.000 ,   13.329 ,   14.332 ,       10 , 	)
  10 	 (   4 ,  720.000 ,  840.000 ,        0 ,  826.671 ,  840.000 ,    0.000 ,  840.000 ,  841.000 ,    0.000 ,    0.000 ,   13.329 ,    2.536 ,       11 , 	)
 188 	 (   2 ,  805.000 ,  985.000 ,        0 ,  846.955 ,  860.284 ,    0.000 ,  860.284 ,  862.284 ,   49.613 ,   13.857 ,   13.329 ,    3.499 ,       12 , 	)
 113 	 (   5 ,  755.000 ,  928.409 ,        0 ,  857.648 ,  870.977 ,   13.857 ,  884.835 ,  887.835 ,    0.000 ,    0.000 ,   27.186 ,    1.024 ,       13 , 	)
 135 	 (   4 ,  756.614 ,  936.000 ,        0 ,  873.776 ,  900.962 ,    0.000 ,  900.962 ,  901.962 ,   59.962 ,    0.000 ,   27.186 ,   12.753 ,       14 , 	)
   8 	 (   8 ,  720.000 ,  960.000 ,        0 ,  881.974 ,  909.161 ,    0.000 ,  909.161 ,  913.161 ,    0.000 ,    0.000 ,   27.186 ,    3.884 ,       15 , 	)
 248 	 (   7 ,  907.000 ,  967.000 ,        0 ,  905.238 ,  932.424 ,    0.000 ,  932.424 ,  933.424 ,  129.000 ,    0.000 ,   25.424 ,   23.012 ,       16 , 	)
 238 	 (   4 ,  829.000 ,  949.000 ,        0 ,  923.411 ,  948.835 ,    0.000 ,  948.835 ,  951.835 ,   61.000 ,    0.165 ,   25.424 ,    4.369 ,       17 , 	)
  57 	 (   7 ,  967.000 , 1200.000 ,        0 ,  948.350 ,  973.774 ,   24.677 ,  998.450 , 1001.450 ,    0.000 ,    0.000 ,   31.450 ,    4.585 ,       18 , 	)
 133 	 (   3 ,  905.000 , 1025.000 ,        0 ,  993.550 , 1025.000 ,    0.000 , 1025.000 , 1029.000 ,  111.839 ,   -0.000 ,   31.450 ,   -0.777 ,       19 , 	)
 182 	 (   0 , 1057.000 , 1237.000 ,        0 , 1005.619 , 1037.069 ,   19.931 , 1057.000 , 1060.000 ,   55.550 ,   31.450 ,    0.000 ,   -0.714 ,       20 , 	)
 251 	 (   0 ,    0.000 , 1440.000 ,        0 , 1082.385 , 1082.385 ,    0.000 , 1082.385 , 1082.385 ,    0.000 ,  357.615 ,   -0.000 ,    0.000 ,       21 , 	)

	16 sommets 
	values : ( Cost : 363.844 , TRT : 331.700 , TWT :  28.133 , TD : 569.866 )
	violations : ( VC :       0 , VTW :   0.000 , VTD :   0.000 , VTRT :   0.000 )
	cout global : (   0.000	 )
S(i)	 (   C ,     TW0 ,       TW1 ,       VTW ,       Min ,       A ,       W ,       B ,       D ,       L ,       F ,       E ,       Det ,       [Imp ,       Imp]	)
   0 	 (   0 ,    0.000 , 1440.000 ,        0 ,    0.000 ,  259.959 ,    0.000 ,  259.959 ,  259.959 ,    0.000 ,    0.000 ,  259.959 ,    0.000 ,        0 , 	)
 107 	 (   4 ,  258.000 ,  479.149 ,        0 ,   57.428 ,  317.386 ,    0.000 ,  317.386 ,  321.386 ,    0.000 ,    0.000 ,   59.386 ,    3.997 ,        1 , 	)
  34 	 (   5 ,  240.000 ,  360.000 ,        0 ,  265.518 ,  324.905 ,    0.000 ,  324.905 ,  325.905 ,    0.000 ,    0.000 ,   59.386 ,    0.741 ,        2 , 	)
  95 	 (   8 ,  300.000 ,  420.000 ,        0 ,  269.039 ,  328.426 ,    0.000 ,  328.426 ,  331.426 ,    0.000 ,    0.000 ,   28.426 ,    0.647 ,        3 , 	)
 159 	 (   7 ,  277.000 ,  397.000 ,        0 ,  319.826 ,  348.251 ,    0.000 ,  348.251 ,  349.251 ,   22.347 ,    0.000 ,   28.426 ,    4.983 ,        4 , 	)
  82 	 (   8 ,  240.000 ,  360.000 ,        0 ,  331.574 ,  360.000 ,    0.000 ,  360.000 ,  361.000 ,    0.000 ,   -0.000 ,   28.426 ,    2.457 ,        5 , 	)
 232 	 (   4 ,  424.000 ,  544.000 ,        0 ,  367.441 ,  395.867 ,   28.133 ,  424.000 ,  428.000 ,  102.614 ,    4.512 ,    0.000 ,    2.950 ,        6 , 	)
  84 	 (   7 ,  240.000 ,  480.000 ,        0 ,  431.818 ,  431.818 ,    0.000 ,  431.818 ,  434.818 ,    0.000 ,    4.512 ,    0.000 ,    1.007 ,        7 , 	)
 220 	 (   4 ,  401.000 ,  521.000 ,        0 ,  440.720 ,  440.720 ,    0.000 ,  440.720 ,  443.720 ,  109.294 ,    4.512 ,    0.000 ,    5.804 ,        8 , 	)
  16 	 (   6 ,  300.000 ,  480.000 ,        0 ,  463.681 ,  463.681 ,    0.000 ,  463.681 ,  465.681 ,    0.000 ,    4.512 ,    0.000 ,    1.905 ,        9 , 	)
 141 	 (   4 ,  430.000 ,  610.000 ,        0 ,  504.540 ,  504.540 ,    0.000 ,  504.540 ,  506.540 ,   38.859 ,    4.512 ,    0.000 ,    3.534 ,       10 , 	)
 207 	 (   3 ,  303.000 ,  525.000 ,        0 ,  520.488 ,  520.488 ,    0.000 ,  520.488 ,  521.488 ,  159.488 ,    4.512 ,    0.000 ,    1.903 ,       11 , 	)
  28 	 (   4 ,  480.000 ,  720.000 ,        0 ,  532.899 ,  532.899 ,    0.000 ,  532.899 ,  533.899 ,    0.000 ,   56.059 ,    0.000 ,    4.148 ,       12 , 	)
 209 	 (   1 ,  419.000 ,  599.000 ,        0 ,  542.941 ,  542.941 ,    0.000 ,  542.941 ,  545.941 ,  108.123 ,   56.059 ,    0.000 ,    8.207 ,       13 , 	)
 153 	 (   0 ,  540.000 ,  780.000 ,        0 ,  563.041 ,  563.041 ,    0.000 ,  563.041 ,  564.041 ,   29.142 ,   66.858 ,    0.000 ,   13.632 ,       14 , 	)
 251 	 (   0 ,    0.000 , 1440.000 ,        0 ,  591.659 ,  591.659 ,    0.000 ,  591.659 ,  591.659 ,    0.000 ,  848.341 ,    0.000 ,    0.000 ,       15 , 	)
