12
	VALUE ALL : ( Cost : 3978.861 , TRT : 4065.714 , TWT : 660.089 , TD : 5801.091 )
	VIOLATIONS TOTAL : ( VC :       0 , VTW :   0.000 , VTD :   0.000 , VTRT :   0.000 )
 	COUT_ALL : (   0.003 )  T2B:   43201

	18 sommets 
	values : ( Cost : 379.795 , TRT : 458.731 , TWT : 131.171 , TD : 423.680 )
	violations : ( VC :       0 , VTW :   0.000 , VTD :   0.000 , VTRT :   0.000 )
	cout global : (   0.000	 )
S(i)	 (   C ,     TW0 ,       TW1 ,       VTW ,       Min ,       A ,       W ,       B ,       D ,       L ,       F ,       E ,       Det ,       [Imp ,       Imp]	)
   0 	 (   0 ,    0.000 , 1440.000 ,        0 ,    0.000 ,  333.863 ,    0.000 ,  333.863 ,  333.863 ,    0.000 ,    0.000 ,  333.863 ,    0.000 ,        0 , 	)
  18 	 (   4 ,  300.000 ,  480.000 ,        0 ,   18.347 ,  352.210 ,    0.000 ,  352.210 ,  356.210 ,    0.000 ,    0.000 ,   52.210 ,   11.183 ,        1 , 	)
  76 	 (   8 ,  300.000 ,  480.000 ,        0 ,  313.898 ,  366.108 ,    0.000 ,  366.108 ,  370.108 ,    0.000 ,    0.000 ,   52.210 ,    4.256 ,        2 , 	)
 111 	 (   4 ,  332.424 ,  560.000 ,        0 ,  340.680 ,  392.889 ,    0.000 ,  392.889 ,  396.889 ,   36.680 ,    0.000 ,   52.210 ,   -1.944 ,        3 , 	)
 169 	 (   0 ,  364.000 ,  544.000 ,        0 ,  350.695 ,  402.905 ,    0.000 ,  402.905 ,  406.905 ,   32.797 ,    0.000 ,   38.905 ,    0.045 ,        4 , 	)
  51 	 (   1 ,  301.000 ,  430.630 ,        0 ,  371.813 ,  410.717 ,    0.000 ,  410.717 ,  411.717 ,    0.000 ,    0.000 ,   38.905 ,    0.086 ,        5 , 	)
  42 	 (   5 ,  280.000 ,  447.485 ,        0 ,  380.375 ,  419.280 ,    0.000 ,  419.280 ,  423.280 ,    0.000 ,    0.000 ,   38.905 ,   -6.845 ,        6 , 	)
 135 	 (   1 ,  360.000 ,  480.000 ,        0 ,  412.890 ,  451.795 ,    0.000 ,  451.795 ,  455.795 ,   28.515 ,    0.000 ,   38.905 ,    6.134 ,        7 , 	)
 144 	 (   0 ,  413.000 ,  473.000 ,        0 ,  434.095 ,  473.000 ,    0.000 ,  473.000 ,  474.000 ,   61.283 ,   -0.000 ,   38.905 ,   -3.689 ,        8 , 	)
  88 	 (   1 ,  480.000 ,  720.000 ,        0 ,  457.897 ,  496.802 ,  131.171 ,  627.972 ,  628.972 ,    0.000 ,   18.532 ,  147.972 ,   12.429 ,        9 , 	)
  29 	 (   5 ,  480.000 ,  720.000 ,        0 ,  513.600 ,  661.572 ,    0.000 ,  661.572 ,  665.572 ,    0.000 ,    8.456 ,  147.972 ,   41.776 ,       10 , 	)
  93 	 (   7 ,  480.000 ,  720.000 ,        0 ,  544.239 ,  692.211 ,    0.000 ,  692.211 ,  694.211 ,    0.000 ,    8.456 ,  147.972 ,    7.029 ,       11 , 	)
 181 	 (   6 ,  554.000 ,  794.000 ,        0 ,  571.544 ,  719.517 ,    0.000 ,  719.517 ,  720.517 ,   90.544 ,    8.456 ,  147.972 ,    1.175 ,       12 , 	)
 186 	 (   4 ,  589.000 ,  829.000 ,        0 ,  588.827 ,  736.799 ,    0.000 ,  736.799 ,  738.799 ,   42.588 ,   18.532 ,  147.799 ,   14.486 ,       13 , 	)
  86 	 (   5 ,  720.000 ,  960.000 ,        0 ,  598.824 ,  746.623 ,    0.000 ,  746.623 ,  747.623 ,    0.000 ,   18.532 ,   26.623 ,    0.104 ,       14 , 	)
 122 	 (   1 ,  602.000 ,  782.000 ,        0 ,  736.845 ,  763.468 ,    0.000 ,  763.468 ,  767.468 ,   97.896 ,   18.532 ,   26.623 ,   -0.879 ,       15 , 	)
 179 	 (   0 ,  781.000 , 1021.000 ,        0 ,  754.377 ,  781.000 ,    0.000 ,  781.000 ,  782.000 ,   33.377 ,   47.623 ,    0.000 ,    4.695 ,       16 , 	)
 187 	 (   0 ,    0.000 , 1440.000 ,        0 ,  792.594 ,  792.594 ,    0.000 ,  792.594 ,  792.594 ,    0.000 ,  647.406 ,    0.000 ,    0.000 ,       17 , 	)

	12 sommets 
	values : ( Cost : 232.211 , TRT : 229.825 , TWT :  31.230 , TD : 416.703 )
	violations : ( VC :       0 , VTW :   0.000 , VTD :   0.000 , VTRT :   0.000 )
	cout global : (   0.000	 )
S(i)	 (   C ,     TW0 ,       TW1 ,       VTW ,       Min ,       A ,       W ,       B ,       D ,       L ,       F ,       E ,       Det ,       [Imp ,       Imp]	)
   0 	 (   0 ,    0.000 , 1440.000 ,        0 ,    0.000 ,  250.622 ,    0.000 ,  250.622 ,  250.622 ,    0.000 ,    0.000 ,  250.622 ,    0.000 ,        0 , 	)
  11 	 (   1 ,  240.000 ,  480.000 ,        0 ,   20.466 ,  271.088 ,    0.000 ,  271.088 ,  272.088 ,    0.000 ,    0.000 ,   31.088 ,    2.590 ,        1 , 	)
  45 	 (   4 ,  240.000 ,  300.000 ,        0 ,  268.912 ,  300.000 ,    0.000 ,  300.000 ,  303.000 ,    0.000 ,    0.000 ,   31.088 ,   29.088 ,        2 , 	)
  30 	 (   5 ,  330.000 ,  462.432 ,        0 ,  292.126 ,  323.214 ,   22.319 ,  345.532 ,  346.532 ,    0.000 ,    0.000 ,   15.532 ,   -0.284 ,        3 , 	)
  80 	 (   8 ,  300.000 ,  480.000 ,        0 ,  364.422 ,  379.954 ,    0.000 ,  379.954 ,  382.954 ,    0.000 ,    0.000 ,   15.532 ,   -2.337 ,        4 , 	)
 138 	 (   5 ,  377.000 ,  497.000 ,        0 ,  376.056 ,  391.589 ,    0.000 ,  391.589 ,  394.589 ,   88.589 ,    0.000 ,   14.589 ,    3.641 ,        5 , 	)
 104 	 (   4 ,  373.000 ,  553.000 ,        0 ,  395.499 ,  410.088 ,    0.000 ,  410.088 ,  411.088 ,  138.000 ,    0.000 ,   14.589 ,    0.000 ,        6 , 	)
  19 	 (   8 ,  240.000 ,  420.000 ,        0 ,  396.499 ,  411.088 ,    8.911 ,  419.999 ,  423.999 ,    0.000 ,    0.001 ,   23.500 ,    0.000 ,        7 , 	)
 173 	 (   5 ,  333.584 ,  565.000 ,        0 ,  411.526 ,  435.026 ,    0.000 ,  435.026 ,  438.026 ,   52.071 ,   15.532 ,   23.500 ,    2.402 ,        8 , 	)
 123 	 (   4 ,  447.000 ,  507.000 ,        0 ,  423.500 ,  447.000 ,    0.000 ,  447.000 ,  448.000 ,  100.468 ,   15.532 ,    0.000 ,   -0.032 ,        9 , 	)
 112 	 (   0 ,  267.750 ,  488.000 ,        0 ,  461.574 ,  461.574 ,    0.000 ,  461.574 ,  465.574 ,   37.575 ,   26.425 ,    0.000 ,    1.092 ,       10 , 	)
 187 	 (   0 ,    0.000 , 1440.000 ,        0 ,  480.447 ,  480.447 ,    0.000 ,  480.447 ,  480.447 ,    0.000 ,  959.553 ,    0.000 ,    0.000 ,       11 , 	)

	12 sommets 
	values : ( Cost : 253.424 , TRT : 457.549 , TWT : 247.005 , TD : 209.899 )
	violations : ( VC :       0 , VTW :   0.000 , VTD :   0.000 , VTRT :   0.000 )
	cout global : (   0.000	 )
S(i)	 (   C ,     TW0 ,       TW1 ,       VTW ,       Min ,       A ,       W ,       B ,       D ,       L ,       F ,       E ,       Det ,       [Imp ,       Imp]	)
   0 	 (   0 ,    0.000 , 1440.000 ,        0 ,    0.000 ,  432.651 ,    0.000 ,  432.651 ,  432.651 ,    0.000 ,    0.000 ,  432.651 ,    0.000 ,        0 , 	)
  63 	 (   1 ,  360.000 ,  480.000 ,        0 ,   17.061 ,  449.712 ,    0.000 ,  449.712 ,  450.712 ,    0.000 ,    0.000 ,   89.712 ,   12.719 ,        1 , 	)
  70 	 (   2 ,  240.000 ,  480.000 ,        0 ,  390.288 ,  480.000 ,    0.000 ,  480.000 ,  481.000 ,    0.000 ,    0.000 ,   89.712 ,    1.125 ,        2 , 	)
 156 	 (   1 ,  399.725 ,  585.000 ,        0 ,  401.850 ,  491.562 ,    0.000 ,  491.562 ,  492.562 ,   40.850 ,   23.687 ,   89.712 ,   -9.683 ,        3 , 	)
 163 	 (   0 ,  362.000 ,  542.000 ,        0 ,  428.601 ,  518.313 ,    0.000 ,  518.313 ,  519.313 ,   37.313 ,   23.687 ,   89.712 ,   13.389 ,        4 , 	)
  40 	 (   3 ,  722.000 ,  960.000 ,        0 ,  442.597 ,  532.309 ,  247.005 ,  779.314 ,  782.314 ,    0.000 ,   42.585 ,   57.314 ,    0.313 ,        5 , 	)
  36 	 (   7 ,  720.000 ,  960.000 ,        0 ,  748.514 ,  805.828 ,    0.000 ,  805.828 ,  809.828 ,    0.000 ,   42.585 ,   57.314 ,    5.184 ,        6 , 	)
 133 	 (   4 ,  831.000 , 1011.000 ,        0 ,  773.686 ,  831.000 ,    0.000 ,  831.000 ,  834.000 ,   48.686 ,   42.585 ,    0.000 ,    5.776 ,        7 , 	)
  49 	 (   5 ,  733.000 ,  893.162 ,        0 ,  838.406 ,  838.406 ,    0.000 ,  838.406 ,  839.406 ,    0.000 ,   42.585 ,    0.000 ,    2.299 ,        8 , 	)
 129 	 (   1 ,  844.000 , 1024.000 ,        0 ,  856.869 ,  856.869 ,    0.000 ,  856.869 ,  860.869 ,   47.041 ,   27.991 ,    0.000 ,    8.171 ,        9 , 	)
 142 	 (   0 ,  798.000 ,  918.000 ,        0 ,  875.415 ,  875.415 ,    0.000 ,  875.415 ,  876.415 ,   36.009 ,   27.991 ,    0.000 ,    5.422 ,       10 , 	)
 187 	 (   0 ,    0.000 , 1440.000 ,        0 ,  890.200 ,  890.200 ,    0.000 ,  890.200 ,  890.200 ,    0.000 ,  549.800 ,    0.000 ,    0.000 ,       11 , 	)

	26 sommets 
	values : ( Cost : 429.397 , TRT : 447.896 , TWT :  77.041 , TD : 757.587 )
	violations : ( VC :       0 , VTW :   0.000 , VTD :   0.000 , VTRT :   0.000 )
	cout global : (   0.000	 )
S(i)	 (   C ,     TW0 ,       TW1 ,       VTW ,       Min ,       A ,       W ,       B ,       D ,       L ,       F ,       E ,       Det ,       [Imp ,       Imp]	)
   0 	 (   0 ,    0.000 , 1440.000 ,        0 ,    0.000 ,  525.128 ,    0.000 ,  525.128 ,  525.128 ,    0.000 ,    0.000 ,  525.128 ,    0.000 ,        0 , 	)
  31 	 (   1 ,  480.000 ,  540.000 ,        0 ,   14.872 ,  540.000 ,    0.000 ,  540.000 ,  541.000 ,    0.000 ,   -0.000 ,   60.000 ,    3.280 ,        1 , 	)
  15 	 (   2 ,  480.000 ,  660.000 ,        0 ,  484.789 ,  544.789 ,   23.158 ,  567.947 ,  568.947 ,    0.000 ,    0.000 ,   83.158 ,    3.559 ,        2 , 	)
 108 	 (   1 ,  509.821 ,  738.000 ,        0 ,  514.610 ,  597.768 ,    0.000 ,  597.768 ,  598.768 ,   28.821 ,    0.000 ,   83.158 ,    0.406 ,        3 , 	)
  92 	 (   4 ,  545.000 ,  663.945 ,        0 ,  531.362 ,  614.520 ,    0.000 ,  614.520 ,  617.520 ,    0.000 ,    0.000 ,   69.520 ,   17.663 ,        4 , 	)
 124 	 (   3 ,  520.000 ,  635.000 ,        0 ,  565.480 ,  635.000 ,    0.000 ,  635.000 ,  636.000 ,   94.000 ,    0.000 ,   69.520 ,    1.794 ,        5 , 	)
 185 	 (   0 ,  642.000 ,  702.000 ,        0 ,  585.849 ,  655.368 ,    0.000 ,  655.368 ,  658.368 ,   37.849 ,   24.501 ,   13.368 ,   23.557 ,        6 , 	)
  24 	 (   3 ,  540.000 ,  720.000 ,        0 ,  662.335 ,  675.703 ,   24.501 ,  700.204 ,  703.204 ,    0.000 ,    0.000 ,   37.869 ,    2.665 ,        7 , 	)
   1 	 (   4 ,  660.000 ,  720.000 ,        0 ,  682.131 ,  720.000 ,    0.000 ,  720.000 ,  721.000 ,    0.000 ,    0.000 ,   37.869 ,    5.677 ,        8 , 	)
  21 	 (   8 ,  720.000 ,  840.000 ,        0 ,  696.805 ,  734.674 ,   21.499 ,  756.174 ,  760.174 ,    0.000 ,    0.000 ,   36.174 ,    4.602 ,        9 , 	)
 117 	 (   5 ,  649.000 ,  829.000 ,        0 ,  731.399 ,  767.573 ,    0.000 ,  767.573 ,  770.573 ,   64.369 ,    0.000 ,   36.174 ,    2.777 ,       10 , 	)
  32 	 (   6 ,  720.000 ,  960.000 ,        0 ,  748.705 ,  784.879 ,    0.000 ,  784.879 ,  785.879 ,    0.000 ,    0.000 ,   36.174 ,   16.217 ,       11 , 	)
  94 	 (   5 ,  695.813 ,  814.000 ,        0 ,  777.826 ,  814.000 ,    0.000 ,  814.000 ,  815.000 ,   93.000 ,    0.000 ,   36.174 ,    0.000 ,       12 , 	)
 114 	 (   1 ,  757.000 ,  929.000 ,        0 ,  778.826 ,  815.000 ,    0.000 ,  815.000 ,  819.000 ,   54.826 ,   30.174 ,   36.174 ,    0.000 ,       13 , 	)
  54 	 (   4 ,  840.000 ,  960.000 ,        0 ,  795.944 ,  832.117 ,    7.883 ,  840.000 ,  843.000 ,    0.000 ,   57.063 ,    0.000 ,   11.204 ,       14 , 	)
   6 	 (   5 ,  720.000 ,  960.000 ,        0 ,  859.605 ,  859.605 ,    0.000 ,  859.605 ,  860.605 ,    0.000 ,   19.866 ,    0.000 ,    8.049 ,       15 , 	)
 147 	 (   2 ,  860.085 , 1009.000 ,        0 ,  869.134 ,  869.134 ,    0.000 ,  869.134 ,  872.134 ,   26.134 ,   19.866 ,    0.000 ,    1.989 ,       16 , 	)
  72 	 (   3 ,  720.000 ,  960.000 ,        0 ,  876.411 ,  876.411 ,    0.000 ,  876.411 ,  877.411 ,    0.000 ,   57.063 ,    0.000 ,    0.295 ,       17 , 	)
  12 	 (   5 ,  720.000 ,  960.000 ,        0 ,  880.052 ,  880.052 ,    0.000 ,  880.052 ,  882.052 ,    0.000 ,   15.837 ,    0.000 ,    0.975 ,       18 , 	)
  87 	 (   8 ,  720.000 ,  960.000 ,        0 ,  893.577 ,  893.577 ,    0.000 ,  893.577 ,  896.577 ,    0.000 ,   15.837 ,    0.000 ,    2.403 ,       19 , 	)
 165 	 (   7 ,  748.000 ,  988.000 ,        0 ,  899.574 ,  899.574 ,    0.000 ,  899.574 ,  900.574 ,   22.163 ,   15.837 ,    0.000 ,   -2.392 ,       20 , 	)
 180 	 (   4 ,  775.000 , 1015.000 ,        0 ,  921.876 ,  921.876 ,    0.000 ,  921.876 ,  924.876 ,   25.298 ,   45.702 ,    0.000 ,   -0.429 ,       21 , 	)
  99 	 (   3 ,  845.000 , 1085.000 ,        0 ,  936.030 ,  936.030 ,    0.000 ,  936.030 ,  937.030 ,   75.425 ,   57.063 ,    0.000 ,    8.025 ,       22 , 	)
 105 	 (   1 ,  847.000 , 1027.000 ,        0 ,  950.816 ,  950.816 ,    0.000 ,  950.816 ,  952.816 ,   68.764 ,   57.063 ,    0.000 ,    0.000 ,       23 , 	)
 125 	 (   0 ,  888.000 , 1128.000 ,        0 ,  952.816 ,  952.816 ,    0.000 ,  952.816 ,  953.816 ,  166.937 ,   57.063 ,    0.000 ,    0.000 ,       24 , 	)
 187 	 (   0 ,    0.000 , 1440.000 ,        0 ,  973.023 ,  973.023 ,    0.000 ,  973.023 ,  973.023 ,    0.000 ,  466.977 ,    0.000 ,    0.000 ,       25 , 	)

	22 sommets 
	values : ( Cost : 410.621 , TRT : 383.703 , TWT :  22.965 , TD : 596.959 )
	violations : ( VC :       0 , VTW :   0.000 , VTD :   0.000 , VTRT :   0.000 )
	cout global : (   0.000	 )
S(i)	 (   C ,     TW0 ,       TW1 ,       VTW ,       Min ,       A ,       W ,       B ,       D ,       L ,       F ,       E ,       Det ,       [Imp ,       Imp]	)
   0 	 (   0 ,    0.000 , 1440.000 ,        0 ,    0.000 ,  747.374 ,    0.000 ,  747.374 ,  747.374 ,    0.000 ,    0.000 ,  747.374 ,    0.000 ,        0 , 	)
  58 	 (   3 ,  754.000 ,  935.897 ,        0 ,   17.061 ,  764.435 ,    0.000 ,  764.435 ,  767.435 ,    0.000 ,    0.000 ,   10.435 ,   -3.379 ,        1 , 	)
  77 	 (   6 ,  739.000 ,  943.660 ,        0 ,  763.915 ,  774.350 ,    0.000 ,  774.350 ,  777.350 ,    0.000 ,    0.000 ,   10.435 ,    9.617 ,        2 , 	)
  57 	 (   7 ,  780.000 ,  960.000 ,        0 ,  782.786 ,  793.220 ,    0.000 ,  793.220 ,  794.220 ,    0.000 ,    0.000 ,   10.435 ,    5.647 ,        3 , 	)
 170 	 (   4 ,  781.000 ,  961.000 ,        0 ,  787.902 ,  798.337 ,    0.000 ,  798.337 ,  801.337 ,   20.987 ,    0.000 ,   10.435 ,    0.803 ,        4 , 	)
  55 	 (   8 ,  720.000 ,  960.000 ,        0 ,  805.532 ,  815.966 ,    0.000 ,  815.966 ,  819.966 ,    0.000 ,    0.000 ,   10.435 ,    0.553 ,        5 , 	)
 150 	 (   7 ,  806.346 , 1029.000 ,        0 ,  822.074 ,  832.508 ,    0.000 ,  832.508 ,  833.508 ,   38.288 ,    0.000 ,   10.435 ,    6.805 ,        6 , 	)
 148 	 (   3 ,  765.000 , 1005.000 ,        0 ,  838.250 ,  848.684 ,    0.000 ,  848.684 ,  852.684 ,   28.718 ,    0.000 ,   10.435 ,   16.584 ,        7 , 	)
 151 	 (   0 ,  856.000 ,  976.000 ,        0 ,  852.256 ,  862.690 ,    0.000 ,  862.690 ,  865.690 ,   95.256 ,    0.000 ,    6.690 ,    1.207 ,        8 , 	)
  69 	 (   3 ,  840.000 ,  900.000 ,        0 ,  865.204 ,  871.894 ,    0.000 ,  871.894 ,  874.894 ,    0.000 ,    0.000 ,    6.690 ,   -0.118 ,        9 , 	)
  28 	 (   6 ,  780.000 ,  960.000 ,        0 ,  877.959 ,  884.650 ,    0.000 ,  884.650 ,  887.650 ,    0.000 ,    0.000 ,    6.690 ,    1.703 ,       10 , 	)
  13 	 (   7 ,  900.000 ,  960.000 ,        0 ,  918.283 ,  924.973 ,    0.000 ,  924.973 ,  925.973 ,    0.000 ,    0.000 ,    6.690 ,    0.000 ,       11 , 	)
 121 	 (   4 ,  857.000 , 1037.000 ,        0 ,  919.283 ,  925.973 ,    0.000 ,  925.973 ,  928.973 ,   38.323 ,    0.000 ,    6.690 ,    0.000 ,       12 , 	)
  10 	 (   8 ,  840.000 ,  960.000 ,        0 ,  943.048 ,  949.738 ,    0.000 ,  949.738 ,  953.738 ,    0.000 ,    0.000 ,    6.690 ,    0.446 ,       13 , 	)
 162 	 (   5 ,  904.576 , 1067.000 ,        0 ,  950.310 ,  957.000 ,    0.000 ,  957.000 ,  960.000 ,   82.106 ,    0.000 ,    6.690 ,    0.000 ,       14 , 	)
  25 	 (   7 ,  840.000 ,  960.000 ,        0 ,  953.310 ,  960.000 ,    0.000 ,  960.000 ,  962.000 ,    0.000 ,   -0.000 ,    6.690 ,    0.000 ,       15 , 	)
 103 	 (   3 ,  907.000 , 1027.000 ,        0 ,  989.302 ,  995.992 ,    0.000 ,  995.992 ,  999.992 ,   42.254 ,   31.008 ,    6.690 ,   -1.838 ,       16 , 	)
 106 	 (   2 , 1009.000 , 1129.000 ,        0 , 1002.608 , 1009.298 ,    0.000 , 1009.298 , 1010.298 ,   83.326 ,   32.001 ,    0.298 ,    0.000 ,       17 , 	)
  90 	 (   4 , 1020.000 , 1200.000 ,        0 , 1010.000 , 1010.298 ,   22.965 , 1033.264 , 1035.264 ,    0.000 ,    9.035 ,   13.264 ,    0.000 ,       18 , 	)
 118 	 (   2 ,  884.171 , 1075.000 ,        0 , 1052.701 , 1065.965 ,    0.000 , 1065.965 , 1067.965 ,  103.965 ,    9.035 ,   13.264 ,    7.971 ,       19 , 	)
 183 	 (   0 , 1099.000 , 1339.000 ,        0 , 1085.736 , 1099.000 ,    0.000 , 1099.000 , 1101.000 ,   63.736 ,   80.264 ,    0.000 ,   17.401 ,       20 , 	)
 187 	 (   0 ,    0.000 , 1440.000 ,        0 , 1131.077 , 1131.077 ,    0.000 , 1131.077 , 1131.077 ,    0.000 ,  308.923 ,   -0.000 ,    0.000 ,       21 , 	)

	18 sommets 
	values : ( Cost : 268.735 , TRT : 232.056 , TWT :   0.000 , TD : 501.397 )
	violations : ( VC :       0 , VTW :   0.000 , VTD :   0.000 , VTRT :   0.000 )
	cout global : (   0.000	 )
S(i)	 (   C ,     TW0 ,       TW1 ,       VTW ,       Min ,       A ,       W ,       B ,       D ,       L ,       F ,       E ,       Det ,       [Imp ,       Imp]	)
   0 	 (   0 ,    0.000 , 1440.000 ,        0 ,    0.000 ,  231.140 ,    0.000 ,  231.140 ,  231.140 ,    0.000 ,    7.656 ,  231.140 ,    0.000 ,        0 , 	)
  66 	 (   2 ,  240.000 ,  480.000 ,        0 ,   23.860 ,  255.000 ,    0.000 ,  255.000 ,  257.000 ,    0.000 ,    7.656 ,   15.000 ,    3.747 ,        1 , 	)
  91 	 (   3 ,  248.000 ,  480.000 ,        0 ,  265.598 ,  280.598 ,    0.000 ,  280.598 ,  281.598 ,    0.000 ,    7.656 ,   15.000 ,   -3.402 ,        2 , 	)
  34 	 (   4 ,  240.000 ,  360.000 ,        0 ,  273.007 ,  288.007 ,    0.000 ,  288.007 ,  289.007 ,    0.000 ,    4.241 ,   15.000 ,    2.656 ,        3 , 	)
  74 	 (   5 ,  240.000 ,  480.000 ,        0 ,  287.147 ,  302.147 ,    0.000 ,  302.147 ,  303.147 ,    0.000 ,    4.241 ,   15.000 ,    6.812 ,        4 , 	)
   8 	 (   7 ,  264.000 ,  403.552 ,        0 ,  299.850 ,  314.850 ,    0.000 ,  314.850 ,  316.850 ,    0.000 ,    4.241 ,   15.000 ,    4.992 ,        5 , 	)
 159 	 (   5 ,  314.000 ,  554.000 ,        0 ,  315.715 ,  330.715 ,    0.000 ,  330.715 ,  332.715 ,   73.715 ,    4.241 ,   15.000 ,    6.953 ,        6 , 	)
   4 	 (   7 ,  300.000 ,  480.000 ,        0 ,  331.468 ,  346.468 ,    0.000 ,  346.468 ,  348.468 ,    0.000 ,    4.241 ,   15.000 ,    0.747 ,        7 , 	)
 127 	 (   6 ,  275.683 ,  454.000 ,        0 ,  337.592 ,  352.592 ,    0.000 ,  352.592 ,  353.592 ,   63.585 ,    4.241 ,   15.000 ,    7.102 ,        8 , 	)
 184 	 (   5 ,  334.000 ,  514.000 ,        0 ,  347.357 ,  362.357 ,    0.000 ,  362.357 ,  363.357 ,   80.759 ,    4.241 ,   15.000 ,    2.383 ,        9 , 	)
  97 	 (   3 ,  311.671 ,  508.000 ,        0 ,  352.242 ,  367.242 ,    0.000 ,  367.242 ,  369.242 ,   18.774 ,    7.226 ,   15.000 ,    0.197 ,       10 , 	)
 101 	 (   1 ,  372.000 ,  432.000 ,        0 ,  357.000 ,  372.000 ,    0.000 ,  372.000 ,  374.000 ,   55.150 ,    7.656 ,    0.000 ,    3.479 ,       11 , 	)
   3 	 (   4 ,  300.000 ,  420.000 ,        0 ,  383.687 ,  383.687 ,    0.000 ,  383.687 ,  386.687 ,    0.000 ,    7.656 ,    0.000 ,   -2.595 ,       12 , 	)
  75 	 (   7 ,  240.000 ,  420.000 ,        0 ,  412.344 ,  412.344 ,    0.000 ,  412.344 ,  415.344 ,    0.000 ,    7.656 ,    0.000 ,   17.337 ,       13 , 	)
  96 	 (   4 ,  322.234 ,  475.000 ,        0 ,  426.258 ,  426.258 ,    0.000 ,  426.258 ,  429.258 ,   39.571 ,   12.429 ,    0.000 ,    1.232 ,       14 , 	)
 167 	 (   3 ,  389.000 ,  569.000 ,        0 ,  435.146 ,  435.146 ,    0.000 ,  435.146 ,  436.146 ,  131.999 ,   47.001 ,    0.000 ,    1.050 ,       15 , 	)
 168 	 (   0 ,  276.000 ,  509.000 ,        0 ,  453.188 ,  453.188 ,    0.000 ,  453.188 ,  456.188 ,   37.844 ,   48.156 ,    0.000 ,    0.450 ,       16 , 	)
 187 	 (   0 ,    0.000 , 1440.000 ,        0 ,  463.196 ,  463.196 ,    0.000 ,  463.196 ,  463.196 ,    0.000 ,  976.804 ,    0.000 ,    0.000 ,       17 , 	)

	20 sommets 
	values : ( Cost : 351.268 , TRT : 313.929 , TWT :  13.818 , TD : 459.241 )
	violations : ( VC :       0 , VTW :   0.000 , VTD :   0.000 , VTRT :   0.000 )
	cout global : (   0.000	 )
S(i)	 (   C ,     TW0 ,       TW1 ,       VTW ,       Min ,       A ,       W ,       B ,       D ,       L ,       F ,       E ,       Det ,       [Imp ,       Imp]	)
   0 	 (   0 ,    0.000 , 1440.000 ,        0 ,    0.000 ,  341.051 ,    0.000 ,  341.051 ,  341.051 ,    0.000 ,    0.000 ,  341.051 ,    0.000 ,        0 , 	)
  82 	 (   1 ,  300.000 ,  420.000 ,        0 ,   32.373 ,  373.424 ,    0.000 ,  373.424 ,  374.424 ,    0.000 ,    0.000 ,   73.424 ,    0.000 ,        1 , 	)
  44 	 (   3 ,  360.000 ,  420.000 ,        0 ,  301.000 ,  374.424 ,    0.000 ,  374.424 ,  376.424 ,    0.000 ,    0.000 ,   14.424 ,    0.000 ,        2 , 	)
 175 	 (   2 ,  314.000 ,  434.000 ,        0 ,  370.162 ,  384.586 ,    0.000 ,  384.586 ,  385.586 ,   10.162 ,    0.000 ,   14.424 ,    8.492 ,        3 , 	)
  81 	 (   3 ,  300.000 ,  480.000 ,        0 ,  377.631 ,  392.055 ,    0.000 ,  392.055 ,  393.055 ,    0.000 ,    0.000 ,   14.424 ,    2.622 ,        4 , 	)
  23 	 (   7 ,  300.000 ,  480.000 ,        0 ,  404.887 ,  419.311 ,    0.000 ,  419.311 ,  423.311 ,    0.000 ,    0.000 ,   14.424 ,    1.514 ,        5 , 	)
 174 	 (   6 ,  365.000 ,  545.000 ,        0 ,  416.799 ,  431.223 ,    0.000 ,  431.223 ,  432.223 ,   38.168 ,    0.000 ,   14.424 ,    0.306 ,        6 , 	)
 116 	 (   2 ,  457.000 ,  637.000 ,        0 ,  456.558 ,  470.982 ,    0.000 ,  470.982 ,  474.982 ,   47.671 ,    0.000 ,   13.982 ,  -25.048 ,        7 , 	)
  71 	 (   5 ,  300.000 ,  480.000 ,        0 ,  466.018 ,  480.000 ,    0.000 ,  480.000 ,  483.000 ,    0.000 ,    0.000 ,   13.982 ,   -1.011 ,        8 , 	)
 137 	 (   3 ,  404.056 ,  534.000 ,        0 ,  474.144 ,  488.126 ,    0.000 ,  488.126 ,  490.126 ,  111.702 ,    0.298 ,   13.982 ,    3.232 ,        9 , 	)
  38 	 (   6 ,  480.000 ,  720.000 ,        0 ,  487.918 ,  501.900 ,   13.818 ,  515.718 ,  518.718 ,    0.000 ,   44.370 ,   27.800 ,   -3.222 ,       10 , 	)
  14 	 (   7 ,  491.000 ,  716.871 ,        0 ,  508.838 ,  536.638 ,    0.000 ,  536.638 ,  537.638 ,    0.000 ,   23.111 ,   27.800 ,    5.486 ,       11 , 	)
  35 	 (   8 ,  540.000 ,  600.000 ,        0 ,  515.807 ,  543.607 ,    0.000 ,  543.607 ,  544.607 ,    0.000 ,   23.111 ,    3.607 ,    0.000 ,       12 , 	)
 131 	 (   5 ,  519.000 ,  759.000 ,        0 ,  541.000 ,  544.607 ,    0.000 ,  544.607 ,  547.607 ,   25.889 ,   23.111 ,    3.607 ,    0.000 ,       13 , 	)
 107 	 (   4 ,  565.000 ,  745.000 ,        0 ,  564.754 ,  568.361 ,    0.000 ,  568.361 ,  569.361 ,   30.723 ,   42.277 ,    3.361 ,   -9.607 ,       14 , 	)
  83 	 (   6 ,  495.000 ,  710.688 ,        0 ,  583.580 ,  586.941 ,    0.000 ,  586.941 ,  588.941 ,    0.000 ,   44.370 ,    3.361 ,    0.000 ,       15 , 	)
 128 	 (   5 ,  588.941 ,  729.000 ,        0 ,  585.580 ,  588.941 ,    0.000 ,  588.941 ,  589.941 ,   44.335 ,   23.038 ,    0.000 ,    0.000 ,       16 , 	)
 164 	 (   2 ,  404.000 ,  644.000 ,        0 ,  599.630 ,  599.630 ,    0.000 ,  599.630 ,  602.630 ,  116.630 ,   23.038 ,    0.000 ,    8.650 ,       17 , 	)
 176 	 (   0 ,  554.000 ,  734.000 ,        0 ,  622.904 ,  622.904 ,    0.000 ,  622.904 ,  624.904 ,   33.962 ,   23.038 ,    0.000 ,   26.432 ,       18 , 	)
 187 	 (   0 ,    0.000 , 1440.000 ,        0 ,  654.980 ,  654.980 ,    0.000 ,  654.980 ,  654.980 ,    0.000 ,  785.020 ,    0.000 ,    0.000 ,       19 , 	)

	14 sommets 
	values : ( Cost : 279.289 , TRT : 264.491 , TWT :  28.499 , TD : 512.456 )
	violations : ( VC :       0 , VTW :   0.000 , VTD :   0.000 , VTRT :   0.000 )
	cout global : (   0.000	 )
S(i)	 (   C ,     TW0 ,       TW1 ,       VTW ,       Min ,       A ,       W ,       B ,       D ,       L ,       F ,       E ,       Det ,       [Imp ,       Imp]	)
   0 	 (   0 ,    0.000 , 1440.000 ,        0 ,    0.000 ,  850.858 ,    0.000 ,  850.858 ,  850.858 ,    0.000 ,    0.000 ,  850.858 ,    0.000 ,        0 , 	)
  84 	 (   2 ,  780.000 ,  960.000 ,        0 ,   23.600 ,  874.458 ,    0.000 ,  874.458 ,  876.458 ,    0.000 ,    0.000 ,   94.458 ,    5.589 ,        1 , 	)
  53 	 (   4 ,  780.000 ,  960.000 ,        0 ,  790.463 ,  884.921 ,    0.000 ,  884.921 ,  886.921 ,    0.000 ,    0.000 ,   94.458 ,   10.031 ,        2 , 	)
  47 	 (   7 ,  815.000 ,  933.786 ,        0 ,  805.005 ,  899.462 ,    0.000 ,  899.462 ,  902.462 ,    0.000 ,    0.000 ,   84.462 ,    9.643 ,        3 , 	)
  61 	 (   8 ,  780.000 ,  960.000 ,        0 ,  838.920 ,  923.382 ,    0.000 ,  923.382 ,  924.382 ,    0.000 ,    0.000 ,   84.462 ,    7.052 ,        4 , 	)
 146 	 (   6 ,  848.000 , 1028.000 ,        0 ,  860.266 ,  944.729 ,    0.000 ,  944.729 ,  946.729 ,   57.808 ,    0.000 ,   84.462 ,    3.881 ,        5 , 	)
 154 	 (   5 ,  805.980 , 1028.000 ,        0 ,  870.780 ,  955.243 ,    0.000 ,  955.243 ,  956.243 ,   30.861 ,    0.000 ,   84.462 ,    4.483 ,        6 , 	)
  59 	 (   8 ,  960.000 , 1200.000 ,        0 ,  877.435 ,  961.898 ,    0.000 ,  961.898 ,  964.898 ,    0.000 ,    0.000 ,    1.898 ,    1.318 ,        7 , 	)
 140 	 (   5 ,  912.000 ,  972.000 ,        0 ,  970.102 ,  972.000 ,    0.000 ,  972.000 ,  975.000 ,   69.538 ,    0.000 ,    1.898 ,  -14.232 ,        8 , 	)
   7 	 (   7 ,  960.000 , 1080.000 ,        0 , 1017.509 , 1019.407 ,   28.499 , 1047.906 , 1049.906 ,    0.000 ,   32.094 ,   30.397 ,   25.817 ,        9 , 	)
 152 	 (   4 , 1066.000 , 1306.000 ,        0 , 1035.603 , 1066.000 ,    0.000 , 1066.000 , 1069.000 ,  101.102 ,   37.898 ,    0.000 ,    0.016 ,       10 , 	)
 177 	 (   2 ,  936.000 , 1176.000 ,        0 , 1082.048 , 1082.048 ,    0.000 , 1082.048 , 1084.048 ,  205.590 ,   90.410 ,    0.000 ,    3.938 ,       11 , 	)
 100 	 (   0 , 1031.000 , 1211.000 ,        0 , 1097.463 , 1097.463 ,    0.000 , 1097.463 , 1099.463 ,   47.557 ,  102.443 ,   -0.000 ,    2.191 ,       12 , 	)
 187 	 (   0 ,    0.000 , 1440.000 ,        0 , 1115.349 , 1115.349 ,    0.000 , 1115.349 , 1115.349 ,    0.000 ,  324.651 ,   -0.000 ,    0.000 ,       13 , 	)

	18 sommets 
	values : ( Cost : 330.780 , TRT : 285.340 , TWT :   6.633 , TD : 516.402 )
	violations : ( VC :       0 , VTW :   0.000 , VTD :   0.000 , VTRT :   0.000 )
	cout global : (   0.000	 )
S(i)	 (   C ,     TW0 ,       TW1 ,       VTW ,       Min ,       A ,       W ,       B ,       D ,       L ,       F ,       E ,       Det ,       [Imp ,       Imp]	)
   0 	 (   0 ,    0.000 , 1440.000 ,        0 ,    0.000 ,  280.592 ,    0.000 ,  280.592 ,  280.592 ,    0.000 ,    0.000 ,  280.592 ,    0.000 ,        0 , 	)
  64 	 (   2 ,  240.000 ,  480.000 ,        0 ,   10.594 ,  291.186 ,    0.000 ,  291.186 ,  293.186 ,    0.000 ,    0.000 ,   51.186 ,    1.891 ,        1 , 	)
  67 	 (   3 ,  305.000 ,  424.495 ,        0 ,  261.543 ,  312.729 ,    0.000 ,  312.729 ,  313.729 ,    0.000 ,    0.000 ,    7.729 ,  -14.020 ,        2 , 	)
  65 	 (   7 ,  240.000 ,  420.000 ,        0 ,  324.460 ,  332.189 ,    0.000 ,  332.189 ,  336.189 ,    0.000 ,    0.000 ,    7.729 ,   26.756 ,        3 , 	)
 157 	 (   5 ,  299.000 ,  539.000 ,        0 ,  346.701 ,  354.429 ,    0.000 ,  354.429 ,  356.429 ,   61.244 ,    0.000 ,    7.729 ,   -2.938 ,        4 , 	)
 158 	 (   1 ,  307.000 ,  487.000 ,        0 ,  359.232 ,  366.961 ,    0.000 ,  366.961 ,  370.961 ,   30.772 ,    0.000 ,    7.729 ,    1.244 ,        5 , 	)
  89 	 (   2 ,  240.000 ,  480.000 ,        0 ,  383.848 ,  391.577 ,    0.000 ,  391.577 ,  392.577 ,    0.000 ,    0.000 ,    7.729 ,   10.340 ,        6 , 	)
 160 	 (   1 ,  401.000 ,  461.000 ,        0 ,  398.509 ,  406.238 ,    0.000 ,  406.238 ,  407.238 ,   92.509 ,    0.000 ,    5.238 ,    1.965 ,        7 , 	)
  79 	 (   2 ,  240.000 ,  420.000 ,        0 ,  414.276 ,  419.514 ,    0.000 ,  419.514 ,  420.514 ,    0.000 ,    0.000 ,    5.238 ,   -0.235 ,        8 , 	)
  85 	 (   4 ,  259.000 ,  463.514 ,        0 ,  423.361 ,  428.598 ,    0.000 ,  428.598 ,  430.598 ,    0.000 ,    0.000 ,    5.238 ,    2.979 ,        9 , 	)
 178 	 (   2 ,  300.000 ,  480.000 ,        0 ,  439.847 ,  445.084 ,    0.000 ,  445.084 ,  447.084 ,   14.486 ,    0.000 ,    5.238 ,    0.845 ,       10 , 	)
  46 	 (   5 ,  255.000 ,  468.896 ,        0 ,  461.097 ,  466.335 ,    0.000 ,  466.335 ,  469.335 ,    0.000 ,    0.000 ,    5.238 ,    3.941 ,       11 , 	)
 139 	 (   2 ,  312.000 ,  492.000 ,        0 ,  484.201 ,  489.438 ,    0.000 ,  489.438 ,  492.438 ,   20.104 ,    0.000 ,    5.238 ,    1.504 ,       12 , 	)
  73 	 (   3 ,  480.000 ,  720.000 ,        0 ,  489.155 ,  494.392 ,    0.000 ,  494.392 ,  495.392 ,    0.000 ,    0.000 ,    5.238 ,    0.838 ,       13 , 	)
 172 	 (   2 ,  343.000 ,  523.000 ,        0 ,  517.762 ,  523.000 ,    0.000 ,  523.000 ,  524.000 ,  102.486 ,    0.000 ,    5.238 ,    7.653 ,       14 , 	)
 182 	 (   1 ,  351.000 ,  591.000 ,        0 ,  529.533 ,  534.771 ,    0.000 ,  534.771 ,  535.771 ,  142.194 ,    5.806 ,    5.238 ,    0.527 ,       15 , 	)
 166 	 (   0 ,  548.000 ,  788.000 ,        0 ,  536.129 ,  541.367 ,    6.633 ,  548.000 ,  549.000 ,   52.608 ,   38.392 ,    0.000 ,    7.389 ,       16 , 	)
 187 	 (   0 ,    0.000 , 1440.000 ,        0 ,  565.932 ,  565.932 ,    0.000 ,  565.932 ,  565.932 ,    0.000 ,  874.068 ,    0.000 ,    0.000 ,       17 , 	)

	18 sommets 
	values : ( Cost : 399.981 , TRT : 342.738 , TWT :   0.000 , TD : 505.196 )
	violations : ( VC :       0 , VTW :   0.000 , VTD :   0.000 , VTRT :   0.000 )
	cout global : (   0.000	 )
S(i)	 (   C ,     TW0 ,       TW1 ,       VTW ,       Min ,       A ,       W ,       B ,       D ,       L ,       F ,       E ,       Det ,       [Imp ,       Imp]	)
   0 	 (   0 ,    0.000 , 1440.000 ,        0 ,    0.000 ,  816.215 ,    0.000 ,  816.215 ,  816.215 ,    0.000 ,    0.982 ,  816.215 ,    0.000 ,        0 , 	)
  50 	 (   4 ,  721.000 ,  960.000 ,        0 ,    6.114 ,  822.329 ,    0.000 ,  822.329 ,  826.329 ,    0.000 ,    0.982 ,  101.329 ,    0.451 ,        1 , 	)
  60 	 (   5 ,  780.000 ,  960.000 ,        0 ,  736.974 ,  838.304 ,    0.000 ,  838.304 ,  839.304 ,    0.000 ,    0.982 ,   58.304 ,   12.328 ,        2 , 	)
  39 	 (   6 ,  720.000 ,  900.000 ,        0 ,  808.487 ,  866.791 ,    0.000 ,  866.791 ,  867.791 ,    0.000 ,    0.982 ,   58.304 ,    1.143 ,        3 , 	)
 153 	 (   5 ,  825.000 , 1061.000 ,        0 ,  820.514 ,  878.817 ,    0.000 ,  878.817 ,  879.817 ,   39.514 ,    0.982 ,   53.817 ,    0.410 ,        4 , 	)
  27 	 (   7 ,  720.000 ,  900.000 ,        0 ,  845.201 ,  899.018 ,    0.000 ,  899.018 ,  901.018 ,    0.000 ,    0.982 ,   53.817 ,    2.538 ,        5 , 	)
 143 	 (   3 ,  835.000 , 1015.000 ,        0 ,  875.287 ,  929.105 ,    0.000 ,  929.105 ,  933.105 ,  102.775 ,    7.225 ,   53.817 ,    3.190 ,        6 , 	)
  41 	 (   6 ,  840.000 ,  960.000 ,        0 ,  885.544 ,  939.362 ,    0.000 ,  939.362 ,  942.362 ,    0.000 ,   20.638 ,   53.817 ,    1.899 ,        7 , 	)
 120 	 (   4 ,  794.000 ,  974.000 ,        0 ,  895.419 ,  949.236 ,    0.000 ,  949.236 ,  951.236 ,   48.218 ,   24.764 ,   53.817 ,    6.817 ,        8 , 	)
 132 	 (   3 ,  823.000 , 1003.000 ,        0 ,  907.000 ,  960.817 ,    0.000 ,  960.817 ,  961.817 ,   93.026 ,   42.183 ,   53.817 ,    2.629 ,        9 , 	)
 134 	 (   0 ,  937.000 , 1057.000 ,        0 ,  935.305 ,  989.123 ,    0.000 ,  989.123 ,  992.123 ,   46.761 ,   67.877 ,   52.123 ,    3.447 ,       10 , 	)
   5 	 (   4 ,  960.000 , 1200.000 ,        0 ,  946.890 ,  999.013 ,    0.000 ,  999.013 , 1003.013 ,    0.000 ,  137.137 ,   39.013 ,   10.333 ,       11 , 	)
  52 	 (   6 , 1020.000 , 1200.000 ,        0 ,  990.613 , 1029.626 ,    0.000 , 1029.626 , 1031.626 ,    0.000 ,   70.013 ,    9.626 ,    1.905 ,       12 , 	)
  98 	 (   2 , 1051.000 , 1291.000 ,        0 , 1041.374 , 1051.000 ,    0.000 , 1051.000 , 1055.000 ,   47.987 ,   25.892 ,    0.000 ,   15.579 ,       13 , 	)
  48 	 (   6 , 1020.000 , 1200.000 ,        0 , 1062.863 , 1062.863 ,    0.000 , 1062.863 , 1066.863 ,    0.000 ,   25.892 ,    0.000 ,   -7.729 ,       14 , 	)
 141 	 (   2 , 1069.000 , 1305.000 ,        0 , 1104.671 , 1104.671 ,    0.000 , 1104.671 , 1108.671 ,   37.808 ,   25.892 ,   -0.000 ,   -2.382 ,       15 , 	)
 145 	 (   0 , 1077.000 , 1317.000 ,        0 , 1120.733 , 1120.733 ,    0.000 , 1120.733 , 1122.733 ,   89.108 ,   25.892 ,   -0.000 ,    9.629 ,       16 , 	)
 187 	 (   0 ,    0.000 , 1440.000 ,        0 , 1158.953 , 1158.953 ,    0.000 , 1158.953 , 1158.953 ,    0.000 ,  281.047 ,   -0.000 ,    0.000 ,       17 , 	)

	14 sommets 
	values : ( Cost : 279.951 , TRT : 238.550 , TWT :   0.061 , TD : 305.003 )
	violations : ( VC :       0 , VTW :   0.000 , VTD :   0.000 , VTRT :   0.000 )
	cout global : (   0.000	 )
S(i)	 (   C ,     TW0 ,       TW1 ,       VTW ,       Min ,       A ,       W ,       B ,       D ,       L ,       F ,       E ,       Det ,       [Imp ,       Imp]	)
   0 	 (   0 ,    0.000 , 1440.000 ,        0 ,    0.000 ,  295.049 ,    0.000 ,  295.049 ,  295.049 ,    0.000 ,    0.000 ,  295.049 ,    0.000 ,        0 , 	)
  26 	 (   4 ,  250.000 ,  476.476 ,        0 ,   21.793 ,  316.842 ,    0.000 ,  316.842 ,  320.842 ,    0.000 ,    0.000 ,   66.842 ,    0.489 ,        1 , 	)
 119 	 (   0 ,  328.000 ,  508.000 ,        0 ,  281.524 ,  348.366 ,    0.000 ,  348.366 ,  352.366 ,   27.524 ,    0.000 ,   20.366 ,   10.259 ,        2 , 	)
  56 	 (   1 ,  300.000 ,  360.000 ,        0 ,  339.634 ,  360.000 ,    0.000 ,  360.000 ,  361.000 ,    0.000 ,    0.000 ,   20.366 ,    1.336 ,        3 , 	)
  20 	 (   2 ,  276.000 ,  452.841 ,        0 ,  354.314 ,  374.680 ,    0.061 ,  374.741 ,  375.741 ,    0.000 ,   23.501 ,   20.427 ,    1.176 ,        4 , 	)
 149 	 (   1 ,  335.532 ,  453.000 ,        0 ,  377.342 ,  397.769 ,    0.000 ,  397.769 ,  398.769 ,   36.769 ,    2.241 ,   20.427 ,    3.626 ,        5 , 	)
  16 	 (   5 ,  300.000 ,  480.000 ,        0 ,  392.394 ,  412.821 ,    0.000 ,  412.821 ,  416.821 ,    0.000 ,    2.241 ,   20.427 ,   19.264 ,        6 , 	)
  22 	 (   8 ,  240.000 ,  480.000 ,        0 ,  427.789 ,  448.216 ,    0.000 ,  448.216 ,  451.216 ,    0.000 ,    2.241 ,   20.427 ,   18.175 ,        7 , 	)
 113 	 (   7 ,  368.000 ,  488.000 ,        0 ,  444.072 ,  464.499 ,    0.000 ,  464.499 ,  465.499 ,   88.759 ,    2.241 ,   20.427 ,    2.311 ,        8 , 	)
 109 	 (   3 ,  362.000 ,  542.000 ,        0 ,  447.783 ,  468.210 ,    0.000 ,  468.210 ,  472.210 ,   51.389 ,   27.611 ,   20.427 ,   -1.260 ,        9 , 	)
  33 	 (   4 ,  480.000 ,  600.000 ,        0 ,  459.573 ,  480.000 ,    0.000 ,  480.000 ,  481.000 ,    0.000 ,   42.707 ,    0.000 ,    3.340 ,       10 , 	)
 115 	 (   1 ,  369.000 ,  549.000 ,        0 ,  506.293 ,  506.293 ,    0.000 ,  506.293 ,  509.293 ,   55.077 ,   42.707 ,    0.000 ,    7.150 ,       11 , 	)
 126 	 (   0 ,  516.335 ,  742.000 ,        0 ,  526.485 ,  526.485 ,    0.000 ,  526.485 ,  527.485 ,   45.485 ,   95.515 ,    0.000 ,    4.514 ,       12 , 	)
 187 	 (   0 ,    0.000 , 1440.000 ,        0 ,  533.599 ,  533.599 ,    0.000 ,  533.599 ,  533.599 ,    0.000 ,  906.401 ,    0.000 ,    0.000 ,       13 , 	)

	18 sommets 
	values : ( Cost : 363.409 , TRT : 410.906 , TWT : 101.666 , TD : 596.568 )
	violations : ( VC :       0 , VTW :   0.000 , VTD :   0.000 , VTRT :   0.000 )
	cout global : (   0.000	 )
S(i)	 (   C ,     TW0 ,       TW1 ,       VTW ,       Min ,       A ,       W ,       B ,       D ,       L ,       F ,       E ,       Det ,       [Imp ,       Imp]	)
   0 	 (   0 ,    0.000 , 1440.000 ,        0 ,    0.000 ,  705.560 ,    0.000 ,  705.560 ,  705.560 ,    0.000 ,    0.000 ,  705.560 ,    0.000 ,        0 , 	)
  68 	 (   2 ,  540.000 ,  720.000 ,        0 ,   14.440 ,  720.000 ,    0.000 ,  720.000 ,  722.000 ,    0.000 ,    0.000 ,  180.000 ,   10.857 ,        1 , 	)
   9 	 (   4 ,  720.000 ,  960.000 ,        0 ,  555.349 ,  735.349 ,   57.555 ,  792.904 ,  794.904 ,    0.000 ,    0.000 ,   72.904 ,   11.192 ,        2 , 	)
  37 	 (   5 ,  720.000 ,  900.000 ,        0 ,  758.020 ,  830.924 ,    0.000 ,  830.924 ,  831.924 ,    0.000 ,    0.000 ,   72.904 ,    9.403 ,        3 , 	)
 102 	 (   3 ,  789.000 , 1029.000 ,        0 ,  766.515 ,  839.419 ,    0.000 ,  839.419 ,  841.419 ,   44.515 ,    0.000 ,   50.419 ,   -0.334 ,        4 , 	)
  43 	 (   6 ,  731.000 ,  956.162 ,        0 ,  803.623 ,  854.041 ,    0.000 ,  854.041 ,  857.041 ,    0.000 ,    0.000 ,   50.419 ,    0.975 ,        5 , 	)
 161 	 (   4 ,  644.000 ,  884.000 ,        0 ,  812.729 ,  863.147 ,    0.000 ,  863.147 ,  865.147 ,  141.147 ,    0.000 ,   50.419 ,    0.000 ,        6 , 	)
   2 	 (   5 ,  720.000 ,  960.000 ,        0 ,  814.729 ,  865.147 ,    0.000 ,  865.147 ,  866.147 ,    0.000 ,    0.000 ,   50.419 ,    0.000 ,        7 , 	)
 130 	 (   4 ,  751.734 ,  983.000 ,        0 ,  821.150 ,  871.569 ,    0.000 ,  871.569 ,  872.569 ,   39.645 ,    0.000 ,   50.419 ,    6.813 ,        8 , 	)
  62 	 (   8 ,  720.000 ,  960.000 ,        0 ,  832.341 ,  882.759 ,    0.000 ,  882.759 ,  886.759 ,    0.000 ,    0.000 ,   50.419 ,    3.601 ,        9 , 	)
 136 	 (   5 ,  806.000 ,  986.000 ,        0 ,  848.501 ,  898.920 ,    0.000 ,  898.920 ,  901.920 ,   41.878 ,    0.000 ,   50.419 ,    3.090 ,       10 , 	)
 155 	 (   1 ,  807.000 , 1047.000 ,        0 ,  867.652 ,  918.071 ,    0.000 ,  918.071 ,  922.071 ,   31.311 ,    0.000 ,   50.419 ,   22.082 ,       11 , 	)
  78 	 (   5 ,  720.000 ,  960.000 ,        0 ,  894.742 ,  945.161 ,    0.000 ,  945.161 ,  949.161 ,    0.000 ,    0.000 ,   50.419 ,   -2.102 ,       12 , 	)
  95 	 (   4 ,  884.000 , 1064.000 ,        0 ,  919.558 ,  969.977 ,    0.000 ,  969.977 ,  970.977 ,  103.829 ,    0.000 ,   50.419 ,    7.715 ,       13 , 	)
  17 	 (   5 ,  960.000 , 1200.000 ,        0 ,  938.178 ,  988.597 ,    0.000 ,  988.597 ,  989.597 ,    0.000 ,    0.000 ,   28.597 ,   17.588 ,       14 , 	)
 171 	 (   1 ,  798.000 , 1038.000 ,        0 , 1009.403 , 1038.000 ,    0.000 , 1038.000 , 1042.000 ,   88.839 ,    0.000 ,   28.597 ,    4.996 ,       15 , 	)
 110 	 (   0 , 1095.000 , 1275.000 ,        0 , 1022.292 , 1050.889 ,   44.111 , 1095.000 , 1096.000 ,  105.403 ,   34.597 ,    0.000 ,   -1.740 ,       16 , 	)
 187 	 (   0 ,    0.000 , 1440.000 ,        0 , 1116.466 , 1116.466 ,    0.000 , 1116.466 , 1116.466 ,    0.000 ,  323.534 ,   -0.000 ,    0.000 ,       17 , 	)
