6
	VALUE ALL : ( Cost : 2006.046 , TRT : 1842.603 , TWT : 144.298 , TD : 2689.217 )
	VIOLATIONS TOTAL : ( VC :       0 , VTW :   0.000 , VTD :   0.000 , VTRT :   0.000 )
 	COUT_ALL : (   0.002 )  T2B:   42001

	16 sommets 
	values : ( Cost : 437.677 , TRT : 365.080 , TWT :   0.000 , TD : 398.772 )
	violations : ( VC :       0 , VTW :   0.000 , VTD :   0.000 , VTRT :   0.000 )
	cout global : (   0.000	 )
S(i)	 (   C ,     TW0 ,       TW1 ,       VTW ,       Min ,       A ,       W ,       B ,       D ,       L ,       F ,       E ,       Det ,       [Imp ,       Imp]	)
   0 	 (   0 ,    0.000 , 1440.000 ,        0 ,    0.000 ,  671.781 ,    0.000 ,  671.781 ,  671.781 ,    0.000 ,    7.645 ,  671.781 ,    0.000 ,        0 , 	)
  15 	 (   2 ,  490.000 ,  717.669 ,        0 ,   10.243 ,  682.024 ,    0.000 ,  682.024 ,  684.024 ,    0.000 ,    7.645 ,  192.024 ,   12.835 ,        1 , 	)
   1 	 (   3 ,  480.000 ,  720.000 ,        0 ,  520.331 ,  712.355 ,    0.000 ,  712.355 ,  713.355 ,    0.000 ,    7.645 ,  192.024 ,    0.000 ,        2 , 	)
  54 	 (   1 ,  568.000 ,  748.000 ,        0 ,  521.331 ,  713.355 ,    0.000 ,  713.355 ,  715.355 ,   29.331 ,    8.781 ,  145.355 ,    0.000 ,        3 , 	)
  11 	 (   4 ,  720.000 ,  960.000 ,        0 ,  592.510 ,  737.865 ,    0.000 ,  737.865 ,  740.865 ,    0.000 ,    8.781 ,   17.865 ,    0.774 ,        4 , 	)
  40 	 (   3 ,  556.000 ,  796.000 ,        0 ,  739.380 ,  757.244 ,    0.000 ,  757.244 ,  758.244 ,   43.889 ,    8.781 ,   17.865 ,   20.406 ,        5 , 	)
  50 	 (   0 ,  768.000 , 1008.000 ,        0 ,  767.492 ,  785.357 ,    0.000 ,  785.357 ,  788.357 ,   44.492 ,    8.781 ,   17.357 ,   18.866 ,        6 , 	)
  31 	 (   1 ,  720.000 ,  960.000 ,        0 ,  782.518 ,  799.875 ,    0.000 ,  799.875 ,  800.875 ,    0.000 ,    8.781 ,   17.357 ,    1.933 ,        7 , 	)
   7 	 (   5 ,  720.000 ,  960.000 ,        0 ,  797.539 ,  814.896 ,    0.000 ,  814.896 ,  818.896 ,    0.000 ,    8.781 ,   17.357 ,   23.480 ,        8 , 	)
  70 	 (   4 ,  825.000 , 1065.000 ,        0 ,  863.320 ,  880.677 ,    0.000 ,  880.677 ,  881.677 ,   79.802 ,    8.781 ,   17.357 ,   11.267 ,        9 , 	)
  46 	 (   0 ,  909.000 , 1089.000 ,        0 ,  891.643 ,  909.000 ,    0.000 ,  909.000 ,  913.000 ,   90.104 ,    8.781 ,    0.000 ,   32.977 ,       10 , 	)
  36 	 (   3 ,  780.000 ,  960.000 ,        0 ,  948.219 ,  948.219 ,    0.000 ,  948.219 ,  951.219 ,    0.000 ,    8.781 ,    0.000 ,    0.000 ,       11 , 	)
  22 	 (   7 ,  720.000 ,  960.000 ,        0 ,  951.219 ,  951.219 ,    0.000 ,  951.219 ,  955.219 ,    0.000 ,    8.781 ,    0.000 ,    0.000 ,       12 , 	)
  75 	 (   4 ,  873.000 , 1053.000 ,        0 , 1000.369 , 1000.369 ,    0.000 , 1000.369 , 1003.369 ,   49.150 ,   52.631 ,    0.000 ,    1.682 ,       13 , 	)
  61 	 (   0 ,  838.000 , 1078.000 ,        0 , 1017.223 , 1017.223 ,    0.000 , 1017.223 , 1021.223 ,   62.004 ,   60.777 ,    0.000 ,   -0.002 ,       14 , 	)
  79 	 (   0 ,    0.000 , 1440.000 ,        0 , 1036.862 , 1036.862 ,    0.000 , 1036.862 , 1036.862 ,    0.000 ,  403.138 ,    0.000 ,    0.000 ,       15 , 	)

	14 sommets 
	values : ( Cost : 285.615 , TRT : 246.748 , TWT :   0.000 , TD : 363.077 )
	violations : ( VC :       0 , VTW :   0.000 , VTD :   0.000 , VTRT :   0.000 )
	cout global : (   0.000	 )
S(i)	 (   C ,     TW0 ,       TW1 ,       VTW ,       Min ,       A ,       W ,       B ,       D ,       L ,       F ,       E ,       Det ,       [Imp ,       Imp]	)
   0 	 (   0 ,    0.000 , 1440.000 ,        0 ,    0.000 ,  262.014 ,    0.000 ,  262.014 ,  262.014 ,    0.000 ,    1.923 ,  262.014 ,    0.000 ,        0 , 	)
   4 	 (   4 ,  240.000 ,  480.000 ,        0 ,   14.177 ,  276.190 ,    0.000 ,  276.190 ,  280.190 ,    0.000 ,    1.923 ,   36.190 ,   -3.409 ,        1 , 	)
  26 	 (   5 ,  240.000 ,  420.000 ,        0 ,  252.594 ,  288.784 ,    0.000 ,  288.784 ,  289.784 ,    0.000 ,    1.923 ,   36.190 ,   14.726 ,        2 , 	)
  65 	 (   4 ,  313.000 ,  493.000 ,        0 ,  290.244 ,  326.435 ,    0.000 ,  326.435 ,  327.435 ,   36.650 ,    1.923 ,   13.435 ,    2.486 ,        3 , 	)
   8 	 (   7 ,  240.000 ,  420.000 ,        0 ,  349.560 ,  362.995 ,    0.000 ,  362.995 ,  365.995 ,    0.000 ,    1.923 ,   13.435 ,    1.281 ,        4 , 	)
  43 	 (   3 ,  376.000 ,  616.000 ,        0 ,  362.565 ,  376.000 ,    0.000 ,  376.000 ,  380.000 ,   95.810 ,    1.923 ,    0.000 ,    2.498 ,        5 , 	)
   5 	 (   7 ,  314.000 ,  412.196 ,        0 ,  384.590 ,  384.590 ,    0.000 ,  384.590 ,  388.590 ,    0.000 ,    1.923 ,    0.000 ,    4.211 ,        6 , 	)
  16 	 (   8 ,  300.000 ,  480.000 ,        0 ,  394.606 ,  394.606 ,    0.000 ,  394.606 ,  395.606 ,    0.000 ,    1.923 ,    0.000 ,    2.881 ,        7 , 	)
  44 	 (   4 ,  379.000 ,  439.000 ,        0 ,  415.275 ,  415.275 ,    0.000 ,  415.275 ,  419.275 ,   26.685 ,    1.923 ,    0.000 ,    0.000 ,        8 , 	)
  34 	 (   7 ,  240.000 ,  480.000 ,        0 ,  419.275 ,  419.275 ,    0.000 ,  419.275 ,  422.275 ,    0.000 ,    1.923 ,    0.000 ,    0.000 ,        9 , 	)
  55 	 (   6 ,  340.000 ,  575.000 ,        0 ,  440.653 ,  440.653 ,    0.000 ,  440.653 ,  441.653 ,   45.047 ,    1.923 ,    0.000 ,    8.269 ,       10 , 	)
  73 	 (   3 ,  323.000 ,  563.000 ,        0 ,  472.077 ,  472.077 ,    0.000 ,  472.077 ,  475.077 ,   49.802 ,    1.923 ,    0.000 ,    0.000 ,       11 , 	)
  47 	 (   0 ,  357.000 ,  477.000 ,        0 ,  475.077 ,  475.077 ,    0.000 ,  475.077 ,  478.077 ,  109.083 ,    1.923 ,    0.000 ,    0.000 ,       12 , 	)
  79 	 (   0 ,    0.000 , 1440.000 ,        0 ,  508.762 ,  508.762 ,    0.000 ,  508.762 ,  508.762 ,    0.000 ,  931.238 ,    0.000 ,    0.000 ,       13 , 	)

	14 sommets 
	values : ( Cost : 395.510 , TRT : 454.065 , TWT : 124.689 , TD : 554.008 )
	violations : ( VC :       0 , VTW :   0.000 , VTD :   0.000 , VTRT :   0.000 )
	cout global : (   0.000	 )
S(i)	 (   C ,     TW0 ,       TW1 ,       VTW ,       Min ,       A ,       W ,       B ,       D ,       L ,       F ,       E ,       Det ,       [Imp ,       Imp]	)
   0 	 (   0 ,    0.000 , 1440.000 ,        0 ,    0.000 ,  659.532 ,    0.000 ,  659.532 ,  659.532 ,    0.000 ,    0.000 ,  659.532 ,    0.000 ,        0 , 	)
  10 	 (   4 ,  540.000 ,  720.000 ,        0 ,   32.338 ,  691.870 ,    0.000 ,  691.870 ,  695.870 ,    0.000 ,    0.000 ,  151.870 ,   21.995 ,        1 , 	)
  35 	 (   7 ,  484.000 ,  720.000 ,        0 ,  559.836 ,  711.706 ,    0.000 ,  711.706 ,  714.706 ,    0.000 ,    0.000 ,  151.870 ,    2.524 ,        2 , 	)
  49 	 (   3 ,  603.000 ,  783.000 ,        0 ,  579.317 ,  731.187 ,    0.000 ,  731.187 ,  735.187 ,   35.317 ,    0.000 ,  128.187 ,    0.000 ,        3 , 	)
   3 	 (   6 ,  720.000 ,  960.000 ,        0 ,  607.000 ,  735.187 ,    0.000 ,  735.187 ,  738.187 ,    0.000 ,    0.000 ,   15.187 ,    0.000 ,        4 , 	)
  74 	 (   3 ,  587.000 ,  767.000 ,        0 ,  751.813 ,  767.000 ,    0.000 ,  767.000 ,  770.000 ,   52.294 ,    0.000 ,   15.187 ,    8.053 ,        5 , 	)
  39 	 (   7 ,  733.000 ,  893.798 ,        0 ,  787.922 ,  803.109 ,   90.689 ,  893.798 ,  897.798 ,    0.000 ,    0.000 ,  105.877 ,   21.423 ,        6 , 	)
  78 	 (   3 ,  802.000 ,  922.000 ,        0 ,  816.123 ,  922.000 ,    0.000 ,  922.000 ,  926.000 ,   24.202 ,    0.000 ,  105.877 ,    0.000 ,        7 , 	)
  18 	 (   4 ,  960.000 , 1200.000 ,        0 ,  820.123 ,  926.000 ,   34.000 ,  960.000 ,  961.000 ,    0.000 ,    8.261 ,    0.000 ,    0.000 ,        8 , 	)
  25 	 (   5 ,  960.000 , 1200.000 ,        0 ,  968.805 ,  968.805 ,    0.000 ,  968.805 ,  969.805 ,    0.000 ,    6.687 ,    0.000 ,    7.247 ,        9 , 	)
  42 	 (   2 ,  894.000 , 1134.000 ,        0 , 1004.926 , 1004.926 ,    0.000 , 1004.926 , 1007.926 ,  266.739 ,    6.687 ,    0.000 ,   28.417 ,       10 , 	)
  64 	 (   1 , 1014.000 , 1254.000 ,        0 , 1027.948 , 1027.948 ,    0.000 , 1027.948 , 1028.948 ,   58.144 ,    6.687 ,    0.000 ,    3.186 ,       11 , 	)
  57 	 (   0 , 1053.000 , 1293.000 ,        0 , 1078.313 , 1078.313 ,    0.000 , 1078.313 , 1079.313 ,  117.313 ,    6.687 ,    0.000 ,   49.061 ,       12 , 	)
  79 	 (   0 ,    0.000 , 1440.000 ,        0 , 1113.597 , 1113.597 ,    0.000 , 1113.597 , 1113.597 ,    0.000 ,  326.403 ,    0.000 ,    0.000 ,       13 , 	)

	18 sommets 
	values : ( Cost : 407.484 , TRT : 342.379 , TWT :   0.000 , TD : 604.650 )
	violations : ( VC :       0 , VTW :   0.000 , VTD :   0.000 , VTRT :   0.000 )
	cout global : (   0.000	 )
S(i)	 (   C ,     TW0 ,       TW1 ,       VTW ,       Min ,       A ,       W ,       B ,       D ,       L ,       F ,       E ,       Det ,       [Imp ,       Imp]	)
   0 	 (   0 ,    0.000 , 1440.000 ,        0 ,    0.000 ,  236.064 ,    0.000 ,  236.064 ,  236.064 ,    0.000 ,    8.034 ,  236.064 ,    0.000 ,        0 , 	)
  32 	 (   2 ,  240.000 ,  420.000 ,        0 ,   30.416 ,  266.480 ,    0.000 ,  266.480 ,  268.480 ,    0.000 ,    8.034 ,   26.480 ,    8.211 ,        1 , 	)
  19 	 (   3 ,  240.000 ,  420.000 ,        0 ,  259.915 ,  286.395 ,    0.000 ,  286.395 ,  287.395 ,    0.000 ,    8.034 ,   26.480 ,    1.708 ,        2 , 	)
  30 	 (   7 ,  300.000 ,  480.000 ,        0 ,  273.520 ,  300.000 ,    0.000 ,  300.000 ,  304.000 ,    0.000 ,    6.398 ,    0.000 ,    4.556 ,        3 , 	)
  71 	 (   5 ,  310.000 ,  490.000 ,        0 ,  313.989 ,  313.989 ,    0.000 ,  313.989 ,  315.989 ,   45.510 ,    6.398 ,    0.000 ,    1.393 ,        4 , 	)
  29 	 (   6 ,  240.000 ,  360.000 ,        0 ,  321.358 ,  321.358 ,    0.000 ,  321.358 ,  322.358 ,    0.000 ,    6.398 ,    0.000 ,    0.711 ,        5 , 	)
  37 	 (   7 ,  240.000 ,  420.000 ,        0 ,  331.457 ,  331.457 ,    0.000 ,  331.457 ,  332.457 ,    0.000 ,    6.398 ,    0.000 ,    2.595 ,        6 , 	)
  58 	 (   6 ,  267.694 ,  493.000 ,        0 ,  352.997 ,  352.997 ,    0.000 ,  352.997 ,  353.997 ,   65.602 ,    6.398 ,    0.000 ,    3.168 ,        7 , 	)
  69 	 (   2 ,  329.564 ,  553.000 ,        0 ,  363.833 ,  363.833 ,    0.000 ,  363.833 ,  367.833 ,   59.833 ,    8.034 ,    0.000 ,    0.000 ,        8 , 	)
  14 	 (   6 ,  300.000 ,  420.000 ,        0 ,  367.833 ,  367.833 ,    0.000 ,  367.833 ,  371.833 ,    0.000 ,    8.034 ,    0.000 ,    0.000 ,        9 , 	)
  76 	 (   5 ,  337.000 ,  517.000 ,        0 ,  398.544 ,  398.544 ,    0.000 ,  398.544 ,  399.544 ,   66.087 ,    8.034 ,    0.000 ,    0.614 ,       10 , 	)
  12 	 (   6 ,  240.000 ,  420.000 ,        0 ,  411.966 ,  411.966 ,    0.000 ,  411.966 ,  412.966 ,    0.000 ,    8.034 ,    0.000 ,    4.518 ,       11 , 	)
  53 	 (   2 ,  358.000 ,  538.000 ,        0 ,  425.305 ,  425.305 ,    0.000 ,  425.305 ,  429.305 ,   53.471 ,   39.217 ,    0.000 ,    7.400 ,       12 , 	)
   2 	 (   6 ,  240.000 ,  480.000 ,        0 ,  440.783 ,  440.783 ,    0.000 ,  440.783 ,  444.783 ,    0.000 ,   39.217 ,    0.000 ,    3.071 ,       13 , 	)
  68 	 (   5 ,  407.000 ,  647.000 ,        0 ,  477.958 ,  477.958 ,    0.000 ,  477.958 ,  478.958 ,  155.600 ,   44.585 ,    0.000 ,    9.423 ,       14 , 	)
  51 	 (   4 ,  314.000 ,  554.000 ,        0 ,  498.098 ,  498.098 ,    0.000 ,  498.098 ,  499.098 ,   85.132 ,   44.585 ,    0.000 ,    2.337 ,       15 , 	)
  41 	 (   0 ,  331.000 ,  571.000 ,        0 ,  518.198 ,  518.198 ,    0.000 ,  518.198 ,  522.198 ,   73.415 ,   44.585 ,    0.000 ,    4.020 ,       16 , 	)
  79 	 (   0 ,    0.000 , 1440.000 ,        0 ,  578.443 ,  578.443 ,    0.000 ,  578.443 ,  578.443 ,    0.000 ,  861.557 ,    0.000 ,    0.000 ,       17 , 	)

	12 sommets 
	values : ( Cost : 184.691 , TRT : 180.474 , TWT :  19.608 , TD : 339.051 )
	violations : ( VC :       0 , VTW :   0.000 , VTD :   0.000 , VTRT :   0.000 )
	cout global : (   0.000	 )
S(i)	 (   C ,     TW0 ,       TW1 ,       VTW ,       Min ,       A ,       W ,       B ,       D ,       L ,       F ,       E ,       Det ,       [Imp ,       Imp]	)
   0 	 (   0 ,    0.000 , 1440.000 ,        0 ,    0.000 ,  766.869 ,    0.000 ,  766.869 ,  766.869 ,    0.000 ,    0.000 ,  766.869 ,    0.000 ,        0 , 	)
  24 	 (   3 ,  720.000 ,  780.000 ,        0 ,   13.131 ,  780.000 ,    0.000 ,  780.000 ,  783.000 ,    0.000 ,    0.000 ,   60.000 ,   16.254 ,        1 , 	)
   6 	 (   4 ,  785.000 ,  904.454 ,        0 ,  732.237 ,  792.237 ,   19.608 ,  811.845 ,  812.845 ,    0.000 ,   26.270 ,   26.845 ,    2.977 ,        2 , 	)
  21 	 (   8 ,  780.000 ,  960.000 ,        0 ,  805.386 ,  832.231 ,    0.000 ,  832.231 ,  836.231 ,    0.000 ,   26.270 ,   26.845 ,   11.532 ,        3 , 	)
  63 	 (   5 ,  759.418 ,  880.000 ,        0 ,  826.885 ,  853.730 ,    0.000 ,  853.730 ,  856.730 ,   70.730 ,   21.683 ,   26.845 ,    0.000 ,        4 , 	)
  17 	 (   7 ,  720.000 ,  960.000 ,        0 ,  829.885 ,  856.730 ,    0.000 ,  856.730 ,  858.730 ,    0.000 ,   21.683 ,   26.845 ,    0.000 ,        5 , 	)
  23 	 (   8 ,  780.000 ,  960.000 ,        0 ,  839.429 ,  866.274 ,    0.000 ,  866.274 ,  867.274 ,    0.000 ,   21.683 ,   26.845 ,    8.665 ,        6 , 	)
  45 	 (   7 ,  881.000 ,  941.000 ,        0 ,  854.155 ,  881.000 ,    0.000 ,  881.000 ,  882.000 ,   68.155 ,   14.174 ,    0.000 ,    9.544 ,        7 , 	)
  60 	 (   3 ,  845.000 , 1025.000 ,        0 ,  897.547 ,  897.547 ,    0.000 ,  897.547 ,  901.547 ,   61.317 ,   14.174 ,    0.000 ,    1.693 ,        8 , 	)
  56 	 (   1 ,  794.000 , 1034.000 ,        0 ,  928.754 ,  928.754 ,    0.000 ,  928.754 ,  930.754 ,   70.024 ,   14.174 ,    0.000 ,    1.319 ,        9 , 	)
  62 	 (   0 ,  812.125 , 1044.000 ,        0 ,  936.100 ,  936.100 ,    0.000 ,  936.100 ,  937.100 ,   68.826 ,   14.174 ,    0.000 ,    2.458 ,       10 , 	)
  79 	 (   0 ,    0.000 , 1440.000 ,        0 ,  947.343 ,  947.343 ,    0.000 ,  947.343 ,  947.343 ,    0.000 ,  492.657 ,    0.000 ,    0.000 ,       11 , 	)

	16 sommets 
	values : ( Cost : 295.069 , TRT : 253.856 , TWT :   0.000 , TD : 429.657 )
	violations : ( VC :       0 , VTW :   0.000 , VTD :   0.000 , VTRT :   0.000 )
	cout global : (   0.000	 )
S(i)	 (   C ,     TW0 ,       TW1 ,       VTW ,       Min ,       A ,       W ,       B ,       D ,       L ,       F ,       E ,       Det ,       [Imp ,       Imp]	)
   0 	 (   0 ,    0.000 , 1440.000 ,        0 ,    0.000 ,  220.784 ,    0.000 ,  220.784 ,  220.784 ,    0.000 ,   50.089 ,  220.784 ,    0.000 ,        0 , 	)
  20 	 (   1 ,  240.000 ,  420.000 ,        0 ,   19.655 ,  240.439 ,    0.000 ,  240.439 ,  241.439 ,    0.000 ,   50.089 ,    0.439 ,   -0.031 ,        1 , 	)
  28 	 (   5 ,  240.000 ,  360.000 ,        0 ,  250.866 ,  251.305 ,    0.000 ,  251.305 ,  255.305 ,    0.000 ,   19.800 ,    0.439 ,   13.320 ,        2 , 	)
   9 	 (   7 ,  240.000 ,  420.000 ,        0 ,  266.151 ,  266.590 ,    0.000 ,  266.590 ,  268.590 ,    0.000 ,   19.800 ,    0.439 ,    3.839 ,        3 , 	)
  67 	 (   3 ,  273.678 ,  443.000 ,        0 ,  290.383 ,  290.823 ,    0.000 ,  290.823 ,  294.823 ,   35.517 ,    0.776 ,    0.439 ,   -4.438 ,        4 , 	)
  27 	 (   5 ,  240.000 ,  420.000 ,        0 ,  316.488 ,  316.927 ,    0.000 ,  316.927 ,  318.927 ,    0.000 ,    0.776 ,    0.439 ,    9.756 ,        5 , 	)
  59 	 (   4 ,  288.000 ,  525.000 ,        0 ,  325.200 ,  325.639 ,    0.000 ,  325.639 ,  326.639 ,   84.200 ,    0.776 ,    0.439 ,    2.020 ,        6 , 	)
  33 	 (   6 ,  240.000 ,  420.000 ,        0 ,  342.672 ,  343.111 ,    0.000 ,  343.111 ,  345.111 ,    0.000 ,    0.776 ,    0.439 ,   21.753 ,        7 , 	)
  48 	 (   4 ,  284.000 ,  520.000 ,        0 ,  365.375 ,  365.814 ,    0.000 ,  365.814 ,  367.814 ,   97.224 ,    0.776 ,    0.439 ,    1.860 ,        8 , 	)
  72 	 (   2 ,  360.000 ,  480.000 ,        0 ,  393.021 ,  393.460 ,    0.000 ,  393.460 ,  395.460 ,   48.349 ,   50.089 ,    0.439 ,    0.000 ,        9 , 	)
  13 	 (   6 ,  300.000 ,  480.000 ,        0 ,  395.021 ,  395.460 ,    0.000 ,  395.460 ,  399.460 ,    0.000 ,   50.089 ,    0.439 ,    0.000 ,       10 , 	)
  66 	 (   4 ,  420.000 ,  660.000 ,        0 ,  419.561 ,  420.000 ,    0.000 ,  420.000 ,  422.000 ,  101.073 ,   31.259 ,    0.000 ,    0.686 ,       11 , 	)
  38 	 (   5 ,  300.000 ,  480.000 ,        0 ,  429.911 ,  429.911 ,    0.000 ,  429.911 ,  430.911 ,    0.000 ,   31.259 ,    0.000 ,    4.483 ,       12 , 	)
  52 	 (   1 ,  352.000 ,  532.000 ,        0 ,  434.201 ,  434.201 ,    0.000 ,  434.201 ,  438.201 ,   34.741 ,   31.259 ,    0.000 ,    0.256 ,       13 , 	)
  77 	 (   0 ,  349.000 ,  529.000 ,        0 ,  459.464 ,  459.464 ,    0.000 ,  459.464 ,  460.464 ,   28.553 ,   36.447 ,    0.000 ,    1.350 ,       14 , 	)
  79 	 (   0 ,    0.000 , 1440.000 ,        0 ,  474.641 ,  474.641 ,    0.000 ,  474.641 ,  474.641 ,    0.000 ,  965.359 ,    0.000 ,    0.000 ,       15 , 	)
