13
	VALUE ALL : ( Cost : 5383.799 , TRT : 5092.757 , TWT : 598.787 , TD : 6102.104 )
	VIOLATIONS TOTAL : ( VC :       0 , VTW :   0.000 , VTD :   0.000 , VTRT :   0.000 )
 	COUT_ALL : (   0.004 )  T2B:   35401

	14 sommets 
	values : ( Cost : 382.010 , TRT : 410.810 , TWT :  85.584 , TD : 210.641 )
	violations : ( VC :       0 , VTW :   0.000 , VTD :   0.000 , VTRT :   0.000 )
	cout global : (   0.000	 )
S(i)	 (   C ,     TW0 ,       TW1 ,       VTW ,       Min ,       A ,       W ,       B ,       D ,       L ,       F ,       E ,       Det ,       [Imp ,       Imp]	)
   0 	 (   0 ,    0.000 , 1440.000 ,        0 ,    0.000 ,  600.341 ,    0.000 ,  600.341 ,  600.341 ,    0.000 ,    0.000 ,  600.341 ,    0.000 ,        0 , 	)
  49 	 (   3 ,  480.000 ,  660.000 ,        0 ,   59.659 ,  660.000 ,    0.000 ,  660.000 ,  663.000 ,    0.000 ,    0.000 ,  180.000 ,   -4.308 ,        1 , 	)
 145 	 (   0 ,  517.000 ,  750.000 ,        0 ,  515.402 ,  695.402 ,    0.000 ,  695.402 ,  698.402 ,   32.402 ,   54.598 ,  178.402 ,    0.249 ,        2 , 	)
   8 	 (   4 ,  780.000 ,  960.000 ,        0 ,  536.554 ,  714.956 ,   85.584 ,  800.541 ,  804.541 ,    0.000 ,   44.599 ,   20.541 ,    7.963 ,        3 , 	)
  37 	 (   8 ,  720.000 ,  900.000 ,        0 ,  795.379 ,  815.920 ,    0.000 ,  815.920 ,  819.920 ,    0.000 ,   38.541 ,   20.541 ,    0.746 ,        4 , 	)
 104 	 (   4 ,  835.000 , 1015.000 ,        0 ,  814.459 ,  835.000 ,    0.000 ,  835.000 ,  839.000 ,   30.459 ,   38.541 ,    0.000 ,   -0.834 ,        5 , 	)
 133 	 (   0 ,  789.000 ,  969.000 ,        0 ,  842.902 ,  842.902 ,    0.000 ,  842.902 ,  846.902 ,   22.982 ,   44.599 ,    0.000 ,   -4.215 ,        6 , 	)
  16 	 (   3 ,  780.000 ,  960.000 ,        0 ,  860.974 ,  860.974 ,    0.000 ,  860.974 ,  863.974 ,    0.000 ,   44.599 ,    0.000 ,    6.162 ,        7 , 	)
  74 	 (   5 ,  759.000 ,  928.504 ,        0 ,  874.186 ,  874.186 ,    0.000 ,  874.186 ,  876.186 ,    0.000 ,    8.708 ,    0.000 ,    3.589 ,        8 , 	)
  66 	 (   8 ,  720.000 ,  960.000 ,        0 ,  880.740 ,  880.740 ,    0.000 ,  880.740 ,  883.740 ,    0.000 ,    8.708 ,    0.000 ,    2.317 ,        9 , 	)
 112 	 (   5 ,  810.141 , 1018.000 ,        0 ,  910.266 ,  910.266 ,    0.000 ,  910.266 ,  913.266 ,   46.292 ,    8.708 ,    0.000 ,    0.182 ,       10 , 	)
 170 	 (   3 ,  840.000 ,  960.000 ,        0 ,  915.401 ,  915.401 ,    0.000 ,  915.401 ,  917.401 ,   39.215 ,   39.785 ,    0.000 ,   -4.963 ,       11 , 	)
 162 	 (   0 ,  818.000 , 1058.000 ,        0 ,  923.030 ,  923.030 ,    0.000 ,  923.030 ,  926.030 ,   39.290 ,  104.710 ,    0.000 ,    4.040 ,       12 , 	)
 193 	 (   0 ,    0.000 , 1440.000 ,        0 , 1011.150 , 1011.150 ,    0.000 , 1011.150 , 1011.150 ,    0.000 ,  428.850 ,    0.000 ,    0.000 ,       13 , 	)

	24 sommets 
	values : ( Cost : 537.257 , TRT : 474.272 , TWT :  34.320 , TD : 814.032 )
	violations : ( VC :       0 , VTW :   0.000 , VTD :   0.000 , VTRT :   0.000 )
	cout global : (   0.000	 )
S(i)	 (   C ,     TW0 ,       TW1 ,       VTW ,       Min ,       A ,       W ,       B ,       D ,       L ,       F ,       E ,       Det ,       [Imp ,       Imp]	)
   0 	 (   0 ,    0.000 , 1440.000 ,        0 ,    0.000 ,  183.947 ,    0.000 ,  183.947 ,  183.947 ,    0.000 ,    0.000 ,  183.947 ,    0.000 ,        0 , 	)
  10 	 (   1 ,  240.000 ,  480.000 ,        0 ,   59.312 ,  243.259 ,    0.000 ,  243.259 ,  244.259 ,    0.000 ,    0.000 ,    3.259 ,   -0.064 ,        1 , 	)
  93 	 (   2 ,  240.000 ,  420.000 ,        0 ,  271.359 ,  274.617 ,    0.000 ,  274.617 ,  275.617 ,    0.000 ,    0.000 ,    3.259 ,    0.274 ,        2 , 	)
  77 	 (   3 ,  240.000 ,  480.000 ,        0 ,  275.014 ,  278.273 ,    0.000 ,  278.273 ,  279.273 ,    0.000 ,    0.000 ,    3.259 ,   -4.732 ,        3 , 	)
 189 	 (   2 ,  290.000 ,  470.000 ,        0 ,  293.729 ,  296.988 ,    0.000 ,  296.988 ,  297.988 ,   21.371 ,    0.000 ,    3.259 ,    8.923 ,        4 , 	)
  50 	 (   5 ,  240.000 ,  360.000 ,        0 ,  300.480 ,  303.738 ,    0.000 ,  303.738 ,  306.738 ,    0.000 ,    0.000 ,    3.259 ,    2.182 ,        5 , 	)
 106 	 (   4 ,  314.000 ,  554.000 ,        0 ,  313.111 ,  316.369 ,    0.000 ,  316.369 ,  317.369 ,   72.111 ,    0.000 ,    2.369 ,    0.211 ,        6 , 	)
  83 	 (   6 ,  266.000 ,  408.056 ,        0 ,  321.147 ,  323.517 ,    0.000 ,  323.517 ,  325.517 ,    0.000 ,    0.000 ,    2.369 ,    5.380 ,        7 , 	)
  26 	 (   7 ,  240.000 ,  360.000 ,        0 ,  357.631 ,  360.000 ,    0.000 ,  360.000 ,  361.000 ,    0.000 ,    0.000 ,    2.369 ,    2.443 ,        8 , 	)
 146 	 (   4 ,  282.248 ,  468.000 ,        0 ,  362.968 ,  365.337 ,    0.000 ,  365.337 ,  368.337 ,   58.599 ,    3.689 ,    2.369 ,    5.025 ,        9 , 	)
 173 	 (   3 ,  361.000 ,  601.000 ,        0 ,  379.404 ,  381.773 ,    0.000 ,  381.773 ,  382.773 ,  102.500 ,    3.689 ,    2.369 ,   -0.054 ,       10 , 	)
  43 	 (   4 ,  248.000 ,  480.000 ,        0 ,  394.850 ,  397.219 ,    3.689 ,  400.908 ,  401.908 ,    0.000 ,    0.000 ,    6.058 ,   25.214 ,       11 , 	)
 179 	 (   2 ,  399.000 ,  459.000 ,        0 ,  409.077 ,  415.135 ,    0.000 ,  415.135 ,  417.135 ,   89.619 ,    0.000 ,    6.058 ,    0.974 ,       12 , 	)
 139 	 (   1 ,  333.000 ,  513.000 ,        0 ,  430.029 ,  436.087 ,    0.000 ,  436.087 ,  437.087 ,   34.180 ,    0.000 ,    6.058 ,    0.732 ,       13 , 	)
  30 	 (   3 ,  420.000 ,  480.000 ,        0 ,  464.853 ,  470.911 ,    0.000 ,  470.911 ,  472.911 ,    0.000 ,    0.000 ,    6.058 ,    5.151 ,       14 , 	)
  68 	 (   6 ,  240.000 ,  480.000 ,        0 ,  473.942 ,  480.000 ,    0.000 ,  480.000 ,  483.000 ,    0.000 ,    0.000 ,    6.058 ,    0.008 ,       15 , 	)
  38 	 (   8 ,  480.000 ,  660.000 ,        0 ,  479.438 ,  485.495 ,    4.444 ,  489.940 ,  491.940 ,    0.000 ,    0.000 ,    9.940 ,   -0.036 ,       16 , 	)
 122 	 (   7 ,  275.677 ,  500.000 ,        0 ,  487.750 ,  497.690 ,    0.000 ,  497.690 ,  498.690 ,  136.690 ,    0.000 ,    9.940 ,    2.814 ,       17 , 	)
 164 	 (   4 ,  264.000 ,  504.000 ,        0 ,  494.060 ,  504.000 ,    0.000 ,  504.000 ,  507.000 ,   21.000 ,    0.000 ,    9.940 ,   -7.344 ,       18 , 	)
  44 	 (   5 ,  540.000 ,  660.000 ,        0 ,  517.834 ,  527.774 ,   23.228 ,  551.001 ,  552.001 ,    0.000 ,    0.000 ,   11.001 ,    6.572 ,       19 , 	)
 140 	 (   4 ,  569.904 ,  738.000 ,        0 ,  569.904 ,  580.905 ,    0.000 ,  580.905 ,  581.905 ,   28.904 ,    0.000 ,   11.001 ,   -2.646 ,       20 , 	)
 126 	 (   2 ,  470.739 ,  612.000 ,        0 ,  591.910 ,  602.911 ,    0.000 ,  602.911 ,  604.911 ,  130.000 ,    0.000 ,   11.001 ,    1.990 ,       21 , 	)
 134 	 (   0 ,  611.000 ,  731.000 ,        0 ,  597.040 ,  608.041 ,    2.959 ,  611.000 ,  613.000 ,  119.060 ,   13.940 ,    0.000 ,    3.831 ,       22 , 	)
 193 	 (   0 ,    0.000 , 1440.000 ,        0 ,  658.219 ,  658.219 ,    0.000 ,  658.219 ,  658.219 ,    0.000 ,  781.781 ,    0.000 ,    0.000 ,       23 , 	)

	18 sommets 
	values : ( Cost : 371.850 , TRT : 360.862 , TWT :  41.276 , TD : 490.625 )
	violations : ( VC :       0 , VTW :   0.000 , VTD :   0.000 , VTRT :   0.000 )
	cout global : (   0.000	 )
S(i)	 (   C ,     TW0 ,       TW1 ,       VTW ,       Min ,       A ,       W ,       B ,       D ,       L ,       F ,       E ,       Det ,       [Imp ,       Imp]	)
   0 	 (   0 ,    0.000 , 1440.000 ,        0 ,    0.000 ,  291.275 ,    0.000 ,  291.275 ,  291.275 ,    0.000 ,    0.000 ,  291.275 ,    0.000 ,        0 , 	)
  39 	 (   1 ,  240.000 ,  480.000 ,        0 ,   56.070 ,  347.345 ,    0.000 ,  347.345 ,  348.345 ,    0.000 ,    0.000 ,  107.345 ,    2.341 ,        1 , 	)
  25 	 (   5 ,  275.000 ,  454.004 ,        0 ,  250.889 ,  358.235 ,    0.000 ,  358.235 ,  362.235 ,    0.000 ,    0.000 ,   83.235 ,    7.209 ,        2 , 	)
   6 	 (   6 ,  300.000 ,  420.000 ,        0 ,  290.062 ,  373.296 ,    0.000 ,  373.296 ,  374.296 ,    0.000 ,    0.000 ,   73.296 ,    4.713 ,        3 , 	)
 121 	 (   2 ,  373.000 ,  493.000 ,        0 ,  329.647 ,  402.944 ,    0.000 ,  402.944 ,  406.944 ,   40.709 ,    0.000 ,   29.944 ,   -0.526 ,        4 , 	)
 102 	 (   1 ,  368.000 ,  548.000 ,        0 ,  384.533 ,  414.477 ,    0.000 ,  414.477 ,  415.477 ,   40.180 ,    0.000 ,   29.944 ,    0.414 ,        5 , 	)
 135 	 (   0 ,  343.000 ,  583.000 ,        0 ,  391.058 ,  421.001 ,    0.000 ,  421.001 ,  422.001 ,   72.656 ,    0.000 ,   29.944 ,   -3.035 ,        6 , 	)
  94 	 (   4 ,  258.000 ,  464.256 ,        0 ,  405.572 ,  435.516 ,    0.000 ,  435.516 ,  439.516 ,    0.000 ,    0.000 ,   29.944 ,   -5.238 ,        7 , 	)
  64 	 (   5 ,  300.000 ,  480.000 ,        0 ,  413.961 ,  443.905 ,    0.000 ,  443.905 ,  444.905 ,    0.000 ,    0.000 ,   29.944 ,    8.612 ,        8 , 	)
 190 	 (   1 ,  304.000 ,  484.000 ,        0 ,  434.929 ,  464.872 ,    0.000 ,  464.872 ,  468.872 ,   25.356 ,    0.000 ,   29.944 ,   -9.138 ,        9 , 	)
  48 	 (   3 ,  240.000 ,  480.000 ,        0 ,  450.056 ,  480.000 ,    0.000 ,  480.000 ,  482.000 ,    0.000 ,   -0.000 ,   29.944 ,    0.000 ,       10 , 	)
  56 	 (   6 ,  480.000 ,  660.000 ,        0 ,  452.056 ,  482.000 ,   18.543 ,  500.543 ,  503.543 ,    0.000 ,    0.000 ,   20.543 ,    0.000 ,       11 , 	)
 160 	 (   5 ,  358.000 ,  598.000 ,        0 ,  496.596 ,  517.139 ,    0.000 ,  517.139 ,  518.139 ,   72.235 ,    0.000 ,   20.543 ,   16.417 ,       12 , 	)
 144 	 (   3 ,  305.000 ,  545.000 ,        0 ,  524.457 ,  545.000 ,    0.000 ,  545.000 ,  547.000 ,   63.000 ,    0.000 ,   20.543 ,    0.905 ,       13 , 	)
  52 	 (   7 ,  540.000 ,  660.000 ,        0 ,  532.098 ,  552.641 ,   22.733 ,  575.374 ,  579.374 ,    0.000 ,   69.543 ,   35.374 ,   -2.031 ,       14 , 	)
 152 	 (   4 ,  624.000 ,  804.000 ,        0 ,  588.626 ,  624.000 ,    0.000 ,  624.000 ,  627.000 ,  120.457 ,   69.543 ,    0.000 ,    2.253 ,       15 , 	)
 148 	 (   0 ,  594.777 ,  800.000 ,        0 ,  635.405 ,  635.405 ,    0.000 ,  635.405 ,  639.405 ,   56.031 ,   79.969 ,    0.000 ,    0.029 ,       16 , 	)
 193 	 (   0 ,    0.000 , 1440.000 ,        0 ,  652.138 ,  652.138 ,    0.000 ,  652.138 ,  652.138 ,    0.000 ,  787.862 ,    0.000 ,    0.000 ,       17 , 	)

	18 sommets 
	values : ( Cost : 468.947 , TRT : 396.592 , TWT :   0.000 , TD : 431.338 )
	violations : ( VC :       0 , VTW :   0.000 , VTD :   0.000 , VTRT :   0.000 )
	cout global : (   0.000	 )
S(i)	 (   C ,     TW0 ,       TW1 ,       VTW ,       Min ,       A ,       W ,       B ,       D ,       L ,       F ,       E ,       Det ,       [Imp ,       Imp]	)
   0 	 (   0 ,    0.000 , 1440.000 ,        0 ,    0.000 ,  226.683 ,    0.000 ,  226.683 ,  226.683 ,    0.000 ,   14.945 ,  226.683 ,    0.000 ,        0 , 	)
  13 	 (   3 ,  250.000 ,  477.593 ,        0 ,   46.405 ,  273.088 ,    0.000 ,  273.088 ,  276.088 ,    0.000 ,   14.945 ,   23.088 ,    0.768 ,        1 , 	)
  67 	 (   7 ,  240.000 ,  420.000 ,        0 ,  263.176 ,  286.264 ,    0.000 ,  286.264 ,  290.264 ,    0.000 ,   14.945 ,   23.088 ,    1.908 ,        2 , 	)
  82 	 (   8 ,  240.000 ,  480.000 ,        0 ,  282.198 ,  305.286 ,    0.000 ,  305.286 ,  306.286 ,    0.000 ,   14.945 ,   23.088 ,   21.426 ,        3 , 	)
 109 	 (   5 ,  329.000 ,  509.000 ,        0 ,  305.912 ,  329.000 ,    0.000 ,  329.000 ,  332.000 ,   52.912 ,   14.945 ,    0.000 ,    1.924 ,        4 , 	)
 178 	 (   4 ,  300.000 ,  540.000 ,        0 ,  341.168 ,  341.168 ,    0.000 ,  341.168 ,  342.168 ,   34.881 ,   14.945 ,    0.000 ,    1.987 ,        5 , 	)
   3 	 (   8 ,  249.000 ,  478.463 ,        0 ,  345.465 ,  345.465 ,    0.000 ,  345.465 ,  349.465 ,    0.000 ,   14.945 ,    0.000 ,    4.608 ,        6 , 	)
 163 	 (   4 ,  294.000 ,  532.000 ,        0 ,  376.447 ,  376.447 ,    0.000 ,  376.447 ,  380.447 ,   86.183 ,   14.945 ,    0.000 ,    0.444 ,        7 , 	)
  92 	 (   8 ,  240.000 ,  420.000 ,        0 ,  382.211 ,  382.211 ,    0.000 ,  382.211 ,  386.211 ,    0.000 ,   14.945 ,    0.000 ,    0.590 ,        8 , 	)
  99 	 (   4 ,  332.000 ,  512.000 ,        0 ,  388.036 ,  388.036 ,    0.000 ,  388.036 ,  392.036 ,   38.571 ,   14.945 ,    0.000 ,   -0.274 ,        9 , 	)
  86 	 (   5 ,  257.000 ,  472.348 ,        0 ,  419.617 ,  419.617 ,    0.000 ,  419.617 ,  420.617 ,    0.000 ,   14.945 ,    0.000 ,   14.059 ,       10 , 	)
 182 	 (   4 ,  385.000 ,  505.000 ,        0 ,  452.268 ,  452.268 ,    0.000 ,  452.268 ,  453.268 ,   31.652 ,   14.945 ,    0.000 ,    0.914 ,       11 , 	)
  35 	 (   8 ,  307.000 ,  480.000 ,        0 ,  464.839 ,  464.839 ,    0.000 ,  464.839 ,  468.839 ,    0.000 ,   14.945 ,    0.000 ,    0.194 ,       12 , 	)
 188 	 (   4 ,  395.000 ,  635.000 ,        0 ,  473.078 ,  473.078 ,    0.000 ,  473.078 ,  477.078 ,   86.868 ,   14.945 ,    0.000 ,    5.325 ,       13 , 	)
  72 	 (   5 ,  480.000 ,  720.000 ,        0 ,  543.407 ,  543.407 ,    0.000 ,  543.407 ,  544.407 ,    0.000 ,   14.945 ,    0.000 ,    3.765 ,       14 , 	)
 131 	 (   1 ,  442.000 ,  562.000 ,        0 ,  547.055 ,  547.055 ,    0.000 ,  547.055 ,  551.055 ,   78.216 ,   14.945 ,    0.000 ,    0.129 ,       15 , 	)
 168 	 (   0 ,  516.000 ,  756.000 ,        0 ,  566.462 ,  566.462 ,    0.000 ,  566.462 ,  567.462 ,   22.056 ,   25.944 ,    0.000 ,    4.611 ,       16 , 	)
 193 	 (   0 ,    0.000 , 1440.000 ,        0 ,  623.275 ,  623.275 ,    0.000 ,  623.275 ,  623.275 ,    0.000 ,  816.725 ,    0.000 ,    0.000 ,       17 , 	)

	22 sommets 
	values : ( Cost : 513.766 , TRT : 458.062 , TWT :  41.772 , TD : 940.524 )
	violations : ( VC :       0 , VTW :   0.000 , VTD :   0.000 , VTRT :   0.000 )
	cout global : (   0.000	 )
S(i)	 (   C ,     TW0 ,       TW1 ,       VTW ,       Min ,       A ,       W ,       B ,       D ,       L ,       F ,       E ,       Det ,       [Imp ,       Imp]	)
   0 	 (   0 ,    0.000 , 1440.000 ,        0 ,    0.000 ,  612.768 ,    0.000 ,  612.768 ,  612.768 ,    0.000 ,    0.000 ,  612.768 ,    0.000 ,        0 , 	)
  34 	 (   2 ,  480.000 ,  720.000 ,        0 ,    6.960 ,  619.728 ,    0.000 ,  619.728 ,  621.728 ,    0.000 ,    0.000 ,  139.728 ,   13.058 ,        1 , 	)
 130 	 (   0 ,  576.000 ,  816.000 ,        0 ,  529.717 ,  669.445 ,    0.000 ,  669.445 ,  671.445 ,   47.717 ,    0.000 ,   93.445 ,    4.101 ,        2 , 	)
  24 	 (   3 ,  540.000 ,  720.000 ,        0 ,  595.991 ,  689.436 ,    0.000 ,  689.436 ,  692.436 ,    0.000 ,    0.000 ,   93.445 ,    3.583 ,        3 , 	)
  75 	 (   4 ,  480.000 ,  720.000 ,        0 ,  626.555 ,  720.000 ,    0.000 ,  720.000 ,  721.000 ,    0.000 ,    0.000 ,   93.445 ,    5.681 ,        4 , 	)
  45 	 (   5 ,  720.000 ,  840.000 ,        0 ,  633.789 ,  727.235 ,   24.154 ,  751.389 ,  752.389 ,    0.000 ,    0.000 ,   31.389 ,    4.346 ,        5 , 	)
  71 	 (   6 ,  739.000 ,  958.541 ,        0 ,  726.442 ,  757.831 ,    0.000 ,  757.831 ,  758.831 ,    0.000 ,    0.000 ,   18.831 ,    2.681 ,        6 , 	)
 171 	 (   5 ,  558.000 ,  798.000 ,        0 ,  779.169 ,  798.000 ,    0.000 ,  798.000 ,  799.000 ,   77.000 ,    0.000 ,   18.831 ,   -4.126 ,        7 , 	)
  42 	 (   6 ,  746.000 ,  947.388 ,        0 ,  810.152 ,  828.983 ,    5.179 ,  834.162 ,  835.162 ,    0.000 ,    0.000 ,   24.010 ,   32.924 ,        8 , 	)
  22 	 (   8 ,  720.000 ,  900.000 ,        0 ,  828.825 ,  852.835 ,    0.000 ,  852.835 ,  854.835 ,    0.000 ,    0.000 ,   24.010 ,    7.554 ,        9 , 	)
 120 	 (   5 ,  692.000 ,  872.000 ,        0 ,  847.990 ,  872.000 ,    0.000 ,  872.000 ,  875.000 ,  179.564 ,    0.000 ,   24.010 ,    1.156 ,       10 , 	)
 141 	 (   4 ,  879.000 , 1119.000 ,        0 ,  855.771 ,  879.780 ,    0.000 ,  879.780 ,  880.780 ,  127.392 ,   14.162 ,    0.780 ,    0.000 ,       11 , 	)
  80 	 (   5 ,  720.000 ,  900.000 ,        0 ,  880.000 ,  880.780 ,   12.439 ,  893.220 ,  894.220 ,    0.000 ,    1.723 ,   13.220 ,    0.000 ,       12 , 	)
 167 	 (   4 ,  899.000 , 1019.000 ,        0 ,  885.780 ,  899.000 ,    0.000 ,  899.000 ,  900.000 ,  140.169 ,    1.723 ,    0.000 ,    1.204 ,       13 , 	)
  70 	 (   5 ,  840.000 ,  960.000 ,        0 ,  931.304 ,  931.304 ,    0.000 ,  931.304 ,  932.304 ,    0.000 ,    1.723 ,    0.000 ,   -0.517 ,       14 , 	)
 138 	 (   4 ,  877.000 ,  997.000 ,        0 ,  935.276 ,  935.276 ,    0.000 ,  935.276 ,  936.276 ,  100.114 ,    1.723 ,    0.000 ,    1.015 ,       15 , 	)
 118 	 (   2 ,  760.000 ,  994.000 ,        0 ,  945.112 ,  945.112 ,    0.000 ,  945.112 ,  947.112 ,   90.277 ,    1.723 ,    0.000 ,    0.000 ,       16 , 	)
  27 	 (   4 ,  840.000 ,  960.000 ,        0 ,  947.112 ,  947.112 ,    0.000 ,  947.112 ,  949.112 ,    0.000 ,   12.888 ,    0.000 ,    0.000 ,       17 , 	)
 176 	 (   3 ,  780.000 , 1020.000 ,        0 ,  953.076 ,  953.076 ,    0.000 ,  953.076 ,  954.076 ,   58.856 ,   61.144 ,    0.000 ,   -3.615 ,       18 , 	)
 166 	 (   2 ,  905.000 , 1085.000 ,        0 ,  993.172 ,  993.172 ,    0.000 ,  993.172 ,  994.172 ,   60.868 ,   66.132 ,    0.000 ,    4.305 ,       19 , 	)
 123 	 (   0 ,  897.877 , 1111.000 ,        0 , 1007.677 , 1007.677 ,    0.000 , 1007.677 , 1009.677 ,   58.565 ,   90.435 ,    0.000 ,   11.040 ,       20 , 	)
 193 	 (   0 ,    0.000 , 1440.000 ,        0 , 1070.830 , 1070.830 ,    0.000 , 1070.830 , 1070.830 ,    0.000 ,  369.170 ,   -0.000 ,    0.000 ,       21 , 	)

	28 sommets 
	values : ( Cost : 522.333 , TRT : 454.732 , TWT :   0.000 , TD : 700.693 )
	violations : ( VC :       0 , VTW :   0.000 , VTD :   0.000 , VTRT :   0.000 )
	cout global : (   0.000	 )
S(i)	 (   C ,     TW0 ,       TW1 ,       VTW ,       Min ,       A ,       W ,       B ,       D ,       L ,       F ,       E ,       Det ,       [Imp ,       Imp]	)
   0 	 (   0 ,    0.000 , 1440.000 ,        0 ,    0.000 ,  522.179 ,    0.000 ,  522.179 ,  522.179 ,    0.000 ,    0.001 ,  522.179 ,    0.000 ,        0 , 	)
  11 	 (   3 ,  511.000 ,  701.562 ,        0 ,   63.340 ,  585.519 ,    0.000 ,  585.519 ,  588.519 ,    0.000 ,    0.001 ,   74.519 ,   -3.305 ,        1 , 	)
  41 	 (   4 ,  480.000 ,  720.000 ,        0 ,  517.050 ,  591.569 ,    0.000 ,  591.569 ,  592.569 ,    0.000 ,    0.001 ,   74.519 ,    0.000 ,        2 , 	)
  69 	 (   8 ,  514.000 ,  695.238 ,        0 ,  518.050 ,  592.569 ,    0.000 ,  592.569 ,  596.569 ,    0.000 ,    0.001 ,   74.519 ,    0.000 ,        3 , 	)
 137 	 (   7 ,  555.000 ,  795.000 ,        0 ,  550.256 ,  624.774 ,    0.000 ,  624.774 ,  625.774 ,   32.205 ,    0.001 ,   69.774 ,    9.029 ,        4 , 	)
 165 	 (   3 ,  616.000 ,  736.000 ,        0 ,  573.586 ,  643.361 ,    0.000 ,  643.361 ,  647.361 ,   46.792 ,    0.001 ,   27.361 ,   -4.325 ,        5 , 	)
  58 	 (   6 ,  540.000 ,  660.000 ,        0 ,  625.717 ,  653.078 ,    0.000 ,  653.078 ,  656.078 ,    0.000 ,    0.001 ,   27.361 ,    0.632 ,        6 , 	)
  36 	 (   7 ,  540.000 ,  720.000 ,        0 ,  636.831 ,  664.192 ,    0.000 ,  664.192 ,  665.192 ,    0.000 ,    0.001 ,   27.361 ,    6.185 ,        7 , 	)
 107 	 (   4 ,  627.000 ,  747.000 ,        0 ,  655.449 ,  682.810 ,    0.000 ,  682.810 ,  685.810 ,   94.291 ,    0.001 ,   27.361 ,    1.661 ,        8 , 	)
 132 	 (   3 ,  563.608 ,  782.000 ,        0 ,  665.099 ,  692.460 ,    0.000 ,  692.460 ,  693.460 ,   27.268 ,    0.001 ,   27.361 ,    4.888 ,        9 , 	)
  57 	 (   7 ,  480.000 ,  720.000 ,        0 ,  674.498 ,  701.859 ,    0.000 ,  701.859 ,  705.859 ,    0.000 ,    0.001 ,   27.361 ,    1.160 ,       10 , 	)
 154 	 (   4 ,  582.000 ,  757.000 ,        0 ,  681.171 ,  708.532 ,    0.000 ,  708.532 ,  711.532 ,   52.453 ,    0.001 ,   27.361 ,    1.008 ,       11 , 	)
  28 	 (   6 ,  720.000 ,  900.000 ,        0 ,  692.639 ,  720.000 ,    0.000 ,  720.000 ,  722.000 ,    0.000 ,    0.001 ,    0.000 ,    5.605 ,       12 , 	)
 153 	 (   2 ,  557.000 ,  797.000 ,        0 ,  742.753 ,  742.753 ,    0.000 ,  742.753 ,  746.753 ,   36.895 ,    0.001 ,    0.000 ,    2.071 ,       13 , 	)
 124 	 (   0 ,  747.544 ,  953.000 ,        0 ,  753.615 ,  753.615 ,    0.000 ,  753.615 ,  755.615 ,   31.615 ,    0.001 ,    0.000 ,    4.263 ,       14 , 	)
  95 	 (   1 ,  720.000 ,  780.000 ,        0 ,  764.875 ,  764.875 ,    0.000 ,  764.875 ,  765.875 ,    0.000 ,    0.001 ,    0.000 ,    7.202 ,       15 , 	)
  59 	 (   5 ,  731.000 ,  956.849 ,        0 ,  791.726 ,  791.726 ,    0.000 ,  791.726 ,  795.726 ,    0.000 ,    0.001 ,    0.000 ,    4.925 ,       16 , 	)
  21 	 (   8 ,  780.000 ,  900.000 ,        0 ,  812.805 ,  812.805 ,    0.000 ,  812.805 ,  815.805 ,    0.000 ,    0.001 ,    0.000 ,    1.892 ,       17 , 	)
 191 	 (   7 ,  761.700 ,  890.000 ,        0 ,  822.180 ,  822.180 ,    0.000 ,  822.180 ,  823.180 ,   56.305 ,    0.001 ,    0.000 ,   -3.305 ,       18 , 	)
  89 	 (   8 ,  728.000 ,  959.275 ,        0 ,  826.231 ,  826.231 ,    0.000 ,  826.231 ,  827.231 ,    0.000 ,    0.001 ,    0.000 ,    3.005 ,       19 , 	)
 155 	 (   4 ,  808.000 ,  988.000 ,        0 ,  833.154 ,  833.154 ,    0.000 ,  833.154 ,  837.154 ,   37.429 ,    0.001 ,    0.000 ,    3.847 ,       20 , 	)
  31 	 (   5 ,  780.000 ,  840.000 ,        0 ,  839.999 ,  839.999 ,    0.000 ,  839.999 ,  840.999 ,    0.000 ,    0.001 ,    0.000 ,    1.215 ,       21 , 	)
   4 	 (   8 ,  780.000 ,  900.000 ,        0 ,  850.425 ,  850.425 ,    0.000 ,  850.425 ,  853.425 ,    0.000 ,    2.669 ,    0.000 ,    3.944 ,       22 , 	)
 117 	 (   5 ,  816.389 ,  992.000 ,        0 ,  884.059 ,  884.059 ,    0.000 ,  884.059 ,  887.059 ,   68.254 ,    2.669 ,    0.000 ,   22.698 ,       23 , 	)
 127 	 (   4 ,  807.226 ,  946.000 ,        0 ,  905.562 ,  905.562 ,    0.000 ,  905.562 ,  906.562 ,   64.563 ,    2.669 ,    0.000 ,    0.000 ,       24 , 	)
 185 	 (   3 ,  811.000 ,  991.000 ,        0 ,  906.562 ,  906.562 ,    0.000 ,  906.562 ,  907.562 ,   79.331 ,    2.669 ,    0.000 ,    0.000 ,       25 , 	)
 100 	 (   0 ,  814.886 ,  988.000 ,        0 ,  926.716 ,  926.716 ,    0.000 ,  926.716 ,  929.716 ,   73.291 ,   11.709 ,    0.000 ,    3.883 ,       26 , 	)
 193 	 (   0 ,    0.000 , 1440.000 ,        0 ,  976.911 ,  976.911 ,    0.000 ,  976.911 ,  976.911 ,    0.000 ,  463.089 ,    0.000 ,    0.000 ,       27 , 	)

	14 sommets 
	values : ( Cost : 557.840 , TRT : 453.429 , TWT :   0.000 , TD : 454.209 )
	violations : ( VC :       0 , VTW :   0.000 , VTD :   0.000 , VTRT :   0.000 )
	cout global : (   0.000	 )
S(i)	 (   C ,     TW0 ,       TW1 ,       VTW ,       Min ,       A ,       W ,       B ,       D ,       L ,       F ,       E ,       Det ,       [Imp ,       Imp]	)
   0 	 (   0 ,    0.000 , 1440.000 ,        0 ,    0.000 ,  749.233 ,    0.000 ,  749.233 ,  749.233 ,    0.000 ,   19.641 ,  749.233 ,    0.000 ,        0 , 	)
  17 	 (   3 ,  720.000 ,  960.000 ,        0 ,   41.697 ,  790.930 ,    0.000 ,  790.930 ,  793.930 ,    0.000 ,   19.641 ,   70.930 ,   10.398 ,        1 , 	)
  53 	 (   7 ,  780.000 ,  960.000 ,        0 ,  736.920 ,  807.850 ,    0.000 ,  807.850 ,  811.850 ,    0.000 ,   19.641 ,   27.850 ,    3.040 ,        2 , 	)
 113 	 (   4 ,  850.000 , 1030.000 ,        0 ,  822.150 ,  850.000 ,    0.000 ,  850.000 ,  853.000 ,   56.070 ,   19.641 ,    0.000 ,    1.566 ,        3 , 	)
  76 	 (   7 ,  720.000 ,  960.000 ,        0 ,  862.265 ,  862.265 ,    0.000 ,  862.265 ,  865.265 ,    0.000 ,   19.641 ,    0.000 ,   -1.481 ,        4 , 	)
 172 	 (   4 ,  790.000 , 1030.000 ,        0 ,  899.232 ,  899.232 ,    0.000 ,  899.232 ,  902.232 ,   33.967 ,   19.641 ,    0.000 ,   10.946 ,        5 , 	)
  20 	 (   8 ,  900.000 ,  960.000 ,        0 ,  914.380 ,  914.380 ,    0.000 ,  914.380 ,  918.380 ,    0.000 ,   19.641 ,    0.000 ,   26.902 ,        6 , 	)
 149 	 (   4 ,  950.000 , 1130.000 ,        0 ,  975.441 ,  975.441 ,    0.000 ,  975.441 ,  979.441 ,  163.591 ,   19.641 ,    0.000 ,    1.703 ,        7 , 	)
 116 	 (   0 ,  964.883 , 1126.000 ,        0 ,  984.966 ,  984.966 ,    0.000 ,  984.966 ,  988.966 ,   66.586 ,   19.641 ,    0.000 ,    9.346 ,        8 , 	)
  63 	 (   2 ,  960.000 , 1020.000 ,        0 , 1000.359 , 1000.359 ,    0.000 , 1000.359 , 1002.359 ,    0.000 ,   19.641 ,    0.000 ,    9.801 ,        9 , 	)
   7 	 (   3 ,  970.000 , 1196.432 ,        0 , 1033.564 , 1033.564 ,    0.000 , 1033.564 , 1034.564 ,    0.000 ,   69.574 ,   -0.000 ,   33.395 ,       10 , 	)
 103 	 (   2 , 1045.000 , 1225.000 ,        0 , 1062.132 , 1062.132 ,    0.000 , 1062.132 , 1063.132 ,   27.568 ,   46.432 ,   -0.000 ,   -1.323 ,       11 , 	)
 159 	 (   0 , 1018.000 , 1198.000 ,        0 , 1108.785 , 1108.785 ,    0.000 , 1108.785 , 1110.785 ,  106.426 ,   69.574 ,   -0.000 ,   18.556 ,       12 , 	)
 193 	 (   0 ,    0.000 , 1440.000 ,        0 , 1202.662 , 1202.662 ,    0.000 , 1202.662 , 1202.662 ,    0.000 ,  237.338 ,   -0.000 ,    0.000 ,       13 , 	)

	6 sommets 
	values : ( Cost :  76.229 , TRT :  71.315 , TWT :   0.000 , TD :  75.651 )
	violations : ( VC :       0 , VTW :   0.000 , VTD :   0.000 , VTRT :   0.000 )
	cout global : (   0.000	 )
S(i)	 (   C ,     TW0 ,       TW1 ,       VTW ,       Min ,       A ,       W ,       B ,       D ,       L ,       F ,       E ,       Det ,       [Imp ,       Imp]	)
   0 	 (   0 ,    0.000 , 1440.000 ,        0 ,    0.000 ,  278.589 ,    0.000 ,  278.589 ,  278.589 ,    0.000 ,  171.321 ,  278.589 ,    0.000 ,        0 , 	)
  81 	 (   3 ,  240.000 ,  480.000 ,        0 ,   15.398 ,  293.987 ,    0.000 ,  293.987 ,  296.987 ,    0.000 ,  171.321 ,   53.987 ,    1.946 ,        1 , 	)
  40 	 (   7 ,  300.000 ,  480.000 ,        0 ,  246.013 ,  300.000 ,    0.000 ,  300.000 ,  304.000 ,    0.000 ,   68.028 ,    0.000 ,    4.483 ,        2 , 	)
 177 	 (   4 ,  310.000 ,  550.000 ,        0 ,  330.959 ,  330.959 ,    0.000 ,  330.959 ,  333.959 ,   33.972 ,    4.321 ,    0.000 ,   21.747 ,        3 , 	)
 136 	 (   0 ,  337.000 ,  517.000 ,        0 ,  345.679 ,  345.679 ,    0.000 ,  345.679 ,  349.679 ,   41.679 ,    4.321 ,    0.000 ,   -0.091 ,        4 , 	)
 193 	 (   0 ,    0.000 , 1440.000 ,        0 ,  349.905 ,  349.905 ,    0.000 ,  349.905 ,  349.905 ,    0.000 , 1090.095 ,    0.000 ,    0.000 ,        5 , 	)

	16 sommets 
	values : ( Cost : 258.866 , TRT : 476.247 , TWT : 255.611 , TD : 340.438 )
	violations : ( VC :       0 , VTW :   0.000 , VTD :   0.000 , VTRT :   0.000 )
	cout global : (   0.000	 )
S(i)	 (   C ,     TW0 ,       TW1 ,       VTW ,       Min ,       A ,       W ,       B ,       D ,       L ,       F ,       E ,       Det ,       [Imp ,       Imp]	)
   0 	 (   0 ,    0.000 , 1440.000 ,        0 ,    0.000 ,  366.733 ,    0.000 ,  366.733 ,  366.733 ,    0.000 ,    0.000 ,  366.733 ,    0.000 ,        0 , 	)
  55 	 (   1 ,  240.000 ,  480.000 ,        0 ,    0.226 ,  366.959 ,    0.000 ,  366.959 ,  367.959 ,    0.000 ,    0.000 ,  126.959 ,    0.693 ,        1 , 	)
  46 	 (   3 ,  300.000 ,  420.000 ,        0 ,  245.321 ,  372.280 ,    0.000 ,  372.280 ,  374.280 ,    0.000 ,    0.000 ,   72.280 ,   -2.448 ,        2 , 	)
  73 	 (   5 ,  243.000 ,  480.000 ,        0 ,  310.692 ,  382.972 ,    0.000 ,  382.972 ,  384.972 ,    0.000 ,    0.000 ,   72.280 ,    4.565 ,        3 , 	)
   2 	 (   8 ,  240.000 ,  480.000 ,        0 ,  330.690 ,  402.970 ,    0.000 ,  402.970 ,  405.970 ,    0.000 ,    0.000 ,   72.280 ,    2.505 ,        4 , 	)
 151 	 (   7 ,  309.000 ,  549.000 ,        0 ,  349.765 ,  422.045 ,    0.000 ,  422.045 ,  423.045 ,   54.086 ,    0.000 ,   72.280 ,    0.000 ,        5 , 	)
   9 	 (   8 ,  240.000 ,  480.000 ,        0 ,  350.765 ,  423.045 ,    0.000 ,  423.045 ,  424.045 ,    0.000 ,    0.000 ,   72.280 ,    0.000 ,        6 , 	)
 142 	 (   6 ,  372.000 ,  612.000 ,        0 ,  364.208 ,  436.488 ,    0.000 ,  436.488 ,  438.488 ,   62.208 ,    0.000 ,   64.488 ,    1.460 ,        7 , 	)
 169 	 (   4 ,  349.000 ,  529.000 ,        0 ,  379.292 ,  443.780 ,    0.000 ,  443.780 ,  445.780 ,   58.808 ,    0.000 ,   64.488 ,    2.929 ,        8 , 	)
  98 	 (   1 ,  300.000 ,  540.000 ,        0 ,  387.363 ,  451.851 ,    0.000 ,  451.851 ,  454.851 ,   45.881 ,    0.000 ,   64.488 ,    1.938 ,        9 , 	)
  32 	 (   4 ,  300.000 ,  480.000 ,        0 ,  415.512 ,  480.000 ,    0.000 ,  480.000 ,  483.000 ,    0.000 ,   -0.000 ,   64.488 ,   -0.430 ,       10 , 	)
 105 	 (   3 ,  358.000 ,  538.000 ,        0 ,  420.623 ,  485.111 ,    0.000 ,  485.111 ,  486.111 ,   61.065 ,   15.859 ,   64.488 ,    4.650 ,       11 , 	)
 128 	 (   0 ,  315.491 ,  517.000 ,        0 ,  436.653 ,  501.141 ,    0.000 ,  501.141 ,  504.141 ,   18.141 ,   15.859 ,   64.488 ,    0.000 ,       12 , 	)
  15 	 (   1 ,  720.000 ,  840.000 ,        0 ,  439.653 ,  504.141 ,  255.611 ,  759.753 ,  760.753 ,    0.000 ,   80.247 ,   39.753 ,    0.000 ,       13 , 	)
 111 	 (   0 ,  801.000 ,  921.000 ,        0 ,  761.247 ,  801.000 ,    0.000 ,  801.000 ,  802.000 ,   40.247 ,   67.753 ,    0.000 ,   20.253 ,       14 , 	)
 193 	 (   0 ,    0.000 , 1440.000 ,        0 ,  842.980 ,  842.980 ,    0.000 ,  842.980 ,  842.980 ,    0.000 ,  597.020 ,    0.000 ,    0.000 ,       15 , 	)

	10 sommets 
	values : ( Cost : 307.591 , TRT : 247.271 , TWT :   0.000 , TD : 216.361 )
	violations : ( VC :       0 , VTW :   0.000 , VTD :   0.000 , VTRT :   0.000 )
	cout global : (   0.000	 )
S(i)	 (   C ,     TW0 ,       TW1 ,       VTW ,       Min ,       A ,       W ,       B ,       D ,       L ,       F ,       E ,       Det ,       [Imp ,       Imp]	)
   0 	 (   0 ,    0.000 , 1440.000 ,        0 ,    0.000 ,  274.287 ,    0.000 ,  274.287 ,  274.287 ,    0.000 ,   46.747 ,  274.287 ,    0.000 ,        0 , 	)
  18 	 (   1 ,  300.000 ,  480.000 ,        0 ,   92.720 ,  367.007 ,    0.000 ,  367.007 ,  368.007 ,    0.000 ,   46.747 ,   67.007 ,    3.174 ,        1 , 	)
  61 	 (   4 ,  240.000 ,  420.000 ,        0 ,  306.247 ,  373.253 ,    0.000 ,  373.253 ,  376.253 ,    0.000 ,    4.594 ,   67.007 ,    6.926 ,        2 , 	)
  88 	 (   7 ,  420.000 ,  480.000 ,        0 ,  352.993 ,  420.000 ,    0.000 ,  420.000 ,  423.000 ,    0.000 ,    4.594 ,    0.000 ,    7.133 ,        3 , 	)
   5 	 (   8 ,  360.000 ,  480.000 ,        0 ,  429.520 ,  429.520 ,    0.000 ,  429.520 ,  430.520 ,    0.000 ,    4.594 ,    0.000 ,   -1.871 ,        4 , 	)
 157 	 (   5 ,  335.000 ,  515.000 ,        0 ,  437.321 ,  437.321 ,    0.000 ,  437.321 ,  440.321 ,   61.068 ,    4.594 ,    0.000 ,    3.180 ,        5 , 	)
 114 	 (   4 ,  369.000 ,  549.000 ,        0 ,  446.413 ,  446.413 ,    0.000 ,  446.413 ,  447.413 ,   78.406 ,    4.594 ,    0.000 ,    1.309 ,        6 , 	)
 101 	 (   3 ,  379.511 ,  531.000 ,        0 ,  458.958 ,  458.958 ,    0.000 ,  458.958 ,  459.958 ,   28.438 ,   15.551 ,    0.000 ,   13.296 ,        7 , 	)
 184 	 (   0 ,  447.015 ,  547.000 ,        0 ,  471.449 ,  471.449 ,    0.000 ,  471.449 ,  474.449 ,   48.449 ,   15.551 ,    0.000 ,    1.037 ,        8 , 	)
 193 	 (   0 ,    0.000 , 1440.000 ,        0 ,  521.559 ,  521.559 ,    0.000 ,  521.559 ,  521.559 ,    0.000 ,  918.441 ,    0.000 ,    0.000 ,        9 , 	)

	18 sommets 
	values : ( Cost : 430.174 , TRT : 375.610 , TWT :  18.171 , TD : 567.733 )
	violations : ( VC :       0 , VTW :   0.000 , VTD :   0.000 , VTRT :   0.000 )
	cout global : (   0.000	 )
S(i)	 (   C ,     TW0 ,       TW1 ,       VTW ,       Min ,       A ,       W ,       B ,       D ,       L ,       F ,       E ,       Det ,       [Imp ,       Imp]	)
   0 	 (   0 ,    0.000 , 1440.000 ,        0 ,    0.000 ,  835.779 ,    0.000 ,  835.779 ,  835.779 ,    0.000 ,    0.000 ,  835.779 ,    0.000 ,        0 , 	)
  33 	 (   1 ,  747.000 ,  945.657 ,        0 ,    0.226 ,  836.005 ,    0.000 ,  836.005 ,  837.005 ,    0.000 ,    0.000 ,   89.005 ,    0.374 ,        1 , 	)
 129 	 (   0 ,  874.000 ,  994.000 ,        0 ,  795.343 ,  884.347 ,    0.000 ,  884.347 ,  885.347 ,   47.343 ,    0.000 ,   10.347 ,   11.594 ,        2 , 	)
  14 	 (   4 ,  840.000 ,  900.000 ,        0 ,  885.738 ,  896.085 ,    0.000 ,  896.085 ,  900.085 ,    0.000 ,    0.000 ,   10.347 ,   -1.744 ,        3 , 	)
  84 	 (   6 ,  780.000 ,  960.000 ,        0 ,  905.402 ,  915.749 ,    0.000 ,  915.749 ,  917.749 ,    0.000 ,    0.000 ,   10.347 ,   13.226 ,        4 , 	)
 110 	 (   2 ,  872.184 ,  979.000 ,        0 ,  933.147 ,  943.495 ,    0.000 ,  943.495 ,  947.495 ,   43.410 ,    0.000 ,   10.347 ,   24.314 ,        5 , 	)
  91 	 (   6 ,  720.000 ,  960.000 ,        0 ,  949.653 ,  960.000 ,    0.000 ,  960.000 ,  964.000 ,    0.000 ,    0.000 ,   10.347 ,    0.706 ,        6 , 	)
  79 	 (   7 ,  960.000 , 1200.000 ,        0 ,  956.409 ,  966.756 ,    6.034 ,  972.790 ,  973.790 ,    0.000 ,    0.000 ,   12.790 ,   -1.042 ,        7 , 	)
  85 	 (   8 ,  961.000 , 1200.000 ,        0 ,  987.523 , 1000.314 ,    0.000 , 1000.314 , 1001.314 ,    0.000 ,    0.000 ,   12.790 ,   10.274 ,        8 , 	)
 180 	 (   6 ,  843.000 , 1083.000 ,        0 , 1013.385 , 1026.175 ,    0.000 , 1026.175 , 1028.175 ,  108.426 ,    0.000 ,   12.790 ,    0.704 ,        9 , 	)
 187 	 (   2 ,  792.000 , 1032.000 ,        0 , 1019.210 , 1032.000 ,    0.000 , 1032.000 , 1036.000 ,   68.000 ,   -0.000 ,   12.790 ,    2.735 ,       10 , 	)
  23 	 (   4 ,  960.000 , 1200.000 ,        0 , 1032.859 , 1045.649 ,   12.137 , 1057.786 , 1059.786 ,    0.000 ,   10.018 ,   24.927 ,    3.317 ,       11 , 	)
  87 	 (   6 ,  989.000 , 1177.392 ,        0 , 1044.237 , 1069.164 ,    0.000 , 1069.164 , 1071.164 ,    0.000 ,   10.018 ,   24.927 ,    0.701 ,       12 , 	)
 181 	 (   5 , 1074.000 , 1254.000 ,        0 , 1049.073 , 1074.000 ,    0.000 , 1074.000 , 1075.000 ,   72.686 ,   10.018 ,    0.000 ,   -0.953 ,       13 , 	)
 175 	 (   4 , 1079.000 , 1259.000 ,        0 , 1082.772 , 1082.772 ,    0.000 , 1082.772 , 1083.772 ,  108.982 ,   10.018 ,    0.000 ,    5.010 ,       14 , 	)
 183 	 (   2 , 1082.000 , 1202.000 ,        0 , 1101.259 , 1101.259 ,    0.000 , 1101.259 , 1103.259 ,   30.095 ,   15.209 ,    0.000 ,   30.058 ,       15 , 	)
 119 	 (   0 , 1039.000 , 1279.000 ,        0 , 1148.577 , 1148.577 ,    0.000 , 1148.577 , 1150.577 ,   88.791 ,   15.209 ,    0.000 ,    3.417 ,       16 , 	)
 193 	 (   0 ,    0.000 , 1440.000 ,        0 , 1211.389 , 1211.389 ,    0.000 , 1211.389 , 1211.389 ,    0.000 ,  228.611 ,   -0.000 ,    0.000 ,       17 , 	)

	16 sommets 
	values : ( Cost : 482.072 , TRT : 440.365 , TWT :  37.905 , TD : 385.168 )
	violations : ( VC :       0 , VTW :   0.000 , VTD :   0.000 , VTRT :   0.000 )
	cout global : (   0.000	 )
S(i)	 (   C ,     TW0 ,       TW1 ,       VTW ,       Min ,       A ,       W ,       B ,       D ,       L ,       F ,       E ,       Det ,       [Imp ,       Imp]	)
   0 	 (   0 ,    0.000 , 1440.000 ,        0 ,    0.000 ,  827.579 ,    0.000 ,  827.579 ,  827.579 ,    0.000 ,    0.000 ,  827.579 ,    0.000 ,        0 , 	)
  47 	 (   2 ,  777.000 ,  915.672 ,        0 ,   37.870 ,  865.449 ,    0.000 ,  865.449 ,  867.449 ,    0.000 ,    0.000 ,   88.449 ,    1.786 ,        1 , 	)
  65 	 (   5 ,  780.000 ,  960.000 ,        0 ,  804.099 ,  892.548 ,    0.000 ,  892.548 ,  895.548 ,    0.000 ,    0.000 ,   88.449 ,   -3.299 ,        2 , 	)
  78 	 (   8 ,  785.000 ,  960.000 ,        0 ,  812.706 ,  901.155 ,    0.000 ,  901.155 ,  904.155 ,    0.000 ,    0.000 ,   88.449 ,   -0.086 ,        3 , 	)
 143 	 (   6 ,  905.000 ,  965.000 ,        0 ,  825.593 ,  914.042 ,    0.000 ,  914.042 ,  916.042 ,   46.593 ,    0.000 ,    9.042 ,   -5.105 ,        4 , 	)
 161 	 (   3 ,  869.000 , 1109.000 ,        0 ,  934.759 ,  943.801 ,    0.000 ,  943.801 ,  946.801 ,   48.253 ,    0.000 ,    9.042 ,   13.168 ,        5 , 	)
  19 	 (   7 ,  780.000 ,  960.000 ,        0 ,  950.958 ,  960.000 ,    0.000 ,  960.000 ,  964.000 ,    0.000 ,   -0.000 ,    9.042 ,    4.632 ,        6 , 	)
 174 	 (   4 ,  885.000 , 1005.000 ,        0 ,  963.090 ,  972.132 ,    0.000 ,  972.132 ,  975.132 ,   67.977 ,   28.416 ,    9.042 ,    1.829 ,        7 , 	)
  60 	 (   7 ,  960.000 , 1200.000 ,        0 ,  972.982 ,  982.024 ,   28.416 , 1010.440 , 1013.440 ,    0.000 ,    0.000 ,   37.458 ,    3.469 ,        8 , 	)
 115 	 (   3 ,  850.000 , 1030.000 ,        0 ,  992.542 , 1030.000 ,    0.000 , 1030.000 , 1034.000 ,   66.000 ,    0.000 ,   37.458 ,    3.966 ,        9 , 	)
  90 	 (   4 , 1035.000 , 1130.067 ,        0 , 1023.120 , 1060.578 ,    9.489 , 1070.067 , 1071.067 ,    0.000 ,   48.149 ,   35.067 ,   13.688 ,       10 , 	)
 186 	 (   3 , 1092.000 , 1152.000 ,        0 , 1056.933 , 1092.000 ,    0.000 , 1092.000 , 1093.000 ,   20.933 ,   35.067 ,    0.000 ,    2.089 ,       11 , 	)
 156 	 (   0 , 1078.000 , 1318.000 ,        0 , 1101.911 , 1101.911 ,    0.000 , 1101.911 , 1104.911 ,   88.471 ,   48.149 ,    0.000 ,   -1.682 ,       12 , 	)
  12 	 (   4 ,  960.000 , 1200.000 ,        0 , 1151.851 , 1151.851 ,    0.000 , 1151.851 , 1155.851 ,    0.000 ,   48.149 ,    0.000 ,   93.880 ,       13 , 	)
 108 	 (   0 , 1057.000 , 1297.000 ,        0 , 1202.791 , 1202.791 ,    0.000 , 1202.791 , 1206.791 ,   46.940 ,   78.060 ,    0.000 ,   91.628 ,       14 , 	)
 193 	 (   0 ,    0.000 , 1440.000 ,        0 , 1267.944 , 1267.944 ,    0.000 , 1267.944 , 1267.944 ,    0.000 ,  172.056 ,   -0.000 ,    0.000 ,       15 , 	)

	14 sommets 
	values : ( Cost : 474.864 , TRT : 473.189 , TWT :  84.149 , TD : 474.692 )
	violations : ( VC :       0 , VTW :   0.000 , VTD :   0.000 , VTRT :   0.000 )
	cout global : (   0.000	 )
S(i)	 (   C ,     TW0 ,       TW1 ,       VTW ,       Min ,       A ,       W ,       B ,       D ,       L ,       F ,       E ,       Det ,       [Imp ,       Imp]	)
   0 	 (   0 ,    0.000 , 1440.000 ,        0 ,    0.000 ,  418.659 ,    0.000 ,  418.659 ,  418.659 ,    0.000 ,    0.000 ,  418.659 ,    0.000 ,        0 , 	)
  29 	 (   4 ,  240.000 ,  480.000 ,        0 ,   61.341 ,  480.000 ,    0.000 ,  480.000 ,  484.000 ,    0.000 ,    0.000 ,  240.000 ,    9.479 ,        1 , 	)
 125 	 (   0 ,  373.000 ,  613.000 ,        0 ,  309.409 ,  549.409 ,    0.000 ,  549.409 ,  553.409 ,   65.409 ,   15.386 ,  176.409 ,    0.768 ,        2 , 	)
   1 	 (   3 ,  480.000 ,  600.000 ,        0 ,  408.205 ,  584.614 ,   15.386 ,  600.000 ,  603.000 ,    0.000 ,    0.000 ,  120.000 ,   14.944 ,        3 , 	)
  96 	 (   5 ,  480.000 ,  720.000 ,        0 ,  494.704 ,  614.704 ,   27.763 ,  642.467 ,  644.467 ,    0.000 ,    0.000 ,  147.763 ,   11.799 ,        4 , 	)
  51 	 (   8 ,  480.000 ,  720.000 ,        0 ,  510.027 ,  657.790 ,    0.000 ,  657.790 ,  660.790 ,    0.000 ,    0.000 ,  147.763 ,    3.379 ,        5 , 	)
  97 	 (   5 ,  510.426 ,  676.000 ,        0 ,  528.237 ,  676.000 ,    0.000 ,  676.000 ,  679.000 ,   73.000 ,    0.000 ,  147.763 ,    0.000 ,        6 , 	)
  54 	 (   6 ,  720.000 ,  840.000 ,        0 ,  531.237 ,  679.000 ,   41.000 ,  720.000 ,  721.000 ,    0.000 ,   26.533 ,    0.000 ,    0.000 ,        7 , 	)
 192 	 (   4 ,  586.000 ,  826.000 ,        0 ,  749.305 ,  749.305 ,    0.000 ,  749.305 ,  751.305 ,  104.838 ,   26.533 ,    0.000 ,    8.720 ,        8 , 	)
  62 	 (   7 ,  720.000 ,  960.000 ,        0 ,  770.257 ,  770.257 ,    0.000 ,  770.257 ,  773.257 ,    0.000 ,   26.533 ,    0.000 ,    0.000 ,        9 , 	)
 147 	 (   4 ,  586.000 ,  826.000 ,        0 ,  773.257 ,  773.257 ,    0.000 ,  773.257 ,  776.257 ,  112.467 ,   26.533 ,    0.000 ,    0.000 ,       10 , 	)
 150 	 (   3 ,  763.000 ,  939.000 ,        0 ,  782.055 ,  782.055 ,    0.000 ,  782.055 ,  783.055 ,   61.055 ,   36.945 ,    0.000 ,    5.647 ,       11 , 	)
 158 	 (   0 ,  819.000 , 1059.000 ,        0 ,  831.180 ,  831.180 ,    0.000 ,  831.180 ,  834.180 ,   57.923 ,   71.077 ,    0.000 ,    3.557 ,       12 , 	)
 193 	 (   0 ,    0.000 , 1440.000 ,        0 ,  891.849 ,  891.849 ,    0.000 ,  891.849 ,  891.849 ,    0.000 ,  548.151 ,    0.000 ,    0.000 ,       13 , 	)
