9
	VALUE ALL : ( Cost : 3815.960 , TRT : 3400.939 , TWT : 253.795 , TD : 4137.748 )
	VIOLATIONS TOTAL : ( VC :       0 , VTW :   0.000 , VTD :   0.000 , VTRT :   0.000 )
 	COUT_ALL : (   0.003 )  T2B:   24001

	22 sommets 
	values : ( Cost : 523.050 , TRT : 458.108 , TWT :  30.838 , TD : 561.316 )
	violations : ( VC :       0 , VTW :   0.000 , VTD :   0.000 , VTRT :   0.000 )
	cout global : (   0.000	 )
S(i)	 (   C ,     TW0 ,       TW1 ,       VTW ,       Min ,       A ,       W ,       B ,       D ,       L ,       F ,       E ,       Det ,       [Imp ,       Imp]	)
   0 	 (   0 ,    0.000 , 1440.000 ,        0 ,    0.000 ,  807.395 ,    0.000 ,  807.395 ,  807.395 ,    0.000 ,    0.000 ,  807.395 ,    0.000 ,        0 , 	)
  14 	 (   3 ,  780.000 ,  960.000 ,        0 ,   14.995 ,  822.390 ,    0.000 ,  822.390 ,  825.390 ,    0.000 ,    0.000 ,   42.390 ,   16.382 ,        1 , 	)
  42 	 (   5 ,  720.000 ,  900.000 ,        0 ,  813.447 ,  855.837 ,    0.000 ,  855.837 ,  857.837 ,    0.000 ,    0.000 ,   42.390 ,    5.696 ,        2 , 	)
  30 	 (   6 ,  720.000 ,  960.000 ,        0 ,  833.792 ,  876.183 ,    0.000 ,  876.183 ,  877.183 ,    0.000 ,    0.000 ,   42.390 ,    5.289 ,        3 , 	)
 108 	 (   4 ,  758.000 ,  998.000 ,        0 ,  841.830 ,  884.220 ,    0.000 ,  884.220 ,  886.220 ,   26.383 ,    0.000 ,   42.390 ,    3.064 ,        4 , 	)
  26 	 (   5 ,  780.000 ,  900.000 ,        0 ,  857.610 ,  900.000 ,    0.000 ,  900.000 ,  901.000 ,    0.000 ,    0.000 ,   42.390 ,    4.874 ,        5 , 	)
  80 	 (   2 ,  834.000 , 1073.000 ,        0 ,  863.035 ,  905.426 ,    0.000 ,  905.426 ,  908.426 ,   80.035 ,    1.691 ,   42.390 ,    3.314 ,        6 , 	)
  96 	 (   1 ,  768.000 , 1008.000 ,        0 ,  872.995 ,  915.386 ,    0.000 ,  915.386 ,  916.386 ,   38.203 ,    1.691 ,   42.390 ,    9.714 ,        7 , 	)
  54 	 (   3 ,  729.000 ,  957.821 ,        0 ,  891.458 ,  933.848 ,    1.691 ,  935.539 ,  937.539 ,    0.000 ,    0.000 ,   44.081 ,    1.802 ,        8 , 	)
  18 	 (   4 ,  780.000 ,  960.000 ,        0 ,  903.659 ,  947.740 ,    0.000 ,  947.740 ,  948.740 ,    0.000 ,    0.000 ,   44.081 ,    3.483 ,        9 , 	)
  92 	 (   3 ,  826.955 , 1024.000 ,        0 ,  927.347 ,  971.428 ,    0.000 ,  971.428 ,  972.428 ,   70.428 ,    0.000 ,   44.081 ,    6.200 ,       10 , 	)
  84 	 (   2 ,  829.000 , 1009.000 ,        0 ,  936.271 ,  980.352 ,    0.000 ,  980.352 ,  981.352 ,   31.612 ,    0.000 ,   44.081 ,    0.232 ,       11 , 	)
 120 	 (   0 ,  809.000 ,  989.000 ,        0 ,  944.919 ,  989.000 ,    0.000 ,  989.000 ,  991.000 ,   51.461 ,    0.000 ,   44.081 ,    4.611 ,       12 , 	)
  12 	 (   4 ,  992.000 , 1178.509 ,        0 ,  956.187 , 1000.268 ,   29.147 , 1029.415 , 1033.415 ,    0.000 ,   55.604 ,   37.415 ,   17.153 ,       13 , 	)
  41 	 (   5 ,  960.000 , 1200.000 ,        0 , 1013.256 , 1050.671 ,    0.000 , 1050.671 , 1051.671 ,    0.000 ,   37.415 ,   37.415 ,   -1.136 ,       14 , 	)
  35 	 (   6 ,  960.000 , 1140.000 ,        0 , 1046.981 , 1084.396 ,    0.000 , 1084.396 , 1085.396 ,    0.000 ,   37.415 ,   37.415 ,   10.816 ,       15 , 	)
 107 	 (   5 , 1028.000 , 1268.000 ,        0 , 1059.953 , 1097.368 ,    0.000 , 1097.368 , 1098.368 ,   45.697 ,   37.415 ,   37.415 ,   -0.095 ,       16 , 	)
  78 	 (   1 , 1102.000 , 1222.000 ,        0 , 1064.585 , 1102.000 ,    0.000 , 1102.000 , 1106.000 ,   68.585 ,   37.415 ,    0.000 ,    1.800 ,       17 , 	)
  50 	 (   2 ,  960.000 , 1200.000 ,        0 , 1110.966 , 1110.966 ,    0.000 , 1110.966 , 1111.966 ,    0.000 ,   57.545 ,   -0.000 ,    3.154 ,       18 , 	)
 101 	 (   1 , 1021.000 , 1261.000 ,        0 , 1148.851 , 1148.851 ,    0.000 , 1148.851 , 1149.851 ,   63.455 ,   57.545 ,   -0.000 ,   -0.001 ,       19 , 	)
 116 	 (   0 , 1100.000 , 1340.000 ,        0 , 1197.423 , 1197.423 ,    0.000 , 1197.423 , 1198.423 ,   85.456 ,  139.544 ,   -0.000 ,   48.303 ,       20 , 	)
 133 	 (   0 ,    0.000 , 1440.000 ,        0 , 1265.504 , 1265.504 ,    0.000 , 1265.504 , 1265.504 ,    0.000 ,  174.496 ,   -0.000 ,    0.000 ,       21 , 	)

	14 sommets 
	values : ( Cost : 404.781 , TRT : 336.347 , TWT :   0.000 , TD : 372.908 )
	violations : ( VC :       0 , VTW :   0.000 , VTD :   0.000 , VTRT :   0.000 )
	cout global : (   0.000	 )
S(i)	 (   C ,     TW0 ,       TW1 ,       VTW ,       Min ,       A ,       W ,       B ,       D ,       L ,       F ,       E ,       Det ,       [Imp ,       Imp]	)
   0 	 (   0 ,    0.000 , 1440.000 ,        0 ,    0.000 ,  717.469 ,    0.000 ,  717.469 ,  717.469 ,    0.000 ,    8.068 ,  717.469 ,    0.000 ,        0 , 	)
  51 	 (   2 ,  720.000 ,  960.000 ,        0 ,   32.114 ,  749.583 ,    0.000 ,  749.583 ,  751.583 ,    0.000 ,    8.068 ,   29.583 ,   11.047 ,        1 , 	)
  21 	 (   6 ,  736.000 ,  955.715 ,        0 ,  741.821 ,  771.405 ,    0.000 ,  771.405 ,  775.405 ,    0.000 ,    8.068 ,   29.583 ,    2.103 ,        2 , 	)
 117 	 (   4 ,  794.000 , 1034.000 ,        0 ,  764.417 ,  794.000 ,    0.000 ,  794.000 ,  796.000 ,   42.417 ,    8.068 ,    0.000 ,   -1.241 ,        3 , 	)
  11 	 (   7 ,  720.000 ,  960.000 ,        0 ,  806.310 ,  806.310 ,    0.000 ,  806.310 ,  809.310 ,    0.000 ,    8.068 ,    0.000 ,   -3.947 ,        4 , 	)
  87 	 (   3 ,  819.000 ,  999.000 ,        0 ,  831.025 ,  831.025 ,    0.000 ,  831.025 ,  835.025 ,   55.620 ,    8.068 ,    0.000 ,   12.035 ,        5 , 	)
  77 	 (   0 ,  782.000 , 1022.000 ,        0 ,  855.208 ,  855.208 ,    0.000 ,  855.208 ,  858.208 ,   45.898 ,    8.068 ,    0.000 ,    6.058 ,        6 , 	)
  24 	 (   2 ,  720.000 ,  900.000 ,        0 ,  865.201 ,  865.201 ,    0.000 ,  865.201 ,  867.201 ,    0.000 ,    8.068 ,    0.000 ,    1.784 ,        7 , 	)
  53 	 (   6 ,  733.000 ,  952.041 ,        0 ,  883.418 ,  883.418 ,    0.000 ,  883.418 ,  887.418 ,    0.000 ,    8.068 ,    0.000 ,    5.335 ,        8 , 	)
 119 	 (   2 ,  799.000 ,  979.000 ,        0 ,  910.377 ,  910.377 ,    0.000 ,  910.377 ,  914.377 ,   22.959 ,    8.068 ,    0.000 ,   -0.494 ,        9 , 	)
  37 	 (   3 ,  753.000 ,  936.719 ,        0 ,  927.516 ,  927.516 ,    0.000 ,  927.516 ,  928.516 ,    0.000 ,    8.068 ,    0.000 ,    8.362 ,       10 , 	)
 103 	 (   2 ,  856.000 ,  976.000 ,        0 ,  966.797 ,  966.797 ,    0.000 ,  966.797 ,  967.797 ,   38.281 ,    8.068 ,    0.000 ,   36.911 ,       11 , 	)
  90 	 (   0 ,  983.000 , 1043.000 ,        0 , 1034.932 , 1034.932 ,    0.000 , 1034.932 , 1036.932 ,  167.732 ,    8.068 ,    0.000 ,   28.903 ,       12 , 	)
 133 	 (   0 ,    0.000 , 1440.000 ,        0 , 1053.816 , 1053.816 ,    0.000 , 1053.816 , 1053.816 ,    0.000 ,  386.184 ,   -0.000 ,    0.000 ,       13 , 	)

	16 sommets 
	values : ( Cost : 376.044 , TRT : 371.037 , TWT :  66.297 , TD : 490.795 )
	violations : ( VC :       0 , VTW :   0.000 , VTD :   0.000 , VTRT :   0.000 )
	cout global : (   0.000	 )
S(i)	 (   C ,     TW0 ,       TW1 ,       VTW ,       Min ,       A ,       W ,       B ,       D ,       L ,       F ,       E ,       Det ,       [Imp ,       Imp]	)
   0 	 (   0 ,    0.000 , 1440.000 ,        0 ,    0.000 ,  246.908 ,    0.000 ,  246.908 ,  246.908 ,    0.000 ,    0.000 ,  246.908 ,    0.000 ,        0 , 	)
  47 	 (   3 ,  240.000 ,  360.000 ,        0 ,   14.995 ,  261.903 ,    0.000 ,  261.903 ,  264.903 ,    0.000 ,    0.000 ,   21.903 ,    8.914 ,        1 , 	)
   5 	 (   4 ,  240.000 ,  420.000 ,        0 ,  272.898 ,  294.801 ,    0.000 ,  294.801 ,  295.801 ,    0.000 ,    0.000 ,   21.903 ,    5.404 ,        2 , 	)
  71 	 (   3 ,  259.980 ,  472.000 ,        0 ,  292.878 ,  314.781 ,    0.000 ,  314.781 ,  315.781 ,   18.980 ,    0.000 ,   21.903 ,    5.905 ,        3 , 	)
 113 	 (   0 ,  297.914 ,  510.000 ,        0 ,  306.740 ,  328.643 ,    0.000 ,  328.643 ,  331.643 ,   63.740 ,    0.000 ,   21.903 ,    5.598 ,        4 , 	)
  28 	 (   3 ,  300.000 ,  480.000 ,        0 ,  326.602 ,  348.505 ,    0.000 ,  348.505 ,  351.505 ,    0.000 ,    0.000 ,   21.903 ,   11.339 ,        5 , 	)
  17 	 (   4 ,  240.000 ,  420.000 ,        0 ,  335.932 ,  357.835 ,    0.000 ,  357.835 ,  358.835 ,    0.000 ,    0.000 ,   21.903 ,    9.232 ,        6 , 	)
  10 	 (   5 ,  240.000 ,  480.000 ,        0 ,  357.860 ,  379.763 ,    0.000 ,  379.763 ,  380.763 ,    0.000 ,    0.000 ,   21.903 ,    3.581 ,        7 , 	)
  94 	 (   2 ,  360.000 ,  540.000 ,        0 ,  366.515 ,  388.418 ,    0.000 ,  388.418 ,  391.418 ,   36.913 ,    0.000 ,   21.903 ,    2.595 ,        8 , 	)
  19 	 (   3 ,  240.000 ,  420.000 ,        0 ,  398.097 ,  420.000 ,    0.000 ,  420.000 ,  421.000 ,    0.000 ,    0.000 ,   21.903 ,    6.087 ,        9 , 	)
  76 	 (   2 ,  310.000 ,  550.000 ,        0 ,  402.872 ,  424.775 ,    0.000 ,  424.775 ,  425.775 ,   44.012 ,    3.067 ,   21.903 ,  -14.731 ,       10 , 	)
  61 	 (   3 ,  480.000 ,  720.000 ,        0 ,  456.934 ,  478.837 ,    3.067 ,  481.904 ,  482.904 ,    0.000 ,    0.000 ,    1.904 ,  -10.777 ,       11 , 	)
  83 	 (   2 ,  310.000 ,  550.000 ,        0 ,  490.932 ,  492.835 ,    0.000 ,  492.835 ,  493.835 ,  134.000 ,   -0.000 ,    1.904 ,    4.171 ,       12 , 	)
  85 	 (   1 ,  367.000 ,  547.000 ,        0 ,  500.150 ,  502.053 ,    0.000 ,  502.053 ,  503.053 ,   81.053 ,   44.947 ,    1.904 ,   -0.010 ,       13 , 	)
 127 	 (   0 ,  595.000 ,  775.000 ,        0 ,  529.866 ,  531.770 ,   63.230 ,  595.000 ,  596.000 ,  112.096 ,    1.904 ,    0.000 ,    9.773 ,       14 , 	)
 133 	 (   0 ,    0.000 , 1440.000 ,        0 ,  617.945 ,  617.945 ,    0.000 ,  617.945 ,  617.945 ,    0.000 ,  822.055 ,    0.000 ,    0.000 ,       15 , 	)

	16 sommets 
	values : ( Cost : 348.656 , TRT : 357.414 , TWT :  63.267 , TD : 439.916 )
	violations : ( VC :       0 , VTW :   0.000 , VTD :   0.000 , VTRT :   0.000 )
	cout global : (   0.000	 )
S(i)	 (   C ,     TW0 ,       TW1 ,       VTW ,       Min ,       A ,       W ,       B ,       D ,       L ,       F ,       E ,       Det ,       [Imp ,       Imp]	)
   0 	 (   0 ,    0.000 , 1440.000 ,        0 ,    0.000 ,  255.645 ,    0.000 ,  255.645 ,  255.645 ,    0.000 ,    0.000 ,  255.645 ,    0.000 ,        0 , 	)
  52 	 (   4 ,  247.000 ,  480.000 ,        0 ,   63.329 ,  318.974 ,    0.000 ,  318.974 ,  322.974 ,    0.000 ,    0.000 ,   71.974 ,    2.647 ,        1 , 	)
  39 	 (   8 ,  313.000 ,  472.565 ,        0 ,  263.067 ,  335.041 ,    0.000 ,  335.041 ,  339.041 ,    0.000 ,    0.000 ,   22.041 ,    2.589 ,        2 , 	)
 118 	 (   4 ,  340.000 ,  520.000 ,        0 ,  340.790 ,  362.832 ,    0.000 ,  362.832 ,  366.832 ,   39.857 ,    0.000 ,   22.041 ,   -0.022 ,        3 , 	)
  29 	 (   7 ,  240.000 ,  420.000 ,        0 ,  355.453 ,  377.495 ,    0.000 ,  377.495 ,  380.495 ,    0.000 ,    0.000 ,   22.041 ,    1.695 ,        4 , 	)
  22 	 (   8 ,  240.000 ,  480.000 ,        0 ,  363.856 ,  385.898 ,    0.000 ,  385.898 ,  386.898 ,    0.000 ,    0.000 ,   22.041 ,    1.255 ,        5 , 	)
 105 	 (   4 ,  380.000 ,  500.000 ,        0 ,  376.007 ,  398.048 ,    0.000 ,  398.048 ,  402.048 ,   59.007 ,    0.000 ,   18.048 ,    4.355 ,        6 , 	)
  63 	 (   5 ,  300.000 ,  480.000 ,        0 ,  401.320 ,  419.368 ,    0.000 ,  419.368 ,  420.368 ,    0.000 ,    0.000 ,   18.048 ,    8.721 ,        7 , 	)
  88 	 (   4 ,  292.000 ,  532.000 ,        0 ,  408.850 ,  426.898 ,    0.000 ,  426.898 ,  427.898 ,   40.000 ,    0.000 ,   18.048 ,    2.625 ,        8 , 	)
  57 	 (   5 ,  254.000 ,  471.667 ,        0 ,  438.529 ,  456.577 ,    0.000 ,  456.577 ,  457.577 ,    0.000 ,    0.000 ,   18.048 ,    4.801 ,        9 , 	)
 129 	 (   4 ,  462.000 ,  642.000 ,        0 ,  455.885 ,  473.933 ,    0.000 ,  473.933 ,  474.933 ,   53.565 ,    0.000 ,   11.933 ,    1.716 ,       10 , 	)
  66 	 (   6 ,  480.000 ,  720.000 ,        0 ,  469.508 ,  481.441 ,    0.000 ,  481.441 ,  483.441 ,    0.000 ,    0.000 ,    1.441 ,    0.895 ,       11 , 	)
  95 	 (   3 ,  375.000 ,  615.000 ,        0 ,  490.559 ,  492.000 ,    0.000 ,  492.000 ,  495.000 ,  111.505 ,    0.000 ,    1.441 ,    0.000 ,       12 , 	)
 123 	 (   2 ,  315.000 ,  495.000 ,        0 ,  493.559 ,  495.000 ,    0.000 ,  495.000 ,  496.000 ,   37.423 ,   -0.000 ,    1.441 ,    0.000 ,       13 , 	)
 132 	 (   0 ,  582.000 ,  822.000 ,        0 ,  517.292 ,  518.733 ,   63.267 ,  582.000 ,  584.000 ,   98.559 ,   62.441 ,    0.000 ,    1.521 ,       14 , 	)
 133 	 (   0 ,    0.000 , 1440.000 ,        0 ,  613.059 ,  613.059 ,    0.000 ,  613.059 ,  613.059 ,    0.000 ,  826.941 ,    0.000 ,    0.000 ,       15 , 	)

	18 sommets 
	values : ( Cost : 501.426 , TRT : 430.535 , TWT :  17.523 , TD : 346.792 )
	violations : ( VC :       0 , VTW :   0.000 , VTD :   0.000 , VTRT :   0.000 )
	cout global : (   0.000	 )
S(i)	 (   C ,     TW0 ,       TW1 ,       VTW ,       Min ,       A ,       W ,       B ,       D ,       L ,       F ,       E ,       Det ,       [Imp ,       Imp]	)
   0 	 (   0 ,    0.000 , 1440.000 ,        0 ,    0.000 ,  454.039 ,    0.000 ,  454.039 ,  454.039 ,    0.000 ,    0.000 ,  454.039 ,    0.000 ,        0 , 	)
  20 	 (   1 ,  360.000 ,  480.000 ,        0 ,   25.961 ,  480.000 ,    0.000 ,  480.000 ,  481.000 ,    0.000 ,    0.000 ,  120.000 ,   28.115 ,        1 , 	)
  86 	 (   0 ,  401.000 ,  581.000 ,        0 ,  387.386 ,  507.386 ,    0.000 ,  507.386 ,  508.386 ,   26.386 ,   73.614 ,  106.386 ,   26.043 ,        2 , 	)
  65 	 (   4 ,  480.000 ,  720.000 ,        0 ,  447.302 ,  553.688 ,   17.523 ,  571.211 ,  575.211 ,    0.000 ,   58.429 ,   91.211 ,   26.349 ,        3 , 	)
 131 	 (   0 ,  525.000 ,  765.000 ,        0 ,  509.526 ,  600.737 ,    0.000 ,  600.737 ,  604.737 ,   25.526 ,   25.474 ,   75.737 ,    0.000 ,        4 , 	)
   8 	 (   1 ,  480.000 ,  720.000 ,        0 ,  542.171 ,  617.908 ,    0.000 ,  617.908 ,  618.908 ,    0.000 ,   58.429 ,   75.737 ,   26.323 ,        5 , 	)
  74 	 (   0 ,  535.000 ,  775.000 ,        0 ,  570.879 ,  646.616 ,    0.000 ,  646.616 ,  647.616 ,   27.708 ,   46.292 ,   75.737 ,    5.174 ,        6 , 	)
  45 	 (   4 ,  540.000 ,  720.000 ,        0 ,  582.942 ,  658.679 ,    0.000 ,  658.679 ,  662.679 ,    0.000 ,   58.429 ,   75.737 ,   -2.046 ,        7 , 	)
 111 	 (   0 ,  598.000 ,  838.000 ,        0 ,  629.477 ,  705.214 ,    0.000 ,  705.214 ,  709.214 ,   42.535 ,   58.429 ,   75.737 ,   22.724 ,        8 , 	)
   9 	 (   1 ,  720.000 ,  780.000 ,        0 ,  645.835 ,  721.571 ,    0.000 ,  721.571 ,  722.571 ,    0.000 ,   58.429 ,    1.571 ,    2.013 ,        9 , 	)
  58 	 (   2 ,  720.000 ,  960.000 ,        0 ,  743.733 ,  745.305 ,    0.000 ,  745.305 ,  746.305 ,    0.000 ,   22.505 ,    1.571 ,    9.741 ,       10 , 	)
  27 	 (   5 ,  732.000 ,  893.903 ,        0 ,  754.756 ,  756.327 ,    0.000 ,  756.327 ,  759.327 ,    0.000 ,   22.505 ,    1.571 ,    9.240 ,       11 , 	)
  49 	 (   8 ,  731.000 ,  956.295 ,        0 ,  781.999 ,  783.571 ,    0.000 ,  783.571 ,  786.571 ,    0.000 ,   22.505 ,    1.571 ,    0.980 ,       12 , 	)
 124 	 (   7 ,  777.000 , 1017.000 ,        0 ,  789.442 ,  791.014 ,    0.000 ,  791.014 ,  792.014 ,   44.709 ,   22.505 ,    1.571 ,    2.795 ,       13 , 	)
  93 	 (   4 ,  802.000 ,  922.000 ,        0 ,  800.429 ,  802.000 ,    0.000 ,  802.000 ,  805.000 ,   42.673 ,   22.505 ,    0.000 ,    1.854 ,       14 , 	)
  75 	 (   3 ,  778.000 ,  898.000 ,        0 ,  817.067 ,  817.067 ,    0.000 ,  817.067 ,  818.067 ,   94.495 ,   22.505 ,    0.000 ,    1.080 ,       15 , 	)
 115 	 (   0 ,  806.000 ,  986.000 ,        0 ,  829.329 ,  829.329 ,    0.000 ,  829.329 ,  832.329 ,   42.759 ,   29.241 ,    0.000 ,    0.177 ,       16 , 	)
 133 	 (   0 ,    0.000 , 1440.000 ,        0 ,  884.574 ,  884.574 ,    0.000 ,  884.574 ,  884.574 ,    0.000 ,  555.426 ,    0.000 ,    0.000 ,       17 , 	)

	14 sommets 
	values : ( Cost : 318.512 , TRT : 291.434 , TWT :  27.951 , TD : 357.295 )
	violations : ( VC :       0 , VTW :   0.000 , VTD :   0.000 , VTRT :   0.000 )
	cout global : (   0.000	 )
S(i)	 (   C ,     TW0 ,       TW1 ,       VTW ,       Min ,       A ,       W ,       B ,       D ,       L ,       F ,       E ,       Det ,       [Imp ,       Imp]	)
   0 	 (   0 ,    0.000 , 1440.000 ,        0 ,    0.000 ,  356.344 ,    0.000 ,  356.344 ,  356.344 ,    0.000 ,    0.000 ,  356.344 ,    0.000 ,        0 , 	)
  13 	 (   3 ,  240.000 ,  420.000 ,        0 ,   51.822 ,  408.165 ,    0.000 ,  408.165 ,  411.165 ,    0.000 ,    0.000 ,  168.165 ,    0.000 ,        1 , 	)
   1 	 (   6 ,  240.000 ,  480.000 ,        0 ,  243.000 ,  411.165 ,    0.000 ,  411.165 ,  414.165 ,    0.000 ,    0.000 ,  168.165 ,    0.000 ,        2 , 	)
  79 	 (   3 ,  285.000 ,  465.000 ,        0 ,  267.543 ,  435.708 ,    0.000 ,  435.708 ,  438.708 ,   24.543 ,    0.000 ,  150.708 ,   13.506 ,        3 , 	)
  67 	 (   0 ,  308.000 ,  548.000 ,        0 ,  312.847 ,  463.556 ,    0.000 ,  463.556 ,  466.556 ,   49.390 ,    0.000 ,  150.708 ,    7.237 ,        4 , 	)
  15 	 (   1 ,  240.000 ,  480.000 ,        0 ,  322.926 ,  473.634 ,    0.000 ,  473.634 ,  474.634 ,    0.000 ,    0.000 ,  150.708 ,    4.523 ,        5 , 	)
  64 	 (   2 ,  240.000 ,  480.000 ,        0 ,  329.292 ,  480.000 ,    0.000 ,  480.000 ,  481.000 ,    0.000 ,    0.000 ,  150.708 ,    3.068 ,        6 , 	)
  46 	 (   5 ,  480.000 ,  720.000 ,        0 ,  342.404 ,  493.112 ,   16.884 ,  509.996 ,  512.996 ,    0.000 ,    0.000 ,   29.996 ,    1.032 ,        7 , 	)
  81 	 (   4 ,  299.000 ,  539.000 ,        0 ,  499.169 ,  529.165 ,    0.000 ,  529.165 ,  530.165 ,   54.532 ,    0.000 ,   29.996 ,    0.193 ,        8 , 	)
  38 	 (   5 ,  480.000 ,  720.000 ,        0 ,  511.723 ,  541.719 ,    0.000 ,  541.719 ,  542.719 ,    0.000 ,    0.000 ,   29.996 ,    5.169 ,        9 , 	)
 130 	 (   4 ,  373.000 ,  553.000 ,        0 ,  523.004 ,  553.000 ,    0.000 ,  553.000 ,  554.000 ,   72.000 ,   -0.000 ,   29.996 ,  -15.708 ,       10 , 	)
 112 	 (   1 ,  590.000 ,  830.000 ,        0 ,  548.937 ,  578.933 ,   11.067 ,  590.000 ,  593.000 ,   77.004 ,   84.996 ,    0.000 ,    3.123 ,       11 , 	)
 104 	 (   0 ,  619.000 ,  859.000 ,        0 ,  622.545 ,  622.545 ,    0.000 ,  622.545 ,  623.545 ,   79.826 ,  105.174 ,    0.000 ,   -4.332 ,       12 , 	)
 133 	 (   0 ,    0.000 , 1440.000 ,        0 ,  647.777 ,  647.777 ,    0.000 ,  647.777 ,  647.777 ,    0.000 ,  792.223 ,    0.000 ,    0.000 ,       13 , 	)

	22 sommets 
	values : ( Cost : 512.281 , TRT : 473.094 , TWT :  47.920 , TD : 647.478 )
	violations : ( VC :       0 , VTW :   0.000 , VTD :   0.000 , VTRT :   0.000 )
	cout global : (   0.000	 )
S(i)	 (   C ,     TW0 ,       TW1 ,       VTW ,       Min ,       A ,       W ,       B ,       D ,       L ,       F ,       E ,       Det ,       [Imp ,       Imp]	)
   0 	 (   0 ,    0.000 , 1440.000 ,        0 ,    0.000 ,  685.138 ,    0.000 ,  685.138 ,  685.138 ,    0.000 ,    0.000 ,  685.138 ,    0.000 ,        0 , 	)
  59 	 (   4 ,  720.000 ,  900.000 ,        0 ,   47.495 ,  732.633 ,    0.000 ,  732.633 ,  736.633 ,    0.000 ,    0.000 ,   12.633 ,    1.520 ,        1 , 	)
  60 	 (   6 ,  720.000 ,  960.000 ,        0 ,  744.420 ,  757.053 ,    0.000 ,  757.053 ,  759.053 ,    0.000 ,    0.000 ,   12.633 ,   12.626 ,        2 , 	)
 126 	 (   4 ,  744.000 ,  984.000 ,        0 ,  754.691 ,  767.324 ,    0.000 ,  767.324 ,  769.324 ,    8.271 ,    0.000 ,   12.633 ,   14.729 ,        3 , 	)
   6 	 (   6 ,  720.000 ,  900.000 ,        0 ,  781.822 ,  794.455 ,    0.000 ,  794.455 ,  796.455 ,    0.000 ,    0.000 ,   12.633 ,    0.876 ,        4 , 	)
 125 	 (   2 ,  779.000 , 1019.000 ,        0 ,  790.620 ,  803.253 ,    0.000 ,  803.253 ,  807.253 ,   66.620 ,    0.000 ,   12.633 ,   -0.095 ,        5 , 	)
   2 	 (   3 ,  780.000 ,  960.000 ,        0 ,  806.592 ,  819.225 ,    0.000 ,  819.225 ,  820.225 ,    0.000 ,    0.000 ,   12.633 ,    4.860 ,        6 , 	)
  62 	 (   5 ,  720.000 ,  840.000 ,        0 ,  827.367 ,  840.000 ,    0.000 ,  840.000 ,  842.000 ,    0.000 ,    0.000 ,   12.633 ,   10.017 ,        7 , 	)
  72 	 (   3 ,  767.000 , 1003.000 ,        0 ,  849.697 ,  862.330 ,    0.000 ,  862.330 ,  864.330 ,   65.875 ,    2.222 ,   12.633 ,   -0.722 ,        8 , 	)
   7 	 (   4 ,  735.000 ,  957.626 ,        0 ,  875.400 ,  888.033 ,    2.222 ,  890.255 ,  891.255 ,    0.000 ,    0.000 ,   14.855 ,    0.000 ,        9 , 	)
 128 	 (   2 ,  810.000 , 1050.000 ,        0 ,  876.400 ,  891.255 ,    0.000 ,  891.255 ,  893.255 ,   49.255 ,    0.000 ,   14.855 ,    0.000 ,       10 , 	)
  68 	 (   1 ,  829.000 , 1066.000 ,        0 ,  905.698 ,  920.553 ,    0.000 ,  920.553 ,  921.553 ,  100.328 ,    0.000 ,   14.855 ,    6.932 ,       11 , 	)
  40 	 (   2 ,  720.000 ,  960.000 ,        0 ,  916.686 ,  931.541 ,    0.000 ,  931.541 ,  932.541 ,    0.000 ,    0.000 ,   14.855 ,    0.185 ,       12 , 	)
  31 	 (   6 ,  780.000 ,  960.000 ,        0 ,  928.031 ,  942.886 ,    0.000 ,  942.886 ,  946.886 ,    0.000 ,    0.000 ,   14.855 ,    2.025 ,       13 , 	)
  25 	 (   8 ,  720.000 ,  960.000 ,        0 ,  934.972 ,  949.827 ,    0.000 ,  949.827 ,  951.827 ,    0.000 ,    0.000 ,   14.855 ,    0.000 ,       14 , 	)
  73 	 (   7 ,  821.000 , 1001.000 ,        0 ,  936.972 ,  951.827 ,    0.000 ,  951.827 ,  952.827 ,   60.572 ,    0.000 ,   14.855 ,    0.000 ,       15 , 	)
 106 	 (   6 ,  772.000 , 1012.000 ,        0 ,  969.117 ,  983.971 ,    0.000 ,  983.971 ,  984.971 ,   51.431 ,    0.000 ,   14.855 ,   -8.355 ,       16 , 	)
  91 	 (   4 ,  856.000 , 1036.000 ,        0 ,  983.038 ,  997.893 ,    0.000 ,  997.893 ,  999.893 ,   46.066 ,    0.000 ,   14.855 ,   18.402 ,       17 , 	)
  36 	 (   5 ,  960.000 , 1200.000 ,        0 , 1009.199 , 1024.054 ,    0.000 , 1024.054 , 1025.054 ,    0.000 ,    0.000 ,   14.855 ,    9.298 ,       18 , 	)
  97 	 (   1 ,  858.000 , 1038.000 ,        0 , 1023.145 , 1038.000 ,    0.000 , 1038.000 , 1042.000 ,   91.114 ,    0.000 ,   14.855 ,    4.365 ,       19 , 	)
 102 	 (   0 , 1133.000 , 1313.000 ,        0 , 1072.447 , 1087.302 ,   45.698 , 1133.000 , 1134.000 ,  107.946 ,  107.054 ,    0.000 ,    3.184 ,       20 , 	)
 133 	 (   0 ,    0.000 , 1440.000 ,        0 , 1158.232 , 1158.232 ,    0.000 , 1158.232 , 1158.232 ,    0.000 ,  281.768 ,   -0.000 ,    0.000 ,       21 , 	)

	16 sommets 
	values : ( Cost : 421.801 , TRT : 345.144 , TWT :   0.000 , TD : 556.232 )
	violations : ( VC :       0 , VTW :   0.000 , VTD :   0.000 , VTRT :   0.000 )
	cout global : (   0.000	 )
S(i)	 (   C ,     TW0 ,       TW1 ,       VTW ,       Min ,       A ,       W ,       B ,       D ,       L ,       F ,       E ,       Det ,       [Imp ,       Imp]	)
   0 	 (   0 ,    0.000 , 1440.000 ,        0 ,    0.000 ,  208.973 ,    0.000 ,  208.973 ,  208.973 ,    0.000 ,    1.112 ,  208.973 ,    0.000 ,        0 , 	)
  33 	 (   2 ,  240.000 ,  480.000 ,        0 ,   36.427 ,  245.400 ,    0.000 ,  245.400 ,  247.400 ,    0.000 ,    1.112 ,    5.400 ,   -2.023 ,        1 , 	)
   3 	 (   4 ,  240.000 ,  480.000 ,        0 ,  269.944 ,  275.344 ,    0.000 ,  275.344 ,  277.344 ,    0.000 ,    0.333 ,    5.400 ,  -11.165 ,        2 , 	)
  69 	 (   2 ,  314.000 ,  554.000 ,        0 ,  308.600 ,  314.000 ,    0.000 ,  314.000 ,  316.000 ,   36.656 ,    0.333 ,    0.000 ,    3.877 ,        3 , 	)
  44 	 (   4 ,  240.000 ,  360.000 ,        0 ,  322.462 ,  322.462 ,    0.000 ,  322.462 ,  324.462 ,    0.000 ,    0.333 ,    0.000 ,   -4.256 ,        4 , 	)
  34 	 (   5 ,  240.000 ,  420.000 ,        0 ,  335.399 ,  335.399 ,    0.000 ,  335.399 ,  336.399 ,    0.000 ,    0.333 ,    0.000 ,    2.286 ,        5 , 	)
  32 	 (   8 ,  240.000 ,  480.000 ,        0 ,  352.262 ,  352.262 ,    0.000 ,  352.262 ,  355.262 ,    0.000 ,    0.333 ,    0.000 ,    6.189 ,        6 , 	)
 100 	 (   7 ,  257.638 ,  488.000 ,        0 ,  362.226 ,  362.226 ,    0.000 ,  362.226 ,  363.226 ,   25.826 ,    0.333 ,    0.000 ,   -1.898 ,        7 , 	)
 110 	 (   5 ,  307.000 ,  487.000 ,        0 ,  386.339 ,  386.339 ,    0.000 ,  386.339 ,  388.339 ,   61.877 ,    0.333 ,    0.000 ,    0.244 ,        8 , 	)
  56 	 (   6 ,  300.000 ,  480.000 ,        0 ,  395.740 ,  395.740 ,    0.000 ,  395.740 ,  396.740 ,    0.000 ,    0.333 ,    0.000 ,   -0.217 ,        9 , 	)
  99 	 (   4 ,  394.000 ,  574.000 ,        0 ,  432.067 ,  432.067 ,    0.000 ,  432.067 ,  434.067 ,  184.667 ,    0.333 ,    0.000 ,    8.384 ,       10 , 	)
  98 	 (   1 ,  315.000 ,  555.000 ,        0 ,  447.577 ,  447.577 ,    0.000 ,  447.577 ,  450.577 ,   92.315 ,    1.112 ,    0.000 ,   26.327 ,       11 , 	)
  23 	 (   4 ,  240.000 ,  480.000 ,        0 ,  478.888 ,  478.888 ,    0.000 ,  478.888 ,  481.888 ,    0.000 ,    1.112 ,    0.000 ,   29.601 ,       12 , 	)
 122 	 (   3 ,  355.000 ,  594.000 ,        0 ,  499.286 ,  499.286 ,    0.000 ,  499.286 ,  500.286 ,  102.546 ,   10.454 ,    0.000 ,    2.509 ,       13 , 	)
  89 	 (   0 ,  372.000 ,  612.000 ,        0 ,  534.233 ,  534.233 ,    0.000 ,  534.233 ,  537.233 ,   52.345 ,   77.767 ,    0.000 ,   24.870 ,       14 , 	)
 133 	 (   0 ,    0.000 , 1440.000 ,        0 ,  554.117 ,  554.117 ,    0.000 ,  554.117 ,  554.117 ,    0.000 ,  885.883 ,    0.000 ,    0.000 ,       15 , 	)

	12 sommets 
	values : ( Cost : 409.409 , TRT : 337.826 , TWT :   0.000 , TD : 365.018 )
	violations : ( VC :       0 , VTW :   0.000 , VTD :   0.000 , VTRT :   0.000 )
	cout global : (   0.000	 )
S(i)	 (   C ,     TW0 ,       TW1 ,       VTW ,       Min ,       A ,       W ,       B ,       D ,       L ,       F ,       E ,       Det ,       [Imp ,       Imp]	)
   0 	 (   0 ,    0.000 , 1440.000 ,        0 ,    0.000 ,  807.517 ,    0.000 ,  807.517 ,  807.517 ,    0.000 ,    9.855 ,  807.517 ,    0.000 ,        0 , 	)
  55 	 (   4 ,  783.000 ,  960.000 ,        0 ,   36.427 ,  843.944 ,    0.000 ,  843.944 ,  847.944 ,    0.000 ,    9.855 ,   60.944 ,    0.000 ,        1 , 	)
  43 	 (   8 ,  720.000 ,  900.000 ,        0 ,  787.000 ,  847.944 ,    0.000 ,  847.944 ,  851.944 ,    0.000 ,    9.855 ,   60.944 ,    0.000 ,        2 , 	)
 121 	 (   4 ,  891.000 , 1011.000 ,        0 ,  830.056 ,  891.000 ,    0.000 ,  891.000 ,  895.000 ,   43.056 ,    9.855 ,    0.000 ,   -2.338 ,        3 , 	)
   4 	 (   5 ,  720.000 ,  960.000 ,        0 ,  929.370 ,  929.370 ,    0.000 ,  929.370 ,  930.370 ,    0.000 ,    9.855 ,    0.000 ,    9.165 ,        4 , 	)
  16 	 (   8 ,  900.000 ,  960.000 ,        0 ,  950.145 ,  950.145 ,    0.000 ,  950.145 ,  953.145 ,    0.000 ,    9.855 ,    0.000 ,   18.611 ,        5 , 	)
 109 	 (   4 ,  826.000 , 1006.000 ,        0 ,  977.719 ,  977.719 ,    0.000 ,  977.719 ,  981.719 ,  125.775 ,   12.225 ,    0.000 ,    1.837 ,        6 , 	)
  70 	 (   3 ,  806.000 , 1046.000 ,        0 , 1018.788 , 1018.788 ,    0.000 , 1018.788 , 1019.788 ,   88.418 ,   26.582 ,    0.000 ,    1.212 ,        7 , 	)
  82 	 (   0 ,  975.586 , 1157.000 ,        0 , 1033.651 , 1033.651 ,    0.000 , 1033.651 , 1036.651 ,   80.506 ,   61.262 ,   -0.000 ,    6.695 ,        8 , 	)
  48 	 (   3 , 1020.000 , 1140.000 ,        0 , 1078.738 , 1078.738 ,    0.000 , 1078.738 , 1081.738 ,    0.000 ,   61.262 ,   -0.000 ,   37.737 ,        9 , 	)
 114 	 (   0 , 1050.262 , 1216.000 ,        0 , 1109.000 , 1109.000 ,    0.000 , 1109.000 , 1112.000 ,   27.262 ,   45.738 ,   -0.000 ,   45.611 ,       10 , 	)
 133 	 (   0 ,    0.000 , 1440.000 ,        0 , 1145.343 , 1145.343 ,    0.000 , 1145.343 , 1145.343 ,    0.000 ,  294.657 ,   -0.000 ,    0.000 ,       11 , 	)
