15
	VALUE ALL : ( Cost : 5972.077 , TRT : 5403.221 , TWT : 488.938 , TD : 6832.400 )
	VIOLATIONS TOTAL : ( VC :       0 , VTW :   0.000 , VTD :   0.000 , VTRT :   0.000 )
 	COUT_ALL : (   0.004 )  T2B:    2400

	14 sommets 
	values : ( Cost : 335.829 , TRT : 274.503 , TWT :   0.000 , TD : 445.089 )
	violations : ( VC :       0 , VTW :   0.000 , VTD :   0.000 , VTRT :   0.000 )
	cout global : (   0.000	 )
S(i)	 (   C ,     TW0 ,       TW1 ,       VTW ,       Min ,       A ,       W ,       B ,       D ,       L ,       F ,       E ,       Det ,       [Imp ,       Imp]	)
   0 	 (   0 ,    0.000 , 1440.000 ,        0 ,    0.000 ,  735.456 ,    0.000 ,  735.456 ,  735.456 ,    0.000 ,   17.783 ,  735.456 ,    0.000 ,        0 , 	)
  37 	 (   1 ,  720.000 ,  840.000 ,        0 ,   17.429 ,  752.886 ,    0.000 ,  752.886 ,  753.886 ,    0.000 ,   17.783 ,   32.886 ,    0.682 ,        1 , 	)
 128 	 (   0 ,  769.000 ,  946.000 ,        0 ,  760.227 ,  793.113 ,    0.000 ,  793.113 ,  794.113 ,   39.227 ,   17.783 ,   24.113 ,    0.000 ,        2 , 	)
  11 	 (   1 ,  780.000 ,  960.000 ,        0 ,  770.000 ,  794.113 ,    0.000 ,  794.113 ,  795.113 ,    0.000 ,   17.783 ,   14.113 ,    0.000 ,        3 , 	)
  82 	 (   2 ,  748.000 ,  944.314 ,        0 ,  800.111 ,  814.224 ,    0.000 ,  814.224 ,  815.224 ,    0.000 ,    3.304 ,   14.113 ,   29.274 ,        4 , 	)
  85 	 (   5 ,  720.000 ,  960.000 ,        0 ,  823.923 ,  838.035 ,    0.000 ,  838.035 ,  841.035 ,    0.000 ,    3.304 ,   14.113 ,    6.089 ,        5 , 	)
  36 	 (   6 ,  720.000 ,  900.000 ,        0 ,  855.887 ,  870.000 ,    0.000 ,  870.000 ,  871.000 ,    0.000 ,    3.304 ,   14.113 ,    0.000 ,        6 , 	)
 173 	 (   5 ,  871.000 ,  991.000 ,        0 ,  856.887 ,  871.000 ,    0.000 ,  871.000 ,  872.000 ,   55.776 ,    3.304 ,    0.000 ,    0.000 ,        7 , 	)
 102 	 (   4 ,  898.000 , 1018.000 ,        0 ,  909.809 ,  909.809 ,    0.000 ,  909.809 ,  910.809 ,  114.696 ,    3.304 ,    0.000 ,    2.727 ,        8 , 	)
 127 	 (   3 ,  831.000 , 1011.000 ,        0 ,  931.112 ,  931.112 ,    0.000 ,  931.112 ,  932.112 ,   60.112 ,   11.270 ,    0.000 ,    3.802 ,        9 , 	)
  42 	 (   7 ,  720.000 ,  960.000 ,        0 ,  942.217 ,  942.217 ,    0.000 ,  942.217 ,  946.217 ,    0.000 ,   11.270 ,    0.000 ,    9.051 ,       10 , 	)
 176 	 (   4 ,  834.000 , 1074.000 ,        0 ,  979.765 ,  979.765 ,    0.000 ,  979.765 ,  982.765 ,  138.730 ,   11.270 ,    0.000 ,    0.000 ,       11 , 	)
 133 	 (   0 ,  790.000 , 1030.000 ,        0 ,  982.765 ,  982.765 ,    0.000 ,  982.765 ,  986.765 ,   36.548 ,   47.235 ,    0.000 ,    0.000 ,       12 , 	)
 183 	 (   0 ,    0.000 , 1440.000 ,        0 , 1009.959 , 1009.959 ,    0.000 , 1009.959 , 1009.959 ,    0.000 ,  430.041 ,    0.000 ,    0.000 ,       13 , 	)

	22 sommets 
	values : ( Cost : 528.746 , TRT : 439.553 , TWT :   0.000 , TD : 728.655 )
	violations : ( VC :       0 , VTW :   0.000 , VTD :   0.000 , VTRT :   0.000 )
	cout global : (   0.000	 )
S(i)	 (   C ,     TW0 ,       TW1 ,       VTW ,       Min ,       A ,       W ,       B ,       D ,       L ,       F ,       E ,       Det ,       [Imp ,       Imp]	)
   0 	 (   0 ,    0.000 , 1440.000 ,        0 ,    0.000 ,  611.132 ,    0.000 ,  611.132 ,  611.132 ,    0.000 ,   12.959 ,  611.132 ,    0.000 ,        0 , 	)
  18 	 (   2 ,  480.000 ,  660.000 ,        0 ,   23.018 ,  634.150 ,    0.000 ,  634.150 ,  636.150 ,    0.000 ,   12.959 ,  154.150 ,    5.440 ,        1 , 	)
   8 	 (   6 ,  480.000 ,  660.000 ,        0 ,  492.892 ,  647.041 ,    0.000 ,  647.041 ,  651.041 ,    0.000 ,   12.959 ,  154.150 ,    4.819 ,        2 , 	)
  41 	 (   7 ,  540.000 ,  720.000 ,        0 ,  503.164 ,  657.314 ,    0.000 ,  657.314 ,  658.314 ,    0.000 ,   29.083 ,  117.314 ,   -0.001 ,        3 , 	)
 109 	 (   5 ,  560.000 ,  740.000 ,        0 ,  574.935 ,  692.249 ,    0.000 ,  692.249 ,  694.249 ,   56.099 ,   29.083 ,  117.314 ,   27.613 ,        4 , 	)
 132 	 (   4 ,  590.000 ,  828.000 ,        0 ,  610.662 ,  727.975 ,    0.000 ,  727.975 ,  728.975 ,   69.662 ,   29.083 ,  117.314 ,    5.977 ,        5 , 	)
  99 	 (   0 ,  582.000 ,  822.000 ,        0 ,  623.192 ,  740.505 ,    0.000 ,  740.505 ,  744.505 ,   89.464 ,   29.083 ,  117.314 ,    3.077 ,        6 , 	)
  24 	 (   1 ,  720.000 ,  960.000 ,        0 ,  635.634 ,  752.947 ,    0.000 ,  752.947 ,  753.947 ,    0.000 ,   29.083 ,   32.947 ,    8.935 ,        7 , 	)
  56 	 (   5 ,  780.000 ,  960.000 ,        0 ,  758.497 ,  791.444 ,    0.000 ,  791.444 ,  795.444 ,    0.000 ,   29.083 ,   11.444 ,   30.052 ,        8 , 	)
 147 	 (   1 ,  825.000 , 1060.000 ,        0 ,  820.085 ,  831.529 ,    0.000 ,  831.529 ,  835.529 ,   36.085 ,   29.083 ,    6.529 ,    6.556 ,        9 , 	)
  39 	 (   2 ,  780.000 ,  960.000 ,        0 ,  841.471 ,  848.000 ,    0.000 ,  848.000 ,  849.000 ,    0.000 ,   29.083 ,    6.529 ,    0.000 ,       10 , 	)
 115 	 (   1 ,  849.000 , 1029.000 ,        0 ,  842.471 ,  849.000 ,    0.000 ,  849.000 ,  850.000 ,   95.053 ,    1.521 ,    0.000 ,    0.000 ,       11 , 	)
  46 	 (   2 ,  720.000 ,  900.000 ,        0 ,  850.000 ,  850.000 ,    0.000 ,  850.000 ,  851.000 ,    0.000 ,    1.521 ,    0.000 ,    0.000 ,       12 , 	)
  73 	 (   6 ,  840.000 ,  900.000 ,        0 ,  859.475 ,  859.475 ,    0.000 ,  859.475 ,  863.475 ,    0.000 ,    1.521 ,    0.000 ,   -2.086 ,       13 , 	)
  31 	 (   7 ,  736.000 ,  949.387 ,        0 ,  893.943 ,  893.943 ,    0.000 ,  893.943 ,  894.943 ,    0.000 ,    1.521 ,    0.000 ,   -0.617 ,       14 , 	)
 164 	 (   3 ,  881.223 , 1004.000 ,        0 ,  901.082 ,  901.082 ,    0.000 ,  901.082 ,  905.082 ,   37.607 ,    1.521 ,    0.000 ,    3.549 ,       15 , 	)
  27 	 (   5 ,  780.000 ,  960.000 ,        0 ,  915.264 ,  915.264 ,    0.000 ,  915.264 ,  917.264 ,    0.000 ,    1.521 ,    0.000 ,   13.769 ,       16 , 	)
 122 	 (   4 ,  790.000 ,  970.000 ,        0 ,  940.917 ,  940.917 ,    0.000 ,  940.917 ,  941.917 ,   45.974 ,    1.521 ,    0.000 ,    4.287 ,       17 , 	)
 118 	 (   2 ,  805.265 , 1024.000 ,        0 ,  945.816 ,  945.816 ,    0.000 ,  945.816 ,  947.816 ,   28.552 ,    1.521 ,    0.000 ,    1.054 ,       18 , 	)
 130 	 (   1 ,  832.000 , 1071.000 ,        0 ,  957.479 ,  957.479 ,    0.000 ,  957.479 ,  958.479 ,  108.479 ,    1.521 ,    0.000 ,   13.955 ,       19 , 	)
 137 	 (   0 ,  870.000 , 1050.000 ,        0 , 1012.680 , 1012.680 ,    0.000 , 1012.680 , 1013.680 ,  161.680 ,   37.320 ,    0.000 ,   77.620 ,       20 , 	)
 183 	 (   0 ,    0.000 , 1440.000 ,        0 , 1050.685 , 1050.685 ,    0.000 , 1050.685 , 1050.685 ,    0.000 ,  389.315 ,    0.000 ,    0.000 ,       21 , 	)

	10 sommets 
	values : ( Cost : 204.144 , TRT : 171.492 , TWT :   0.000 , TD : 247.059 )
	violations : ( VC :       0 , VTW :   0.000 , VTD :   0.000 , VTRT :   0.000 )
	cout global : (   0.000	 )
S(i)	 (   C ,     TW0 ,       TW1 ,       VTW ,       Min ,       A ,       W ,       B ,       D ,       L ,       F ,       E ,       Det ,       [Imp ,       Imp]	)
   0 	 (   0 ,    0.000 , 1440.000 ,        0 ,    0.000 ,  253.655 ,    0.000 ,  253.655 ,  253.655 ,    0.000 ,  118.417 ,  253.655 ,    0.000 ,        0 , 	)
  35 	 (   3 ,  240.000 ,  480.000 ,        0 ,   43.345 ,  297.000 ,    0.000 ,  297.000 ,  300.000 ,    0.000 ,  118.417 ,   57.000 ,    0.000 ,        1 , 	)
   3 	 (   4 ,  300.000 ,  480.000 ,        0 ,  243.000 ,  300.000 ,    0.000 ,  300.000 ,  301.000 ,    0.000 ,   72.298 ,    0.000 ,    0.000 ,        2 , 	)
  19 	 (   8 ,  300.000 ,  480.000 ,        0 ,  331.474 ,  331.474 ,    0.000 ,  331.474 ,  335.474 ,    0.000 ,   57.261 ,    0.000 ,   -6.072 ,        3 , 	)
 126 	 (   5 ,  327.000 ,  567.000 ,        0 ,  341.702 ,  341.702 ,    0.000 ,  341.702 ,  344.702 ,   41.702 ,   36.263 ,    0.000 ,    0.000 ,        4 , 	)
  34 	 (   6 ,  240.000 ,  480.000 ,        0 ,  344.702 ,  344.702 ,    0.000 ,  344.702 ,  345.702 ,    0.000 ,   36.263 ,    0.000 ,    0.000 ,        5 , 	)
  94 	 (   5 ,  371.000 ,  611.000 ,        0 ,  378.739 ,  378.739 ,    0.000 ,  378.739 ,  379.739 ,   77.739 ,    2.119 ,    0.000 ,   10.152 ,        6 , 	)
 110 	 (   1 ,  373.000 ,  553.000 ,        0 ,  392.211 ,  392.211 ,    0.000 ,  392.211 ,  396.211 ,   56.737 ,    2.119 ,    0.000 ,   14.790 ,        7 , 	)
 125 	 (   0 ,  295.000 ,  535.000 ,        0 ,  416.583 ,  416.583 ,    0.000 ,  416.583 ,  417.583 ,   70.881 ,    2.119 ,    0.000 ,   11.241 ,        8 , 	)
 183 	 (   0 ,    0.000 , 1440.000 ,        0 ,  425.147 ,  425.147 ,    0.000 ,  425.147 ,  425.147 ,    0.000 , 1014.853 ,    0.000 ,    0.000 ,        9 , 	)

	12 sommets 
	values : ( Cost : 403.081 , TRT : 325.068 , TWT :   0.000 , TD : 408.530 )
	violations : ( VC :       0 , VTW :   0.000 , VTD :   0.000 , VTRT :   0.000 )
	cout global : (   0.000	 )
S(i)	 (   C ,     TW0 ,       TW1 ,       VTW ,       Min ,       A ,       W ,       B ,       D ,       L ,       F ,       E ,       Det ,       [Imp ,       Imp]	)
   0 	 (   0 ,    0.000 , 1440.000 ,        0 ,    0.000 ,  800.906 ,    0.000 ,  800.906 ,  800.906 ,    0.000 ,   14.995 ,  800.906 ,    0.000 ,        0 , 	)
  76 	 (   2 ,  840.000 ,  960.000 ,        0 ,   39.094 ,  840.000 ,    0.000 ,  840.000 ,  842.000 ,    0.000 ,   14.995 ,    0.000 ,    0.000 ,        1 , 	)
  89 	 (   3 ,  720.000 ,  900.000 ,        0 ,  842.000 ,  842.000 ,    0.000 ,  842.000 ,  843.000 ,    0.000 ,   14.995 ,    0.000 ,    0.000 ,        2 , 	)
  75 	 (   7 ,  840.000 ,  960.000 ,        0 ,  861.865 ,  861.865 ,    0.000 ,  861.865 ,  865.865 ,    0.000 ,   14.995 ,    0.000 ,    4.960 ,        3 , 	)
 167 	 (   5 ,  885.000 , 1061.000 ,        0 ,  888.861 ,  888.861 ,    0.000 ,  888.861 ,  890.861 ,   46.861 ,   14.995 ,    0.000 ,   13.078 ,        4 , 	)
 180 	 (   4 ,  782.000 ,  962.000 ,        0 ,  898.127 ,  898.127 ,    0.000 ,  898.127 ,  899.127 ,   55.127 ,   14.995 ,    0.000 ,    1.371 ,        5 , 	)
  55 	 (   7 ,  720.000 ,  960.000 ,        0 ,  918.828 ,  918.828 ,    0.000 ,  918.828 ,  921.828 ,    0.000 ,   14.995 ,    0.000 ,   12.765 ,        6 , 	)
  15 	 (   8 ,  720.000 ,  960.000 ,        0 ,  945.005 ,  945.005 ,    0.000 ,  945.005 ,  946.005 ,    0.000 ,   14.995 ,    0.000 ,   10.402 ,        7 , 	)
 146 	 (   5 ,  883.000 , 1063.000 ,        0 ,  972.665 ,  972.665 ,    0.000 ,  972.665 ,  975.665 ,   50.838 ,   15.959 ,    0.000 ,   16.822 ,        8 , 	)
 106 	 (   4 ,  853.000 , 1033.000 ,        0 , 1017.041 , 1017.041 ,    0.000 , 1017.041 , 1018.041 ,   71.036 ,   15.959 ,    0.000 ,   15.687 ,        9 , 	)
 166 	 (   0 , 1012.000 , 1132.000 ,        0 , 1050.533 , 1050.533 ,    0.000 , 1050.533 , 1054.533 ,  184.668 ,   41.332 ,   -0.000 ,   62.396 ,       10 , 	)
 183 	 (   0 ,    0.000 , 1440.000 ,        0 , 1125.974 , 1125.974 ,    0.000 , 1125.974 , 1125.974 ,    0.000 ,  314.026 ,   -0.000 ,    0.000 ,       11 , 	)

	14 sommets 
	values : ( Cost : 465.650 , TRT : 406.552 , TWT :  26.439 , TD : 500.223 )
	violations : ( VC :       0 , VTW :   0.000 , VTD :   0.000 , VTRT :   0.000 )
	cout global : (   0.000	 )
S(i)	 (   C ,     TW0 ,       TW1 ,       VTW ,       Min ,       A ,       W ,       B ,       D ,       L ,       F ,       E ,       Det ,       [Imp ,       Imp]	)
   0 	 (   0 ,    0.000 , 1440.000 ,        0 ,    0.000 ,  697.570 ,    0.000 ,  697.570 ,  697.570 ,    0.000 ,    0.000 ,  697.570 ,    0.000 ,        0 , 	)
  91 	 (   2 ,  480.000 ,  720.000 ,        0 ,   22.430 ,  720.000 ,    0.000 ,  720.000 ,  722.000 ,    0.000 ,    0.000 ,  240.000 ,   42.968 ,        1 , 	)
 182 	 (   0 ,  603.000 ,  783.000 ,        0 ,  528.134 ,  768.134 ,    0.000 ,  768.134 ,  770.134 ,   46.134 ,   14.866 ,  165.134 ,    0.580 ,        2 , 	)
  25 	 (   4 ,  780.000 ,  960.000 ,        0 ,  617.362 ,  782.495 ,   26.439 ,  808.935 ,  812.935 ,    0.000 ,   49.350 ,   28.935 ,   18.943 ,        3 , 	)
  86 	 (   5 ,  840.000 ,  960.000 ,        0 ,  811.939 ,  840.874 ,    0.000 ,  840.874 ,  841.874 ,    0.000 ,    5.421 ,    0.874 ,    0.000 ,        4 , 	)
  26 	 (   8 ,  728.000 ,  960.000 ,        0 ,  841.000 ,  841.874 ,    0.000 ,  841.874 ,  844.874 ,    0.000 ,    5.421 ,    0.874 ,    0.000 ,        5 , 	)
 116 	 (   4 ,  811.676 , 1038.000 ,        0 ,  880.640 ,  881.514 ,    0.000 ,  881.514 ,  885.514 ,   68.579 ,    5.421 ,    0.874 ,    0.000 ,        6 , 	)
  33 	 (   5 ,  840.000 ,  960.000 ,        0 ,  884.640 ,  885.514 ,    0.000 ,  885.514 ,  886.514 ,    0.000 ,   25.605 ,    0.874 ,    0.000 ,        7 , 	)
 117 	 (   2 ,  815.000 ,  995.000 ,        0 ,  902.395 ,  903.268 ,    0.000 ,  903.268 ,  906.268 ,   58.395 ,   25.605 ,    0.874 ,    0.000 ,        8 , 	)
  77 	 (   6 ,  725.000 ,  960.000 ,        0 ,  905.395 ,  906.268 ,    0.000 ,  906.268 ,  910.268 ,    0.000 ,   49.350 ,    0.874 ,    0.000 ,        9 , 	)
 177 	 (   5 ,  904.000 , 1126.000 ,        0 ,  944.247 ,  945.121 ,    0.000 ,  945.121 ,  946.121 ,  103.247 ,   49.350 ,    0.874 ,   14.505 ,       10 , 	)
 124 	 (   4 , 1005.000 , 1245.000 ,        0 , 1004.126 , 1005.000 ,    0.000 , 1005.000 , 1006.000 ,  118.486 ,   49.350 ,    0.000 ,    7.786 ,       11 , 	)
 168 	 (   0 ,  945.000 , 1065.000 ,        0 , 1015.650 , 1015.650 ,    0.000 , 1015.650 , 1019.650 ,  105.382 ,   49.350 ,    0.000 ,   11.462 ,       12 , 	)
 183 	 (   0 ,    0.000 , 1440.000 ,        0 , 1104.122 , 1104.122 ,    0.000 , 1104.122 , 1104.122 ,    0.000 ,  335.878 ,   -0.000 ,    0.000 ,       13 , 	)

	16 sommets 
	values : ( Cost : 421.942 , TRT : 347.250 , TWT :   0.000 , TD : 520.228 )
	violations : ( VC :       0 , VTW :   0.000 , VTD :   0.000 , VTRT :   0.000 )
	cout global : (   0.000	 )
S(i)	 (   C ,     TW0 ,       TW1 ,       VTW ,       Min ,       A ,       W ,       B ,       D ,       L ,       F ,       E ,       Det ,       [Imp ,       Imp]	)
   0 	 (   0 ,    0.000 , 1440.000 ,        0 ,    0.000 ,  301.628 ,    0.000 ,  301.628 ,  301.628 ,    0.000 ,   20.241 ,  301.628 ,    0.000 ,        0 , 	)
  63 	 (   1 ,  300.000 ,  480.000 ,        0 ,   16.012 ,  317.640 ,    0.000 ,  317.640 ,  318.640 ,    0.000 ,   20.241 ,   17.640 ,   23.558 ,        1 , 	)
 154 	 (   0 ,  331.168 ,  562.000 ,        0 ,  331.168 ,  348.808 ,    0.000 ,  348.808 ,  349.808 ,   30.168 ,   20.241 ,   17.640 ,   24.444 ,        2 , 	)
  64 	 (   1 ,  240.000 ,  480.000 ,        0 ,  356.161 ,  373.801 ,    0.000 ,  373.801 ,  374.801 ,    0.000 ,   20.241 ,   17.640 ,   -7.299 ,        3 , 	)
  88 	 (   2 ,  240.000 ,  420.000 ,        0 ,  382.120 ,  399.759 ,    0.000 ,  399.759 ,  400.759 ,    0.000 ,   20.241 ,   17.640 ,    0.000 ,        4 , 	)
  60 	 (   6 ,  360.000 ,  480.000 ,        0 ,  383.120 ,  400.759 ,    0.000 ,  400.759 ,  404.759 ,    0.000 ,   13.192 ,   17.640 ,    0.000 ,        5 , 	)
 151 	 (   2 ,  393.071 ,  562.000 ,        0 ,  416.191 ,  433.831 ,    0.000 ,  433.831 ,  437.831 ,   29.071 ,   13.192 ,   17.640 ,   -2.412 ,        6 , 	)
  54 	 (   4 ,  240.000 ,  480.000 ,        0 ,  428.666 ,  446.306 ,    0.000 ,  446.306 ,  448.306 ,    0.000 ,   13.192 ,   17.640 ,   12.510 ,        7 , 	)
 179 	 (   3 ,  269.186 ,  496.000 ,        0 ,  444.927 ,  462.567 ,    0.000 ,  462.567 ,  463.567 ,   61.808 ,   13.192 ,   17.640 ,    5.753 ,        8 , 	)
  59 	 (   7 ,  480.000 ,  720.000 ,        0 ,  462.360 ,  480.000 ,    0.000 ,  480.000 ,  484.000 ,    0.000 ,   28.492 ,    0.000 ,   16.847 ,        9 , 	)
 155 	 (   6 ,  385.000 ,  565.000 ,        0 ,  516.459 ,  516.459 ,    0.000 ,  516.459 ,  517.459 ,  141.658 ,   19.733 ,    0.000 ,    4.187 ,       10 , 	)
 145 	 (   4 ,  403.000 ,  583.000 ,        0 ,  554.508 ,  554.508 ,    0.000 ,  554.508 ,  556.508 ,  106.202 ,   19.733 ,    0.000 ,   29.489 ,       11 , 	)
  72 	 (   6 ,  480.000 ,  720.000 ,        0 ,  575.373 ,  575.373 ,    0.000 ,  575.373 ,  577.373 ,    0.000 ,   19.733 ,    0.000 ,    0.521 ,       12 , 	)
 150 	 (   2 ,  573.000 ,  813.000 ,        0 ,  584.267 ,  584.267 ,    0.000 ,  584.267 ,  588.267 ,  100.267 ,   19.733 ,    0.000 ,    6.458 ,       13 , 	)
 163 	 (   0 ,  562.000 ,  802.000 ,        0 ,  628.427 ,  628.427 ,    0.000 ,  628.427 ,  630.427 ,   51.054 ,   56.946 ,    0.000 ,   30.598 ,       14 , 	)
 183 	 (   0 ,    0.000 , 1440.000 ,        0 ,  648.877 ,  648.877 ,    0.000 ,  648.877 ,  648.877 ,    0.000 ,  791.123 ,    0.000 ,    0.000 ,       15 , 	)

	12 sommets 
	values : ( Cost : 340.366 , TRT : 301.157 , TWT :  27.243 , TD : 342.686 )
	violations : ( VC :       0 , VTW :   0.000 , VTD :   0.000 , VTRT :   0.000 )
	cout global : (   0.000	 )
S(i)	 (   C ,     TW0 ,       TW1 ,       VTW ,       Min ,       A ,       W ,       B ,       D ,       L ,       F ,       E ,       Det ,       [Imp ,       Imp]	)
   0 	 (   0 ,    0.000 , 1440.000 ,        0 ,    0.000 ,  306.786 ,    0.000 ,  306.786 ,  306.786 ,    0.000 ,    0.000 ,  306.786 ,    0.000 ,        0 , 	)
  83 	 (   3 ,  240.000 ,  480.000 ,        0 ,   19.196 ,  325.982 ,    0.000 ,  325.982 ,  328.982 ,    0.000 ,    0.000 ,   85.982 ,   15.708 ,        1 , 	)
   6 	 (   4 ,  315.000 ,  408.997 ,        0 ,  295.486 ,  381.468 ,    0.000 ,  381.468 ,  382.468 ,    0.000 ,    0.000 ,   66.468 ,    4.214 ,        2 , 	)
  97 	 (   3 ,  370.000 ,  430.000 ,        0 ,  336.003 ,  402.471 ,    0.000 ,  402.471 ,  403.471 ,   20.003 ,    0.000 ,   32.471 ,    1.134 ,        3 , 	)
  43 	 (   4 ,  250.000 ,  478.059 ,        0 ,  378.219 ,  410.689 ,    0.000 ,  410.689 ,  411.689 ,    0.000 ,    0.000 ,   32.471 ,   13.304 ,        4 , 	)
 174 	 (   1 ,  363.000 ,  603.000 ,        0 ,  414.156 ,  446.627 ,    0.000 ,  446.627 ,  449.627 ,  117.645 ,    0.000 ,   32.471 ,   19.672 ,        5 , 	)
 134 	 (   0 ,  328.000 ,  508.000 ,        0 ,  430.832 ,  463.302 ,    0.000 ,  463.302 ,  464.302 ,   51.613 ,    0.000 ,   32.471 ,    7.677 ,        6 , 	)
  22 	 (   2 ,  240.000 ,  480.000 ,        0 ,  447.529 ,  480.000 ,    0.000 ,  480.000 ,  482.000 ,    0.000 ,    0.000 ,   32.471 ,   12.441 ,        7 , 	)
  79 	 (   4 ,  480.000 ,  660.000 ,        0 ,  468.862 ,  501.332 ,   20.243 ,  521.575 ,  523.575 ,    0.000 ,    0.000 ,   41.575 ,   23.515 ,        8 , 	)
 113 	 (   2 ,  335.000 ,  575.000 ,        0 ,  533.425 ,  575.000 ,    0.000 ,  575.000 ,  577.000 ,   93.000 ,    0.000 ,   41.575 ,    0.000 ,        9 , 	)
 170 	 (   0 ,  584.000 ,  764.000 ,        0 ,  535.425 ,  577.000 ,    7.000 ,  584.000 ,  586.000 ,   60.425 ,   76.575 ,    0.000 ,    0.000 ,       10 , 	)
 183 	 (   0 ,    0.000 , 1440.000 ,        0 ,  607.943 ,  607.943 ,    0.000 ,  607.943 ,  607.943 ,    0.000 ,  832.057 ,    0.000 ,    0.000 ,       11 , 	)

	16 sommets 
	values : ( Cost : 440.341 , TRT : 412.863 , TWT :  51.780 , TD : 619.124 )
	violations : ( VC :       0 , VTW :   0.000 , VTD :   0.000 , VTRT :   0.000 )
	cout global : (   0.000	 )
S(i)	 (   C ,     TW0 ,       TW1 ,       VTW ,       Min ,       A ,       W ,       B ,       D ,       L ,       F ,       E ,       Det ,       [Imp ,       Imp]	)
   0 	 (   0 ,    0.000 , 1440.000 ,        0 ,    0.000 ,  782.358 ,    0.000 ,  782.358 ,  782.358 ,    0.000 ,    0.000 ,  782.358 ,    0.000 ,        0 , 	)
  47 	 (   1 ,  780.000 ,  960.000 ,        0 ,   25.025 ,  807.383 ,    0.000 ,  807.383 ,  808.383 ,    0.000 ,    0.000 ,   27.383 ,   12.462 ,        1 , 	)
  21 	 (   3 ,  720.000 ,  960.000 ,        0 ,  822.529 ,  849.912 ,    0.000 ,  849.912 ,  851.912 ,    0.000 ,    0.000 ,   27.383 ,   17.623 ,        2 , 	)
  40 	 (   5 ,  780.000 ,  900.000 ,        0 ,  872.617 ,  900.000 ,    0.000 ,  900.000 ,  902.000 ,    0.000 ,    0.000 ,   27.383 ,   28.733 ,        3 , 	)
 131 	 (   3 ,  833.000 , 1011.000 ,        0 ,  915.240 ,  942.623 ,    0.000 ,  942.623 ,  944.623 ,   40.623 ,    0.499 ,   27.383 ,    4.994 ,        4 , 	)
  90 	 (   4 ,  720.000 ,  960.000 ,        0 ,  932.118 ,  959.501 ,    0.499 ,  960.000 ,  961.000 ,    0.000 ,    0.000 ,   27.882 ,   13.079 ,        5 , 	)
 181 	 (   3 ,  775.000 , 1015.000 ,        0 ,  960.623 ,  988.505 ,    0.000 ,  988.505 ,  989.505 ,   27.505 ,   15.843 ,   27.882 ,    7.279 ,        6 , 	)
 138 	 (   2 ,  939.000 , 1119.000 ,        0 ,  976.658 , 1004.540 ,    0.000 , 1004.540 , 1005.540 ,  196.157 ,   15.843 ,   27.882 ,    0.000 ,        7 , 	)
   7 	 (   6 , 1020.000 , 1200.000 ,        0 ,  977.658 , 1005.540 ,   51.280 , 1056.820 , 1060.820 ,    0.000 ,    6.806 ,   36.820 ,    0.000 ,        8 , 	)
  71 	 (   7 ,  960.000 , 1200.000 ,        0 , 1032.290 , 1069.111 ,    0.000 , 1069.111 , 1070.111 ,    0.000 ,    6.806 ,   36.820 ,    2.323 ,        9 , 	)
 112 	 (   5 ,  904.000 , 1084.000 ,        0 , 1037.286 , 1074.106 ,    0.000 , 1074.106 , 1076.106 ,  222.194 ,    6.806 ,   36.820 ,    0.000 ,       10 , 	)
  98 	 (   1 , 1109.000 , 1289.000 ,        0 , 1072.180 , 1109.000 ,    0.000 , 1109.000 , 1113.000 ,   48.180 ,   14.170 ,    0.000 ,   11.579 ,       11 , 	)
  68 	 (   5 , 1080.000 , 1140.000 ,        0 , 1125.830 , 1125.830 ,    0.000 , 1125.830 , 1129.830 ,    0.000 ,   14.170 ,    0.000 ,    0.000 ,       12 , 	)
 162 	 (   4 , 1036.000 , 1276.000 ,        0 , 1129.830 , 1129.830 ,    0.000 , 1129.830 , 1130.830 ,   59.720 ,   39.254 ,    0.000 ,    0.000 ,       13 , 	)
 159 	 (   0 , 1107.746 , 1208.000 ,        0 , 1154.576 , 1154.576 ,    0.000 , 1154.576 , 1158.576 ,   24.746 ,   39.254 ,   -0.000 ,   34.303 ,       14 , 	)
 183 	 (   0 ,    0.000 , 1440.000 ,        0 , 1195.221 , 1195.221 ,    0.000 , 1195.221 , 1195.221 ,    0.000 ,  244.779 ,   -0.000 ,    0.000 ,       15 , 	)

	14 sommets 
	values : ( Cost : 258.189 , TRT : 367.532 , TWT : 143.405 , TD : 214.195 )
	violations : ( VC :       0 , VTW :   0.000 , VTD :   0.000 , VTRT :   0.000 )
	cout global : (   0.000	 )
S(i)	 (   C ,     TW0 ,       TW1 ,       VTW ,       Min ,       A ,       W ,       B ,       D ,       L ,       F ,       E ,       Det ,       [Imp ,       Imp]	)
   0 	 (   0 ,    0.000 , 1440.000 ,        0 ,    0.000 ,  266.100 ,    0.000 ,  266.100 ,  266.100 ,    0.000 ,    0.000 ,  266.100 ,    0.000 ,        0 , 	)
  67 	 (   3 ,  300.000 ,  420.000 ,        0 ,   40.150 ,  306.250 ,    0.000 ,  306.250 ,  309.250 ,    0.000 ,    0.000 ,    6.250 ,   -2.949 ,        1 , 	)
  48 	 (   4 ,  240.000 ,  420.000 ,        0 ,  318.742 ,  324.992 ,    0.000 ,  324.992 ,  325.992 ,    0.000 ,    0.000 ,    6.250 ,   13.347 ,        2 , 	)
 158 	 (   1 ,  328.759 ,  492.000 ,        0 ,  343.106 ,  349.356 ,    0.000 ,  349.356 ,  352.356 ,   40.106 ,    0.000 ,    6.250 ,   24.056 ,        3 , 	)
 139 	 (   0 ,  252.499 ,  483.000 ,        0 ,  358.298 ,  364.548 ,    0.000 ,  364.548 ,  365.548 ,   38.556 ,    0.000 ,    6.250 ,    0.000 ,        4 , 	)
   5 	 (   1 ,  251.000 ,  476.778 ,        0 ,  359.298 ,  365.548 ,    0.000 ,  365.548 ,  366.548 ,    0.000 ,    0.000 ,    6.250 ,    0.000 ,        5 , 	)
  38 	 (   5 ,  240.000 ,  420.000 ,        0 ,  377.505 ,  383.755 ,    0.000 ,  383.755 ,  387.755 ,    0.000 ,    0.000 ,    6.250 ,    5.559 ,        6 , 	)
  96 	 (   4 ,  325.000 ,  505.000 ,        0 ,  397.079 ,  403.329 ,    0.000 ,  403.329 ,  404.329 ,   36.781 ,    0.000 ,    6.250 ,    3.073 ,        7 , 	)
  58 	 (   7 ,  240.000 ,  420.000 ,        0 ,  413.750 ,  420.000 ,    0.000 ,  420.000 ,  423.000 ,    0.000 ,    0.000 ,    6.250 ,    1.005 ,        8 , 	)
 129 	 (   3 ,  323.000 ,  503.000 ,        0 ,  429.662 ,  435.912 ,    0.000 ,  435.912 ,  439.912 ,   48.157 ,   10.908 ,    6.250 ,    3.504 ,        9 , 	)
 149 	 (   0 ,  260.588 ,  459.000 ,        0 ,  441.841 ,  448.092 ,    0.000 ,  448.092 ,  451.092 ,   25.092 ,   10.908 ,    6.250 ,    0.000 ,       10 , 	)
  62 	 (   3 ,  552.000 ,  714.497 ,        0 ,  444.841 ,  451.092 ,  143.405 ,  594.497 ,  597.497 ,    0.000 ,  120.000 ,   42.497 ,    0.000 ,       11 , 	)
 153 	 (   0 ,  623.000 ,  743.000 ,        0 ,  580.503 ,  623.000 ,    0.000 ,  623.000 ,  626.000 ,   25.503 ,   42.497 ,    0.000 ,    5.135 ,       12 , 	)
 183 	 (   0 ,    0.000 , 1440.000 ,        0 ,  633.632 ,  633.632 ,    0.000 ,  633.632 ,  633.632 ,    0.000 ,  806.368 ,    0.000 ,    0.000 ,       13 , 	)

	14 sommets 
	values : ( Cost : 496.958 , TRT : 477.988 , TWT :  78.335 , TD : 741.762 )
	violations : ( VC :       0 , VTW :   0.000 , VTD :   0.000 , VTRT :   0.000 )
	cout global : (   0.000	 )
S(i)	 (   C ,     TW0 ,       TW1 ,       VTW ,       Min ,       A ,       W ,       B ,       D ,       L ,       F ,       E ,       Det ,       [Imp ,       Imp]	)
   0 	 (   0 ,    0.000 , 1440.000 ,        0 ,    0.000 ,  841.683 ,    0.000 ,  841.683 ,  841.683 ,    0.000 ,    0.000 ,  841.683 ,    0.000 ,        0 , 	)
  32 	 (   2 ,  817.000 ,  931.621 ,        0 ,   28.013 ,  869.696 ,    0.000 ,  869.696 ,  871.696 ,    0.000 ,    0.000 ,   52.696 ,   14.156 ,        1 , 	)
  65 	 (   3 ,  780.000 ,  900.000 ,        0 ,  847.304 ,  900.000 ,    0.000 ,  900.000 ,  901.000 ,    0.000 ,    0.000 ,   52.696 ,   11.383 ,        2 , 	)
  30 	 (   5 ,  784.000 ,  960.000 ,        0 ,  866.549 ,  919.245 ,   26.376 ,  945.621 ,  947.621 ,    0.000 ,    0.000 ,   79.072 ,   13.970 ,        3 , 	)
 123 	 (   3 ,  906.000 ,  966.000 ,        0 ,  879.624 ,  958.696 ,    0.000 ,  958.696 ,  960.696 ,   87.000 ,    0.000 ,   52.696 ,    5.327 ,        4 , 	)
  20 	 (   6 ,  960.000 , 1200.000 ,        0 ,  931.364 ,  984.060 ,    0.880 ,  984.940 ,  987.940 ,    0.000 ,    0.000 ,   24.940 ,    7.565 ,        5 , 	)
 121 	 (   4 ,  885.000 , 1005.000 ,        0 ,  978.039 , 1002.979 ,    0.000 , 1002.979 , 1004.979 ,   55.358 ,    0.000 ,   24.940 ,    3.498 ,        6 , 	)
  74 	 (   8 ,  960.000 , 1140.000 ,        0 , 1006.626 , 1031.565 ,    0.000 , 1031.565 , 1035.565 ,    0.000 ,    0.000 ,   24.940 ,    7.335 ,        7 , 	)
 156 	 (   7 ,  907.000 , 1087.000 ,        0 , 1062.060 , 1087.000 ,    0.000 , 1087.000 , 1088.000 ,  186.000 ,   -0.000 ,   24.940 ,   19.785 ,        8 , 	)
 111 	 (   4 , 1162.000 , 1342.000 ,        0 , 1085.980 , 1110.920 ,   51.080 , 1162.000 , 1165.000 ,  174.060 ,   19.009 ,    0.000 ,    8.147 ,        9 , 	)
  69 	 (   5 , 1020.000 , 1200.000 ,        0 , 1175.006 , 1175.006 ,    0.000 , 1175.006 , 1176.006 ,    0.000 ,   19.009 ,    0.000 ,    6.889 ,       10 , 	)
 165 	 (   1 , 1204.000 , 1264.000 ,        0 , 1209.925 , 1209.925 ,    0.000 , 1209.925 , 1213.925 ,  174.359 ,   15.015 ,   -0.000 ,   31.197 ,       11 , 	)
 160 	 (   0 , 1080.000 , 1260.000 ,        0 , 1240.991 , 1240.991 ,    0.000 , 1240.991 , 1241.991 ,   64.985 ,   15.015 ,   -0.000 ,   12.884 ,       12 , 	)
 183 	 (   0 ,    0.000 , 1440.000 ,        0 , 1319.671 , 1319.671 ,    0.000 , 1319.671 , 1319.671 ,    0.000 ,  120.329 ,   -0.000 ,    0.000 ,       13 , 	)

	10 sommets 
	values : ( Cost : 250.138 , TRT : 210.074 , TWT :   0.000 , TD : 255.883 )
	violations : ( VC :       0 , VTW :   0.000 , VTD :   0.000 , VTRT :   0.000 )
	cout global : (   0.000	 )
S(i)	 (   C ,     TW0 ,       TW1 ,       VTW ,       Min ,       A ,       W ,       B ,       D ,       L ,       F ,       E ,       Det ,       [Imp ,       Imp]	)
   0 	 (   0 ,    0.000 , 1440.000 ,        0 ,    0.000 ,  376.512 ,    0.000 ,  376.512 ,  376.512 ,    0.000 ,    6.925 ,  376.512 ,    0.000 ,        0 , 	)
  12 	 (   4 ,  328.000 ,  466.022 ,        0 ,   21.943 ,  398.455 ,    0.000 ,  398.455 ,  402.455 ,    0.000 ,    6.925 ,   70.455 ,   21.354 ,        1 , 	)
   1 	 (   5 ,  240.000 ,  480.000 ,        0 ,  380.520 ,  450.974 ,    0.000 ,  450.974 ,  451.974 ,    0.000 ,    6.925 ,   70.455 ,  -14.159 ,        2 , 	)
  78 	 (   8 ,  250.000 ,  476.911 ,        0 ,  395.531 ,  465.986 ,    0.000 ,  465.986 ,  468.986 ,    0.000 ,    6.925 ,   70.455 ,    7.557 ,        3 , 	)
 103 	 (   4 ,  457.000 ,  517.000 ,        0 ,  426.620 ,  497.075 ,    0.000 ,  497.075 ,  501.075 ,   94.620 ,    6.925 ,   40.075 ,    0.000 ,        4 , 	)
 169 	 (   1 ,  328.000 ,  508.000 ,        0 ,  461.000 ,  501.075 ,    0.000 ,  501.075 ,  504.075 ,   32.089 ,    6.925 ,   40.075 ,    0.000 ,        5 , 	)
   4 	 (   4 ,  540.000 ,  720.000 ,        0 ,  505.518 ,  545.593 ,    0.000 ,  545.593 ,  548.593 ,    0.000 ,   11.259 ,    5.593 ,    7.071 ,        6 , 	)
  92 	 (   3 ,  391.000 ,  571.000 ,        0 ,  554.148 ,  559.741 ,    0.000 ,  559.741 ,  560.741 ,  107.767 ,   11.259 ,    5.593 ,    6.477 ,        7 , 	)
  95 	 (   0 ,  570.000 ,  750.000 ,        0 ,  564.407 ,  570.000 ,    0.000 ,  570.000 ,  573.000 ,   21.407 ,   16.593 ,    0.000 ,    2.085 ,        8 , 	)
 183 	 (   0 ,    0.000 , 1440.000 ,        0 ,  586.586 ,  586.586 ,    0.000 ,  586.586 ,  586.586 ,    0.000 ,  853.414 ,    0.000 ,    0.000 ,        9 , 	)

	16 sommets 
	values : ( Cost : 495.263 , TRT : 406.378 , TWT :   0.000 , TD : 362.553 )
	violations : ( VC :       0 , VTW :   0.000 , VTD :   0.000 , VTRT :   0.000 )
	cout global : (   0.000	 )
S(i)	 (   C ,     TW0 ,       TW1 ,       VTW ,       Min ,       A ,       W ,       B ,       D ,       L ,       F ,       E ,       Det ,       [Imp ,       Imp]	)
   0 	 (   0 ,    0.000 , 1440.000 ,        0 ,    0.000 ,  521.250 ,    0.000 ,  521.250 ,  521.250 ,    0.000 ,   32.388 ,  521.250 ,    0.000 ,        0 , 	)
  84 	 (   1 ,  480.000 ,  720.000 ,        0 ,   91.862 ,  613.113 ,    0.000 ,  613.113 ,  614.113 ,    0.000 ,   32.388 ,  133.113 ,   46.502 ,        1 , 	)
  10 	 (   2 ,  480.000 ,  720.000 ,        0 ,  508.274 ,  641.387 ,    0.000 ,  641.387 ,  642.387 ,    0.000 ,   32.388 ,  133.113 ,   -0.618 ,        2 , 	)
 101 	 (   1 ,  543.000 ,  783.000 ,        0 ,  540.635 ,  673.747 ,    0.000 ,  673.747 ,  674.747 ,   31.360 ,   32.388 ,  130.747 ,    9.159 ,        3 , 	)
  29 	 (   4 ,  480.000 ,  720.000 ,        0 ,  556.865 ,  687.612 ,    0.000 ,  687.612 ,  690.612 ,    0.000 ,   32.388 ,  130.747 ,    0.114 ,        4 , 	)
 175 	 (   3 ,  582.000 ,  822.000 ,        0 ,  571.866 ,  702.614 ,    0.000 ,  702.614 ,  703.614 ,   88.501 ,   47.499 ,  120.614 ,    6.489 ,        5 , 	)
 120 	 (   0 ,  563.000 ,  803.000 ,        0 ,  617.917 ,  738.531 ,    0.000 ,  738.531 ,  741.531 ,   47.919 ,   56.502 ,  120.614 ,    0.000 ,        6 , 	)
  23 	 (   2 ,  720.000 ,  900.000 ,        0 ,  625.247 ,  745.861 ,    0.000 ,  745.861 ,  747.861 ,    0.000 ,   56.502 ,   25.861 ,    7.486 ,        7 , 	)
  17 	 (   6 ,  720.000 ,  900.000 ,        0 ,  734.410 ,  760.271 ,    0.000 ,  760.271 ,  764.271 ,    0.000 ,   37.971 ,   25.861 ,    3.717 ,        8 , 	)
 108 	 (   2 ,  795.000 , 1035.000 ,        0 ,  769.139 ,  795.000 ,    0.000 ,  795.000 ,  799.000 ,   30.729 ,   37.971 ,    0.000 ,   18.973 ,        9 , 	)
 114 	 (   0 ,  773.000 , 1012.000 ,        0 ,  819.889 ,  819.889 ,    0.000 ,  819.889 ,  821.889 ,   72.029 ,   37.971 ,    0.000 ,    2.569 ,       10 , 	)
  80 	 (   3 ,  720.000 ,  960.000 ,        0 ,  847.362 ,  847.362 ,    0.000 ,  847.362 ,  850.362 ,    0.000 ,   56.502 ,    0.000 ,    5.219 ,       11 , 	)
  14 	 (   6 ,  772.000 ,  915.248 ,        0 ,  858.746 ,  858.746 ,    0.000 ,  858.746 ,  861.746 ,    0.000 ,   40.736 ,    0.000 ,    4.798 ,       12 , 	)
 105 	 (   3 ,  886.000 ,  946.000 ,        0 ,  889.498 ,  889.498 ,    0.000 ,  889.498 ,  892.498 ,   27.752 ,   40.736 ,    0.000 ,   15.882 ,       13 , 	)
 171 	 (   0 ,  822.000 , 1002.000 ,        0 ,  914.626 ,  914.626 ,    0.000 ,  914.626 ,  917.626 ,   64.264 ,   40.736 ,    0.000 ,   13.680 ,       14 , 	)
 183 	 (   0 ,    0.000 , 1440.000 ,        0 ,  927.629 ,  927.629 ,    0.000 ,  927.629 ,  927.629 ,    0.000 ,  512.371 ,    0.000 ,    0.000 ,       15 , 	)

	16 sommets 
	values : ( Cost : 409.384 , TRT : 349.808 , TWT :   0.000 , TD : 409.926 )
	violations : ( VC :       0 , VTW :   0.000 , VTD :   0.000 , VTRT :   0.000 )
	cout global : (   0.000	 )
S(i)	 (   C ,     TW0 ,       TW1 ,       VTW ,       Min ,       A ,       W ,       B ,       D ,       L ,       F ,       E ,       Det ,       [Imp ,       Imp]	)
   0 	 (   0 ,    0.000 , 1440.000 ,        0 ,    0.000 ,  778.213 ,    0.000 ,  778.213 ,  778.213 ,    0.000 ,   15.502 ,  778.213 ,    0.000 ,        0 , 	)
  45 	 (   4 ,  720.000 ,  900.000 ,        0 ,   37.979 ,  816.192 ,    0.000 ,  816.192 ,  820.192 ,    0.000 ,   15.502 ,   96.192 ,    9.851 ,        1 , 	)
  87 	 (   8 ,  780.000 ,  960.000 ,        0 ,  730.029 ,  826.221 ,    0.000 ,  826.221 ,  830.221 ,    0.000 ,   15.502 ,   46.221 ,    2.208 ,        2 , 	)
 136 	 (   4 ,  766.000 ,  946.000 ,        0 ,  801.410 ,  847.631 ,    0.000 ,  847.631 ,  851.631 ,   27.439 ,   15.502 ,   46.221 ,   10.385 ,        3 , 	)
  13 	 (   5 ,  780.000 ,  960.000 ,        0 ,  825.308 ,  871.529 ,    0.000 ,  871.529 ,  872.529 ,    0.000 ,   15.502 ,   46.221 ,   18.262 ,        4 , 	)
 104 	 (   4 ,  829.000 , 1009.000 ,        0 ,  850.556 ,  896.777 ,    0.000 ,  896.777 ,  897.777 ,   24.248 ,   15.502 ,   46.221 ,    2.513 ,        5 , 	)
 178 	 (   0 ,  882.000 , 1062.000 ,        0 ,  879.208 ,  925.429 ,    0.000 ,  925.429 ,  929.429 ,   95.208 ,   15.502 ,   43.429 ,    6.011 ,        6 , 	)
  49 	 (   4 ,  720.000 ,  960.000 ,        0 ,  901.069 ,  944.498 ,    0.000 ,  944.498 ,  948.498 ,    0.000 ,   15.502 ,   43.429 ,    5.550 ,        7 , 	)
  16 	 (   8 ,  960.000 , 1200.000 ,        0 ,  916.571 ,  960.000 ,    0.000 ,  960.000 ,  964.000 ,    0.000 ,   36.584 ,    0.000 ,    3.208 ,        8 , 	)
 140 	 (   4 ,  781.000 , 1021.000 ,        0 ,  984.416 ,  984.416 ,    0.000 ,  984.416 ,  988.416 ,   35.917 ,    4.862 ,    0.000 ,   23.986 ,        9 , 	)
  51 	 (   5 ,  960.000 , 1140.000 ,        0 , 1002.371 , 1002.371 ,    0.000 , 1002.371 , 1003.371 ,    0.000 ,    4.862 ,    0.000 ,    0.607 ,       10 , 	)
  50 	 (   8 , 1020.000 , 1140.000 ,        0 , 1028.271 , 1028.271 ,    0.000 , 1028.271 , 1031.271 ,    0.000 ,    4.862 ,    0.000 ,   12.011 ,       11 , 	)
 107 	 (   4 , 1031.000 , 1271.000 ,        0 , 1050.138 , 1050.138 ,    0.000 , 1050.138 , 1054.138 ,   86.138 ,    4.862 ,   -0.000 ,    0.990 ,       12 , 	)
 142 	 (   3 , 1025.000 , 1265.000 ,        0 , 1071.046 , 1071.046 ,    0.000 , 1071.046 , 1072.046 ,   67.675 ,   48.700 ,   -0.000 ,   14.025 ,       13 , 	)
 141 	 (   0 , 1083.000 , 1263.000 ,        0 , 1104.571 , 1104.571 ,    0.000 , 1104.571 , 1107.571 ,   73.300 ,   48.700 ,   -0.000 ,   12.061 ,       14 , 	)
 183 	 (   0 ,    0.000 , 1440.000 ,        0 , 1128.020 , 1128.020 ,    0.000 , 1128.020 , 1128.020 ,    0.000 ,  311.980 ,   -0.000 ,    0.000 ,       15 , 	)

	12 sommets 
	values : ( Cost : 439.648 , TRT : 473.028 , TWT : 114.465 , TD : 650.088 )
	violations : ( VC :       0 , VTW :   0.000 , VTD :   0.000 , VTRT :   0.000 )
	cout global : (   0.000	 )
S(i)	 (   C ,     TW0 ,       TW1 ,       VTW ,       Min ,       A ,       W ,       B ,       D ,       L ,       F ,       E ,       Det ,       [Imp ,       Imp]	)
   0 	 (   0 ,    0.000 , 1440.000 ,        0 ,    0.000 ,  260.178 ,    0.000 ,  260.178 ,  260.178 ,    0.000 ,    0.000 ,  260.178 ,    0.000 ,        0 , 	)
  66 	 (   2 ,  240.000 ,  360.000 ,        0 ,   99.822 ,  360.000 ,    0.000 ,  360.000 ,  362.000 ,    0.000 ,    0.000 ,  120.000 ,   54.398 ,        1 , 	)
  81 	 (   6 ,  360.000 ,  480.000 ,        0 ,  270.080 ,  390.080 ,    4.627 ,  394.708 ,  398.708 ,    0.000 ,    0.000 ,   34.708 ,   13.999 ,        2 , 	)
 172 	 (   2 ,  374.919 ,  514.000 ,        0 ,  374.919 ,  409.626 ,    0.000 ,  409.626 ,  413.626 ,   10.919 ,    0.000 ,   34.708 ,    0.000 ,        3 , 	)
  52 	 (   5 ,  241.000 ,  480.000 ,        0 ,  378.919 ,  413.626 ,    0.000 ,  413.626 ,  416.626 ,    0.000 ,    0.000 ,   34.708 ,    0.000 ,        4 , 	)
  61 	 (   8 ,  240.000 ,  480.000 ,        0 ,  400.001 ,  434.708 ,    0.000 ,  434.708 ,  437.708 ,    0.000 ,    0.000 ,   34.708 ,   28.145 ,        5 , 	)
 143 	 (   5 ,  354.000 ,  534.000 ,        0 ,  454.256 ,  488.964 ,    0.000 ,  488.964 ,  491.964 ,   72.338 ,    0.000 ,   34.708 ,    0.000 ,        6 , 	)
  44 	 (   7 ,  480.000 ,  720.000 ,        0 ,  457.256 ,  491.964 ,    0.000 ,  491.964 ,  493.964 ,    0.000 ,    0.000 ,   11.964 ,    0.000 ,        7 , 	)
 157 	 (   5 ,  315.000 ,  555.000 ,        0 ,  543.036 ,  555.000 ,    0.000 ,  555.000 ,  557.000 ,  193.000 ,    0.000 ,   11.964 ,   15.720 ,        8 , 	)
 152 	 (   2 ,  427.000 ,  607.000 ,        0 ,  582.540 ,  594.504 ,    0.000 ,  594.504 ,  597.504 ,  156.795 ,   12.496 ,   11.964 ,    7.317 ,        9 , 	)
 135 	 (   0 ,  711.000 ,  951.000 ,        0 ,  589.198 ,  601.162 ,  109.838 ,  711.000 ,  713.000 ,  217.036 ,  127.964 ,    0.000 ,    7.168 ,       10 , 	)
 183 	 (   0 ,    0.000 , 1440.000 ,        0 ,  733.206 ,  733.206 ,    0.000 ,  733.206 ,  733.206 ,    0.000 ,  706.794 ,    0.000 ,    0.000 ,       11 , 	)

	14 sommets 
	values : ( Cost : 482.398 , TRT : 439.975 , TWT :  47.270 , TD : 386.398 )
	violations : ( VC :       0 , VTW :   0.000 , VTD :   0.000 , VTRT :   0.000 )
	cout global : (   0.000	 )
S(i)	 (   C ,     TW0 ,       TW1 ,       VTW ,       Min ,       A ,       W ,       B ,       D ,       L ,       F ,       E ,       Det ,       [Imp ,       Imp]	)
   0 	 (   0 ,    0.000 , 1440.000 ,        0 ,    0.000 ,  514.056 ,    0.000 ,  514.056 ,  514.056 ,    0.000 ,    0.000 ,  514.056 ,    0.000 ,        0 , 	)
  53 	 (   3 ,  509.000 ,  643.593 ,        0 ,   62.492 ,  576.547 ,    0.000 ,  576.547 ,  579.547 ,    0.000 ,    0.000 ,   67.547 ,    1.314 ,        1 , 	)
  57 	 (   5 ,  540.000 ,  720.000 ,        0 ,  528.754 ,  596.302 ,    0.000 ,  596.302 ,  598.302 ,    0.000 ,    0.000 ,   56.301 ,    3.867 ,        2 , 	)
 148 	 (   3 ,  584.000 ,  819.000 ,        0 ,  578.424 ,  634.726 ,    0.000 ,  634.726 ,  636.726 ,   36.424 ,    0.000 ,   50.726 ,   30.850 ,        3 , 	)
 144 	 (   0 ,  631.000 ,  691.000 ,        0 ,  640.274 ,  691.000 ,    0.000 ,  691.000 ,  694.000 ,  111.453 ,    0.000 ,   50.726 ,    4.898 ,        4 , 	)
  28 	 (   1 ,  720.000 ,  900.000 ,        0 ,  666.993 ,  717.719 ,   47.270 ,  764.989 ,  765.989 ,    0.000 ,   41.933 ,   44.989 ,    3.935 ,        5 , 	)
  70 	 (   5 ,  780.000 ,  960.000 ,        0 ,  735.011 ,  780.000 ,    0.000 ,  780.000 ,  784.000 ,    0.000 ,    0.790 ,    0.000 ,    7.556 ,        6 , 	)
   2 	 (   7 ,  727.000 ,  960.000 ,        0 ,  802.565 ,  802.565 ,    0.000 ,  802.565 ,  804.565 ,    0.000 ,    0.790 ,    0.000 ,    5.632 ,        7 , 	)
 161 	 (   3 ,  803.341 , 1016.000 ,        0 ,  810.973 ,  810.973 ,    0.000 ,  810.973 ,  814.973 ,   26.973 ,    0.790 ,    0.000 ,    2.935 ,        8 , 	)
  93 	 (   1 ,  818.000 ,  998.000 ,        0 ,  844.837 ,  844.837 ,    0.000 ,  844.837 ,  846.837 ,   40.271 ,    0.790 ,    0.000 ,   15.237 ,        9 , 	)
   9 	 (   4 ,  817.000 ,  932.077 ,        0 ,  873.000 ,  873.000 ,    0.000 ,  873.000 ,  876.000 ,    0.000 ,    0.790 ,    0.000 ,    6.039 ,       10 , 	)
 119 	 (   3 ,  811.000 ,  991.000 ,        0 ,  887.199 ,  887.199 ,    0.000 ,  887.199 ,  888.199 ,  121.210 ,    0.790 ,    0.000 ,   16.144 ,       11 , 	)
 100 	 (   0 ,  908.000 ,  968.000 ,        0 ,  926.067 ,  926.067 ,    0.000 ,  926.067 ,  929.067 ,   50.067 ,   37.933 ,    0.000 ,   43.636 ,       12 , 	)
 183 	 (   0 ,    0.000 , 1440.000 ,        0 ,  954.031 ,  954.031 ,    0.000 ,  954.031 ,  954.031 ,    0.000 ,  485.969 ,    0.000 ,    0.000 ,       13 , 	)
