7
	VALUE ALL : ( Cost : 2880.211 , TRT : 2619.815 , TWT : 198.243 , TD : 4163.387 )
	VIOLATIONS TOTAL : ( VC :       0 , VTW :   0.000 , VTD :   0.000 , VTRT :   0.000 )
 	COUT_ALL : (   0.002 )  T2B:   15601

	22 sommets 
	values : ( Cost : 498.905 , TRT : 413.117 , TWT :   0.000 , TD : 753.801 )
	violations : ( VC :       0 , VTW :   0.000 , VTD :   0.000 , VTRT :   0.000 )
	cout global : (   0.000	 )
S(i)	 (   C ,     TW0 ,       TW1 ,       VTW ,       Min ,       A ,       W ,       B ,       D ,       L ,       F ,       E ,       Det ,       [Imp ,       Imp]	)
   0 	 (   0 ,    0.000 , 1440.000 ,        0 ,    0.000 ,  836.793 ,    0.000 ,  836.793 ,  836.793 ,    0.000 ,    1.607 ,  836.793 ,    0.000 ,        0 , 	)
   7 	 (   1 ,  720.000 ,  960.000 ,        0 ,   41.172 ,  877.965 ,    0.000 ,  877.965 ,  878.965 ,    0.000 ,    1.607 ,  157.965 ,    6.197 ,        1 , 	)
  53 	 (   5 ,  720.000 ,  960.000 ,        0 ,  726.390 ,  884.356 ,    0.000 ,  884.356 ,  888.356 ,    0.000 ,    1.607 ,  157.965 ,    4.054 ,        2 , 	)
  14 	 (   6 ,  720.000 ,  960.000 ,        0 ,  743.087 ,  901.053 ,    0.000 ,  901.053 ,  902.053 ,    0.000 ,    1.607 ,  157.965 ,    1.294 ,        3 , 	)
 116 	 (   2 ,  824.000 , 1064.000 ,        0 ,  763.064 ,  921.029 ,    0.000 ,  921.029 ,  925.029 ,   32.674 ,    1.607 ,   97.029 ,    7.417 ,        4 , 	)
   4 	 (   6 ,  840.000 ,  960.000 ,        0 ,  832.301 ,  929.330 ,    0.000 ,  929.330 ,  933.330 ,    0.000 ,    1.607 ,   89.330 ,    5.259 ,        5 , 	)
  33 	 (   7 ,  720.000 ,  960.000 ,        0 ,  857.794 ,  947.124 ,    0.000 ,  947.124 ,  948.124 ,    0.000 ,    1.607 ,   89.330 ,   -4.653 ,        6 , 	)
  70 	 (   6 ,  816.000 , 1056.000 ,        0 ,  864.452 ,  953.782 ,    0.000 ,  953.782 ,  954.782 ,   74.817 ,    1.607 ,   89.330 ,    0.994 ,        7 , 	)
  96 	 (   5 ,  784.000 , 1024.000 ,        0 ,  892.844 ,  982.174 ,    0.000 ,  982.174 ,  983.174 ,   34.050 ,    1.607 ,   89.330 ,    7.476 ,        8 , 	)
  47 	 (   6 ,  960.000 , 1200.000 ,        0 ,  907.364 ,  996.694 ,    0.000 ,  996.694 ,  997.694 ,    0.000 ,    1.607 ,   36.694 ,   13.371 ,        9 , 	)
  67 	 (   2 ,  904.000 , 1084.000 ,        0 ,  983.936 , 1020.630 ,    0.000 , 1020.630 , 1024.630 ,   87.300 ,    1.607 ,   36.694 ,   -0.192 ,       10 , 	)
  28 	 (   4 ,  960.000 , 1200.000 ,        0 , 1003.332 , 1040.026 ,    0.000 , 1040.026 , 1042.026 ,    0.000 ,    1.607 ,   36.694 ,   13.233 ,       11 , 	)
  77 	 (   3 ,  873.000 , 1053.000 ,        0 , 1014.699 , 1051.393 ,    0.000 , 1051.393 , 1052.393 ,  149.341 ,    1.607 ,   36.694 ,   -2.052 ,       12 , 	)
  34 	 (   6 , 1020.000 , 1200.000 ,        0 , 1033.021 , 1069.715 ,    0.000 , 1069.715 , 1072.715 ,    0.000 ,    6.810 ,   36.694 ,   26.614 ,       13 , 	)
 110 	 (   5 , 1063.000 , 1243.000 ,        0 , 1057.856 , 1094.550 ,    0.000 , 1094.550 , 1095.550 ,   96.856 ,    6.810 ,   31.550 ,   -4.673 ,       14 , 	)
  91 	 (   3 , 1014.000 , 1254.000 ,        0 , 1074.666 , 1106.217 ,    0.000 , 1106.217 , 1108.217 ,   64.190 ,    6.810 ,   31.550 ,   14.517 ,       15 , 	)
  37 	 (   4 , 1080.000 , 1140.000 ,        0 , 1089.959 , 1121.510 ,    0.000 , 1121.510 , 1122.510 ,    0.000 ,   18.490 ,   31.550 ,   19.432 ,       16 , 	)
  97 	 (   1 , 1147.000 , 1267.000 ,        0 , 1115.450 , 1147.000 ,    0.000 , 1147.000 , 1150.000 ,   74.285 ,   25.510 ,    0.000 ,   48.980 ,       17 , 	)
  16 	 (   2 ,  967.000 , 1200.000 ,        0 , 1174.490 , 1174.490 ,    0.000 , 1174.490 , 1175.490 ,    0.000 ,   25.510 ,    0.000 ,  -12.012 ,       18 , 	)
  79 	 (   1 , 1056.000 , 1236.000 ,        0 , 1208.483 , 1208.483 ,    0.000 , 1208.483 , 1209.483 ,   32.993 ,   25.705 ,   -0.000 ,    3.432 ,       19 , 	)
 100 	 (   0 , 1150.000 , 1270.000 ,        0 , 1229.805 , 1229.805 ,    0.000 , 1229.805 , 1230.805 ,  107.295 ,   25.705 ,   -0.000 ,   31.883 ,       20 , 	)
 127 	 (   0 ,    0.000 , 1440.000 ,        0 , 1249.910 , 1249.910 ,    0.000 , 1249.910 , 1249.910 ,    0.000 ,  190.090 ,   -0.000 ,    0.000 ,       21 , 	)

	20 sommets 
	values : ( Cost : 433.631 , TRT : 447.886 , TWT :  73.847 , TD : 620.365 )
	violations : ( VC :       0 , VTW :   0.000 , VTD :   0.000 , VTRT :   0.000 )
	cout global : (   0.000	 )
S(i)	 (   C ,     TW0 ,       TW1 ,       VTW ,       Min ,       A ,       W ,       B ,       D ,       L ,       F ,       E ,       Det ,       [Imp ,       Imp]	)
   0 	 (   0 ,    0.000 , 1440.000 ,        0 ,    0.000 ,  742.506 ,    0.000 ,  742.506 ,  742.506 ,    0.000 ,    0.000 ,  742.506 ,    0.000 ,        0 , 	)
   5 	 (   3 ,  720.000 ,  960.000 ,        0 ,   19.105 ,  761.611 ,    0.000 ,  761.611 ,  764.611 ,    0.000 ,    0.000 ,   41.611 ,    4.548 ,        1 , 	)
  10 	 (   6 ,  720.000 ,  780.000 ,        0 ,  729.737 ,  771.348 ,    0.000 ,  771.348 ,  774.348 ,    0.000 ,    0.000 ,   41.611 ,    2.238 ,        2 , 	)
  68 	 (   3 ,  776.000 , 1016.000 ,        0 ,  755.232 ,  796.844 ,    0.000 ,  796.844 ,  799.844 ,   32.232 ,    0.000 ,   20.844 ,    3.604 ,        3 , 	)
  17 	 (   5 ,  720.000 ,  960.000 ,        0 ,  805.952 ,  826.795 ,    0.000 ,  826.795 ,  828.795 ,    0.000 ,    0.000 ,   20.844 ,    2.184 ,        4 , 	)
   3 	 (   8 ,  754.000 ,  937.223 ,        0 ,  817.319 ,  838.162 ,    0.000 ,  838.162 ,  841.162 ,    0.000 ,    0.000 ,   20.844 ,    8.623 ,        5 , 	)
  73 	 (   5 ,  768.824 ,  905.000 ,        0 ,  832.906 ,  853.750 ,    0.000 ,  853.750 ,  856.750 ,   79.402 ,    0.000 ,   20.844 ,    3.754 ,        6 , 	)
  15 	 (   6 ,  720.000 ,  960.000 ,        0 ,  856.769 ,  877.613 ,    0.000 ,  877.613 ,  878.613 ,    0.000 ,    0.000 ,   20.844 ,    1.898 ,        7 , 	)
  66 	 (   3 ,  858.000 ,  978.000 ,        0 ,  867.611 ,  888.454 ,    0.000 ,  888.454 ,  891.454 ,   47.292 ,    0.000 ,   20.844 ,    9.815 ,        8 , 	)
  23 	 (   7 ,  727.000 ,  960.000 ,        0 ,  888.527 ,  909.371 ,    0.000 ,  909.371 ,  913.371 ,    0.000 ,    0.000 ,   20.844 ,   -2.147 ,        9 , 	)
  80 	 (   5 ,  871.000 , 1051.000 ,        0 ,  896.739 ,  917.583 ,    0.000 ,  917.583 ,  919.583 ,   88.787 ,    0.000 ,   20.844 ,    2.020 ,       10 , 	)
  86 	 (   1 ,  819.000 ,  999.000 ,        0 ,  929.462 ,  950.306 ,    0.000 ,  950.306 ,  954.306 ,   36.935 ,    0.000 ,   20.844 ,   -0.280 ,       11 , 	)
  39 	 (   4 ,  900.000 ,  960.000 ,        0 ,  939.156 ,  960.000 ,    0.000 ,  960.000 ,  963.000 ,    0.000 ,    0.000 ,   20.844 ,    1.691 ,       12 , 	)
 102 	 (   1 ,  916.406 ,  999.000 ,        0 ,  955.562 ,  976.406 ,    0.000 ,  976.406 ,  979.406 ,   13.406 ,   22.594 ,   20.844 ,    0.041 ,       13 , 	)
  49 	 (   3 , 1046.000 , 1180.326 ,        0 ,  990.496 , 1011.340 ,   73.847 , 1085.187 , 1087.187 ,    0.000 ,   22.901 ,   39.187 ,   15.912 ,       14 , 	)
  78 	 (   2 ,  909.000 , 1149.000 ,        0 , 1068.524 , 1107.711 ,    0.000 , 1107.711 , 1108.711 ,  229.099 ,   22.901 ,   39.187 ,   -1.643 ,       15 , 	)
  29 	 (   5 , 1080.000 , 1200.000 ,        0 , 1089.386 , 1128.573 ,    0.000 , 1128.573 , 1131.573 ,    0.000 ,   39.187 ,   39.187 ,   28.203 ,       16 , 	)
 112 	 (   3 , 1147.000 , 1207.000 ,        0 , 1107.813 , 1147.000 ,    0.000 , 1147.000 , 1149.000 ,   59.813 ,   39.187 ,    0.000 ,   -0.014 ,       17 , 	)
  92 	 (   0 , 1115.000 , 1287.000 ,        0 , 1164.972 , 1164.972 ,    0.000 , 1164.972 , 1167.972 ,   33.399 ,   50.601 ,    0.000 ,    4.905 ,       18 , 	)
 127 	 (   0 ,    0.000 , 1440.000 ,        0 , 1190.392 , 1190.392 ,    0.000 , 1190.392 , 1190.392 ,    0.000 ,  249.608 ,   -0.000 ,    0.000 ,       19 , 	)

	22 sommets 
	values : ( Cost : 508.733 , TRT : 468.682 , TWT :  50.176 , TD : 505.993 )
	violations : ( VC :       0 , VTW :   0.000 , VTD :   0.000 , VTRT :   0.000 )
	cout global : (   0.000	 )
S(i)	 (   C ,     TW0 ,       TW1 ,       VTW ,       Min ,       A ,       W ,       B ,       D ,       L ,       F ,       E ,       Det ,       [Imp ,       Imp]	)
   0 	 (   0 ,    0.000 , 1440.000 ,        0 ,    0.000 ,  612.237 ,    0.000 ,  612.237 ,  612.237 ,    0.000 ,    0.000 ,  612.237 ,    0.000 ,        0 , 	)
  20 	 (   1 ,  480.000 ,  660.000 ,        0 ,    6.264 ,  618.501 ,    0.000 ,  618.501 ,  619.501 ,    0.000 ,    0.000 ,  138.501 ,   11.491 ,        1 , 	)
  44 	 (   2 ,  514.000 ,  635.981 ,        0 ,  490.268 ,  628.769 ,    0.000 ,  628.769 ,  629.769 ,    0.000 ,    0.000 ,  114.769 ,    1.463 ,        2 , 	)
  42 	 (   3 ,  540.000 ,  720.000 ,        0 ,  524.062 ,  638.831 ,    0.000 ,  638.831 ,  639.831 ,    0.000 ,    0.000 ,   98.831 ,    0.995 ,        3 , 	)
 105 	 (   2 ,  567.085 ,  791.000 ,        0 ,  567.085 ,  665.916 ,    0.000 ,  665.916 ,  666.916 ,   26.085 ,    0.000 ,   98.831 ,    4.402 ,        4 , 	)
 107 	 (   1 ,  614.000 ,  674.000 ,        0 ,  575.169 ,  674.000 ,    0.000 ,  674.000 ,  675.000 ,   44.231 ,    0.000 ,   60.000 ,    0.000 ,        5 , 	)
  83 	 (   0 ,  601.000 ,  841.000 ,        0 ,  637.635 ,  697.635 ,    0.000 ,  697.635 ,  698.635 ,   78.134 ,    8.947 ,   60.000 ,   13.918 ,        6 , 	)
  35 	 (   1 ,  480.000 ,  720.000 ,        0 ,  651.053 ,  711.053 ,    8.947 ,  720.000 ,  721.000 ,    0.000 ,    0.000 ,   68.947 ,   10.552 ,        7 , 	)
  54 	 (   3 ,  720.000 ,  900.000 ,        0 ,  675.980 ,  744.927 ,   22.702 ,  767.629 ,  769.629 ,    0.000 ,    0.000 ,   47.629 ,    2.093 ,        8 , 	)
  98 	 (   2 ,  535.000 ,  775.000 ,        0 ,  727.371 ,  775.000 ,    0.000 ,  775.000 ,  776.000 ,   54.000 ,    0.000 ,   47.629 ,    8.614 ,        9 , 	)
 117 	 (   0 ,  732.462 ,  930.000 ,        0 ,  742.076 ,  789.705 ,    0.000 ,  789.705 ,  791.705 ,   20.076 ,    7.924 ,   47.629 ,   -0.326 ,       10 , 	)
  12 	 (   3 ,  720.000 ,  900.000 ,        0 ,  748.636 ,  796.265 ,   18.528 ,  814.792 ,  817.792 ,    0.000 ,    7.889 ,   66.156 ,    3.626 ,       11 , 	)
  75 	 (   0 ,  799.000 , 1039.000 ,        0 ,  805.129 ,  871.285 ,    0.000 ,  871.285 ,  874.285 ,   53.492 ,    7.889 ,   66.156 ,  -13.269 ,       12 , 	)
  38 	 (   2 ,  720.000 ,  960.000 ,        0 ,  852.751 ,  918.908 ,    0.000 ,  918.908 ,  920.908 ,    0.000 ,    7.889 ,   66.156 ,   47.417 ,       13 , 	)
  36 	 (   6 ,  780.000 ,  960.000 ,        0 ,  885.954 ,  952.111 ,    0.000 ,  952.111 ,  956.111 ,    0.000 ,    7.889 ,   66.156 ,    2.034 ,       14 , 	)
  24 	 (   8 ,  960.000 , 1140.000 ,        0 ,  898.776 ,  964.932 ,    0.000 ,  964.932 ,  966.932 ,    0.000 ,   18.577 ,    4.932 ,    3.350 ,       15 , 	)
 101 	 (   6 ,  818.000 , 1058.000 ,        0 ,  976.468 ,  981.400 ,    0.000 ,  981.400 ,  983.400 ,   60.492 ,   16.316 ,    4.932 ,    1.206 ,       16 , 	)
  99 	 (   2 ,  902.000 , 1022.000 ,        0 ,  998.490 , 1003.423 ,    0.000 , 1003.423 , 1007.423 ,   47.312 ,   16.316 ,    4.932 ,   25.629 ,       17 , 	)
  31 	 (   3 , 1020.000 , 1140.000 ,        0 , 1015.068 , 1020.000 ,    0.000 , 1020.000 , 1021.000 ,    0.000 ,   16.316 ,    0.000 ,   14.053 ,       18 , 	)
  87 	 (   1 , 1030.000 , 1210.000 ,        0 , 1042.617 , 1042.617 ,    0.000 , 1042.617 , 1044.617 ,   75.684 ,   16.316 ,   -0.000 ,   16.160 ,       19 , 	)
  94 	 (   0 , 1049.326 , 1217.000 ,        0 , 1067.486 , 1067.486 ,    0.000 , 1067.486 , 1068.486 ,   46.486 ,   29.514 ,   -0.000 ,    3.074 ,       20 , 	)
 127 	 (   0 ,    0.000 , 1440.000 ,        0 , 1080.919 , 1080.919 ,    0.000 , 1080.919 , 1080.919 ,    0.000 ,  359.081 ,   -0.000 ,    0.000 ,       21 , 	)

	18 sommets 
	values : ( Cost : 284.453 , TRT : 258.184 , TWT :  14.310 , TD : 488.955 )
	violations : ( VC :       0 , VTW :   0.000 , VTD :   0.000 , VTRT :   0.000 )
	cout global : (   0.000	 )
S(i)	 (   C ,     TW0 ,       TW1 ,       VTW ,       Min ,       A ,       W ,       B ,       D ,       L ,       F ,       E ,       Det ,       [Imp ,       Imp]	)
   0 	 (   0 ,    0.000 , 1440.000 ,        0 ,    0.000 ,  277.580 ,    0.000 ,  277.580 ,  277.580 ,    0.000 ,    0.000 ,  277.580 ,    0.000 ,        0 , 	)
  11 	 (   2 ,  240.000 ,  300.000 ,        0 ,   22.420 ,  300.000 ,    0.000 ,  300.000 ,  302.000 ,    0.000 ,    0.000 ,   60.000 ,    0.913 ,        1 , 	)
  13 	 (   3 ,  280.000 ,  447.179 ,        0 ,  246.079 ,  306.079 ,   14.310 ,  320.389 ,  321.389 ,    0.000 ,   14.050 ,   40.389 ,    4.830 ,        2 , 	)
  41 	 (   6 ,  240.000 ,  360.000 ,        0 ,  287.905 ,  328.294 ,    0.000 ,  328.294 ,  331.294 ,    0.000 ,   14.050 ,   40.389 ,    2.490 ,        3 , 	)
  32 	 (   7 ,  240.000 ,  480.000 ,        0 ,  309.744 ,  350.132 ,    0.000 ,  350.132 ,  351.132 ,    0.000 ,   12.720 ,   40.389 ,    0.258 ,        4 , 	)
  76 	 (   6 ,  356.000 ,  476.000 ,        0 ,  315.611 ,  356.000 ,    0.000 ,  356.000 ,  357.000 ,   34.611 ,   12.720 ,    0.000 ,    8.442 ,        5 , 	)
  61 	 (   8 ,  240.000 ,  420.000 ,        0 ,  380.598 ,  380.598 ,    0.000 ,  380.598 ,  382.598 ,    0.000 ,   12.720 ,    0.000 ,   -0.841 ,        6 , 	)
 104 	 (   5 ,  278.135 ,  434.000 ,        0 ,  389.574 ,  389.574 ,    0.000 ,  389.574 ,  392.574 ,   58.280 ,   12.720 ,    0.000 ,    2.813 ,        7 , 	)
  95 	 (   4 ,  370.000 ,  550.000 ,        0 ,  420.105 ,  420.105 ,    0.000 ,  420.105 ,  421.105 ,   68.972 ,   14.050 ,    0.000 ,   -0.188 ,        8 , 	)
  74 	 (   2 ,  337.000 ,  510.000 ,        0 ,  436.254 ,  436.254 ,    0.000 ,  436.254 ,  438.254 ,  134.254 ,   14.050 ,    0.000 ,   12.223 ,        9 , 	)
 124 	 (   0 ,  352.000 ,  532.000 ,        0 ,  446.685 ,  446.685 ,    0.000 ,  446.685 ,  448.685 ,   64.086 ,   14.050 ,    0.000 ,    0.000 ,       10 , 	)
  58 	 (   1 ,  240.000 ,  480.000 ,        0 ,  448.685 ,  448.685 ,    0.000 ,  448.685 ,  449.685 ,    0.000 ,   14.050 ,    0.000 ,    0.000 ,       11 , 	)
  22 	 (   2 ,  240.000 ,  480.000 ,        0 ,  454.956 ,  454.956 ,    0.000 ,  454.956 ,  455.956 ,    0.000 ,   14.050 ,    0.000 ,    3.673 ,       12 , 	)
  18 	 (   6 ,  240.000 ,  480.000 ,        0 ,  461.826 ,  461.826 ,    0.000 ,  461.826 ,  465.826 ,    0.000 ,   14.050 ,    0.000 ,    1.822 ,       13 , 	)
 121 	 (   5 ,  279.000 ,  519.000 ,        0 ,  478.994 ,  478.994 ,    0.000 ,  478.994 ,  479.994 ,   29.309 ,   14.050 ,    0.000 ,    1.426 ,       14 , 	)
  81 	 (   1 ,  293.000 ,  533.000 ,        0 ,  493.273 ,  493.273 ,    0.000 ,  493.273 ,  497.273 ,   27.447 ,   14.050 ,    0.000 ,    3.994 ,       15 , 	)
  85 	 (   0 ,  362.000 ,  542.000 ,        0 ,  527.950 ,  527.950 ,    0.000 ,  527.950 ,  528.950 ,   71.995 ,   14.050 ,    0.000 ,    7.032 ,       16 , 	)
 127 	 (   0 ,    0.000 , 1440.000 ,        0 ,  535.765 ,  535.765 ,    0.000 ,  535.765 ,  535.765 ,    0.000 ,  904.235 ,    0.000 ,    0.000 ,       17 , 	)

	14 sommets 
	values : ( Cost : 305.935 , TRT : 315.936 , TWT :  59.910 , TD : 301.899 )
	violations : ( VC :       0 , VTW :   0.000 , VTD :   0.000 , VTRT :   0.000 )
	cout global : (   0.000	 )
S(i)	 (   C ,     TW0 ,       TW1 ,       VTW ,       Min ,       A ,       W ,       B ,       D ,       L ,       F ,       E ,       Det ,       [Imp ,       Imp]	)
   0 	 (   0 ,    0.000 , 1440.000 ,        0 ,    0.000 ,  320.837 ,    0.000 ,  320.837 ,  320.837 ,    0.000 ,    0.000 ,  320.837 ,    0.000 ,        0 , 	)
   2 	 (   4 ,  240.000 ,  420.000 ,        0 ,   19.105 ,  339.942 ,    0.000 ,  339.942 ,  343.942 ,    0.000 ,    0.000 ,   99.942 ,    8.469 ,        1 , 	)
  26 	 (   5 ,  321.000 ,  474.731 ,        0 ,  261.000 ,  360.942 ,    0.000 ,  360.942 ,  361.942 ,    0.000 ,    0.000 ,   39.942 ,   11.159 ,        2 , 	)
  65 	 (   1 ,  289.000 ,  469.000 ,        0 ,  339.011 ,  378.953 ,    0.000 ,  378.953 ,  382.953 ,   35.011 ,    0.000 ,   39.942 ,    5.293 ,        3 , 	)
  27 	 (   5 ,  240.000 ,  480.000 ,        0 ,  362.298 ,  402.240 ,    0.000 ,  402.240 ,  406.240 ,    0.000 ,    0.000 ,   39.942 ,   11.662 ,        4 , 	)
  40 	 (   6 ,  240.000 ,  420.000 ,        0 ,  380.058 ,  420.000 ,    0.000 ,  420.000 ,  421.000 ,    0.000 ,   -0.000 ,   39.942 ,   -4.450 ,        5 , 	)
  90 	 (   2 ,  320.000 ,  560.000 ,        0 ,  401.550 ,  441.492 ,    0.000 ,  441.492 ,  445.492 ,   35.253 ,   19.387 ,   39.942 ,    6.726 ,        6 , 	)
 103 	 (   1 ,  275.000 ,  508.000 ,        0 ,  424.162 ,  464.104 ,    0.000 ,  464.104 ,  465.104 ,   43.104 ,   19.387 ,   39.942 ,    3.091 ,        7 , 	)
  89 	 (   0 ,  472.000 ,  532.000 ,        0 ,  452.613 ,  492.555 ,    0.000 ,  492.555 ,  493.555 ,  130.613 ,   19.387 ,   20.555 ,    6.217 ,        8 , 	)
   9 	 (   2 ,  559.000 ,  643.969 ,        0 ,  493.716 ,  514.271 ,   59.910 ,  574.180 ,  576.180 ,    0.000 ,   60.000 ,   15.180 ,    1.144 ,        9 , 	)
  62 	 (   3 ,  540.000 ,  660.000 ,        0 ,  567.456 ,  582.637 ,    0.000 ,  582.637 ,  583.637 ,    0.000 ,   15.180 ,   15.180 ,    8.789 ,       10 , 	)
  72 	 (   1 ,  601.000 ,  661.000 ,        0 ,  585.820 ,  601.000 ,    0.000 ,  601.000 ,  603.000 ,   24.820 ,   15.180 ,    0.000 ,    2.336 ,       11 , 	)
 125 	 (   0 ,  569.763 ,  738.000 ,        0 ,  616.736 ,  616.736 ,    0.000 ,  616.736 ,  617.736 ,   33.099 ,   43.901 ,    0.000 ,   -3.753 ,       12 , 	)
 127 	 (   0 ,    0.000 , 1440.000 ,        0 ,  636.773 ,  636.773 ,    0.000 ,  636.773 ,  636.773 ,    0.000 ,  803.227 ,    0.000 ,    0.000 ,       13 , 	)

	22 sommets 
	values : ( Cost : 449.759 , TRT : 366.165 , TWT :   0.000 , TD : 939.331 )
	violations : ( VC :       0 , VTW :   0.000 , VTD :   0.000 , VTRT :   0.000 )
	cout global : (   0.000	 )
S(i)	 (   C ,     TW0 ,       TW1 ,       VTW ,       Min ,       A ,       W ,       B ,       D ,       L ,       F ,       E ,       Det ,       [Imp ,       Imp]	)
   0 	 (   0 ,    0.000 , 1440.000 ,        0 ,    0.000 ,  194.797 ,    0.000 ,  194.797 ,  194.797 ,    0.000 ,    2.591 ,  194.797 ,    0.000 ,        0 , 	)
  30 	 (   1 ,  240.000 ,  480.000 ,        0 ,   45.203 ,  240.000 ,    0.000 ,  240.000 ,  241.000 ,    0.000 ,    2.591 ,    0.000 ,   25.907 ,        1 , 	)
  21 	 (   4 ,  240.000 ,  420.000 ,        0 ,  260.850 ,  260.850 ,    0.000 ,  260.850 ,  263.850 ,    0.000 ,    2.591 ,    0.000 ,    0.382 ,        2 , 	)
   6 	 (   5 ,  242.000 ,  480.000 ,        0 ,  267.024 ,  267.024 ,    0.000 ,  267.024 ,  268.024 ,    0.000 ,    2.591 ,    0.000 ,    0.522 ,        3 , 	)
  56 	 (   6 ,  240.000 ,  480.000 ,        0 ,  282.772 ,  282.772 ,    0.000 ,  282.772 ,  283.772 ,    0.000 ,    2.591 ,    0.000 ,   10.436 ,        4 , 	)
  63 	 (   7 ,  240.000 ,  480.000 ,        0 ,  320.664 ,  320.664 ,    0.000 ,  320.664 ,  321.664 ,    0.000 ,    2.591 ,    0.000 ,    0.000 ,        5 , 	)
  84 	 (   4 ,  298.000 ,  538.000 ,        0 ,  321.664 ,  321.664 ,    0.000 ,  321.664 ,  324.664 ,   57.814 ,    2.591 ,    0.000 ,    0.000 ,        6 , 	)
  50 	 (   5 ,  300.000 ,  480.000 ,        0 ,  346.383 ,  346.383 ,    0.000 ,  346.383 ,  347.383 ,    0.000 ,    2.591 ,    0.000 ,    0.000 ,        7 , 	)
  19 	 (   7 ,  240.000 ,  480.000 ,        0 ,  347.383 ,  347.383 ,    0.000 ,  347.383 ,  349.383 ,    0.000 ,    2.591 ,    0.000 ,    0.000 ,        8 , 	)
  69 	 (   6 ,  349.000 ,  529.000 ,        0 ,  354.581 ,  354.581 ,    0.000 ,  354.581 ,  355.581 ,   86.557 ,    2.591 ,    0.000 ,    2.019 ,        9 , 	)
  46 	 (   8 ,  360.000 ,  420.000 ,        0 ,  361.657 ,  361.657 ,    0.000 ,  361.657 ,  363.657 ,    0.000 ,    2.591 ,    0.000 ,    0.451 ,       10 , 	)
  82 	 (   6 ,  287.000 ,  527.000 ,        0 ,  376.644 ,  376.644 ,    0.000 ,  376.644 ,  378.644 ,   27.260 ,    2.591 ,    0.000 ,    0.492 ,       11 , 	)
 119 	 (   5 ,  340.000 ,  580.000 ,        0 ,  386.265 ,  386.265 ,    0.000 ,  386.265 ,  387.265 ,  102.493 ,    2.591 ,    0.000 ,   -2.139 ,       12 , 	)
  45 	 (   6 ,  240.000 ,  420.000 ,        0 ,  417.409 ,  417.409 ,    0.000 ,  417.409 ,  418.409 ,    0.000 ,    2.591 ,    0.000 ,   21.895 ,       13 , 	)
 126 	 (   5 ,  384.000 ,  564.000 ,        0 ,  430.160 ,  430.160 ,    0.000 ,  430.160 ,  431.160 ,  108.496 ,   24.886 ,    0.000 ,   12.474 ,       14 , 	)
  93 	 (   4 ,  433.000 ,  673.000 ,        0 ,  438.552 ,  438.552 ,    0.000 ,  438.552 ,  439.552 ,  197.552 ,   24.886 ,    0.000 ,   -3.446 ,       15 , 	)
 113 	 (   3 ,  421.000 ,  601.000 ,        0 ,  443.875 ,  443.875 ,    0.000 ,  443.875 ,  444.875 ,   96.492 ,   24.886 ,    0.000 ,    0.314 ,       16 , 	)
  43 	 (   4 ,  240.000 ,  480.000 ,        0 ,  455.114 ,  455.114 ,    0.000 ,  455.114 ,  456.114 ,    0.000 ,   24.886 ,    0.000 ,    3.107 ,       17 , 	)
 108 	 (   3 ,  286.000 ,  523.000 ,        0 ,  478.269 ,  478.269 ,    0.000 ,  478.269 ,  479.269 ,   59.860 ,   25.805 ,    0.000 ,    0.000 ,       18 , 	)
 109 	 (   1 ,  461.000 ,  635.000 ,        0 ,  479.269 ,  479.269 ,    0.000 ,  479.269 ,  481.269 ,  115.612 ,   25.805 ,    0.000 ,    0.000 ,       19 , 	)
 106 	 (   0 ,  334.000 ,  574.000 ,        0 ,  543.308 ,  543.308 ,    0.000 ,  543.308 ,  544.308 ,   87.195 ,   25.805 ,    0.000 ,   11.580 ,       20 , 	)
 127 	 (   0 ,    0.000 , 1440.000 ,        0 ,  560.962 ,  560.962 ,    0.000 ,  560.962 ,  560.962 ,    0.000 ,  879.038 ,    0.000 ,    0.000 ,       21 , 	)

	22 sommets 
	values : ( Cost : 398.795 , TRT : 349.846 , TWT :   0.000 , TD : 553.045 )
	violations : ( VC :       0 , VTW :   0.000 , VTD :   0.000 , VTRT :   0.000 )
	cout global : (   0.000	 )
S(i)	 (   C ,     TW0 ,       TW1 ,       VTW ,       Min ,       A ,       W ,       B ,       D ,       L ,       F ,       E ,       Det ,       [Imp ,       Imp]	)
   0 	 (   0 ,    0.000 , 1440.000 ,        0 ,    0.000 ,  368.335 ,    0.000 ,  368.335 ,  368.335 ,    0.000 ,    3.009 ,  368.335 ,    0.000 ,        0 , 	)
  52 	 (   2 ,  240.000 ,  420.000 ,        0 ,    6.741 ,  375.076 ,    0.000 ,  375.076 ,  377.076 ,    0.000 ,    3.009 ,  135.076 ,   11.556 ,        1 , 	)
  55 	 (   6 ,  317.000 ,  463.320 ,        0 ,  265.852 ,  400.928 ,    0.000 ,  400.928 ,  404.928 ,    0.000 ,    3.009 ,   83.928 ,    1.688 ,        2 , 	)
 118 	 (   2 ,  356.000 ,  476.000 ,        0 ,  329.680 ,  413.608 ,    0.000 ,  413.608 ,  417.608 ,    8.680 ,    3.009 ,   57.608 ,    8.217 ,        3 , 	)
  60 	 (   6 ,  240.000 ,  480.000 ,        0 ,  365.894 ,  423.501 ,    0.000 ,  423.501 ,  427.501 ,    0.000 ,    3.009 ,   57.608 ,   -1.410 ,        4 , 	)
  48 	 (   7 ,  240.000 ,  480.000 ,        0 ,  412.080 ,  469.688 ,    0.000 ,  469.688 ,  470.688 ,    0.000 ,    3.009 ,   57.608 ,   28.365 ,        5 , 	)
 123 	 (   3 ,  304.000 ,  544.000 ,        0 ,  429.483 ,  487.091 ,    0.000 ,  487.091 ,  491.091 ,   59.589 ,    3.009 ,   57.608 ,    0.000 ,        6 , 	)
 115 	 (   1 ,  344.000 ,  584.000 ,        0 ,  433.483 ,  491.091 ,    0.000 ,  491.091 ,  493.091 ,  114.015 ,    3.009 ,   57.608 ,    0.000 ,        7 , 	)
 111 	 (   0 ,  331.000 ,  571.000 ,        0 ,  469.236 ,  526.844 ,    0.000 ,  526.844 ,  527.844 ,   56.156 ,    3.009 ,   57.608 ,  -12.204 ,        8 , 	)
  25 	 (   3 ,  480.000 ,  720.000 ,        0 ,  491.018 ,  548.626 ,    0.000 ,  548.626 ,  551.626 ,    0.000 ,    3.009 ,   57.608 ,    5.629 ,        9 , 	)
   8 	 (   5 ,  480.000 ,  660.000 ,        0 ,  511.746 ,  569.353 ,    0.000 ,  569.353 ,  571.353 ,    0.000 ,    3.009 ,   57.608 ,   -2.349 ,       10 , 	)
  59 	 (   7 ,  480.000 ,  720.000 ,        0 ,  524.069 ,  581.677 ,    0.000 ,  581.677 ,  583.677 ,    0.000 ,    3.009 ,   57.608 ,   -1.167 ,       11 , 	)
  71 	 (   5 ,  504.065 ,  721.000 ,        0 ,  536.644 ,  594.252 ,    0.000 ,  594.252 ,  596.252 ,   22.898 ,    3.009 ,   57.608 ,   -1.150 ,       12 , 	)
  88 	 (   2 ,  601.000 ,  781.000 ,        0 ,  543.392 ,  601.000 ,    0.000 ,  601.000 ,  604.000 ,   49.374 ,    3.009 ,    0.000 ,   -0.938 ,       13 , 	)
   1 	 (   6 ,  480.000 ,  720.000 ,        0 ,  611.098 ,  611.098 ,    0.000 ,  611.098 ,  615.098 ,    0.000 ,    3.009 ,    0.000 ,   13.261 ,       14 , 	)
  51 	 (   8 ,  480.000 ,  720.000 ,        0 ,  633.350 ,  633.350 ,    0.000 ,  633.350 ,  635.350 ,    0.000 ,    3.009 ,    0.000 ,  -12.271 ,       15 , 	)
 122 	 (   6 ,  550.000 ,  790.000 ,        0 ,  665.353 ,  665.353 ,    0.000 ,  665.353 ,  667.353 ,   81.677 ,    3.009 ,    0.000 ,    9.848 ,       16 , 	)
  57 	 (   7 ,  503.000 ,  697.406 ,        0 ,  691.759 ,  691.759 ,    0.000 ,  691.759 ,  692.759 ,    0.000 ,    3.009 ,    0.000 ,    2.504 ,       17 , 	)
  64 	 (   3 ,  667.000 ,  847.000 ,        0 ,  694.881 ,  694.881 ,    0.000 ,  694.881 ,  698.881 ,   79.783 ,    3.009 ,    0.000 ,   -1.362 ,       18 , 	)
 120 	 (   2 ,  527.000 ,  707.000 ,        0 ,  703.991 ,  703.991 ,    0.000 ,  703.991 ,  704.991 ,   11.232 ,    3.009 ,    0.000 ,    0.000 ,       19 , 	)
 114 	 (   0 ,  608.000 ,  788.000 ,        0 ,  704.991 ,  704.991 ,    0.000 ,  704.991 ,  706.991 ,   69.641 ,   60.359 ,    0.000 ,    0.000 ,       20 , 	)
 127 	 (   0 ,    0.000 , 1440.000 ,        0 ,  718.180 ,  718.180 ,    0.000 ,  718.180 ,  718.180 ,    0.000 ,  721.820 ,    0.000 ,    0.000 ,       21 , 	)
