8
	VALUE ALL : ( Cost : 3137.184 , TRT : 2923.082 , TWT : 298.297 , TD : 4547.927 )
	VIOLATIONS TOTAL : ( VC :       0 , VTW :   0.000 , VTD :   0.000 , VTRT :   0.000 )
 	COUT_ALL : (   0.002 )  T2B:   16801

	16 sommets 
	values : ( Cost : 316.149 , TRT : 267.706 , TWT :   0.000 , TD : 506.311 )
	violations : ( VC :       0 , VTW :   0.000 , VTD :   0.000 , VTRT :   0.000 )
	cout global : (   0.000	 )
S(i)	 (   C ,     TW0 ,       TW1 ,       VTW ,       Min ,       A ,       W ,       B ,       D ,       L ,       F ,       E ,       Det ,       [Imp ,       Imp]	)
   0 	 (   0 ,    0.000 , 1440.000 ,        0 ,    0.000 ,  257.668 ,    0.000 ,  257.668 ,  257.668 ,    0.000 ,   16.994 ,  257.668 ,    0.000 ,        0 , 	)
  29 	 (   1 ,  240.000 ,  360.000 ,        0 ,   30.526 ,  288.194 ,    0.000 ,  288.194 ,  289.194 ,    0.000 ,   16.994 ,   48.194 ,    0.612 ,        1 , 	)
  18 	 (   3 ,  300.000 ,  480.000 ,        0 ,  251.806 ,  300.000 ,    0.000 ,  300.000 ,  302.000 ,    0.000 ,   16.994 ,    0.000 ,    1.110 ,        2 , 	)
  63 	 (   5 ,  240.000 ,  420.000 ,        0 ,  311.014 ,  311.014 ,    0.000 ,  311.014 ,  313.014 ,    0.000 ,   16.994 ,    0.000 ,   11.270 ,        3 , 	)
  38 	 (   6 ,  240.000 ,  420.000 ,        0 ,  321.307 ,  321.307 ,    0.000 ,  321.307 ,  322.307 ,    0.000 ,   16.994 ,    0.000 ,   11.946 ,        4 , 	)
  56 	 (   8 ,  240.000 ,  480.000 ,        0 ,  336.520 ,  336.520 ,    0.000 ,  336.520 ,  338.520 ,    0.000 ,    5.604 ,    0.000 ,    3.008 ,        5 , 	)
  88 	 (   6 ,  329.752 ,  556.000 ,        0 ,  357.108 ,  357.108 ,    0.000 ,  357.108 ,  359.108 ,   55.108 ,    5.604 ,    0.000 ,    0.347 ,        6 , 	)
  99 	 (   5 ,  290.156 ,  492.000 ,        0 ,  383.866 ,  383.866 ,    0.000 ,  383.866 ,  384.866 ,   94.672 ,    5.604 ,    0.000 ,   23.018 ,        7 , 	)
 126 	 (   3 ,  338.000 ,  578.000 ,        0 ,  403.419 ,  403.419 ,    0.000 ,  403.419 ,  405.419 ,   64.899 ,    5.604 ,    0.000 ,    1.853 ,        8 , 	)
 108 	 (   2 ,  317.000 ,  497.000 ,        0 ,  419.703 ,  419.703 ,    0.000 ,  419.703 ,  420.703 ,   97.396 ,    5.604 ,    0.000 ,    4.238 ,        9 , 	)
 133 	 (   0 ,  357.000 ,  537.000 ,        0 ,  427.241 ,  427.241 ,    0.000 ,  427.241 ,  429.241 ,  114.228 ,   16.994 ,    0.000 ,   -0.210 ,       10 , 	)
  52 	 (   4 ,  240.000 ,  480.000 ,        0 ,  437.467 ,  437.467 ,    0.000 ,  437.467 ,  441.467 ,    0.000 ,   16.994 ,    0.000 ,    9.267 ,       11 , 	)
  11 	 (   7 ,  360.000 ,  480.000 ,        0 ,  463.006 ,  463.006 ,    0.000 ,  463.006 ,  466.006 ,    0.000 ,    3.436 ,    0.000 ,   29.190 ,       12 , 	)
  81 	 (   4 ,  405.000 ,  525.000 ,        0 ,  487.450 ,  487.450 ,    0.000 ,  487.450 ,  490.450 ,   21.444 ,    3.436 ,    0.000 ,    1.107 ,       13 , 	)
 122 	 (   0 ,  289.000 ,  529.000 ,        0 ,  500.031 ,  500.031 ,    0.000 ,  500.031 ,  504.031 ,   58.564 ,    3.436 ,    0.000 ,    4.193 ,       14 , 	)
 141 	 (   0 ,    0.000 , 1440.000 ,        0 ,  525.374 ,  525.374 ,    0.000 ,  525.374 ,  525.374 ,    0.000 ,  914.626 ,    0.000 ,    0.000 ,       15 , 	)

	26 sommets 
	values : ( Cost : 476.503 , TRT : 398.273 , TWT :   0.000 , TD : 642.320 )
	violations : ( VC :       0 , VTW :   0.000 , VTD :   0.000 , VTRT :   0.000 )
	cout global : (   0.000	 )
S(i)	 (   C ,     TW0 ,       TW1 ,       VTW ,       Min ,       A ,       W ,       B ,       D ,       L ,       F ,       E ,       Det ,       [Imp ,       Imp]	)
   0 	 (   0 ,    0.000 , 1440.000 ,        0 ,    0.000 ,  311.995 ,    0.000 ,  311.995 ,  311.995 ,    0.000 ,   11.253 ,  311.995 ,    0.000 ,        0 , 	)
  49 	 (   2 ,  248.000 ,  480.000 ,        0 ,   34.752 ,  346.747 ,    0.000 ,  346.747 ,  348.747 ,    0.000 ,   11.253 ,   98.747 ,    0.000 ,        1 , 	)
  53 	 (   3 ,  240.000 ,  360.000 ,        0 ,  250.000 ,  348.747 ,    0.000 ,  348.747 ,  349.747 ,    0.000 ,    0.599 ,   98.747 ,    0.000 ,        2 , 	)
  24 	 (   6 ,  300.000 ,  480.000 ,        0 ,  262.580 ,  361.328 ,    0.000 ,  361.328 ,  364.328 ,    0.000 ,    0.599 ,   61.328 ,   -0.077 ,        3 , 	)
  62 	 (   7 ,  240.000 ,  420.000 ,        0 ,  307.654 ,  368.982 ,    0.000 ,  368.982 ,  369.982 ,    0.000 ,    0.599 ,   61.328 ,    9.385 ,        4 , 	)
  12 	 (   8 ,  250.000 ,  478.271 ,        0 ,  318.156 ,  379.483 ,    0.000 ,  379.483 ,  380.483 ,    0.000 ,    0.599 ,   61.328 ,    1.851 ,        5 , 	)
 132 	 (   7 ,  267.551 ,  492.000 ,        0 ,  338.056 ,  399.384 ,    0.000 ,  399.384 ,  400.384 ,   29.402 ,    0.599 ,   61.328 ,    1.368 ,        6 , 	)
 123 	 (   6 ,  266.438 ,  429.000 ,        0 ,  350.253 ,  411.580 ,    0.000 ,  411.580 ,  412.580 ,   61.833 ,    0.599 ,   61.328 ,    0.000 ,        7 , 	)
  82 	 (   5 ,  328.000 ,  508.000 ,        0 ,  351.253 ,  412.580 ,    0.000 ,  412.580 ,  413.580 ,   32.097 ,    0.599 ,   61.328 ,    0.000 ,        8 , 	)
  94 	 (   2 ,  380.000 ,  560.000 ,        0 ,  363.617 ,  424.944 ,    0.000 ,  424.944 ,  427.944 ,   60.617 ,    0.599 ,   44.944 ,    0.162 ,        9 , 	)
 119 	 (   0 ,  333.000 ,  513.000 ,        0 ,  386.204 ,  431.148 ,    0.000 ,  431.148 ,  433.148 ,   82.401 ,    0.599 ,   44.944 ,    1.011 ,       10 , 	)
  13 	 (   2 ,  240.000 ,  480.000 ,        0 ,  399.695 ,  444.639 ,    0.000 ,  444.639 ,  446.639 ,    0.000 ,   15.927 ,   44.944 ,   10.829 ,       11 , 	)
  23 	 (   5 ,  240.000 ,  480.000 ,        0 ,  419.129 ,  464.073 ,    0.000 ,  464.073 ,  467.073 ,    0.000 ,   15.927 ,   44.944 ,    6.035 ,       12 , 	)
  25 	 (   6 ,  480.000 ,  540.000 ,        0 ,  435.056 ,  480.000 ,    0.000 ,  480.000 ,  481.000 ,    0.000 ,   25.268 ,    0.000 ,    7.902 ,       13 , 	)
  95 	 (   5 ,  489.635 ,  576.000 ,        0 ,  489.635 ,  489.635 ,    0.000 ,  489.635 ,  490.635 ,    8.635 ,   25.268 ,    0.000 ,    1.582 ,       14 , 	)
   2 	 (   6 ,  480.000 ,  600.000 ,        0 ,  493.718 ,  493.718 ,    0.000 ,  493.718 ,  494.718 ,    0.000 ,   25.268 ,    0.000 ,    2.974 ,       15 , 	)
  93 	 (   3 ,  373.000 ,  553.000 ,        0 ,  527.732 ,  527.732 ,    0.000 ,  527.732 ,  530.732 ,   60.659 ,   25.268 ,    0.000 ,    1.917 ,       16 , 	)
  72 	 (   2 ,  514.876 ,  737.000 ,        0 ,  533.511 ,  533.511 ,    0.000 ,  533.511 ,  534.511 ,   38.792 ,   25.541 ,    0.000 ,    0.374 ,       17 , 	)
  59 	 (   3 ,  540.000 ,  660.000 ,        0 ,  544.871 ,  544.871 ,    0.000 ,  544.871 ,  545.871 ,    0.000 ,   25.541 ,    0.000 ,    0.000 ,       18 , 	)
  83 	 (   1 ,  359.000 ,  599.000 ,        0 ,  545.871 ,  545.871 ,    0.000 ,  545.871 ,  547.871 ,   99.232 ,   25.541 ,    0.000 ,    0.000 ,       19 , 	)
  30 	 (   4 ,  480.000 ,  600.000 ,        0 ,  574.459 ,  574.459 ,    0.000 ,  574.459 ,  577.459 ,    0.000 ,   25.541 ,    0.000 ,    6.959 ,       20 , 	)
 129 	 (   3 ,  589.000 ,  767.000 ,        0 ,  597.471 ,  597.471 ,    0.000 ,  597.471 ,  598.471 ,   51.599 ,   54.401 ,    0.000 ,    2.098 ,       21 , 	)
  26 	 (   4 ,  540.000 ,  720.000 ,        0 ,  609.025 ,  609.025 ,    0.000 ,  609.025 ,  610.025 ,    0.000 ,  110.975 ,    0.000 ,    0.729 ,       22 , 	)
  96 	 (   3 ,  585.000 ,  821.000 ,        0 ,  647.269 ,  647.269 ,    0.000 ,  647.269 ,  648.269 ,   37.244 ,   62.756 ,    0.000 ,    0.973 ,       23 , 	)
 100 	 (   0 ,  647.000 ,  827.000 ,        0 ,  657.268 ,  657.268 ,    0.000 ,  657.268 ,  660.268 ,   79.808 ,  169.732 ,    0.000 ,    9.454 ,       24 , 	)
 141 	 (   0 ,    0.000 , 1440.000 ,        0 ,  710.268 ,  710.268 ,    0.000 ,  710.268 ,  710.268 ,    0.000 ,  729.732 ,    0.000 ,    0.000 ,       25 , 	)

	18 sommets 
	values : ( Cost : 360.409 , TRT : 453.094 , TWT : 152.110 , TD : 538.053 )
	violations : ( VC :       0 , VTW :   0.000 , VTD :   0.000 , VTRT :   0.000 )
	cout global : (   0.000	 )
S(i)	 (   C ,     TW0 ,       TW1 ,       VTW ,       Min ,       A ,       W ,       B ,       D ,       L ,       F ,       E ,       Det ,       [Imp ,       Imp]	)
   0 	 (   0 ,    0.000 , 1440.000 ,        0 ,    0.000 ,  458.392 ,    0.000 ,  458.392 ,  458.392 ,    0.000 ,    0.000 ,  458.392 ,    0.000 ,        0 , 	)
  57 	 (   4 ,  420.000 ,  480.000 ,        0 ,    8.750 ,  467.142 ,    0.000 ,  467.142 ,  471.142 ,    0.000 ,    0.000 ,   47.142 ,    0.353 ,        1 , 	)
   6 	 (   6 ,  300.000 ,  480.000 ,        0 ,  432.858 ,  480.000 ,    0.000 ,  480.000 ,  482.000 ,    0.000 ,    0.000 ,   47.142 ,    6.743 ,        2 , 	)
  76 	 (   4 ,  343.000 ,  578.000 ,        0 ,  470.617 ,  517.759 ,    0.000 ,  517.759 ,  519.759 ,   35.759 ,   60.241 ,   47.142 ,   16.611 ,        3 , 	)
 127 	 (   0 ,  486.665 ,  651.000 ,        0 ,  513.001 ,  560.143 ,    0.000 ,  560.143 ,  564.143 ,   89.001 ,   77.999 ,   47.142 ,   51.127 ,        4 , 	)
  33 	 (   1 ,  720.000 ,  960.000 ,        0 ,  547.892 ,  595.034 ,  152.110 ,  747.144 ,  748.144 ,    0.000 ,   93.418 ,   27.144 ,   12.943 ,        5 , 	)
  41 	 (   5 ,  720.000 ,  960.000 ,        0 ,  730.041 ,  757.184 ,    0.000 ,  757.184 ,  761.184 ,    0.000 ,   31.808 ,   27.144 ,    1.236 ,        6 , 	)
   4 	 (   6 ,  720.000 ,  900.000 ,        0 ,  745.502 ,  772.646 ,    0.000 ,  772.646 ,  773.646 ,    0.000 ,   31.808 ,   27.144 ,    5.904 ,        7 , 	)
  47 	 (   7 ,  720.000 ,  900.000 ,        0 ,  756.450 ,  783.593 ,    0.000 ,  783.593 ,  784.593 ,    0.000 ,   23.811 ,   27.144 ,    2.791 ,        8 , 	)
  44 	 (   8 ,  746.000 ,  948.635 ,        0 ,  768.667 ,  795.811 ,    0.000 ,  795.811 ,  796.811 ,    0.000 ,   23.811 ,   27.144 ,    0.998 ,        9 , 	)
  74 	 (   7 ,  739.454 ,  951.000 ,        0 ,  772.691 ,  799.835 ,    0.000 ,  799.835 ,  800.835 ,   26.189 ,   23.811 ,   27.144 ,    2.269 ,       10 , 	)
  61 	 (   8 ,  720.000 ,  900.000 ,        0 ,  779.438 ,  806.582 ,    0.000 ,  806.582 ,  807.582 ,    0.000 ,   30.938 ,   27.144 ,    1.573 ,       11 , 	)
 103 	 (   7 ,  799.000 , 1039.000 ,        0 ,  794.192 ,  821.335 ,    0.000 ,  821.335 ,  822.335 ,   73.192 ,   17.021 ,   22.335 ,    2.968 ,       12 , 	)
 117 	 (   6 ,  802.000 ,  982.000 ,        0 ,  814.314 ,  836.649 ,    0.000 ,  836.649 ,  837.649 ,   52.056 ,   17.021 ,   22.335 ,   23.835 ,       13 , 	)
 111 	 (   2 ,  858.000 , 1038.000 ,        0 ,  835.665 ,  858.000 ,    0.000 ,  858.000 ,  862.000 ,   96.816 ,   17.021 ,    0.000 ,    0.456 ,       14 , 	)
 131 	 (   1 ,  751.195 ,  982.000 ,        0 ,  871.561 ,  871.561 ,    0.000 ,  871.561 ,  872.561 ,   63.979 ,   17.021 ,    0.000 ,    3.064 ,       15 , 	)
 114 	 (   0 ,  879.000 ,  999.000 ,        0 ,  897.873 ,  897.873 ,    0.000 ,  897.873 ,  898.873 ,  101.062 ,   30.938 ,    0.000 ,    9.062 ,       16 , 	)
 141 	 (   0 ,    0.000 , 1440.000 ,        0 ,  911.486 ,  911.486 ,    0.000 ,  911.486 ,  911.486 ,    0.000 ,  528.514 ,    0.000 ,    0.000 ,       17 , 	)

	24 sommets 
	values : ( Cost : 440.502 , TRT : 419.904 , TWT :  58.699 , TD : 893.136 )
	violations : ( VC :       0 , VTW :   0.000 , VTD :   0.000 , VTRT :   0.000 )
	cout global : (   0.000	 )
S(i)	 (   C ,     TW0 ,       TW1 ,       VTW ,       Min ,       A ,       W ,       B ,       D ,       L ,       F ,       E ,       Det ,       [Imp ,       Imp]	)
   0 	 (   0 ,    0.000 , 1440.000 ,        0 ,    0.000 ,  807.314 ,    0.000 ,  807.314 ,  807.314 ,    0.000 ,    0.000 ,  807.314 ,    0.000 ,        0 , 	)
   8 	 (   4 ,  727.000 ,  960.000 ,        0 ,    8.750 ,  816.064 ,    0.000 ,  816.064 ,  820.064 ,    0.000 ,    0.000 ,   89.064 ,    0.353 ,        1 , 	)
  70 	 (   5 ,  757.000 ,  871.523 ,        0 ,  767.064 ,  856.128 ,    0.000 ,  856.128 ,  857.128 ,    0.000 ,    0.000 ,   89.064 ,   16.391 ,        2 , 	)
  67 	 (   6 ,  780.000 ,  960.000 ,        0 ,  778.083 ,  867.147 ,    0.000 ,  867.147 ,  868.147 ,    0.000 ,    0.000 ,   87.147 ,    0.326 ,        3 , 	)
  69 	 (   7 ,  720.000 ,  960.000 ,        0 ,  795.644 ,  882.791 ,    0.000 ,  882.791 ,  883.791 ,    0.000 ,    0.000 ,   87.147 ,    2.011 ,        4 , 	)
  78 	 (   3 ,  819.000 ,  999.000 ,        0 ,  807.573 ,  894.720 ,    0.000 ,  894.720 ,  898.720 ,   74.656 ,    0.000 ,   75.720 ,    7.303 ,        5 , 	)
 140 	 (   2 ,  845.000 ,  905.000 ,        0 ,  829.280 ,  905.000 ,    0.000 ,  905.000 ,  906.000 ,   47.872 ,    0.000 ,   60.000 ,   -0.870 ,        6 , 	)
 139 	 (   1 ,  767.000 , 1007.000 ,        0 ,  861.014 ,  921.014 ,    0.000 ,  921.014 ,  922.014 ,   37.223 ,   12.699 ,   60.000 ,    6.253 ,        7 , 	)
  46 	 (   2 ,  720.000 ,  960.000 ,        0 ,  887.301 ,  947.301 ,   12.699 ,  960.000 ,  961.000 ,    0.000 ,    0.000 ,   72.699 ,   36.615 ,        8 , 	)
 137 	 (   1 ,  888.000 , 1068.000 ,        0 ,  920.592 ,  993.292 ,    0.000 ,  993.292 ,  994.292 ,  125.145 ,   18.855 ,   72.699 ,   23.880 ,        9 , 	)
  58 	 (   3 ,  960.000 , 1200.000 ,        0 ,  940.844 , 1013.543 ,   46.000 , 1059.543 , 1061.543 ,    0.000 ,    1.511 ,   99.543 ,    1.656 ,       10 , 	)
  14 	 (   4 , 1020.000 , 1200.000 ,        0 ,  965.369 , 1064.912 ,    0.000 , 1064.912 , 1065.912 ,    0.000 ,    1.511 ,   44.912 ,    0.992 ,       11 , 	)
  22 	 (   5 , 1080.000 , 1140.000 ,        0 , 1035.088 , 1080.000 ,    0.000 , 1080.000 , 1081.000 ,    0.000 ,    1.511 ,    0.000 ,    0.276 ,       12 , 	)
  65 	 (   6 ,  960.000 , 1140.000 ,        0 , 1087.405 , 1087.405 ,    0.000 , 1087.405 , 1088.405 ,    0.000 ,    1.511 ,   -0.000 ,    6.126 ,       13 , 	)
  66 	 (   7 ,  960.000 , 1200.000 ,        0 , 1098.015 , 1098.015 ,    0.000 , 1098.015 , 1099.015 ,    0.000 ,    1.511 ,   -0.000 ,    0.265 ,       14 , 	)
 135 	 (   6 ,  988.000 , 1168.000 ,        0 , 1106.462 , 1106.462 ,    0.000 , 1106.462 , 1107.462 ,   18.056 ,    1.511 ,   -0.000 ,    3.388 ,       15 , 	)
   7 	 (   7 ,  993.000 , 1174.156 ,        0 , 1116.102 , 1116.102 ,    0.000 , 1116.102 , 1117.102 ,    0.000 ,    1.511 ,   -0.000 ,   -2.056 ,       16 , 	)
  92 	 (   6 , 1118.633 , 1242.000 ,        0 , 1132.583 , 1132.583 ,    0.000 , 1132.583 , 1133.583 ,   51.583 ,    1.511 ,   -0.000 ,   13.333 ,       17 , 	)
  84 	 (   5 , 1139.000 , 1259.000 ,        0 , 1145.193 , 1145.193 ,    0.000 , 1145.193 , 1146.193 ,   79.281 ,    1.511 ,   -0.000 ,    1.334 ,       18 , 	)
 128 	 (   3 , 1049.000 , 1289.000 ,        0 , 1157.042 , 1157.042 ,    0.000 , 1157.042 , 1159.042 ,   95.499 ,    1.511 ,   -0.000 ,    0.664 ,       19 , 	)
 116 	 (   2 ,  988.000 , 1168.000 ,        0 , 1166.489 , 1166.489 ,    0.000 , 1166.489 , 1167.489 ,  205.489 ,    1.511 ,   -0.000 ,    4.217 ,       20 , 	)
  77 	 (   1 , 1143.000 , 1203.000 ,        0 , 1176.887 , 1176.887 ,    0.000 , 1176.887 , 1177.887 ,   59.786 ,   23.455 ,   -0.000 ,   -5.648 ,       21 , 	)
 136 	 (   0 , 1051.000 , 1291.000 ,        0 , 1197.560 , 1197.560 ,    0.000 , 1197.560 , 1198.560 ,   98.545 ,   23.455 ,   -0.000 ,    3.868 ,       22 , 	)
 141 	 (   0 ,    0.000 , 1440.000 ,        0 , 1227.217 , 1227.217 ,    0.000 , 1227.217 , 1227.217 ,    0.000 ,  212.783 ,   -0.000 ,    0.000 ,       23 , 	)

	24 sommets 
	values : ( Cost : 453.538 , TRT : 369.006 , TWT :   0.000 , TD : 578.376 )
	violations : ( VC :       0 , VTW :   0.000 , VTD :   0.000 , VTRT :   0.000 )
	cout global : (   0.000	 )
S(i)	 (   C ,     TW0 ,       TW1 ,       VTW ,       Min ,       A ,       W ,       B ,       D ,       L ,       F ,       E ,       Det ,       [Imp ,       Imp]	)
   0 	 (   0 ,    0.000 , 1440.000 ,        0 ,    0.000 ,  258.456 ,    0.000 ,  258.456 ,  258.456 ,    0.000 ,   17.438 ,  258.456 ,    0.000 ,        0 , 	)
  19 	 (   1 ,  240.000 ,  420.000 ,        0 ,    9.706 ,  268.162 ,    0.000 ,  268.162 ,  269.162 ,    0.000 ,   17.438 ,   28.162 ,    1.077 ,        1 , 	)
   9 	 (   2 ,  240.000 ,  480.000 ,        0 ,  247.587 ,  275.749 ,    0.000 ,  275.749 ,  276.749 ,    0.000 ,   17.438 ,   28.162 ,    2.786 ,        2 , 	)
  89 	 (   1 ,  270.928 ,  501.000 ,        0 ,  274.714 ,  302.875 ,    0.000 ,  302.875 ,  303.875 ,   33.714 ,   17.438 ,   28.162 ,    0.711 ,        3 , 	)
  79 	 (   0 ,  317.000 ,  557.000 ,        0 ,  288.838 ,  317.000 ,    0.000 ,  317.000 ,  318.000 ,   40.251 ,   17.438 ,    0.000 ,   17.485 ,        4 , 	)
  43 	 (   1 ,  286.000 ,  445.083 ,        0 ,  359.582 ,  359.582 ,    0.000 ,  359.582 ,  360.582 ,    0.000 ,   17.438 ,    0.000 ,    1.267 ,        5 , 	)
  34 	 (   4 ,  240.000 ,  480.000 ,        0 ,  379.975 ,  379.975 ,    0.000 ,  379.975 ,  382.975 ,    0.000 ,   17.438 ,    0.000 ,    6.197 ,        6 , 	)
  55 	 (   5 ,  242.000 ,  480.000 ,        0 ,  391.305 ,  391.305 ,    0.000 ,  391.305 ,  392.305 ,    0.000 ,   16.049 ,    0.000 ,    6.856 ,        7 , 	)
 113 	 (   4 ,  365.000 ,  485.000 ,        0 ,  410.548 ,  410.548 ,    0.000 ,  410.548 ,  411.548 ,   49.966 ,   16.049 ,    0.000 ,    1.568 ,        8 , 	)
  50 	 (   5 ,  300.000 ,  480.000 ,        0 ,  416.702 ,  416.702 ,    0.000 ,  416.702 ,  417.702 ,    0.000 ,   16.049 ,    0.000 ,    5.477 ,        9 , 	)
  45 	 (   6 ,  240.000 ,  480.000 ,        0 ,  429.254 ,  429.254 ,    0.000 ,  429.254 ,  430.254 ,    0.000 ,   16.049 ,    0.000 ,   -2.512 ,       10 , 	)
 120 	 (   5 ,  356.000 ,  536.000 ,        0 ,  444.162 ,  444.162 ,    0.000 ,  444.162 ,  445.162 ,   26.460 ,    9.233 ,    0.000 ,    0.000 ,       11 , 	)
  27 	 (   6 ,  249.000 ,  478.435 ,        0 ,  445.162 ,  445.162 ,    0.000 ,  445.162 ,  446.162 ,    0.000 ,    9.233 ,    0.000 ,    0.000 ,       12 , 	)
 125 	 (   5 ,  351.000 ,  531.000 ,        0 ,  467.699 ,  467.699 ,    0.000 ,  467.699 ,  468.699 ,   75.394 ,    9.233 ,    0.000 ,    0.168 ,       13 , 	)
  97 	 (   4 ,  329.000 ,  509.000 ,        0 ,  476.895 ,  476.895 ,    0.000 ,  476.895 ,  477.895 ,   30.733 ,    9.233 ,    0.000 ,    8.977 ,       14 , 	)
 104 	 (   1 ,  373.000 ,  553.000 ,        0 ,  501.926 ,  501.926 ,    0.000 ,  501.926 ,  504.926 ,  118.951 ,    9.233 ,    0.000 ,   17.264 ,       15 , 	)
 115 	 (   0 ,  313.000 ,  553.000 ,        0 ,  519.021 ,  519.021 ,    0.000 ,  519.021 ,  520.021 ,   88.767 ,    9.233 ,    0.000 ,    3.570 ,       16 , 	)
  60 	 (   1 ,  540.000 ,  720.000 ,        0 ,  553.695 ,  553.695 ,    0.000 ,  553.695 ,  554.695 ,    0.000 ,   17.438 ,    0.000 ,   16.729 ,       17 , 	)
  48 	 (   2 ,  490.000 ,  598.242 ,        0 ,  573.328 ,  573.328 ,    0.000 ,  573.328 ,  574.328 ,    0.000 ,   17.438 ,    0.000 ,    0.629 ,       18 , 	)
  21 	 (   4 ,  540.000 ,  720.000 ,        0 ,  586.932 ,  586.932 ,    0.000 ,  586.932 ,  588.932 ,    0.000 ,   17.438 ,    0.000 ,    2.174 ,       19 , 	)
 130 	 (   3 ,  599.000 ,  839.000 ,        0 ,  600.704 ,  600.704 ,    0.000 ,  600.704 ,  601.704 ,   46.009 ,   17.438 ,    0.000 ,    2.297 ,       20 , 	)
 118 	 (   2 ,  568.000 ,  628.000 ,        0 ,  610.562 ,  610.562 ,    0.000 ,  610.562 ,  611.562 ,   36.234 ,   17.438 ,    0.000 ,    0.401 ,       21 , 	)
  91 	 (   0 ,  569.247 ,  795.000 ,        0 ,  620.829 ,  620.829 ,    0.000 ,  620.829 ,  622.829 ,   31.897 ,   41.103 ,    0.000 ,    5.150 ,       22 , 	)
 141 	 (   0 ,    0.000 , 1440.000 ,        0 ,  627.462 ,  627.462 ,    0.000 ,  627.462 ,  627.462 ,    0.000 ,  812.538 ,    0.000 ,    0.000 ,       23 , 	)

	18 sommets 
	values : ( Cost : 382.999 , TRT : 319.969 , TWT :   0.000 , TD : 563.013 )
	violations : ( VC :       0 , VTW :   0.000 , VTD :   0.000 , VTRT :   0.000 )
	cout global : (   0.000	 )
S(i)	 (   C ,     TW0 ,       TW1 ,       VTW ,       Min ,       A ,       W ,       B ,       D ,       L ,       F ,       E ,       Det ,       [Imp ,       Imp]	)
   0 	 (   0 ,    0.000 , 1440.000 ,        0 ,    0.000 ,  613.902 ,    0.000 ,  613.902 ,  613.902 ,    0.000 ,    0.043 ,  613.901 ,    0.000 ,        0 , 	)
   3 	 (   2 ,  547.000 ,  661.533 ,        0 ,   23.783 ,  637.685 ,    0.000 ,  637.685 ,  639.685 ,    0.000 ,    0.043 ,   90.685 ,    9.311 ,        1 , 	)
  64 	 (   6 ,  480.000 ,  660.000 ,        0 ,  560.162 ,  650.847 ,    0.000 ,  650.847 ,  654.847 ,    0.000 ,    0.043 ,   90.685 ,    4.878 ,        2 , 	)
  73 	 (   4 ,  636.000 ,  696.000 ,        0 ,  590.345 ,  681.030 ,    0.000 ,  681.030 ,  683.030 ,   41.345 ,    0.043 ,   45.030 ,   34.165 ,        3 , 	)
  10 	 (   5 ,  720.000 ,  780.000 ,        0 ,  674.970 ,  720.000 ,    0.000 ,  720.000 ,  721.000 ,    0.000 ,    0.043 ,    0.000 ,   -0.766 ,        4 , 	)
 134 	 (   1 ,  526.000 ,  761.000 ,        0 ,  741.000 ,  741.000 ,    0.000 ,  741.000 ,  745.000 ,   86.153 ,    0.043 ,    0.000 ,   11.595 ,        5 , 	)
  42 	 (   5 ,  720.000 ,  780.000 ,        0 ,  758.683 ,  758.683 ,    0.000 ,  758.683 ,  762.683 ,    0.000 ,    0.043 ,    0.000 ,    3.898 ,        6 , 	)
  20 	 (   6 ,  720.000 ,  900.000 ,        0 ,  788.926 ,  788.926 ,    0.000 ,  788.926 ,  789.926 ,    0.000 ,    0.043 ,    0.000 ,    1.189 ,        7 , 	)
  31 	 (   7 ,  720.000 ,  960.000 ,        0 ,  798.693 ,  798.693 ,    0.000 ,  798.693 ,  799.693 ,    0.000 ,    0.043 ,    0.000 ,    8.775 ,        8 , 	)
  80 	 (   6 ,  783.352 ,  947.000 ,        0 ,  810.482 ,  810.482 ,    0.000 ,  810.482 ,  811.482 ,   89.482 ,    0.043 ,    0.000 ,    0.000 ,        9 , 	)
 112 	 (   2 ,  756.120 ,  870.000 ,        0 ,  811.482 ,  811.482 ,    0.000 ,  811.482 ,  815.482 ,   48.799 ,    0.043 ,    0.000 ,    0.000 ,       10 , 	)
  16 	 (   3 ,  720.000 ,  840.000 ,        0 ,  839.957 ,  839.957 ,    0.000 ,  839.957 ,  840.957 ,    0.000 ,    0.043 ,    0.000 ,    2.814 ,       11 , 	)
  40 	 (   5 ,  840.000 ,  900.000 ,        0 ,  857.917 ,  857.917 ,    0.000 ,  857.917 ,  859.917 ,    0.000 ,    9.078 ,    0.000 ,   17.881 ,       12 , 	)
  90 	 (   4 ,  771.000 , 1009.000 ,        0 ,  879.874 ,  879.874 ,    0.000 ,  879.874 ,  880.874 ,   89.948 ,    9.078 ,    0.000 ,    1.211 ,       13 , 	)
  86 	 (   3 ,  747.292 ,  911.000 ,        0 ,  890.800 ,  890.800 ,    0.000 ,  890.800 ,  891.800 ,   49.843 ,    9.078 ,    0.000 ,    3.392 ,       14 , 	)
 110 	 (   1 ,  874.250 , 1031.000 ,        0 ,  901.438 ,  901.438 ,    0.000 ,  901.438 ,  903.438 ,   41.521 ,    9.078 ,    0.000 ,    4.488 ,       15 , 	)
 101 	 (   0 ,  814.000 , 1054.000 ,        0 ,  915.615 ,  915.615 ,    0.000 ,  915.615 ,  916.615 ,  115.922 ,    9.078 ,    0.000 ,    6.912 ,       16 , 	)
 141 	 (   0 ,    0.000 , 1440.000 ,        0 ,  933.871 ,  933.871 ,    0.000 ,  933.871 ,  933.871 ,    0.000 ,  506.129 ,    0.000 ,    0.000 ,       17 , 	)

	10 sommets 
	values : ( Cost : 263.493 , TRT : 220.115 , TWT :   0.000 , TD : 257.594 )
	violations : ( VC :       0 , VTW :   0.000 , VTD :   0.000 , VTRT :   0.000 )
	cout global : (   0.000	 )
S(i)	 (   C ,     TW0 ,       TW1 ,       VTW ,       Min ,       A ,       W ,       B ,       D ,       L ,       F ,       E ,       Det ,       [Imp ,       Imp]	)
   0 	 (   0 ,    0.000 , 1440.000 ,        0 ,    0.000 ,  211.035 ,    0.000 ,  211.035 ,  211.035 ,    0.000 ,   54.353 ,  211.035 ,    0.000 ,        0 , 	)
   5 	 (   2 ,  240.000 ,  420.000 ,        0 ,   28.965 ,  240.000 ,    0.000 ,  240.000 ,  242.000 ,    0.000 ,   54.353 ,    0.000 ,    3.159 ,        1 , 	)
  54 	 (   6 ,  240.000 ,  420.000 ,        0 ,  260.656 ,  260.656 ,    0.000 ,  260.656 ,  264.656 ,    0.000 ,   20.418 ,    0.000 ,   30.367 ,        2 , 	)
  37 	 (   7 ,  240.000 ,  420.000 ,        0 ,  297.029 ,  297.029 ,    0.000 ,  297.029 ,  298.029 ,    0.000 ,   20.418 ,    0.000 ,    2.879 ,        3 , 	)
  75 	 (   5 ,  308.000 ,  488.000 ,        0 ,  311.582 ,  311.582 ,    0.000 ,  311.582 ,  313.582 ,   69.582 ,   20.418 ,    0.000 ,   -0.647 ,        4 , 	)
 107 	 (   4 ,  296.000 ,  536.000 ,        0 ,  342.501 ,  342.501 ,    0.000 ,  342.501 ,  343.501 ,   44.471 ,   54.353 ,    0.000 ,    2.763 ,        5 , 	)
   1 	 (   8 ,  240.000 ,  420.000 ,        0 ,  365.647 ,  365.647 ,    0.000 ,  365.647 ,  369.647 ,    0.000 ,   54.353 ,    0.000 ,    0.727 ,        6 , 	)
 124 	 (   4 ,  372.000 ,  612.000 ,        0 ,  380.435 ,  380.435 ,    0.000 ,  380.435 ,  384.435 ,  115.780 ,   30.239 ,    0.000 ,    9.380 ,        7 , 	)
  71 	 (   0 ,  258.380 ,  482.000 ,        0 ,  397.408 ,  397.408 ,    0.000 ,  397.408 ,  401.408 ,   27.761 ,   30.239 ,    0.000 ,    0.170 ,        8 , 	)
 141 	 (   0 ,    0.000 , 1440.000 ,        0 ,  431.150 ,  431.150 ,    0.000 ,  431.150 ,  431.150 ,    0.000 , 1008.850 ,    0.000 ,    0.000 ,        9 , 	)

	20 sommets 
	values : ( Cost : 443.591 , TRT : 475.015 , TWT :  87.488 , TD : 569.124 )
	violations : ( VC :       0 , VTW :   0.000 , VTD :   0.000 , VTRT :   0.000 )
	cout global : (   0.000	 )
S(i)	 (   C ,     TW0 ,       TW1 ,       VTW ,       Min ,       A ,       W ,       B ,       D ,       L ,       F ,       E ,       Det ,       [Imp ,       Imp]	)
   0 	 (   0 ,    0.000 , 1440.000 ,        0 ,    0.000 ,  803.839 ,    0.000 ,  803.839 ,  803.839 ,    0.000 ,    0.000 ,  803.839 ,    0.000 ,        0 , 	)
  32 	 (   2 ,  732.000 ,  954.716 ,        0 ,    4.633 ,  808.472 ,    0.000 ,  808.472 ,  810.472 ,    0.000 ,    0.000 ,   76.472 ,    1.377 ,        1 , 	)
  36 	 (   5 ,  720.000 ,  960.000 ,        0 ,  755.230 ,  831.702 ,    0.000 ,  831.702 ,  834.702 ,    0.000 ,    0.000 ,   76.472 ,    3.956 ,        2 , 	)
 102 	 (   3 ,  802.000 ,  982.000 ,        0 ,  766.241 ,  842.713 ,    0.000 ,  842.713 ,  844.713 ,   32.241 ,    0.000 ,   40.713 ,   -0.017 ,        3 , 	)
  28 	 (   4 ,  720.000 ,  900.000 ,        0 ,  814.855 ,  855.568 ,    0.000 ,  855.568 ,  856.568 ,    0.000 ,    0.000 ,   40.713 ,    0.470 ,        4 , 	)
  35 	 (   8 ,  720.000 ,  960.000 ,        0 ,  831.704 ,  872.417 ,    0.000 ,  872.417 ,  876.417 ,    0.000 ,    0.000 ,   40.713 ,    1.734 ,        5 , 	)
 106 	 (   5 ,  855.000 , 1095.000 ,        0 ,  843.035 ,  883.748 ,    0.000 ,  883.748 ,  886.748 ,   49.046 ,    0.000 ,   28.748 ,    0.852 ,        6 , 	)
  17 	 (   7 ,  780.000 ,  900.000 ,        0 ,  871.252 ,  900.000 ,    0.000 ,  900.000 ,  902.000 ,    0.000 ,    0.000 ,   28.748 ,    0.417 ,        7 , 	)
  98 	 (   6 ,  800.000 ,  980.000 ,        0 ,  886.276 ,  915.024 ,    0.000 ,  915.024 ,  916.024 ,   58.456 ,    8.923 ,   28.748 ,   15.441 ,        8 , 	)
 105 	 (   2 ,  826.000 , 1006.000 ,        0 ,  899.694 ,  928.442 ,    0.000 ,  928.442 ,  932.442 ,   52.026 ,    8.923 ,   28.748 ,   -1.320 ,        9 , 	)
  15 	 (   6 ,  780.000 ,  960.000 ,        0 ,  922.329 ,  951.077 ,    8.923 ,  960.000 ,  964.000 ,    0.000 ,    0.000 ,   37.671 ,   11.741 ,       10 , 	)
  87 	 (   4 ,  815.087 ,  991.000 ,        0 ,  944.605 ,  982.275 ,    0.000 ,  982.275 ,  984.275 ,   80.275 ,    8.725 ,   37.671 ,   13.170 ,       11 , 	)
  68 	 (   7 ,  981.000 , 1188.044 ,        0 ,  955.183 ,  992.853 ,   78.565 , 1071.419 , 1074.419 ,    0.000 ,    9.660 ,   90.419 ,    1.708 ,       12 , 	)
  85 	 (   3 ,  864.000 , 1104.000 ,        0 , 1003.921 , 1094.340 ,    0.000 , 1094.340 , 1098.340 ,  130.340 ,    9.660 ,   90.419 ,   10.517 ,       13 , 	)
  51 	 (   7 , 1019.000 , 1147.391 ,        0 , 1023.118 , 1113.537 ,    0.000 , 1113.537 , 1117.537 ,    0.000 ,   33.854 ,   90.419 ,   29.843 ,       14 , 	)
 121 	 (   3 , 1114.000 , 1174.000 ,        0 , 1049.727 , 1140.146 ,    0.000 , 1140.146 , 1144.146 ,   22.609 ,   33.854 ,   26.146 ,   15.323 ,       15 , 	)
  39 	 (   7 ,  960.000 , 1200.000 ,        0 , 1126.929 , 1153.075 ,    0.000 , 1153.075 , 1157.075 ,    0.000 ,   46.925 ,   26.146 ,    6.849 ,       16 , 	)
 138 	 (   4 , 1165.000 , 1225.000 ,        0 , 1138.854 , 1165.000 ,    0.000 , 1165.000 , 1168.000 ,   90.581 ,   59.374 ,    0.000 ,    2.366 ,       17 , 	)
 109 	 (   0 , 1090.000 , 1270.000 ,        0 , 1210.626 , 1210.626 ,    0.000 , 1210.626 , 1214.626 ,   53.550 ,   59.374 ,    0.000 ,   57.632 ,       18 , 	)
 141 	 (   0 ,    0.000 , 1440.000 ,        0 , 1278.854 , 1278.854 ,    0.000 , 1278.854 , 1278.854 ,    0.000 ,  161.146 ,   -0.000 ,    0.000 ,       19 , 	)
