12
	VALUE ALL : ( Cost : 4142.250 , TRT : 4087.784 , TWT : 589.310 , TD : 5842.728 )
	VIOLATIONS TOTAL : ( VC :       0 , VTW :   0.000 , VTD :   0.000 , VTRT :   0.000 )
 	COUT_ALL : (   0.003 )  T2B:   21001

	10 sommets 
	values : ( Cost : 176.140 , TRT : 148.436 , TWT :   0.000 , TD : 250.511 )
	violations : ( VC :       0 , VTW :   0.000 , VTD :   0.000 , VTRT :   0.000 )
	cout global : (   0.000	 )
S(i)	 (   C ,     TW0 ,       TW1 ,       VTW ,       Min ,       A ,       W ,       B ,       D ,       L ,       F ,       E ,       Det ,       [Imp ,       Imp]	)
   0 	 (   0 ,    0.000 , 1440.000 ,        0 ,    0.000 ,  297.297 ,    0.000 ,  297.297 ,  297.297 ,    0.000 ,  101.614 ,  297.297 ,    0.000 ,        0 , 	)
  58 	 (   3 ,  242.000 ,  480.000 ,        0 ,   18.089 ,  315.386 ,    0.000 ,  315.386 ,  318.386 ,    0.000 ,  101.614 ,   73.386 ,    0.000 ,        1 , 	)
  54 	 (   4 ,  240.000 ,  420.000 ,        0 ,  245.000 ,  318.386 ,    0.000 ,  318.386 ,  319.386 ,    0.000 ,   41.596 ,   73.386 ,    0.000 ,        2 , 	)
  36 	 (   7 ,  240.000 ,  480.000 ,        0 ,  276.253 ,  349.639 ,    0.000 ,  349.639 ,  352.639 ,    0.000 ,   41.596 ,   73.386 ,    5.153 ,        3 , 	)
  55 	 (   8 ,  360.000 ,  480.000 ,        0 ,  286.614 ,  360.000 ,    0.000 ,  360.000 ,  361.000 ,    0.000 ,    7.936 ,    0.000 ,    0.000 ,        4 , 	)
 138 	 (   7 ,  305.000 ,  485.000 ,        0 ,  361.000 ,  361.000 ,    0.000 ,  361.000 ,  362.000 ,   41.614 ,    7.936 ,    0.000 ,    0.000 ,        5 , 	)
 142 	 (   4 ,  353.000 ,  533.000 ,        0 ,  384.790 ,  384.790 ,    0.000 ,  384.790 ,  387.790 ,   66.404 ,    7.936 ,    0.000 ,   24.442 ,        6 , 	)
 120 	 (   1 ,  297.000 ,  537.000 ,        0 ,  418.703 ,  418.703 ,    0.000 ,  418.703 ,  421.703 ,   66.064 ,    7.936 ,    0.000 ,    0.141 ,        7 , 	)
 139 	 (   0 ,  398.756 ,  582.000 ,        0 ,  437.429 ,  437.429 ,    0.000 ,  437.429 ,  438.429 ,   76.429 ,   24.571 ,    0.000 ,    1.077 ,        8 , 	)
 169 	 (   0 ,    0.000 , 1440.000 ,        0 ,  445.733 ,  445.733 ,    0.000 ,  445.733 ,  445.733 ,    0.000 ,  994.267 ,    0.000 ,    0.000 ,        9 , 	)

	18 sommets 
	values : ( Cost : 400.979 , TRT : 337.488 , TWT :   0.000 , TD : 416.348 )
	violations : ( VC :       0 , VTW :   0.000 , VTD :   0.000 , VTRT :   0.000 )
	cout global : (   0.000	 )
S(i)	 (   C ,     TW0 ,       TW1 ,       VTW ,       Min ,       A ,       W ,       B ,       D ,       L ,       F ,       E ,       Det ,       [Imp ,       Imp]	)
   0 	 (   0 ,    0.000 , 1440.000 ,        0 ,    0.000 ,  713.589 ,    0.000 ,  713.589 ,  713.589 ,    0.000 ,    0.280 ,  713.589 ,    0.000 ,        0 , 	)
  76 	 (   2 ,  720.000 ,  960.000 ,        0 ,   30.744 ,  744.333 ,    0.000 ,  744.333 ,  746.333 ,    0.000 ,    0.280 ,   24.333 ,   15.653 ,        1 , 	)
  35 	 (   3 ,  780.000 ,  900.000 ,        0 ,  770.136 ,  794.469 ,    0.000 ,  794.469 ,  795.469 ,    0.000 ,    0.280 ,   14.469 ,   32.330 ,        2 , 	)
  23 	 (   6 ,  720.000 ,  840.000 ,        0 ,  807.820 ,  822.289 ,    0.000 ,  822.289 ,  825.289 ,    0.000 ,    0.280 ,   14.469 ,    0.000 ,        3 , 	)
 160 	 (   4 ,  806.000 , 1046.000 ,        0 ,  810.820 ,  825.289 ,    0.000 ,  825.289 ,  827.289 ,   78.956 ,    0.280 ,   14.469 ,    0.000 ,        4 , 	)
 119 	 (   3 ,  826.000 , 1002.000 ,        0 ,  832.736 ,  847.205 ,    0.000 ,  847.205 ,  848.205 ,   51.736 ,    0.280 ,   14.469 ,    2.486 ,        5 , 	)
  60 	 (   6 ,  852.000 ,  955.373 ,        0 ,  855.644 ,  870.114 ,    0.000 ,  870.114 ,  873.114 ,    0.000 ,    0.280 ,   14.469 ,   -4.877 ,        6 , 	)
   9 	 (   7 ,  720.000 ,  960.000 ,        0 ,  869.714 ,  884.183 ,    0.000 ,  884.183 ,  885.183 ,    0.000 ,    0.280 ,   14.469 ,    0.000 ,        7 , 	)
 107 	 (   4 ,  830.000 , 1070.000 ,        0 ,  870.714 ,  885.183 ,    0.000 ,  885.183 ,  888.183 ,   59.895 ,    0.280 ,   14.469 ,    0.000 ,        8 , 	)
  93 	 (   3 ,  846.000 , 1086.000 ,        0 ,  911.680 ,  926.149 ,    0.000 ,  926.149 ,  927.149 ,   40.965 ,    0.280 ,   14.469 ,    6.542 ,        9 , 	)
  74 	 (   4 ,  720.000 ,  960.000 ,        0 ,  917.976 ,  932.445 ,    0.000 ,  932.445 ,  933.445 ,    0.000 ,    0.280 ,   14.469 ,    1.636 ,       10 , 	)
 144 	 (   1 ,  924.000 ,  984.000 ,        0 ,  923.592 ,  938.062 ,    0.000 ,  938.062 ,  941.062 ,   64.948 ,    0.280 ,   14.062 ,    3.527 ,       11 , 	)
  13 	 (   4 ,  840.000 ,  960.000 ,        0 ,  945.658 ,  959.720 ,    0.000 ,  959.720 ,  962.720 ,    0.000 ,    0.280 ,   14.062 ,    0.876 ,       12 , 	)
 158 	 (   3 ,  766.000 , 1006.000 ,        0 ,  953.948 ,  968.010 ,    0.000 ,  968.010 ,  969.010 ,   34.565 ,   27.435 ,   14.062 ,    8.708 ,       13 , 	)
  56 	 (   7 ,  960.000 , 1200.000 ,        0 ,  970.035 ,  984.096 ,    0.000 ,  984.096 ,  988.096 ,    0.000 ,   82.620 ,   14.062 ,    4.641 ,       14 , 	)
 140 	 (   3 , 1013.000 , 1253.000 ,        0 ,  998.938 , 1013.000 ,    0.000 , 1013.000 , 1017.000 ,   24.904 ,   42.096 ,    0.000 ,    0.874 ,       15 , 	)
  97 	 (   0 ,  878.756 , 1106.000 ,        0 , 1023.099 , 1023.099 ,    0.000 , 1023.099 , 1026.099 ,   60.380 ,   82.620 ,    0.000 ,   10.792 ,       16 , 	)
 169 	 (   0 ,    0.000 , 1440.000 ,        0 , 1051.077 , 1051.077 ,    0.000 , 1051.077 , 1051.077 ,    0.000 ,  388.923 ,   -0.000 ,    0.000 ,       17 , 	)

	16 sommets 
	values : ( Cost : 414.609 , TRT : 444.619 , TWT : 102.883 , TD : 578.093 )
	violations : ( VC :       0 , VTW :   0.000 , VTD :   0.000 , VTRT :   0.000 )
	cout global : (   0.000	 )
S(i)	 (   C ,     TW0 ,       TW1 ,       VTW ,       Min ,       A ,       W ,       B ,       D ,       L ,       F ,       E ,       Det ,       [Imp ,       Imp]	)
   0 	 (   0 ,    0.000 , 1440.000 ,        0 ,    0.000 ,  551.918 ,    0.000 ,  551.918 ,  551.918 ,    0.000 ,    0.000 ,  551.918 ,    0.000 ,        0 , 	)
  71 	 (   4 ,  485.000 ,  720.000 ,        0 ,   25.832 ,  577.750 ,    0.000 ,  577.750 ,  581.750 ,    0.000 ,    0.000 ,   92.750 ,   -3.164 ,        1 , 	)
  73 	 (   5 ,  480.000 ,  600.000 ,        0 ,  507.250 ,  600.000 ,    0.000 ,  600.000 ,  601.000 ,    0.000 ,    0.000 ,   92.750 ,   19.180 ,        2 , 	)
  14 	 (   6 ,  480.000 ,  720.000 ,        0 ,  520.148 ,  612.898 ,   12.895 ,  625.792 ,  626.792 ,    0.000 ,    0.000 ,  105.644 ,    1.028 ,        3 , 	)
 157 	 (   5 ,  519.720 ,  704.000 ,        0 ,  548.999 ,  654.643 ,    0.000 ,  654.643 ,  655.643 ,   53.643 ,    0.000 ,  105.644 ,    3.378 ,        4 , 	)
 155 	 (   1 ,  585.000 ,  765.000 ,        0 ,  572.105 ,  677.750 ,    0.000 ,  677.750 ,  681.750 ,   96.000 ,    0.000 ,   92.750 ,    6.552 ,        5 , 	)
  98 	 (   0 ,  558.000 ,  798.000 ,        0 ,  595.941 ,  688.691 ,    0.000 ,  688.691 ,  689.691 ,   61.898 ,   32.101 ,   92.750 ,    3.126 ,        6 , 	)
  11 	 (   1 ,  780.000 ,  900.000 ,        0 ,  606.273 ,  699.023 ,   89.988 ,  789.011 ,  790.011 ,    0.000 ,  102.489 ,    9.011 ,    4.226 ,        7 , 	)
  77 	 (   3 ,  720.000 ,  960.000 ,        0 ,  808.905 ,  817.916 ,    0.000 ,  817.916 ,  819.916 ,    0.000 ,   42.783 ,    9.011 ,    3.580 ,        8 , 	)
   5 	 (   6 ,  725.000 ,  960.000 ,        0 ,  818.309 ,  827.320 ,    0.000 ,  827.320 ,  830.320 ,    0.000 ,   42.783 ,    9.011 ,    0.971 ,        9 , 	)
  95 	 (   5 ,  832.476 , 1004.000 ,        0 ,  841.217 ,  850.227 ,    0.000 ,  850.227 ,  851.227 ,   60.217 ,   42.783 ,    9.011 ,    3.676 ,       10 , 	)
  63 	 (   8 ,  720.000 ,  960.000 ,        0 ,  848.500 ,  857.511 ,    0.000 ,  857.511 ,  860.511 ,    0.000 ,  102.320 ,    9.011 ,   10.550 ,       11 , 	)
 147 	 (   5 ,  850.000 , 1090.000 ,        0 ,  899.524 ,  908.535 ,    0.000 ,  908.535 ,  911.535 ,   48.024 ,  102.320 ,    9.011 ,    2.388 ,       12 , 	)
  89 	 (   2 ,  942.000 , 1062.000 ,        0 ,  932.989 ,  942.000 ,    0.000 ,  942.000 ,  945.000 ,  111.680 ,  102.320 ,    0.000 ,   39.341 ,       13 , 	)
 161 	 (   0 ,  923.000 , 1103.000 ,        0 ,  966.547 ,  966.547 ,    0.000 ,  966.547 ,  968.547 ,  146.631 ,  129.369 ,    0.000 ,    2.848 ,       14 , 	)
 169 	 (   0 ,    0.000 , 1440.000 ,        0 ,  996.537 ,  996.537 ,    0.000 ,  996.537 ,  996.537 ,    0.000 ,  443.463 ,    0.000 ,    0.000 ,       15 , 	)

	22 sommets 
	values : ( Cost : 433.456 , TRT : 455.844 , TWT :  75.937 , TD : 610.898 )
	violations : ( VC :       0 , VTW :   0.000 , VTD :   0.000 , VTRT :   0.000 )
	cout global : (   0.000	 )
S(i)	 (   C ,     TW0 ,       TW1 ,       VTW ,       Min ,       A ,       W ,       B ,       D ,       L ,       F ,       E ,       Det ,       [Imp ,       Imp]	)
   0 	 (   0 ,    0.000 , 1440.000 ,        0 ,    0.000 ,  625.134 ,    0.000 ,  625.134 ,  625.134 ,    0.000 ,    0.000 ,  625.134 ,    0.000 ,        0 , 	)
  32 	 (   1 ,  480.000 ,  720.000 ,        0 ,   12.871 ,  638.005 ,    0.000 ,  638.005 ,  639.005 ,    0.000 ,    0.000 ,  158.005 ,    7.855 ,        1 , 	)
  68 	 (   3 ,  480.000 ,  660.000 ,        0 ,  501.995 ,  660.000 ,    0.000 ,  660.000 ,  662.000 ,    0.000 ,    0.000 ,  158.005 ,   13.037 ,        2 , 	)
  72 	 (   7 ,  540.000 ,  720.000 ,        0 ,  518.319 ,  676.323 ,    4.228 ,  680.551 ,  684.551 ,    0.000 ,    0.000 ,  140.551 ,    7.892 ,        3 , 	)
 156 	 (   3 ,  616.000 ,  796.000 ,        0 ,  580.447 ,  720.998 ,    0.000 ,  720.998 ,  724.998 ,   36.447 ,    0.000 ,  104.998 ,    9.246 ,        4 , 	)
 152 	 (   1 ,  556.000 ,  736.000 ,        0 ,  631.002 ,  736.000 ,    0.000 ,  736.000 ,  738.000 ,   74.000 ,    0.000 ,  104.998 ,    2.138 ,        5 , 	)
   6 	 (   3 ,  720.000 ,  960.000 ,        0 ,  646.583 ,  751.580 ,   56.420 ,  808.000 ,  810.000 ,    0.000 ,    0.000 ,   88.000 ,    0.000 ,        6 , 	)
 116 	 (   2 ,  630.000 ,  810.000 ,        0 ,  722.000 ,  810.000 ,    0.000 ,  810.000 ,  811.000 ,  170.995 ,    0.000 ,   88.000 ,    0.000 ,        7 , 	)
  90 	 (   0 ,  823.000 , 1063.000 ,        0 ,  753.668 ,  841.668 ,    0.000 ,  841.668 ,  843.668 ,   31.668 ,    0.302 ,   18.668 ,    1.819 ,        8 , 	)
  50 	 (   3 ,  720.000 ,  960.000 ,        0 ,  830.775 ,  849.443 ,    0.302 ,  849.745 ,  852.745 ,    0.000 ,    0.000 ,   18.970 ,    0.208 ,        9 , 	)
  80 	 (   7 ,  780.000 ,  960.000 ,        0 ,  839.006 ,  857.976 ,    0.000 ,  857.976 ,  861.976 ,    0.000 ,    0.000 ,   18.970 ,   -2.636 ,       10 , 	)
  48 	 (   8 ,  720.000 ,  900.000 ,        0 ,  881.030 ,  900.000 ,    0.000 ,  900.000 ,  901.000 ,    0.000 ,    0.000 ,   18.970 ,    6.389 ,       11 , 	)
 134 	 (   5 ,  807.000 , 1047.000 ,        0 ,  893.677 ,  912.647 ,    0.000 ,  912.647 ,  915.647 ,   59.902 ,   42.098 ,   18.970 ,    1.066 ,       12 , 	)
 164 	 (   1 ,  865.000 , 1045.000 ,        0 ,  907.805 ,  926.774 ,    0.000 ,  926.774 ,  930.774 ,   64.798 ,   42.683 ,   18.970 ,    0.823 ,       13 , 	)
  66 	 (   5 ,  960.000 , 1140.000 ,        0 ,  926.347 ,  945.317 ,   14.987 ,  960.305 ,  964.305 ,    0.000 ,   27.695 ,    0.305 ,    0.000 ,       14 , 	)
 132 	 (   4 ,  758.000 ,  992.000 ,        0 ,  964.000 ,  964.305 ,    0.000 ,  964.305 ,  965.305 ,   63.305 ,   27.695 ,    0.305 ,    0.000 ,       15 , 	)
  44 	 (   7 ,  960.000 , 1140.000 ,        0 ,  978.844 ,  979.149 ,    0.000 ,  979.149 ,  982.149 ,    0.000 ,   41.129 ,    0.305 ,    2.318 ,       16 , 	)
 150 	 (   3 ,  992.553 , 1220.000 ,        0 ,  998.871 ,  999.176 ,    0.000 ,  999.176 , 1003.176 ,   34.871 ,    8.048 ,    0.305 ,   13.593 ,       17 , 	)
  33 	 (   6 ,  969.000 , 1199.617 ,        0 , 1016.735 , 1017.040 ,    0.000 , 1017.040 , 1020.040 ,    0.000 ,    8.048 ,    0.305 ,    6.891 ,       18 , 	)
 128 	 (   3 ,  995.000 , 1175.000 ,        0 , 1023.796 , 1024.101 ,    0.000 , 1024.101 , 1027.101 ,   41.952 ,    8.048 ,    0.305 ,   -0.423 ,       19 , 	)
 117 	 (   0 , 1053.000 , 1233.000 ,        0 , 1052.695 , 1053.000 ,    0.000 , 1053.000 , 1056.000 ,   32.960 ,   48.040 ,    0.000 ,    1.553 ,       20 , 	)
 169 	 (   0 ,    0.000 , 1440.000 ,        0 , 1080.977 , 1080.977 ,    0.000 , 1080.977 , 1080.977 ,    0.000 ,  359.023 ,   -0.000 ,    0.000 ,       21 , 	)

	14 sommets 
	values : ( Cost : 431.221 , TRT : 349.241 , TWT :   1.014 , TD : 311.957 )
	violations : ( VC :       0 , VTW :   0.000 , VTD :   0.000 , VTRT :   0.000 )
	cout global : (   0.000	 )
S(i)	 (   C ,     TW0 ,       TW1 ,       VTW ,       Min ,       A ,       W ,       B ,       D ,       L ,       F ,       E ,       Det ,       [Imp ,       Imp]	)
   0 	 (   0 ,    0.000 , 1440.000 ,        0 ,    0.000 ,  911.762 ,    0.000 ,  911.762 ,  911.762 ,    0.000 ,    0.000 ,  911.762 ,    0.000 ,        0 , 	)
  42 	 (   4 ,  725.000 ,  960.000 ,        0 ,   24.390 ,  936.152 ,    0.000 ,  936.152 ,  940.152 ,    0.000 ,    0.000 ,  211.152 ,   28.171 ,        1 , 	)
  45 	 (   5 ,  720.000 ,  960.000 ,        0 ,  748.848 ,  960.000 ,    0.000 ,  960.000 ,  961.000 ,    0.000 ,    0.000 ,  211.152 ,    9.341 ,        2 , 	)
 126 	 (   1 ,  824.000 , 1004.000 ,        0 ,  774.998 ,  986.150 ,    0.000 ,  986.150 ,  990.150 ,   45.998 ,   17.850 ,  162.150 ,   -0.358 ,        3 , 	)
 129 	 (   0 ,  806.000 , 1046.000 ,        0 ,  845.437 , 1007.586 ,    0.000 , 1007.586 , 1008.586 ,   46.586 ,   38.378 ,  162.150 ,    2.194 ,        4 , 	)
  17 	 (   3 , 1020.000 , 1140.000 ,        0 ,  856.836 , 1018.986 ,    1.014 , 1020.000 , 1023.000 ,    0.000 ,   37.364 ,    0.000 ,    3.067 ,        5 , 	)
  47 	 (   5 ,  960.000 , 1200.000 ,        0 , 1055.032 , 1055.032 ,    0.000 , 1055.032 , 1057.032 ,    0.000 ,   23.748 ,    0.000 ,   33.174 ,        6 , 	)
 101 	 (   2 , 1092.000 , 1212.000 ,        0 , 1093.252 , 1093.252 ,    0.000 , 1093.252 , 1096.252 ,   70.252 ,   23.748 ,    0.000 ,    0.172 ,        7 , 	)
 131 	 (   0 , 1064.000 , 1304.000 ,        0 , 1111.561 , 1111.561 ,    0.000 , 1111.561 , 1113.561 ,   54.529 ,   37.364 ,   -0.000 ,   -4.128 ,        8 , 	)
   8 	 (   1 ,  970.000 , 1196.429 ,        0 , 1143.732 , 1143.732 ,    0.000 , 1143.732 , 1144.732 ,    0.000 ,   37.364 ,   -0.000 ,   -3.510 ,        9 , 	)
  10 	 (   2 , 1020.000 , 1200.000 ,        0 , 1162.636 , 1162.636 ,    0.000 , 1162.636 , 1163.636 ,    0.000 ,   33.482 ,   -0.000 ,   11.947 ,       10 , 	)
  92 	 (   1 , 1045.000 , 1225.000 ,        0 , 1185.250 , 1185.250 ,    0.000 , 1185.250 , 1186.250 ,   40.518 ,   33.482 ,   -0.000 ,   11.120 ,       11 , 	)
  94 	 (   0 , 1102.000 , 1342.000 ,        0 , 1217.710 , 1217.710 ,    0.000 , 1217.710 , 1218.710 ,   54.074 ,  113.926 ,   -0.000 ,   51.798 ,       12 , 	)
 169 	 (   0 ,    0.000 , 1440.000 ,        0 , 1261.002 , 1261.002 ,    0.000 , 1261.002 , 1261.002 ,    0.000 ,  178.998 ,   -0.000 ,    0.000 ,       13 , 	)

	14 sommets 
	values : ( Cost : 274.572 , TRT : 307.350 , TWT :  70.905 , TD : 452.403 )
	violations : ( VC :       0 , VTW :   0.000 , VTD :   0.000 , VTRT :   0.000 )
	cout global : (   0.000	 )
S(i)	 (   C ,     TW0 ,       TW1 ,       VTW ,       Min ,       A ,       W ,       B ,       D ,       L ,       F ,       E ,       Det ,       [Imp ,       Imp]	)
   0 	 (   0 ,    0.000 , 1440.000 ,        0 ,    0.000 ,  637.727 ,    0.000 ,  637.727 ,  637.727 ,    0.000 ,    0.000 ,  637.727 ,    0.000 ,        0 , 	)
  28 	 (   3 ,  480.000 ,  660.000 ,        0 ,   22.273 ,  660.000 ,    0.000 ,  660.000 ,  663.000 ,    0.000 ,    0.000 ,  180.000 ,    6.543 ,        1 , 	)
  15 	 (   7 ,  720.000 ,  900.000 ,        0 ,  499.417 ,  679.417 ,   70.905 ,  750.321 ,  754.321 ,    0.000 ,    0.122 ,   30.321 ,   12.850 ,        2 , 	)
 112 	 (   4 ,  570.000 ,  810.000 ,        0 ,  779.557 ,  809.878 ,    0.000 ,  809.878 ,  812.878 ,  146.878 ,    0.122 ,   30.321 ,    6.926 ,        3 , 	)
  84 	 (   7 ,  720.000 ,  960.000 ,        0 ,  795.083 ,  825.404 ,    0.000 ,  825.404 ,  828.404 ,    0.000 ,   69.321 ,   30.321 ,   11.020 ,        4 , 	)
  99 	 (   3 ,  836.000 , 1016.000 ,        0 ,  805.679 ,  836.000 ,    0.000 ,  836.000 ,  840.000 ,   81.679 ,   54.348 ,    0.000 ,    3.041 ,        5 , 	)
  38 	 (   4 ,  721.000 ,  960.000 ,        0 ,  854.292 ,  854.292 ,    0.000 ,  854.292 ,  855.292 ,    0.000 ,   54.348 ,    0.000 ,    3.522 ,        6 , 	)
  61 	 (   6 ,  780.000 ,  960.000 ,        0 ,  866.808 ,  866.808 ,    0.000 ,  866.808 ,  868.808 ,    0.000 ,   52.164 ,    0.000 ,    8.022 ,        7 , 	)
  20 	 (   8 ,  780.000 ,  960.000 ,        0 ,  879.880 ,  879.880 ,    0.000 ,  879.880 ,  881.880 ,    0.000 ,   16.818 ,    0.000 ,    9.014 ,        8 , 	)
 104 	 (   6 ,  825.000 , 1005.000 ,        0 ,  904.056 ,  904.056 ,    0.000 ,  904.056 ,  906.056 ,   22.176 ,   16.818 ,    0.000 ,    0.000 ,        9 , 	)
 168 	 (   3 ,  821.000 , 1061.000 ,        0 ,  906.056 ,  906.056 ,    0.000 ,  906.056 ,  909.056 ,   77.652 ,   16.818 ,    0.000 ,    0.000 ,       10 , 	)
 122 	 (   2 ,  835.000 , 1015.000 ,        0 ,  916.128 ,  916.128 ,    0.000 ,  916.128 ,  917.128 ,   60.836 ,   16.818 ,    0.000 ,    1.682 ,       11 , 	)
 145 	 (   0 ,  841.000 , 1021.000 ,        0 ,  931.990 ,  931.990 ,    0.000 ,  931.990 ,  933.990 ,   63.182 ,   16.818 ,    0.000 ,    8.125 ,       12 , 	)
 169 	 (   0 ,    0.000 , 1440.000 ,        0 ,  945.077 ,  945.077 ,    0.000 ,  945.077 ,  945.077 ,    0.000 ,  494.923 ,    0.000 ,    0.000 ,       13 , 	)

	22 sommets 
	values : ( Cost : 479.297 , TRT : 404.374 , TWT :   0.000 , TD : 713.374 )
	violations : ( VC :       0 , VTW :   0.000 , VTD :   0.000 , VTRT :   0.000 )
	cout global : (   0.000	 )
S(i)	 (   C ,     TW0 ,       TW1 ,       VTW ,       Min ,       A ,       W ,       B ,       D ,       L ,       F ,       E ,       Det ,       [Imp ,       Imp]	)
   0 	 (   0 ,    0.000 , 1440.000 ,        0 ,    0.000 ,  289.020 ,    0.000 ,  289.020 ,  289.020 ,    0.000 ,    8.347 ,  289.020 ,    0.000 ,        0 , 	)
  78 	 (   1 ,  254.000 ,  472.310 ,        0 ,    8.710 ,  297.730 ,    0.000 ,  297.730 ,  298.730 ,    0.000 ,    8.347 ,   43.730 ,    2.702 ,        1 , 	)
  49 	 (   3 ,  311.000 ,  414.801 ,        0 ,  272.547 ,  316.277 ,    0.000 ,  316.277 ,  318.277 ,    0.000 ,    8.347 ,    5.277 ,    0.497 ,        2 , 	)
  40 	 (   7 ,  240.000 ,  420.000 ,        0 ,  315.829 ,  321.106 ,    0.000 ,  321.106 ,  325.106 ,    0.000 ,    5.277 ,    5.277 ,    5.162 ,        3 , 	)
 162 	 (   6 ,  316.000 ,  496.000 ,        0 ,  340.820 ,  346.096 ,    0.000 ,  346.096 ,  347.096 ,   47.366 ,    5.277 ,    5.277 ,    1.000 ,        4 , 	)
 124 	 (   2 ,  268.911 ,  491.000 ,        0 ,  346.741 ,  352.017 ,    0.000 ,  352.017 ,  356.017 ,   26.911 ,    5.277 ,    5.277 ,    0.000 ,        5 , 	)
  79 	 (   5 ,  240.000 ,  420.000 ,        0 ,  350.741 ,  356.017 ,    0.000 ,  356.017 ,  359.017 ,    0.000 ,    5.277 ,    5.277 ,    0.000 ,        6 , 	)
 133 	 (   3 ,  383.000 ,  443.000 ,        0 ,  377.723 ,  383.000 ,    0.000 ,  383.000 ,  385.000 ,   64.723 ,    2.772 ,    0.000 ,    5.607 ,        7 , 	)
   1 	 (   5 ,  300.000 ,  480.000 ,        0 ,  414.511 ,  414.511 ,    0.000 ,  414.511 ,  416.511 ,    0.000 ,    2.772 ,    0.000 ,   10.077 ,        8 , 	)
  31 	 (   6 ,  300.000 ,  480.000 ,        0 ,  438.717 ,  438.717 ,    0.000 ,  438.717 ,  439.717 ,    0.000 ,    2.772 ,    0.000 ,   25.720 ,        9 , 	)
 163 	 (   3 ,  326.000 ,  506.000 ,        0 ,  457.245 ,  457.245 ,    0.000 ,  457.245 ,  460.245 ,   98.228 ,    2.772 ,    0.000 ,    3.080 ,       10 , 	)
  37 	 (   4 ,  240.000 ,  480.000 ,        0 ,  470.688 ,  470.688 ,    0.000 ,  470.688 ,  471.688 ,    0.000 ,    8.347 ,    0.000 ,   -1.432 ,       11 , 	)
  75 	 (   5 ,  480.000 ,  720.000 ,        0 ,  512.764 ,  512.764 ,    0.000 ,  512.764 ,  513.764 ,    0.000 ,    8.347 ,    0.000 ,   -3.565 ,       12 , 	)
  85 	 (   3 ,  431.000 ,  551.000 ,        0 ,  518.978 ,  518.978 ,    0.000 ,  518.978 ,  520.978 ,  102.468 ,    8.347 ,    0.000 ,    3.410 ,       13 , 	)
 121 	 (   2 ,  364.000 ,  544.000 ,        0 ,  535.653 ,  535.653 ,    0.000 ,  535.653 ,  536.653 ,   63.965 ,    8.347 ,    0.000 ,    5.268 ,       14 , 	)
 159 	 (   1 ,  517.000 ,  757.000 ,        0 ,  541.950 ,  541.950 ,    0.000 ,  541.950 ,  542.950 ,   28.186 ,   21.814 ,    0.000 ,    3.152 ,       15 , 	)
  27 	 (   4 ,  480.000 ,  720.000 ,        0 ,  566.075 ,  566.075 ,    0.000 ,  566.075 ,  569.075 ,    0.000 ,  105.471 ,    0.000 ,    6.953 ,       16 , 	)
 115 	 (   3 ,  459.000 ,  699.000 ,        0 ,  586.247 ,  586.247 ,    0.000 ,  586.247 ,  587.247 ,  146.529 ,    4.637 ,    0.000 ,    4.078 ,       17 , 	)
  21 	 (   7 ,  496.000 ,  715.366 ,        0 ,  597.656 ,  597.656 ,    0.000 ,  597.656 ,  601.656 ,    0.000 ,    4.637 ,    0.000 ,    0.418 ,       18 , 	)
 105 	 (   3 ,  578.000 ,  758.000 ,        0 ,  640.289 ,  640.289 ,    0.000 ,  640.289 ,  644.289 ,   38.634 ,    4.637 ,    0.000 ,   20.444 ,       19 , 	)
 111 	 (   0 ,  558.000 ,  798.000 ,        0 ,  665.438 ,  665.438 ,    0.000 ,  665.438 ,  668.438 ,   96.363 ,    4.637 ,    0.000 ,   -2.269 ,       20 , 	)
 169 	 (   0 ,    0.000 , 1440.000 ,        0 ,  693.394 ,  693.394 ,    0.000 ,  693.394 ,  693.394 ,    0.000 ,  746.606 ,    0.000 ,    0.000 ,       21 , 	)

	12 sommets 
	values : ( Cost : 222.819 , TRT : 197.533 , TWT :   0.000 , TD : 272.065 )
	violations : ( VC :       0 , VTW :   0.000 , VTD :   0.000 , VTRT :   0.000 )
	cout global : (   0.000	 )
S(i)	 (   C ,     TW0 ,       TW1 ,       VTW ,       Min ,       A ,       W ,       B ,       D ,       L ,       F ,       E ,       Det ,       [Imp ,       Imp]	)
   0 	 (   0 ,    0.000 , 1440.000 ,        0 ,    0.000 ,  253.360 ,    0.000 ,  253.360 ,  253.360 ,    0.000 ,   29.187 ,  253.360 ,    0.000 ,        0 , 	)
  82 	 (   4 ,  240.000 ,  420.000 ,        0 ,   12.592 ,  265.953 ,    0.000 ,  265.953 ,  269.953 ,    0.000 ,   29.187 ,   25.953 ,   -9.065 ,        1 , 	)
  43 	 (   8 ,  300.000 ,  480.000 ,        0 ,  274.047 ,  300.000 ,    0.000 ,  300.000 ,  304.000 ,    0.000 ,   29.187 ,    0.000 ,    0.582 ,        2 , 	)
 166 	 (   4 ,  290.000 ,  527.000 ,        0 ,  312.964 ,  312.964 ,    0.000 ,  312.964 ,  316.964 ,   43.011 ,   29.187 ,    0.000 ,    5.183 ,        3 , 	)
  29 	 (   6 ,  240.000 ,  480.000 ,        0 ,  339.271 ,  339.271 ,    0.000 ,  339.271 ,  341.271 ,    0.000 ,   29.187 ,    0.000 ,    3.841 ,        4 , 	)
 127 	 (   2 ,  339.000 ,  572.000 ,        0 ,  353.356 ,  353.356 ,    0.000 ,  353.356 ,  357.356 ,   49.356 ,   29.187 ,    0.000 ,   12.835 ,        5 , 	)
  59 	 (   6 ,  300.000 ,  480.000 ,        0 ,  367.442 ,  367.442 ,    0.000 ,  367.442 ,  371.442 ,    0.000 ,   29.187 ,    0.000 ,   18.183 ,        6 , 	)
  34 	 (   7 ,  300.000 ,  420.000 ,        0 ,  390.813 ,  390.813 ,    0.000 ,  390.813 ,  391.813 ,    0.000 ,   29.187 ,    0.000 ,    4.888 ,        7 , 	)
 113 	 (   5 ,  325.000 ,  565.000 ,        0 ,  417.001 ,  417.001 ,    0.000 ,  417.001 ,  419.001 ,   75.730 ,   17.958 ,    0.000 ,    4.208 ,        8 , 	)
 143 	 (   1 ,  389.000 ,  569.000 ,        0 ,  426.368 ,  426.368 ,    0.000 ,  426.368 ,  430.368 ,   54.926 ,   17.958 ,    0.000 ,    4.663 ,        9 , 	)
 118 	 (   0 ,  326.156 ,  488.000 ,        0 ,  440.855 ,  440.855 ,    0.000 ,  440.855 ,  441.855 ,   49.042 ,   17.958 ,    0.000 ,   -5.876 ,       10 , 	)
 169 	 (   0 ,    0.000 , 1440.000 ,        0 ,  450.893 ,  450.893 ,    0.000 ,  450.893 ,  450.893 ,    0.000 ,  989.107 ,    0.000 ,    0.000 ,       11 , 	)

	20 sommets 
	values : ( Cost : 456.088 , TRT : 378.923 , TWT :   0.000 , TD : 835.497 )
	violations : ( VC :       0 , VTW :   0.000 , VTD :   0.000 , VTRT :   0.000 )
	cout global : (   0.000	 )
S(i)	 (   C ,     TW0 ,       TW1 ,       VTW ,       Min ,       A ,       W ,       B ,       D ,       L ,       F ,       E ,       Det ,       [Imp ,       Imp]	)
   0 	 (   0 ,    0.000 , 1440.000 ,        0 ,    0.000 ,  257.177 ,    0.000 ,  257.177 ,  257.177 ,    0.000 ,   36.522 ,  257.177 ,    0.000 ,        0 , 	)
  62 	 (   2 ,  240.000 ,  480.000 ,        0 ,   22.273 ,  279.450 ,    0.000 ,  279.450 ,  281.450 ,    0.000 ,   36.522 ,   39.450 ,   12.075 ,        1 , 	)
  53 	 (   3 ,  254.000 ,  480.000 ,        0 ,  252.086 ,  291.536 ,    0.000 ,  291.536 ,  292.536 ,    0.000 ,   36.522 ,   37.536 ,    0.702 ,        2 , 	)
  16 	 (   5 ,  240.000 ,  420.000 ,        0 ,  290.580 ,  328.116 ,    0.000 ,  328.116 ,  330.116 ,    0.000 ,   36.522 ,   37.536 ,    0.000 ,        3 , 	)
  18 	 (   7 ,  301.000 ,  431.259 ,        0 ,  292.580 ,  330.116 ,    0.000 ,  330.116 ,  332.116 ,    0.000 ,   36.522 ,   29.116 ,    0.000 ,        4 , 	)
 146 	 (   5 ,  329.000 ,  569.000 ,        0 ,  313.857 ,  342.973 ,    0.000 ,  342.973 ,  344.973 ,   61.523 ,   16.605 ,   13.973 ,   -0.743 ,        5 , 	)
 100 	 (   3 ,  318.000 ,  558.000 ,        0 ,  359.665 ,  373.638 ,    0.000 ,  373.638 ,  375.638 ,   43.523 ,   16.605 ,   13.973 ,   22.617 ,        6 , 	)
   7 	 (   4 ,  240.000 ,  480.000 ,        0 ,  378.027 ,  392.000 ,    0.000 ,  392.000 ,  393.000 ,    0.000 ,   16.605 ,   13.973 ,   -1.658 ,        7 , 	)
  19 	 (   5 ,  300.000 ,  480.000 ,        0 ,  389.622 ,  403.595 ,    0.000 ,  403.595 ,  404.595 ,    0.000 ,   11.244 ,   13.973 ,    4.041 ,        8 , 	)
  39 	 (   7 ,  240.000 ,  480.000 ,        0 ,  402.900 ,  416.873 ,    0.000 ,  416.873 ,  418.873 ,    0.000 ,   11.244 ,   13.973 ,    3.120 ,        9 , 	)
 102 	 (   5 ,  415.000 ,  475.000 ,        0 ,  413.538 ,  427.511 ,    0.000 ,  427.511 ,  429.511 ,   95.395 ,   11.244 ,   12.511 ,    2.692 ,       10 , 	)
 137 	 (   4 ,  436.000 ,  556.000 ,        0 ,  423.489 ,  436.000 ,    0.000 ,  436.000 ,  437.000 ,  143.464 ,   11.244 ,    0.000 ,    8.092 ,       11 , 	)
  67 	 (   8 ,  300.000 ,  480.000 ,        0 ,  443.478 ,  443.478 ,    0.000 ,  443.478 ,  447.478 ,    0.000 ,   11.244 ,    0.000 ,    1.905 ,       12 , 	)
 123 	 (   6 ,  308.000 ,  548.000 ,        0 ,  483.042 ,  483.042 ,    0.000 ,  483.042 ,  485.042 ,   64.169 ,   11.244 ,    0.000 ,   -1.635 ,       13 , 	)
 103 	 (   5 ,  385.000 ,  565.000 ,        0 ,  496.402 ,  496.402 ,    0.000 ,  496.402 ,  497.402 ,   91.807 ,   11.244 ,    0.000 ,    9.754 ,       14 , 	)
  91 	 (   4 ,  356.000 ,  596.000 ,        0 ,  536.756 ,  536.756 ,    0.000 ,  536.756 ,  537.756 ,  143.756 ,   11.244 ,    0.000 ,   32.797 ,       15 , 	)
  26 	 (   7 ,  540.000 ,  720.000 ,        0 ,  559.121 ,  559.121 ,    0.000 ,  559.121 ,  562.121 ,    0.000 ,   16.314 ,    0.000 ,    9.177 ,       16 , 	)
 151 	 (   3 ,  394.000 ,  634.000 ,        0 ,  593.164 ,  593.164 ,    0.000 ,  593.164 ,  597.164 ,  145.686 ,   16.314 ,    0.000 ,    0.666 ,       17 , 	)
 110 	 (   0 ,  595.000 ,  834.000 ,        0 ,  608.295 ,  608.295 ,    0.000 ,  608.295 ,  611.295 ,   46.174 ,   64.826 ,    0.000 ,   19.275 ,       18 , 	)
 169 	 (   0 ,    0.000 , 1440.000 ,        0 ,  636.100 ,  636.100 ,    0.000 ,  636.100 ,  636.100 ,    0.000 ,  803.900 ,    0.000 ,    0.000 ,       19 , 	)

	20 sommets 
	values : ( Cost : 352.600 , TRT : 299.113 , TWT :   0.000 , TD : 725.644 )
	violations : ( VC :       0 , VTW :   0.000 , VTD :   0.000 , VTRT :   0.000 )
	cout global : (   0.000	 )
S(i)	 (   C ,     TW0 ,       TW1 ,       VTW ,       Min ,       A ,       W ,       B ,       D ,       L ,       F ,       E ,       Det ,       [Imp ,       Imp]	)
   0 	 (   0 ,    0.000 , 1440.000 ,        0 ,    0.000 ,  307.773 ,    0.000 ,  307.773 ,  307.773 ,    0.000 ,   17.453 ,  307.773 ,    0.000 ,        0 , 	)
  70 	 (   3 ,  243.000 ,  480.000 ,        0 ,   29.233 ,  337.006 ,    0.000 ,  337.006 ,  340.006 ,    0.000 ,   17.453 ,   94.006 ,   -3.225 ,        1 , 	)
  46 	 (   5 ,  332.000 ,  458.205 ,        0 ,  254.965 ,  348.971 ,    0.000 ,  348.971 ,  350.971 ,    0.000 ,   16.070 ,   16.971 ,    3.865 ,        2 , 	)
  22 	 (   8 ,  249.000 ,  419.135 ,        0 ,  342.050 ,  359.021 ,    0.000 ,  359.021 ,  362.021 ,    0.000 ,   16.070 ,   16.971 ,    7.386 ,        3 , 	)
 106 	 (   5 ,  332.000 ,  452.000 ,        0 ,  374.915 ,  391.886 ,    0.000 ,  391.886 ,  394.886 ,   29.865 ,   16.070 ,   16.971 ,   -6.790 ,        4 , 	)
  69 	 (   7 ,  240.000 ,  480.000 ,        0 ,  389.169 ,  406.140 ,    0.000 ,  406.140 ,  408.140 ,    0.000 ,   16.070 ,   16.971 ,   -3.498 ,        5 , 	)
   3 	 (   8 ,  240.000 ,  480.000 ,        0 ,  403.885 ,  420.856 ,    0.000 ,  420.856 ,  421.856 ,    0.000 ,   16.070 ,   16.971 ,    5.190 ,        6 , 	)
 154 	 (   5 ,  348.000 ,  528.000 ,        0 ,  408.965 ,  425.936 ,    0.000 ,  425.936 ,  428.936 ,   85.930 ,   16.070 ,   16.971 ,    2.797 ,        7 , 	)
 130 	 (   3 ,  440.000 ,  500.000 ,        0 ,  423.029 ,  440.000 ,    0.000 ,  440.000 ,  442.000 ,   89.029 ,   16.971 ,    0.000 ,    1.417 ,        8 , 	)
   2 	 (   4 ,  240.000 ,  480.000 ,        0 ,  446.177 ,  446.177 ,    0.000 ,  446.177 ,  447.177 ,    0.000 ,   17.453 ,    0.000 ,    4.289 ,        9 , 	)
  24 	 (   5 ,  240.000 ,  480.000 ,        0 ,  462.547 ,  462.547 ,    0.000 ,  462.547 ,  463.547 ,    0.000 ,   17.453 ,    0.000 ,   13.323 ,       10 , 	)
   4 	 (   6 ,  480.000 ,  660.000 ,        0 ,  501.838 ,  501.838 ,    0.000 ,  501.838 ,  502.838 ,    0.000 ,   25.933 ,    0.000 ,    2.139 ,       11 , 	)
 153 	 (   4 ,  406.000 ,  586.000 ,        0 ,  514.232 ,  514.232 ,    0.000 ,  514.232 ,  516.232 ,  106.092 ,    1.188 ,    0.000 ,   15.203 ,       12 , 	)
 108 	 (   3 ,  325.000 ,  565.000 ,        0 ,  526.886 ,  526.886 ,    0.000 ,  526.886 ,  527.886 ,   63.340 ,    1.188 ,    0.000 ,    0.096 ,       13 , 	)
  87 	 (   2 ,  343.000 ,  583.000 ,        0 ,  532.923 ,  532.923 ,    0.000 ,  532.923 ,  533.923 ,  111.067 ,    1.188 ,    0.000 ,    1.216 ,       14 , 	)
  83 	 (   5 ,  488.000 ,  719.213 ,        0 ,  543.252 ,  543.252 ,    0.000 ,  543.252 ,  546.252 ,    0.000 ,    1.188 ,    0.000 ,    5.923 ,       15 , 	)
  86 	 (   4 ,  356.000 ,  596.000 ,        0 ,  559.763 ,  559.763 ,    0.000 ,  559.763 ,  560.763 ,  112.586 ,    1.188 ,    0.000 ,   20.226 ,       16 , 	)
  88 	 (   3 ,  510.915 ,  741.000 ,        0 ,  581.650 ,  581.650 ,    0.000 ,  581.650 ,  582.650 ,   78.812 ,    1.188 ,    0.000 ,   -3.118 ,       17 , 	)
 167 	 (   0 ,  573.000 ,  753.000 ,        0 ,  595.176 ,  595.176 ,    0.000 ,  595.176 ,  598.176 ,   48.924 ,   33.076 ,    0.000 ,    5.168 ,       18 , 	)
 169 	 (   0 ,    0.000 , 1440.000 ,        0 ,  606.886 ,  606.886 ,    0.000 ,  606.886 ,  606.886 ,    0.000 ,  833.114 ,    0.000 ,    0.000 ,       19 , 	)

	12 sommets 
	values : ( Cost : 218.723 , TRT : 322.859 , TWT : 134.405 , TD : 376.479 )
	violations : ( VC :       0 , VTW :   0.000 , VTD :   0.000 , VTRT :   0.000 )
	cout global : (   0.000	 )
S(i)	 (   C ,     TW0 ,       TW1 ,       VTW ,       Min ,       A ,       W ,       B ,       D ,       L ,       F ,       E ,       Det ,       [Imp ,       Imp]	)
   0 	 (   0 ,    0.000 , 1440.000 ,        0 ,    0.000 ,  712.696 ,    0.000 ,  712.696 ,  712.696 ,    0.000 ,    0.000 ,  712.696 ,    0.000 ,        0 , 	)
  64 	 (   1 ,  480.000 ,  720.000 ,        0 ,    7.304 ,  720.000 ,    0.000 ,  720.000 ,  721.000 ,    0.000 ,    0.000 ,  240.000 ,   -8.205 ,        1 , 	)
 148 	 (   0 ,  517.000 ,  757.000 ,        0 ,  499.738 ,  739.738 ,    0.000 ,  739.738 ,  740.738 ,   18.738 ,   17.262 ,  222.738 ,   -5.222 ,        2 , 	)
  41 	 (   2 ,  720.000 ,  900.000 ,        0 ,  530.047 ,  752.784 ,   80.050 ,  832.834 ,  834.834 ,    0.000 ,    0.000 ,  112.834 ,   -0.383 ,        3 , 	)
  57 	 (   6 ,  720.000 ,  840.000 ,        0 ,  727.166 ,  840.000 ,    0.000 ,  840.000 ,  844.000 ,    0.000 ,    0.000 ,  112.834 ,    6.644 ,        4 , 	)
  25 	 (   8 ,  840.000 ,  900.000 ,        0 ,  740.983 ,  853.817 ,   46.183 ,  900.000 ,  902.000 ,    0.000 ,    0.000 ,   60.000 ,   15.558 ,        5 , 	)
 141 	 (   4 ,  753.536 ,  962.000 ,        0 ,  877.277 ,  937.277 ,    0.000 ,  937.277 ,  941.277 ,   93.277 ,   24.723 ,   60.000 ,   -2.676 ,        6 , 	)
 109 	 (   2 ,  940.000 , 1000.000 ,        0 ,  892.847 ,  952.847 ,    0.000 ,  952.847 ,  954.847 ,   50.847 ,   30.838 ,   12.847 ,    5.798 ,        7 , 	)
  12 	 (   5 ,  960.000 , 1200.000 ,        0 ,  949.698 ,  962.545 ,    8.173 ,  970.718 ,  973.718 ,    0.000 ,   22.665 ,   10.718 ,    1.207 ,        8 , 	)
 125 	 (   3 ,  830.000 , 1070.000 ,        0 ,  987.451 ,  998.169 ,    0.000 ,  998.169 , 1000.169 ,  163.335 ,   22.665 ,   10.718 ,   25.208 ,        9 , 	)
  96 	 (   0 , 1024.000 , 1264.000 ,        0 , 1013.282 , 1024.000 ,    0.000 , 1024.000 , 1027.000 ,   50.282 ,   42.718 ,    0.000 ,   -2.340 ,       10 , 	)
 169 	 (   0 ,    0.000 , 1440.000 ,        0 , 1035.555 , 1035.555 ,    0.000 , 1035.555 , 1035.555 ,    0.000 ,  404.445 ,   -0.000 ,    0.000 ,       11 , 	)

	12 sommets 
	values : ( Cost : 281.746 , TRT : 442.005 , TWT : 204.166 , TD : 299.459 )
	violations : ( VC :       0 , VTW :   0.000 , VTD :   0.000 , VTRT :   0.000 )
	cout global : (   0.000	 )
S(i)	 (   C ,     TW0 ,       TW1 ,       VTW ,       Min ,       A ,       W ,       B ,       D ,       L ,       F ,       E ,       Det ,       [Imp ,       Imp]	)
   0 	 (   0 ,    0.000 , 1440.000 ,        0 ,    0.000 ,  446.474 ,    0.000 ,  446.474 ,  446.474 ,    0.000 ,    0.000 ,  446.474 ,    0.000 ,        0 , 	)
  51 	 (   3 ,  240.000 ,  480.000 ,        0 ,   33.526 ,  480.000 ,    0.000 ,  480.000 ,  483.000 ,    0.000 ,    0.000 ,  240.000 ,   28.938 ,        1 , 	)
  30 	 (   7 ,  482.000 ,  720.000 ,        0 ,  258.466 ,  498.466 ,   66.658 ,  565.124 ,  569.124 ,    0.000 ,    0.000 ,   83.124 ,  -16.153 ,        2 , 	)
 114 	 (   3 ,  593.000 ,  773.000 ,        0 ,  526.088 ,  609.212 ,    0.000 ,  609.212 ,  613.212 ,   40.088 ,    0.000 ,   16.212 ,   -9.765 ,        3 , 	)
 135 	 (   0 ,  378.000 ,  618.000 ,        0 ,  601.788 ,  618.000 ,    0.000 ,  618.000 ,  621.000 ,  135.000 ,    0.000 ,   16.212 ,    9.856 ,        4 , 	)
  81 	 (   3 ,  600.000 ,  720.000 ,        0 ,  631.487 ,  647.699 ,   72.301 ,  720.000 ,  723.000 ,    0.000 ,    0.000 ,   88.513 ,   20.655 ,        5 , 	)
 165 	 (   0 ,  620.847 ,  759.000 ,        0 ,  652.334 ,  740.847 ,    0.000 ,  740.847 ,  743.847 ,   17.847 ,   18.153 ,   88.513 ,    5.625 ,        6 , 	)
  52 	 (   1 ,  755.000 ,  935.895 ,        0 ,  660.370 ,  748.883 ,   65.208 ,  814.090 ,  815.090 ,    0.000 ,  104.498 ,   59.090 ,   10.875 ,        7 , 	)
  65 	 (   3 ,  780.000 ,  960.000 ,        0 ,  769.797 ,  828.887 ,    0.000 ,  828.887 ,  830.887 ,    0.000 ,   43.588 ,   48.887 ,   15.307 ,        8 , 	)
 136 	 (   2 ,  853.000 ,  973.000 ,        0 ,  819.615 ,  868.502 ,    0.000 ,  868.502 ,  869.502 ,   53.412 ,   43.588 ,   15.502 ,    0.589 ,        9 , 	)
 149 	 (   0 ,  884.000 , 1064.000 ,        0 ,  868.498 ,  884.000 ,    0.000 ,  884.000 ,  886.000 ,   53.113 ,   84.887 ,    0.000 ,    1.488 ,       10 , 	)
 169 	 (   0 ,    0.000 , 1440.000 ,        0 ,  888.480 ,  888.480 ,    0.000 ,  888.480 ,  888.480 ,    0.000 ,  551.520 ,    0.000 ,    0.000 ,       11 , 	)
