9
	VALUE ALL : ( Cost : 3035.714 , TRT : 3020.248 , TWT : 461.756 , TD : 4173.700 )
	VIOLATIONS TOTAL : ( VC :       0 , VTW :   0.000 , VTD :   0.000 , VTRT :   0.000 )
 	COUT_ALL : (   0.002 )  T2B:   30601

	20 sommets 
	values : ( Cost : 336.341 , TRT : 286.888 , TWT :   0.000 , TD : 515.472 )
	violations : ( VC :       0 , VTW :   0.000 , VTD :   0.000 , VTRT :   0.000 )
	cout global : (   0.000	 )
S(i)	 (   C ,     TW0 ,       TW1 ,       VTW ,       Min ,       A ,       W ,       B ,       D ,       L ,       F ,       E ,       Det ,       [Imp ,       Imp]	)
   0 	 (   0 ,    0.000 , 1440.000 ,        0 ,    0.000 ,  225.241 ,    0.000 ,  225.241 ,  225.241 ,    0.000 ,   38.029 ,  225.241 ,    0.000 ,        0 , 	)
  22 	 (   3 ,  240.000 ,  480.000 ,        0 ,   39.142 ,  264.383 ,    0.000 ,  264.383 ,  267.383 ,    0.000 ,   38.029 ,   24.383 ,  -12.772 ,        1 , 	)
   1 	 (   5 ,  240.000 ,  480.000 ,        0 ,  266.874 ,  291.257 ,    0.000 ,  291.257 ,  293.257 ,    0.000 ,    7.865 ,   24.383 ,    3.581 ,        2 , 	)
  61 	 (   6 ,  300.000 ,  480.000 ,        0 ,  275.617 ,  300.000 ,    0.000 ,  300.000 ,  301.000 ,    0.000 ,    7.865 ,    0.000 ,    6.151 ,        3 , 	)
  86 	 (   3 ,  281.000 ,  521.000 ,        0 ,  311.518 ,  311.518 ,    0.000 ,  311.518 ,  314.518 ,   44.135 ,    7.865 ,    0.000 ,    4.114 ,        4 , 	)
  54 	 (   6 ,  240.000 ,  480.000 ,        0 ,  319.655 ,  319.655 ,    0.000 ,  319.655 ,  322.655 ,    0.000 ,   10.602 ,    0.000 ,    0.000 ,        5 , 	)
  65 	 (   4 ,  271.000 ,  511.000 ,        0 ,  322.655 ,  322.655 ,    0.000 ,  322.655 ,  324.655 ,   29.398 ,   10.602 ,    0.000 ,    0.000 ,        6 , 	)
   4 	 (   8 ,  240.000 ,  420.000 ,        0 ,  360.982 ,  360.982 ,    0.000 ,  360.982 ,  364.982 ,    0.000 ,   27.248 ,    0.000 ,   18.562 ,        7 , 	)
 118 	 (   5 ,  321.000 ,  561.000 ,        0 ,  386.865 ,  386.865 ,    0.000 ,  386.865 ,  389.865 ,   64.211 ,   27.248 ,    0.000 ,    6.108 ,        8 , 	)
  55 	 (   6 ,  253.000 ,  473.789 ,        0 ,  397.409 ,  397.409 ,    0.000 ,  397.409 ,  398.409 ,    0.000 ,   27.248 ,    0.000 ,    6.017 ,        9 , 	)
 125 	 (   5 ,  371.000 ,  611.000 ,        0 ,  408.752 ,  408.752 ,    0.000 ,  408.752 ,  409.752 ,  107.752 ,   27.248 ,    0.000 ,    3.914 ,       10 , 	)
  38 	 (   6 ,  240.000 ,  480.000 ,        0 ,  419.800 ,  419.800 ,    0.000 ,  419.800 ,  420.800 ,    0.000 ,   32.665 ,    0.000 ,    0.000 ,       11 , 	)
  16 	 (   7 ,  240.000 ,  480.000 ,        0 ,  420.800 ,  420.800 ,    0.000 ,  420.800 ,  421.800 ,    0.000 ,   32.665 ,    0.000 ,    0.000 ,       12 , 	)
 119 	 (   6 ,  319.000 ,  499.000 ,        0 ,  430.744 ,  430.744 ,    0.000 ,  430.744 ,  431.744 ,   32.335 ,   21.241 ,    0.000 ,    2.471 ,       13 , 	)
  48 	 (   7 ,  300.000 ,  480.000 ,        0 ,  441.971 ,  441.971 ,    0.000 ,  441.971 ,  442.971 ,    0.000 ,   21.241 ,    0.000 ,    7.185 ,       14 , 	)
 102 	 (   6 ,  320.000 ,  560.000 ,        0 ,  451.611 ,  451.611 ,    0.000 ,  451.611 ,  452.611 ,   30.811 ,   21.241 ,    0.000 ,   -0.151 ,       15 , 	)
  80 	 (   5 ,  295.000 ,  535.000 ,        0 ,  473.559 ,  473.559 ,    0.000 ,  473.559 ,  474.559 ,   51.759 ,   21.241 ,    0.000 ,    0.000 ,       16 , 	)
  68 	 (   1 ,  382.000 ,  562.000 ,        0 ,  474.559 ,  474.559 ,    0.000 ,  474.559 ,  478.559 ,  109.577 ,   44.506 ,    0.000 ,    0.000 ,       17 , 	)
 112 	 (   0 ,  367.000 ,  547.000 ,        0 ,  488.465 ,  488.465 ,    0.000 ,  488.465 ,  489.465 ,   45.494 ,   44.506 ,    0.000 ,    9.977 ,       18 , 	)
 129 	 (   0 ,    0.000 , 1440.000 ,        0 ,  512.129 ,  512.129 ,    0.000 ,  512.129 ,  512.129 ,    0.000 ,  927.871 ,    0.000 ,    0.000 ,       19 , 	)

	16 sommets 
	values : ( Cost : 368.052 , TRT : 423.180 , TWT : 106.450 , TD : 573.706 )
	violations : ( VC :       0 , VTW :   0.000 , VTD :   0.000 , VTRT :   0.000 )
	cout global : (   0.000	 )
S(i)	 (   C ,     TW0 ,       TW1 ,       VTW ,       Min ,       A ,       W ,       B ,       D ,       L ,       F ,       E ,       Det ,       [Imp ,       Imp]	)
   0 	 (   0 ,    0.000 , 1440.000 ,        0 ,    0.000 ,  419.764 ,    0.000 ,  419.764 ,  419.764 ,    0.000 ,    0.000 ,  419.764 ,    0.000 ,        0 , 	)
  50 	 (   4 ,  240.000 ,  480.000 ,        0 ,    9.315 ,  429.079 ,    0.000 ,  429.079 ,  433.079 ,    0.000 ,    0.000 ,  189.079 ,   10.527 ,        1 , 	)
  26 	 (   8 ,  316.000 ,  467.833 ,        0 ,  251.593 ,  440.672 ,    0.000 ,  440.672 ,  444.672 ,    0.000 ,    0.000 ,  124.672 ,    3.707 ,        2 , 	)
  90 	 (   4 ,  371.000 ,  491.000 ,        0 ,  339.167 ,  463.839 ,    0.000 ,  463.839 ,  467.839 ,   19.167 ,    0.000 ,   92.839 ,    2.476 ,        3 , 	)
  53 	 (   8 ,  240.000 ,  480.000 ,        0 ,  387.161 ,  480.000 ,    0.000 ,  480.000 ,  484.000 ,    0.000 ,   -0.000 ,   92.839 ,    4.933 ,        4 , 	)
 114 	 (   4 ,  326.000 ,  566.000 ,        0 ,  404.957 ,  497.796 ,    0.000 ,  497.796 ,  501.796 ,   64.717 ,   46.283 ,   92.839 ,   -0.385 ,        5 , 	)
   9 	 (   6 ,  540.000 ,  720.000 ,        0 ,  413.736 ,  506.575 ,   72.503 ,  579.078 ,  581.078 ,    0.000 ,    0.000 ,   39.078 ,    1.189 ,        6 , 	)
  24 	 (   7 ,  480.000 ,  720.000 ,        0 ,  577.128 ,  616.206 ,    0.000 ,  616.206 ,  617.206 ,    0.000 ,    0.000 ,   39.078 ,    1.469 ,        7 , 	)
 117 	 (   3 ,  395.000 ,  635.000 ,        0 ,  595.922 ,  635.000 ,    0.000 ,  635.000 ,  639.000 ,  151.000 ,    0.000 ,   39.078 ,   12.873 ,        8 , 	)
  73 	 (   1 ,  717.000 ,  957.000 ,        0 ,  643.975 ,  683.053 ,   33.947 ,  717.000 ,  719.000 ,  135.922 ,   49.250 ,    0.000 ,   29.044 ,        9 , 	)
  88 	 (   0 ,  686.000 ,  806.000 ,        0 ,  756.750 ,  756.750 ,    0.000 ,  756.750 ,  757.750 ,  139.544 ,   49.250 ,    0.000 ,   -6.251 ,       10 , 	)
  19 	 (   2 ,  720.000 ,  900.000 ,        0 ,  779.253 ,  779.253 ,    0.000 ,  779.253 ,  781.253 ,    0.000 ,  120.747 ,    0.000 ,    6.214 ,       11 , 	)
   5 	 (   5 ,  780.000 ,  960.000 ,        0 ,  795.049 ,  795.049 ,    0.000 ,  795.049 ,  798.049 ,    0.000 ,   34.879 ,    0.000 ,    0.933 ,       12 , 	)
  83 	 (   3 ,  745.188 ,  964.000 ,        0 ,  808.374 ,  808.374 ,    0.000 ,  808.374 ,  810.374 ,   27.121 ,   33.765 ,    0.000 ,    8.171 ,       13 , 	)
  69 	 (   0 ,  809.063 , 1033.000 ,        0 ,  834.283 ,  834.283 ,    0.000 ,  834.283 ,  837.283 ,   36.235 ,   33.765 ,    0.000 ,   15.025 ,       14 , 	)
 129 	 (   0 ,    0.000 , 1440.000 ,        0 ,  842.944 ,  842.944 ,    0.000 ,  842.944 ,  842.944 ,    0.000 ,  597.056 ,    0.000 ,    0.000 ,       15 , 	)

	26 sommets 
	values : ( Cost : 471.576 , TRT : 475.882 , TWT :  77.314 , TD : 711.726 )
	violations : ( VC :       0 , VTW :   0.000 , VTD :   0.000 , VTRT :   0.000 )
	cout global : (   0.000	 )
S(i)	 (   C ,     TW0 ,       TW1 ,       VTW ,       Min ,       A ,       W ,       B ,       D ,       L ,       F ,       E ,       Det ,       [Imp ,       Imp]	)
   0 	 (   0 ,    0.000 , 1440.000 ,        0 ,    0.000 ,  780.845 ,    0.000 ,  780.845 ,  780.845 ,    0.000 ,    0.000 ,  780.845 ,    0.000 ,        0 , 	)
  47 	 (   3 ,  740.000 ,  942.788 ,        0 ,    6.381 ,  787.226 ,    0.000 ,  787.226 ,  790.226 ,    0.000 ,    0.000 ,   47.226 ,   10.233 ,        1 , 	)
 111 	 (   0 ,  779.000 ,  959.000 ,        0 ,  756.212 ,  803.438 ,    0.000 ,  803.438 ,  806.438 ,   13.212 ,    0.000 ,   24.438 ,   11.208 ,        2 , 	)
   7 	 (   1 ,  780.000 ,  960.000 ,        0 ,  792.392 ,  816.830 ,    0.000 ,  816.830 ,  817.830 ,    0.000 ,    0.000 ,   24.438 ,    5.413 ,        3 , 	)
   3 	 (   2 ,  720.000 ,  900.000 ,        0 ,  806.506 ,  830.944 ,    0.000 ,  830.944 ,  831.944 ,    0.000 ,    0.000 ,   24.438 ,   10.144 ,        4 , 	)
  45 	 (   3 ,  735.000 ,  950.232 ,        0 ,  814.840 ,  839.278 ,    0.000 ,  839.278 ,  840.278 ,    0.000 ,    0.000 ,   24.438 ,    1.931 ,        5 , 	)
  63 	 (   4 ,  720.000 ,  900.000 ,        0 ,  821.769 ,  846.208 ,    0.000 ,  846.208 ,  847.208 ,    0.000 ,    0.000 ,   24.438 ,    3.102 ,        6 , 	)
 109 	 (   3 ,  792.000 ,  972.000 ,        0 ,  840.709 ,  865.147 ,    0.000 ,  865.147 ,  866.147 ,   24.869 ,    0.000 ,   24.438 ,   -6.547 ,        7 , 	)
  71 	 (   2 ,  840.000 , 1080.000 ,        0 ,  854.596 ,  879.035 ,    0.000 ,  879.035 ,  880.035 ,   61.205 ,    0.000 ,   24.438 ,    0.000 ,        8 , 	)
  14 	 (   3 ,  720.000 ,  900.000 ,        0 ,  855.596 ,  880.035 ,    0.000 ,  880.035 ,  881.035 ,    0.000 ,    0.000 ,   24.438 ,    0.000 ,        9 , 	)
  57 	 (   4 ,  762.000 ,  923.547 ,        0 ,  864.140 ,  888.578 ,    0.000 ,  888.578 ,  889.578 ,    0.000 ,    0.000 ,   24.438 ,    1.838 ,       10 , 	)
 127 	 (   3 ,  757.000 ,  991.000 ,        0 ,  871.274 ,  895.713 ,    0.000 ,  895.713 ,  896.713 ,   48.505 ,    0.000 ,   24.438 ,    7.247 ,       11 , 	)
  67 	 (   2 ,  790.000 ,  970.000 ,        0 ,  881.924 ,  906.362 ,    0.000 ,  906.362 ,  907.362 ,   74.418 ,    0.000 ,   24.438 ,    7.826 ,       12 , 	)
 121 	 (   1 ,  829.000 ,  949.000 ,        0 ,  911.387 ,  935.826 ,    0.000 ,  935.826 ,  936.826 ,   46.247 ,    0.000 ,   24.438 ,    0.000 ,       13 , 	)
  31 	 (   3 ,  720.000 ,  960.000 ,        0 ,  912.387 ,  936.826 ,    0.000 ,  936.826 ,  938.826 ,    0.000 ,    0.000 ,   24.438 ,    0.000 ,       14 , 	)
  78 	 (   2 ,  838.000 ,  958.000 ,        0 ,  933.562 ,  958.000 ,    0.000 ,  958.000 ,  959.000 ,   76.965 ,    0.000 ,   24.438 ,    6.468 ,       15 , 	)
  52 	 (   5 ,  960.000 , 1200.000 ,        0 ,  954.799 ,  979.237 ,    9.293 ,  988.530 ,  991.530 ,    0.000 ,    0.000 ,   28.530 ,   12.347 ,       16 , 	)
 116 	 (   2 , 1020.000 , 1260.000 ,        0 ,  992.162 , 1020.692 ,    0.000 , 1020.692 , 1023.692 ,   29.162 ,    0.000 ,    0.692 ,   10.889 ,       17 , 	)
  95 	 (   0 ,  798.000 , 1038.000 ,        0 , 1037.308 , 1038.000 ,    0.000 , 1038.000 , 1040.000 ,   99.174 ,    0.000 ,    0.692 ,   -0.962 ,       18 , 	)
  27 	 (   1 , 1020.000 , 1200.000 ,        0 , 1052.711 , 1053.402 ,   65.029 , 1118.431 , 1119.431 ,    0.000 ,    0.000 ,   65.720 ,    0.000 ,       19 , 	)
  30 	 (   4 ,  960.000 , 1140.000 ,        0 , 1053.711 , 1119.431 ,    0.000 , 1119.431 , 1122.431 ,    0.000 ,    0.000 ,   65.720 ,    0.000 ,       20 , 	)
  20 	 (   8 , 1020.000 , 1140.000 ,        0 , 1074.280 , 1140.000 ,    0.000 , 1140.000 , 1144.000 ,    0.000 ,   -0.000 ,   65.720 ,   10.481 ,       21 , 	)
  91 	 (   7 , 1102.000 , 1282.000 ,        0 , 1112.226 , 1177.946 ,    0.000 , 1177.946 , 1178.946 ,   58.515 ,   51.485 ,   65.720 ,   -3.091 ,       22 , 	)
  84 	 (   3 , 1218.000 , 1338.000 ,        0 , 1149.288 , 1215.008 ,    2.992 , 1218.000 , 1222.000 ,   74.000 ,  120.000 ,    0.000 ,   10.792 ,       23 , 	)
  94 	 (   0 , 1131.000 , 1371.000 ,        0 , 1227.883 , 1227.883 ,    0.000 , 1227.883 , 1230.883 ,  105.453 ,  143.117 ,   -0.000 ,    0.018 ,       24 , 	)
 129 	 (   0 ,    0.000 , 1440.000 ,        0 , 1256.727 , 1256.727 ,    0.000 , 1256.727 , 1256.727 ,    0.000 ,  183.273 ,   -0.000 ,    0.000 ,       25 , 	)

	14 sommets 
	values : ( Cost : 339.986 , TRT : 365.527 , TWT :  81.898 , TD : 406.932 )
	violations : ( VC :       0 , VTW :   0.000 , VTD :   0.000 , VTRT :   0.000 )
	cout global : (   0.000	 )
S(i)	 (   C ,     TW0 ,       TW1 ,       VTW ,       Min ,       A ,       W ,       B ,       D ,       L ,       F ,       E ,       Det ,       [Imp ,       Imp]	)
   0 	 (   0 ,    0.000 , 1440.000 ,        0 ,    0.000 ,  594.563 ,    0.000 ,  594.563 ,  594.563 ,    0.000 ,    0.000 ,  594.563 ,    0.000 ,        0 , 	)
  33 	 (   1 ,  540.000 ,  600.000 ,        0 ,    5.437 ,  600.000 ,    0.000 ,  600.000 ,  601.000 ,    0.000 ,    0.000 ,   60.000 ,    9.204 ,        1 , 	)
   6 	 (   4 ,  521.000 ,  685.337 ,        0 ,  551.005 ,  611.005 ,   41.858 ,  652.863 ,  655.863 ,    0.000 ,    0.000 ,  101.858 ,    0.983 ,        2 , 	)
  97 	 (   3 ,  568.159 ,  674.000 ,        0 ,  572.142 ,  674.000 ,    0.000 ,  674.000 ,  675.000 ,   73.000 ,    0.000 ,  101.858 ,   13.441 ,        3 , 	)
  70 	 (   0 ,  595.000 ,  715.000 ,        0 ,  595.110 ,  696.968 ,    0.000 ,  696.968 ,  699.968 ,   41.105 ,   18.032 ,  101.858 ,   22.283 ,        4 , 	)
  42 	 (   1 ,  745.000 ,  949.881 ,        0 ,  617.343 ,  719.201 ,   40.041 ,  759.241 ,  760.241 ,    0.000 ,    4.482 ,   14.241 ,    0.000 ,        5 , 	)
  59 	 (   4 ,  720.000 ,  960.000 ,        0 ,  746.000 ,  760.241 ,    0.000 ,  760.241 ,  763.241 ,    0.000 ,    4.482 ,   14.241 ,    0.000 ,        6 , 	)
 123 	 (   1 ,  804.000 , 1044.000 ,        0 ,  789.759 ,  804.000 ,    0.000 ,  804.000 ,  807.000 ,   40.759 ,    4.482 ,    0.000 ,    4.839 ,        7 , 	)
  40 	 (   3 ,  731.000 ,  956.915 ,        0 ,  818.110 ,  818.110 ,    0.000 ,  818.110 ,  820.110 ,    0.000 ,    4.482 ,    0.000 ,   -0.927 ,        8 , 	)
  10 	 (   7 ,  780.000 ,  840.000 ,        0 ,  835.518 ,  835.518 ,    0.000 ,  835.518 ,  839.518 ,    0.000 ,    4.482 ,    0.000 ,   12.657 ,        9 , 	)
 104 	 (   5 ,  806.000 ,  986.000 ,        0 ,  863.852 ,  863.852 ,    0.000 ,  863.852 ,  865.852 ,   43.742 ,    8.374 ,    0.000 ,   36.714 ,       10 , 	)
 106 	 (   4 ,  882.000 , 1002.000 ,        0 ,  887.868 ,  887.868 ,    0.000 ,  887.868 ,  888.868 ,  127.626 ,    8.374 ,    0.000 ,    2.802 ,       11 , 	)
  74 	 (   0 ,  826.298 ,  957.000 ,        0 ,  920.219 ,  920.219 ,    0.000 ,  920.219 ,  924.219 ,   80.701 ,   32.299 ,    0.000 ,    1.481 ,       12 , 	)
 129 	 (   0 ,    0.000 , 1440.000 ,        0 ,  960.090 ,  960.090 ,    0.000 ,  960.090 ,  960.090 ,    0.000 ,  479.910 ,    0.000 ,    0.000 ,       13 , 	)

	20 sommets 
	values : ( Cost : 393.711 , TRT : 355.173 , TWT :  19.150 , TD : 549.032 )
	violations : ( VC :       0 , VTW :   0.000 , VTD :   0.000 , VTRT :   0.000 )
	cout global : (   0.000	 )
S(i)	 (   C ,     TW0 ,       TW1 ,       VTW ,       Min ,       A ,       W ,       B ,       D ,       L ,       F ,       E ,       Det ,       [Imp ,       Imp]	)
   0 	 (   0 ,    0.000 , 1440.000 ,        0 ,    0.000 ,  297.768 ,    0.000 ,  297.768 ,  297.768 ,    0.000 ,    0.000 ,  297.768 ,    0.000 ,        0 , 	)
  56 	 (   1 ,  300.000 ,  480.000 ,        0 ,    5.661 ,  303.429 ,    0.000 ,  303.429 ,  304.429 ,    0.000 ,    0.000 ,    3.429 ,    5.341 ,        1 , 	)
   2 	 (   3 ,  300.000 ,  420.000 ,        0 ,  328.641 ,  332.071 ,    0.000 ,  332.071 ,  334.071 ,    0.000 ,    0.000 ,    3.429 ,   17.574 ,        2 , 	)
  44 	 (   4 ,  240.000 ,  480.000 ,        0 ,  345.192 ,  348.622 ,    0.000 ,  348.622 ,  349.622 ,    0.000 ,    0.000 ,    3.429 ,    6.160 ,        3 , 	)
  43 	 (   5 ,  240.000 ,  480.000 ,        0 ,  365.268 ,  368.698 ,    0.000 ,  368.698 ,  369.698 ,    0.000 ,    0.000 ,    3.429 ,    1.007 ,        4 , 	)
  66 	 (   3 ,  330.187 ,  535.000 ,        0 ,  368.502 ,  371.931 ,    0.000 ,  371.931 ,  373.931 ,   37.860 ,    0.000 ,    3.429 ,    0.000 ,        5 , 	)
  17 	 (   7 ,  247.000 ,  480.000 ,        0 ,  370.502 ,  373.931 ,    0.000 ,  373.931 ,  377.931 ,    0.000 ,    0.000 ,    3.429 ,    0.000 ,        6 , 	)
 120 	 (   6 ,  368.000 ,  548.000 ,        0 ,  386.120 ,  389.549 ,    0.000 ,  389.549 ,  390.549 ,   85.120 ,    0.000 ,    3.429 ,    4.663 ,        7 , 	)
  81 	 (   2 ,  338.000 ,  518.000 ,        0 ,  412.726 ,  416.155 ,    0.000 ,  416.155 ,  420.155 ,   38.224 ,    0.000 ,    3.429 ,    4.665 ,        8 , 	)
 107 	 (   1 ,  348.000 ,  588.000 ,        0 ,  451.191 ,  454.620 ,    0.000 ,  454.620 ,  455.620 ,   84.923 ,    0.000 ,    3.429 ,    4.262 ,        9 , 	)
 108 	 (   0 ,  414.000 ,  654.000 ,        0 ,  459.535 ,  462.964 ,    0.000 ,  462.964 ,  463.964 ,  113.342 ,    0.000 ,    3.429 ,   -0.758 ,       10 , 	)
  36 	 (   3 ,  240.000 ,  480.000 ,        0 ,  476.571 ,  480.000 ,    0.000 ,  480.000 ,  483.000 ,    0.000 ,    0.000 ,    3.429 ,    2.526 ,       11 , 	)
  11 	 (   6 ,  487.000 ,  720.000 ,        0 ,  493.290 ,  496.720 ,   19.150 ,  515.869 ,  518.869 ,    0.000 ,   50.107 ,   22.579 ,   -6.522 ,       12 , 	)
 100 	 (   3 ,  377.000 ,  617.000 ,        0 ,  526.876 ,  549.455 ,    0.000 ,  549.455 ,  552.455 ,   66.455 ,   28.869 ,   22.579 ,   21.227 ,       13 , 	)
  37 	 (   5 ,  480.000 ,  660.000 ,        0 ,  549.051 ,  571.630 ,    0.000 ,  571.630 ,  573.630 ,    0.000 ,   28.869 ,   22.579 ,    1.969 ,       14 , 	)
  75 	 (   2 ,  577.000 ,  757.000 ,        0 ,  554.421 ,  577.000 ,    0.000 ,  577.000 ,  580.000 ,   58.131 ,   28.869 ,    0.000 ,   -1.964 ,       15 , 	)
  34 	 (   5 ,  540.000 ,  660.000 ,        0 ,  609.893 ,  609.893 ,    0.000 ,  609.893 ,  612.893 ,    0.000 ,   50.107 ,    0.000 ,   12.041 ,       16 , 	)
 101 	 (   3 ,  548.000 ,  788.000 ,        0 ,  619.495 ,  619.495 ,    0.000 ,  619.495 ,  621.495 ,   45.865 ,   25.886 ,    0.000 ,    0.230 ,       17 , 	)
  98 	 (   0 ,  559.883 ,  708.000 ,        0 ,  632.007 ,  632.007 ,    0.000 ,  632.007 ,  635.007 ,   19.114 ,   25.886 ,    0.000 ,    9.272 ,       18 , 	)
 129 	 (   0 ,    0.000 , 1440.000 ,        0 ,  652.941 ,  652.941 ,    0.000 ,  652.941 ,  652.941 ,    0.000 ,  787.059 ,    0.000 ,    0.000 ,       19 , 	)

	8 sommets 
	values : ( Cost : 143.010 , TRT : 123.526 , TWT :   0.000 , TD : 119.332 )
	violations : ( VC :       0 , VTW :   0.000 , VTD :   0.000 , VTRT :   0.000 )
	cout global : (   0.000	 )
S(i)	 (   C ,     TW0 ,       TW1 ,       VTW ,       Min ,       A ,       W ,       B ,       D ,       L ,       F ,       E ,       Det ,       [Imp ,       Imp]	)
   0 	 (   0 ,    0.000 , 1440.000 ,        0 ,    0.000 ,  383.064 ,    0.000 ,  383.064 ,  383.064 ,    0.000 ,    2.708 ,  383.064 ,    0.000 ,        0 , 	)
  15 	 (   4 ,  300.000 ,  480.000 ,        0 ,   19.969 ,  403.033 ,    0.000 ,  403.033 ,  407.033 ,    0.000 ,    2.708 ,  103.033 ,   26.074 ,        1 , 	)
  23 	 (   7 ,  420.000 ,  480.000 ,        0 ,  316.967 ,  420.000 ,    0.000 ,  420.000 ,  423.000 ,    0.000 ,    2.708 ,    0.000 ,   -2.082 ,        2 , 	)
  87 	 (   4 ,  458.422 ,  578.000 ,        0 ,  458.422 ,  458.422 ,    0.000 ,  458.422 ,  461.422 ,   35.422 ,    2.708 ,    0.000 ,    3.394 ,        3 , 	)
  79 	 (   0 ,  438.000 ,  558.000 ,        0 ,  466.702 ,  466.702 ,    0.000 ,  466.702 ,  470.702 ,   59.669 ,    2.708 ,    0.000 ,    4.888 ,        4 , 	)
  49 	 (   1 ,  300.000 ,  480.000 ,        0 ,  477.292 ,  477.292 ,    0.000 ,  477.292 ,  478.292 ,    0.000 ,    2.708 ,    0.000 ,    0.307 ,        5 , 	)
 113 	 (   0 ,  349.000 ,  529.000 ,        0 ,  502.532 ,  502.532 ,    0.000 ,  502.532 ,  503.532 ,   24.241 ,   26.468 ,    0.000 ,    1.455 ,        6 , 	)
 129 	 (   0 ,    0.000 , 1440.000 ,        0 ,  506.590 ,  506.590 ,    0.000 ,  506.590 ,  506.590 ,    0.000 ,  933.410 ,    0.000 ,    0.000 ,        7 , 	)

	12 sommets 
	values : ( Cost : 358.510 , TRT : 308.743 , TWT :  15.186 , TD : 389.568 )
	violations : ( VC :       0 , VTW :   0.000 , VTD :   0.000 , VTRT :   0.000 )
	cout global : (   0.000	 )
S(i)	 (   C ,     TW0 ,       TW1 ,       VTW ,       Min ,       A ,       W ,       B ,       D ,       L ,       F ,       E ,       Det ,       [Imp ,       Imp]	)
   0 	 (   0 ,    0.000 , 1440.000 ,        0 ,    0.000 ,  250.626 ,    0.000 ,  250.626 ,  250.626 ,    0.000 ,    0.000 ,  250.626 ,    0.000 ,        0 , 	)
  21 	 (   2 ,  247.000 ,  480.000 ,        0 ,   37.680 ,  288.305 ,    0.000 ,  288.305 ,  290.305 ,    0.000 ,    0.000 ,   41.305 ,   -0.398 ,        1 , 	)
  28 	 (   4 ,  240.000 ,  420.000 ,        0 ,  272.592 ,  313.898 ,    0.000 ,  313.898 ,  315.898 ,    0.000 ,    0.000 ,   41.305 ,    2.452 ,        2 , 	)
  32 	 (   8 ,  240.000 ,  480.000 ,        0 ,  310.076 ,  351.381 ,    0.000 ,  351.381 ,  355.381 ,    0.000 ,    0.000 ,   41.305 ,   -0.142 ,        3 , 	)
  92 	 (   6 ,  302.000 ,  542.000 ,        0 ,  323.902 ,  365.208 ,    0.000 ,  365.208 ,  367.208 ,   49.310 ,    0.000 ,   41.305 ,   11.334 ,        4 , 	)
  60 	 (   8 ,  240.000 ,  420.000 ,        0 ,  378.695 ,  420.000 ,    0.000 ,  420.000 ,  422.000 ,    0.000 ,    0.000 ,   41.305 ,    0.000 ,        5 , 	)
  96 	 (   4 ,  376.000 ,  556.000 ,        0 ,  380.695 ,  422.000 ,    0.000 ,  422.000 ,  426.000 ,   66.619 ,   36.566 ,   41.305 ,    0.000 ,        6 , 	)
  85 	 (   2 ,  456.000 ,  576.000 ,        0 ,  399.508 ,  440.814 ,   15.186 ,  456.000 ,  458.000 ,  165.695 ,   21.380 ,    0.000 ,   19.442 ,        7 , 	)
 124 	 (   0 ,  295.000 ,  534.000 ,        0 ,  504.396 ,  504.396 ,    0.000 ,  504.396 ,  506.396 ,   82.396 ,   21.380 ,    0.000 ,    4.310 ,        8 , 	)
  39 	 (   2 ,  480.000 ,  540.000 ,        0 ,  518.620 ,  518.620 ,    0.000 ,  518.620 ,  520.620 ,    0.000 ,   21.380 ,    0.000 ,    3.447 ,        9 , 	)
 103 	 (   0 ,  507.548 ,  593.000 ,        0 ,  546.168 ,  546.168 ,    0.000 ,  546.168 ,  548.168 ,   25.548 ,   25.452 ,    0.000 ,   19.802 ,       10 , 	)
 129 	 (   0 ,    0.000 , 1440.000 ,        0 ,  559.368 ,  559.368 ,    0.000 ,  559.368 ,  559.368 ,    0.000 ,  880.632 ,    0.000 ,    0.000 ,       11 , 	)

	12 sommets 
	values : ( Cost : 263.780 , TRT : 380.089 , TWT : 161.759 , TD : 290.753 )
	violations : ( VC :       0 , VTW :   0.000 , VTD :   0.000 , VTRT :   0.000 )
	cout global : (   0.000	 )
S(i)	 (   C ,     TW0 ,       TW1 ,       VTW ,       Min ,       A ,       W ,       B ,       D ,       L ,       F ,       E ,       Det ,       [Imp ,       Imp]	)
   0 	 (   0 ,    0.000 , 1440.000 ,        0 ,    0.000 ,  705.680 ,    0.000 ,  705.680 ,  705.680 ,    0.000 ,    0.000 ,  705.680 ,    0.000 ,        0 , 	)
  46 	 (   1 ,  480.000 ,  720.000 ,        0 ,   14.320 ,  720.000 ,    0.000 ,  720.000 ,  721.000 ,    0.000 ,    0.000 ,  240.000 ,    5.096 ,        1 , 	)
   8 	 (   3 ,  720.000 ,  960.000 ,        0 ,  486.322 ,  726.322 ,   30.374 ,  756.696 ,  758.696 ,    0.000 ,    0.000 ,   36.696 ,   10.429 ,        2 , 	)
 110 	 (   2 ,  568.000 ,  808.000 ,        0 ,  771.304 ,  808.000 ,    0.000 ,  808.000 ,  809.000 ,   87.000 ,    0.000 ,   36.696 ,   19.075 ,        3 , 	)
  72 	 (   0 ,  840.000 , 1020.000 ,        0 ,  786.450 ,  823.146 ,   16.854 ,  840.000 ,  842.000 ,   81.304 ,   37.696 ,    0.000 ,   -5.208 ,        4 , 	)
  12 	 (   4 ,  726.000 ,  958.539 ,        0 ,  875.132 ,  875.132 ,   78.351 ,  953.483 ,  957.483 ,    0.000 ,    0.000 ,   78.351 ,   15.263 ,        5 , 	)
  58 	 (   5 ,  970.000 , 1197.787 ,        0 ,  895.004 ,  973.355 ,    0.000 ,  973.355 ,  974.355 ,    0.000 ,    0.000 ,    3.355 ,    4.056 ,        6 , 	)
  76 	 (   1 ,  800.000 ,  980.000 ,        0 ,  976.645 ,  980.000 ,    0.000 ,  980.000 ,  984.000 ,   22.517 ,    0.000 ,    3.355 ,    4.667 ,        7 , 	)
  51 	 (   3 , 1020.000 , 1200.000 ,        0 , 1000.627 , 1003.982 ,   36.179 , 1040.161 , 1042.161 ,    0.000 ,    3.355 ,   20.161 ,    1.753 ,        8 , 	)
 122 	 (   2 , 1047.000 , 1227.000 ,        0 , 1026.839 , 1047.000 ,    0.000 , 1047.000 , 1048.000 ,   72.645 ,    3.355 ,    0.000 ,    3.428 ,        9 , 	)
 115 	 (   0 , 1044.860 , 1263.000 ,        0 , 1069.449 , 1069.449 ,    0.000 , 1069.449 , 1071.449 ,   27.288 ,   33.712 ,   -0.000 ,   -4.473 ,       10 , 	)
 129 	 (   0 ,    0.000 , 1440.000 ,        0 , 1085.769 , 1085.769 ,    0.000 , 1085.769 , 1085.769 ,    0.000 ,  354.231 ,   -0.000 ,    0.000 ,       11 , 	)

	18 sommets 
	values : ( Cost : 360.748 , TRT : 301.239 , TWT :   0.000 , TD : 617.179 )
	violations : ( VC :       0 , VTW :   0.000 , VTD :   0.000 , VTRT :   0.000 )
	cout global : (   0.000	 )
S(i)	 (   C ,     TW0 ,       TW1 ,       VTW ,       Min ,       A ,       W ,       B ,       D ,       L ,       F ,       E ,       Det ,       [Imp ,       Imp]	)
   0 	 (   0 ,    0.000 , 1440.000 ,        0 ,    0.000 ,  266.184 ,    0.000 ,  266.184 ,  266.184 ,    0.000 ,    1.818 ,  266.184 ,    0.000 ,        0 , 	)
  35 	 (   3 ,  240.000 ,  480.000 ,        0 ,    6.439 ,  272.623 ,    0.000 ,  272.623 ,  275.623 ,    0.000 ,    1.818 ,   32.623 ,    8.107 ,        1 , 	)
  99 	 (   0 ,  309.000 ,  549.000 ,        0 ,  276.377 ,  309.000 ,    0.000 ,  309.000 ,  312.000 ,   33.377 ,    1.818 ,    0.000 ,   16.718 ,        2 , 	)
  13 	 (   4 ,  248.000 ,  480.000 ,        0 ,  324.103 ,  324.103 ,    0.000 ,  324.103 ,  328.103 ,    0.000 ,    1.818 ,    0.000 ,    3.817 ,        3 , 	)
  29 	 (   5 ,  240.000 ,  420.000 ,        0 ,  343.629 ,  343.629 ,    0.000 ,  343.629 ,  344.629 ,    0.000 ,    1.818 ,    0.000 ,    4.807 ,        4 , 	)
  18 	 (   6 ,  240.000 ,  480.000 ,        0 ,  357.977 ,  357.977 ,    0.000 ,  357.977 ,  358.977 ,    0.000 ,    1.818 ,    0.000 ,   18.371 ,        5 , 	)
  25 	 (   7 ,  360.000 ,  480.000 ,        0 ,  377.895 ,  377.895 ,    0.000 ,  377.895 ,  378.895 ,    0.000 ,    1.818 ,    0.000 ,    1.794 ,        6 , 	)
  77 	 (   3 ,  335.000 ,  515.000 ,        0 ,  384.668 ,  384.668 ,    0.000 ,  384.668 ,  388.668 ,   56.565 ,    1.818 ,    0.000 ,    0.000 ,        7 , 	)
  62 	 (   6 ,  360.000 ,  480.000 ,        0 ,  388.668 ,  388.668 ,    0.000 ,  388.668 ,  391.668 ,    0.000 ,    1.818 ,    0.000 ,    0.000 ,        8 , 	)
  64 	 (   7 ,  270.000 ,  461.998 ,        0 ,  391.668 ,  391.668 ,    0.000 ,  391.668 ,  392.668 ,    0.000 ,    1.818 ,    0.000 ,    0.000 ,        9 , 	)
  82 	 (   6 ,  319.000 ,  559.000 ,        0 ,  409.980 ,  409.980 ,    0.000 ,  409.980 ,  410.980 ,   51.002 ,    1.818 ,    0.000 ,    5.873 ,       10 , 	)
  89 	 (   5 ,  450.000 ,  681.000 ,        0 ,  463.740 ,  463.740 ,    0.000 ,  463.740 ,  464.740 ,   84.844 ,    1.818 ,    0.000 ,    0.000 ,       11 , 	)
  41 	 (   6 ,  240.000 ,  480.000 ,        0 ,  464.740 ,  464.740 ,    0.000 ,  464.740 ,  465.740 ,    0.000 ,    1.818 ,    0.000 ,    0.000 ,       12 , 	)
  93 	 (   5 ,  367.000 ,  607.000 ,        0 ,  471.319 ,  471.319 ,    0.000 ,  471.319 ,  472.319 ,  126.690 ,    1.818 ,    0.000 ,    9.033 ,       13 , 	)
 126 	 (   2 ,  423.558 ,  645.000 ,        0 ,  480.042 ,  480.042 ,    0.000 ,  480.042 ,  483.042 ,   88.374 ,    1.818 ,    0.000 ,    3.188 ,       14 , 	)
 128 	 (   1 ,  386.000 ,  506.000 ,        0 ,  504.182 ,  504.182 ,    0.000 ,  504.182 ,  505.182 ,  111.514 ,    1.818 ,    0.000 ,    3.041 ,       15 , 	)
 105 	 (   0 ,  364.000 ,  544.000 ,        0 ,  530.552 ,  530.552 ,    0.000 ,  530.552 ,  531.552 ,   64.812 ,   13.448 ,    0.000 ,    1.481 ,       16 , 	)
 129 	 (   0 ,    0.000 , 1440.000 ,        0 ,  567.423 ,  567.423 ,    0.000 ,  567.423 ,  567.423 ,    0.000 ,  872.577 ,    0.000 ,    0.000 ,       17 , 	)
