8
	VALUE ALL : ( Cost : 3082.798 , TRT : 2705.697 , TWT : 167.804 , TD : 3858.620 )
	VIOLATIONS TOTAL : ( VC :       0 , VTW :   0.000 , VTD :   0.000 , VTRT :   0.000 )
 	COUT_ALL : (   0.002 )  T2B:    4200

	12 sommets 
	values : ( Cost : 276.048 , TRT : 294.708 , TWT :  67.153 , TD : 228.346 )
	violations : ( VC :       0 , VTW :   0.000 , VTD :   0.000 , VTRT :   0.000 )
	cout global : (   0.000	 )
S(i)	 (   C ,     TW0 ,       TW1 ,       VTW ,       Min ,       A ,       W ,       B ,       D ,       L ,       F ,       E ,       Det ,       [Imp ,       Imp]	)
   0 	 (   0 ,    0.000 , 1440.000 ,        0 ,    0.000 ,  650.870 ,    0.000 ,  650.870 ,  650.870 ,    0.000 ,    0.000 ,  650.870 ,    0.000 ,        0 , 	)
  20 	 (   3 ,  480.000 ,  660.000 ,        0 ,    9.130 ,  660.000 ,    0.000 ,  660.000 ,  663.000 ,    0.000 ,    0.000 ,  180.000 ,   -1.602 ,        1 , 	)
  17 	 (   4 ,  720.000 ,  960.000 ,        0 ,  514.764 ,  694.764 ,   58.462 ,  753.226 ,  754.226 ,    0.000 ,    0.000 ,   33.226 ,    2.638 ,        2 , 	)
  74 	 (   1 ,  526.000 ,  762.000 ,        0 ,  728.774 ,  762.000 ,    0.000 ,  762.000 ,  765.000 ,   99.000 ,    0.000 ,   33.226 ,   -1.904 ,        3 , 	)
  71 	 (   0 ,  762.000 , 1002.000 ,        0 ,  743.096 ,  776.322 ,    0.000 ,  776.322 ,  777.322 ,   22.096 ,   33.904 ,   14.322 ,    4.701 ,        4 , 	)
  27 	 (   2 ,  780.000 ,  960.000 ,        0 ,  784.437 ,  798.759 ,    8.691 ,  807.450 ,  809.450 ,    0.000 ,   66.576 ,   23.013 ,   17.312 ,        5 , 	)
  39 	 (   4 ,  720.000 ,  900.000 ,        0 ,  810.411 ,  833.424 ,    0.000 ,  833.424 ,  835.424 ,    0.000 ,   45.450 ,   23.013 ,    0.071 ,        6 , 	)
  93 	 (   2 ,  743.603 ,  960.000 ,        0 ,  834.014 ,  857.027 ,    0.000 ,  857.027 ,  859.027 ,   21.603 ,   36.397 ,   23.013 ,    1.625 ,        7 , 	)
  81 	 (   0 ,  866.000 , 1046.000 ,        0 ,  842.987 ,  866.000 ,    0.000 ,  866.000 ,  868.000 ,   56.550 ,   45.450 ,    0.000 ,    7.703 ,        8 , 	)
  47 	 (   2 ,  789.000 ,  957.904 ,        0 ,  873.920 ,  873.920 ,    0.000 ,  873.920 ,  875.920 ,    0.000 ,   83.984 ,    0.000 ,    4.042 ,        9 , 	)
 101 	 (   0 ,  869.000 ,  989.000 ,        0 ,  905.016 ,  905.016 ,    0.000 ,  905.016 ,  907.016 ,   29.096 ,   48.904 ,    0.000 ,    5.500 ,       10 , 	)
 109 	 (   0 ,    0.000 , 1440.000 ,        0 ,  945.577 ,  945.577 ,    0.000 ,  945.577 ,  945.577 ,    0.000 ,  494.423 ,    0.000 ,    0.000 ,       11 , 	)

	20 sommets 
	values : ( Cost : 423.376 , TRT : 386.063 , TWT :  35.735 , TD : 615.405 )
	violations : ( VC :       0 , VTW :   0.000 , VTD :   0.000 , VTRT :   0.000 )
	cout global : (   0.000	 )
S(i)	 (   C ,     TW0 ,       TW1 ,       VTW ,       Min ,       A ,       W ,       B ,       D ,       L ,       F ,       E ,       Det ,       [Imp ,       Imp]	)
   0 	 (   0 ,    0.000 , 1440.000 ,        0 ,    0.000 ,  249.998 ,    0.000 ,  249.998 ,  249.998 ,    0.000 ,    0.000 ,  249.998 ,    0.000 ,        0 , 	)
  54 	 (   1 ,  240.000 ,  480.000 ,        0 ,   66.581 ,  316.579 ,    0.000 ,  316.579 ,  317.579 ,    0.000 ,    0.000 ,   76.579 ,   15.776 ,        1 , 	)
  46 	 (   3 ,  300.000 ,  480.000 ,        0 ,  256.099 ,  332.678 ,    0.000 ,  332.678 ,  334.678 ,    0.000 ,    0.000 ,   32.678 ,    6.966 ,        2 , 	)
  19 	 (   4 ,  240.000 ,  480.000 ,        0 ,  322.504 ,  355.182 ,    0.000 ,  355.182 ,  356.182 ,    0.000 ,    0.000 ,   32.678 ,    0.116 ,        3 , 	)
   3 	 (   5 ,  240.000 ,  480.000 ,        0 ,  341.753 ,  374.431 ,    0.000 ,  374.431 ,  375.431 ,    0.000 ,    0.000 ,   32.678 ,   16.843 ,        4 , 	)
  11 	 (   6 ,  263.000 ,  458.053 ,        0 ,  362.904 ,  395.582 ,    0.000 ,  395.582 ,  396.582 ,    0.000 ,    0.000 ,   32.678 ,    2.479 ,        5 , 	)
 108 	 (   5 ,  370.000 ,  550.000 ,        0 ,  372.742 ,  405.420 ,    0.000 ,  405.420 ,  406.420 ,   87.841 ,    0.000 ,   32.678 ,    1.556 ,        6 , 	)
  65 	 (   4 ,  288.000 ,  468.000 ,        0 ,  375.406 ,  408.084 ,    0.000 ,  408.084 ,  409.084 ,   11.502 ,    0.000 ,   32.678 ,    0.218 ,        7 , 	)
 100 	 (   2 ,  386.000 ,  566.000 ,        0 ,  383.322 ,  416.000 ,    0.000 ,  416.000 ,  418.000 ,   81.322 ,    0.000 ,   30.000 ,    0.000 ,        8 , 	)
  53 	 (   4 ,  240.000 ,  480.000 ,        0 ,  388.000 ,  418.000 ,    0.000 ,  418.000 ,  420.000 ,    0.000 ,    0.000 ,   30.000 ,    0.000 ,        9 , 	)
  13 	 (   8 ,  240.000 ,  420.000 ,        0 ,  390.000 ,  420.000 ,    0.000 ,  420.000 ,  424.000 ,    0.000 ,    0.000 ,   30.000 ,    0.000 ,       10 , 	)
  73 	 (   7 ,  307.000 ,  547.000 ,        0 ,  405.926 ,  435.926 ,    0.000 ,  435.926 ,  436.926 ,   79.744 ,    9.256 ,   30.000 ,    1.616 ,       11 , 	)
  57 	 (   6 ,  402.000 ,  582.000 ,        0 ,  421.226 ,  451.226 ,    0.000 ,  451.226 ,  452.226 ,   75.795 ,   10.129 ,   30.000 ,    0.000 ,       12 , 	)
  67 	 (   2 ,  292.000 ,  472.000 ,        0 ,  422.226 ,  452.226 ,    0.000 ,  452.226 ,  456.226 ,   28.226 ,   10.129 ,   30.000 ,    0.000 ,       13 , 	)
  50 	 (   4 ,  300.000 ,  480.000 ,        0 ,  429.934 ,  459.934 ,   10.129 ,  470.063 ,  472.063 ,    0.000 ,    0.000 ,   40.129 ,    0.000 ,       14 , 	)
  38 	 (   6 ,  480.000 ,  720.000 ,        0 ,  453.337 ,  493.466 ,    0.000 ,  493.466 ,  495.466 ,    0.000 ,    0.000 ,   13.466 ,    0.075 ,       15 , 	)
 107 	 (   4 ,  317.000 ,  557.000 ,        0 ,  507.534 ,  521.000 ,    0.000 ,  521.000 ,  523.000 ,  101.000 ,    0.000 ,   13.466 ,    5.077 ,       16 , 	)
 104 	 (   2 ,  436.000 ,  556.000 ,        0 ,  520.037 ,  533.503 ,    0.000 ,  533.503 ,  535.503 ,   61.440 ,   22.497 ,   13.466 ,    0.379 ,       17 , 	)
  92 	 (   0 ,  584.000 ,  824.000 ,        0 ,  544.928 ,  558.394 ,   25.606 ,  584.000 ,  586.000 ,   88.534 ,   49.466 ,    0.000 ,   10.532 ,       18 , 	)
 109 	 (   0 ,    0.000 , 1440.000 ,        0 ,  636.061 ,  636.061 ,    0.000 ,  636.061 ,  636.061 ,    0.000 ,  803.939 ,    0.000 ,    0.000 ,       19 , 	)

	16 sommets 
	values : ( Cost : 413.584 , TRT : 340.965 , TWT :   0.000 , TD : 383.453 )
	violations : ( VC :       0 , VTW :   0.000 , VTD :   0.000 , VTRT :   0.000 )
	cout global : (   0.000	 )
S(i)	 (   C ,     TW0 ,       TW1 ,       VTW ,       Min ,       A ,       W ,       B ,       D ,       L ,       F ,       E ,       Det ,       [Imp ,       Imp]	)
   0 	 (   0 ,    0.000 , 1440.000 ,        0 ,    0.000 ,  920.029 ,    0.000 ,  920.029 ,  920.029 ,    0.000 ,   18.192 ,  920.029 ,    0.000 ,        0 , 	)
   4 	 (   1 ,  720.000 ,  960.000 ,        0 ,   11.497 ,  931.526 ,    0.000 ,  931.526 ,  932.526 ,    0.000 ,   18.192 ,  211.526 ,    6.120 ,        1 , 	)
  15 	 (   2 ,  780.000 ,  960.000 ,        0 ,  726.283 ,  937.809 ,    0.000 ,  937.809 ,  938.809 ,    0.000 ,   18.192 ,  157.809 ,    0.986 ,        2 , 	)
  58 	 (   1 ,  826.000 , 1006.000 ,        0 ,  799.435 ,  957.244 ,    0.000 ,  957.244 ,  958.244 ,   24.719 ,   18.192 ,  131.244 ,    1.361 ,        3 , 	)
  44 	 (   4 ,  960.000 , 1200.000 ,        0 ,  838.801 ,  970.045 ,    0.000 ,  970.045 ,  973.045 ,    0.000 ,   18.192 ,   10.045 ,    0.274 ,        4 , 	)
  32 	 (   8 ,  960.000 , 1140.000 ,        0 ,  969.242 ,  979.287 ,    0.000 ,  979.287 ,  983.287 ,    0.000 ,   18.192 ,   10.045 ,    7.390 ,        5 , 	)
  69 	 (   7 ,  810.386 , 1040.000 ,        0 ,  979.568 ,  989.614 ,    0.000 ,  989.614 ,  990.614 ,   50.805 ,   18.192 ,   10.045 ,    0.673 ,        6 , 	)
  98 	 (   4 , 1020.000 , 1260.000 ,        0 , 1009.955 , 1020.000 ,    0.000 , 1020.000 , 1023.000 ,   46.955 ,   18.192 ,    0.000 ,    0.250 ,        7 , 	)
   6 	 (   5 , 1020.000 , 1140.000 ,        0 , 1028.883 , 1028.883 ,    0.000 , 1028.883 , 1029.883 ,    0.000 ,   18.192 ,    0.000 ,   -0.020 ,        8 , 	)
  60 	 (   4 , 1061.403 , 1249.000 ,        0 , 1070.286 , 1070.286 ,    0.000 , 1070.286 , 1071.286 ,   40.403 ,   18.192 ,   -0.000 ,    6.756 ,        9 , 	)
  86 	 (   0 , 1102.000 , 1282.000 ,        0 , 1113.756 , 1113.756 ,    0.000 , 1113.756 , 1117.756 ,  130.469 ,   18.192 ,   -0.000 ,   -6.857 ,       10 , 	)
  51 	 (   3 ,  967.000 , 1200.000 ,        0 , 1124.185 , 1124.185 ,    0.000 , 1124.185 , 1127.185 ,    0.000 ,   18.192 ,   -0.000 ,    1.597 ,       11 , 	)
  37 	 (   5 , 1063.000 , 1161.784 ,        0 , 1143.592 , 1143.592 ,    0.000 , 1143.592 , 1145.592 ,    0.000 ,   18.192 ,   -0.000 ,   26.190 ,       12 , 	)
  91 	 (   3 , 1127.000 , 1187.000 ,        0 , 1168.808 , 1168.808 ,    0.000 , 1168.808 , 1170.808 ,   23.216 ,   18.192 ,   -0.000 ,   -0.804 ,       13 , 	)
 105 	 (   0 , 1057.000 , 1237.000 ,        0 , 1194.072 , 1194.072 ,    0.000 , 1194.072 , 1197.072 ,   66.887 ,   20.113 ,   -0.000 ,   -1.067 ,       14 , 	)
 109 	 (   0 ,    0.000 , 1440.000 ,        0 , 1260.994 , 1260.994 ,    0.000 , 1260.994 , 1260.994 ,    0.000 ,  179.006 ,   -0.000 ,    0.000 ,       15 , 	)

	16 sommets 
	values : ( Cost : 468.836 , TRT : 380.508 , TWT :   0.000 , TD : 519.823 )
	violations : ( VC :       0 , VTW :   0.000 , VTD :   0.000 , VTRT :   0.000 )
	cout global : (   0.000	 )
S(i)	 (   C ,     TW0 ,       TW1 ,       VTW ,       Min ,       A ,       W ,       B ,       D ,       L ,       F ,       E ,       Det ,       [Imp ,       Imp]	)
   0 	 (   0 ,    0.000 , 1440.000 ,        0 ,    0.000 ,  671.076 ,    0.000 ,  671.076 ,  671.076 ,    0.000 ,    4.580 ,  671.076 ,    0.000 ,        0 , 	)
  41 	 (   1 ,  720.000 ,  960.000 ,        0 ,   58.487 ,  729.563 ,    0.000 ,  729.563 ,  730.563 ,    0.000 ,    4.580 ,    9.563 ,    7.168 ,        1 , 	)
  14 	 (   2 ,  720.000 ,  960.000 ,        0 ,  763.853 ,  773.416 ,    0.000 ,  773.416 ,  774.416 ,    0.000 ,    4.580 ,    9.563 ,   22.525 ,        2 , 	)
  16 	 (   5 ,  720.000 ,  960.000 ,        0 ,  793.259 ,  802.823 ,    0.000 ,  802.823 ,  805.823 ,    0.000 ,    4.580 ,    9.563 ,   -0.484 ,        3 , 	)
  95 	 (   4 ,  817.000 , 1057.000 ,        0 ,  807.437 ,  817.000 ,    0.000 ,  817.000 ,  818.000 ,   86.437 ,    4.580 ,    0.000 ,    7.988 ,        4 , 	)
  68 	 (   3 ,  791.000 , 1031.000 ,        0 ,  822.397 ,  822.397 ,    0.000 ,  822.397 ,  823.397 ,   47.981 ,    4.580 ,    0.000 ,    0.805 ,        5 , 	)
  22 	 (   4 ,  720.000 ,  840.000 ,        0 ,  835.420 ,  835.420 ,    0.000 ,  835.420 ,  836.420 ,    0.000 ,    4.580 ,    0.000 ,   -0.176 ,        6 , 	)
  49 	 (   8 ,  720.000 ,  960.000 ,        0 ,  865.367 ,  865.367 ,    0.000 ,  865.367 ,  869.367 ,    0.000 ,   23.462 ,    0.000 ,   29.104 ,        7 , 	)
  70 	 (   5 ,  875.000 , 1055.000 ,        0 ,  900.149 ,  900.149 ,    0.000 ,  900.149 ,  903.149 ,   94.326 ,   23.462 ,    0.000 ,    0.000 ,        8 , 	)
  48 	 (   7 ,  780.000 ,  960.000 ,        0 ,  903.149 ,  903.149 ,    0.000 ,  903.149 ,  905.149 ,    0.000 ,   23.462 ,    0.000 ,    0.000 ,        9 , 	)
 103 	 (   3 ,  774.000 , 1014.000 ,        0 ,  905.149 ,  905.149 ,    0.000 ,  905.149 ,  909.149 ,   35.782 ,   11.858 ,    0.000 ,    0.000 ,       10 , 	)
  24 	 (   5 ,  840.000 ,  960.000 ,        0 ,  936.538 ,  936.538 ,    0.000 ,  936.538 ,  938.538 ,    0.000 ,   11.858 ,    0.000 ,    7.014 ,       11 , 	)
 102 	 (   3 ,  806.129 , 1011.000 ,        0 ,  942.291 ,  942.291 ,    0.000 ,  942.291 ,  944.291 ,   37.142 ,   11.858 ,    0.000 ,    0.492 ,       12 , 	)
  78 	 (   1 ,  892.000 , 1128.000 ,        0 ,  982.432 ,  982.432 ,    0.000 ,  982.432 ,  984.432 ,   43.894 ,  111.320 ,    0.000 ,    4.129 ,       13 , 	)
  76 	 (   0 ,  882.000 , 1122.000 ,        0 , 1010.680 , 1010.680 ,    0.000 , 1010.680 , 1011.680 ,  174.260 ,  111.320 ,    0.000 ,   -8.040 ,       14 , 	)
 109 	 (   0 ,    0.000 , 1440.000 ,        0 , 1051.584 , 1051.584 ,    0.000 , 1051.584 , 1051.584 ,    0.000 ,  388.416 ,   -0.000 ,    0.000 ,       15 , 	)

	20 sommets 
	values : ( Cost : 529.182 , TRT : 427.881 , TWT :   0.000 , TD : 826.163 )
	violations : ( VC :       0 , VTW :   0.000 , VTD :   0.000 , VTRT :   0.000 )
	cout global : (   0.000	 )
S(i)	 (   C ,     TW0 ,       TW1 ,       VTW ,       Min ,       A ,       W ,       B ,       D ,       L ,       F ,       E ,       Det ,       [Imp ,       Imp]	)
   0 	 (   0 ,    0.000 , 1440.000 ,        0 ,    0.000 ,  632.598 ,    0.000 ,  632.598 ,  632.598 ,    0.000 ,   15.951 ,  632.598 ,    0.000 ,        0 , 	)
  23 	 (   1 ,  480.000 ,  720.000 ,        0 ,   46.640 ,  679.238 ,    0.000 ,  679.238 ,  680.238 ,    0.000 ,   15.951 ,  199.238 ,   18.398 ,        1 , 	)
   1 	 (   2 ,  600.000 ,  720.000 ,        0 ,  504.811 ,  704.049 ,    0.000 ,  704.049 ,  705.049 ,    0.000 ,   15.951 ,  104.049 ,   -4.674 ,        2 , 	)
   8 	 (   4 ,  720.000 ,  960.000 ,        0 ,  616.950 ,  720.998 ,    0.000 ,  720.998 ,  722.998 ,    0.000 ,   17.000 ,    0.998 ,    7.590 ,        3 , 	)
  77 	 (   3 ,  603.000 ,  783.000 ,        0 ,  731.789 ,  732.787 ,    0.000 ,  732.787 ,  733.787 ,   52.549 ,    4.717 ,    0.998 ,    1.425 ,        4 , 	)
  35 	 (   5 ,  720.000 ,  900.000 ,        0 ,  769.727 ,  770.726 ,    0.000 ,  770.726 ,  772.726 ,    0.000 ,    4.717 ,    0.998 ,   14.205 ,        5 , 	)
  55 	 (   4 ,  650.850 ,  854.000 ,        0 ,  784.989 ,  785.987 ,    0.000 ,  785.987 ,  786.987 ,   80.938 ,    4.717 ,    0.998 ,   -0.001 ,        6 , 	)
  28 	 (   5 ,  720.000 ,  840.000 ,        0 ,  793.574 ,  794.572 ,    0.000 ,  794.572 ,  795.572 ,    0.000 ,    4.717 ,    0.998 ,    0.263 ,        7 , 	)
   9 	 (   6 ,  780.000 ,  840.000 ,        0 ,  822.002 ,  823.000 ,    0.000 ,  823.000 ,  824.000 ,    0.000 ,    4.717 ,    0.998 ,    0.000 ,        8 , 	)
  89 	 (   4 ,  824.000 , 1004.000 ,        0 ,  823.002 ,  824.000 ,    0.000 ,  824.000 ,  826.000 ,   51.274 ,    4.717 ,    0.000 ,    0.000 ,        9 , 	)
  62 	 (   2 ,  872.000 , 1052.000 ,        0 ,  879.282 ,  879.282 ,    0.000 ,  879.282 ,  881.282 ,  156.283 ,    4.717 ,    0.000 ,    0.525 ,       10 , 	)
  21 	 (   4 ,  780.000 ,  960.000 ,        0 ,  883.014 ,  883.014 ,    0.000 ,  883.014 ,  885.014 ,    0.000 ,   18.089 ,    0.000 ,    0.000 ,       11 , 	)
  40 	 (   7 ,  720.000 ,  960.000 ,        0 ,  885.014 ,  885.014 ,    0.000 ,  885.014 ,  888.014 ,    0.000 ,   18.089 ,    0.000 ,    0.000 ,       12 , 	)
  82 	 (   6 ,  808.000 ,  928.000 ,        0 ,  895.483 ,  895.483 ,    0.000 ,  895.483 ,  896.483 ,   99.911 ,   18.089 ,    0.000 ,    0.286 ,       13 , 	)
  10 	 (   8 ,  720.000 ,  960.000 ,        0 ,  898.773 ,  898.773 ,    0.000 ,  898.773 ,  900.773 ,    0.000 ,   24.538 ,    0.000 ,    3.244 ,       14 , 	)
  94 	 (   5 ,  790.000 , 1030.000 ,        0 ,  938.928 ,  938.928 ,    0.000 ,  938.928 ,  941.928 ,   50.914 ,   24.538 ,    0.000 ,    0.461 ,       15 , 	)
  75 	 (   3 ,  827.000 , 1064.000 ,        0 ,  946.458 ,  946.458 ,    0.000 ,  946.458 ,  948.458 ,   61.444 ,   24.538 ,    0.000 ,    0.000 ,       16 , 	)
  64 	 (   1 ,  818.000 , 1058.000 ,        0 ,  956.159 ,  956.159 ,    0.000 ,  956.159 ,  958.159 ,   55.386 ,   24.538 ,    0.000 ,   -1.265 ,       17 , 	)
  63 	 (   0 ,  871.679 , 1083.000 ,        0 , 1041.462 , 1041.462 ,    0.000 , 1041.462 , 1042.462 ,  217.462 ,   24.538 ,    0.000 ,   -5.383 ,       18 , 	)
 109 	 (   0 ,    0.000 , 1440.000 ,        0 , 1060.480 , 1060.480 ,    0.000 , 1060.480 , 1060.480 ,    0.000 ,  379.520 ,    0.000 ,    0.000 ,       19 , 	)

	20 sommets 
	values : ( Cost : 514.964 , TRT : 449.641 , TWT :  24.450 , TD : 724.571 )
	violations : ( VC :       0 , VTW :   0.000 , VTD :   0.000 , VTRT :   0.000 )
	cout global : (   0.000	 )
S(i)	 (   C ,     TW0 ,       TW1 ,       VTW ,       Min ,       A ,       W ,       B ,       D ,       L ,       F ,       E ,       Det ,       [Imp ,       Imp]	)
   0 	 (   0 ,    0.000 , 1440.000 ,        0 ,    0.000 ,  440.650 ,    0.000 ,  440.650 ,  440.650 ,    0.000 ,    0.000 ,  440.650 ,    0.000 ,        0 , 	)
  42 	 (   2 ,  300.000 ,  480.000 ,        0 ,   19.832 ,  460.482 ,    0.000 ,  460.482 ,  462.482 ,    0.000 ,    0.000 ,  160.482 ,    1.027 ,        1 , 	)
  34 	 (   5 ,  267.000 ,  466.317 ,        0 ,  305.835 ,  466.317 ,    0.000 ,  466.317 ,  469.317 ,    0.000 ,    0.000 ,  160.482 ,    5.123 ,        2 , 	)
  88 	 (   2 ,  397.000 ,  517.000 ,        0 ,  356.518 ,  517.000 ,    0.000 ,  517.000 ,  520.000 ,   47.683 ,    0.000 ,  120.000 ,   -4.171 ,        3 , 	)
  96 	 (   0 ,  418.000 ,  658.000 ,        0 ,  423.057 ,  543.057 ,    0.000 ,  543.057 ,  545.057 ,   80.575 ,   16.946 ,  120.000 ,    8.862 ,        4 , 	)
  33 	 (   1 ,  480.000 ,  720.000 ,        0 ,  461.656 ,  581.656 ,   16.946 ,  598.601 ,  599.601 ,    0.000 ,    0.000 ,  118.601 ,    5.711 ,        5 , 	)
  29 	 (   2 ,  480.000 ,  720.000 ,        0 ,  501.608 ,  620.210 ,    0.000 ,  620.210 ,  621.210 ,    0.000 ,    0.000 ,  118.601 ,    4.288 ,        6 , 	)
  87 	 (   1 ,  534.000 ,  774.000 ,        0 ,  513.203 ,  631.805 ,    0.000 ,  631.805 ,  632.805 ,   32.203 ,    0.000 ,   97.805 ,    5.389 ,        7 , 	)
  18 	 (   3 ,  600.000 ,  720.000 ,        0 ,  545.660 ,  643.465 ,    0.000 ,  643.465 ,  645.465 ,    0.000 ,    0.000 ,   43.465 ,    1.923 ,        8 , 	)
  43 	 (   7 ,  600.000 ,  720.000 ,        0 ,  629.948 ,  673.413 ,    0.000 ,  673.413 ,  677.413 ,    0.000 ,    0.000 ,   43.465 ,   19.583 ,        9 , 	)
  97 	 (   3 ,  620.965 ,  770.000 ,        0 ,  650.913 ,  694.377 ,    0.000 ,  694.377 ,  698.377 ,   16.965 ,    0.000 ,   43.465 ,    2.768 ,       10 , 	)
  31 	 (   6 ,  540.000 ,  720.000 ,        0 ,  676.535 ,  720.000 ,    0.000 ,  720.000 ,  723.000 ,    0.000 ,    0.000 ,   43.465 ,   14.059 ,       11 , 	)
  12 	 (   8 ,  720.000 ,  900.000 ,        0 ,  702.062 ,  745.526 ,    7.504 ,  753.030 ,  755.030 ,    0.000 ,   26.091 ,   33.030 ,    5.504 ,       12 , 	)
  85 	 (   5 ,  568.333 ,  791.000 ,        0 ,  730.311 ,  763.341 ,    0.000 ,  763.341 ,  766.341 ,   40.341 ,   26.091 ,   33.030 ,    2.828 ,       13 , 	)
   5 	 (   6 ,  720.000 ,  900.000 ,        0 ,  764.563 ,  797.593 ,    0.000 ,  797.593 ,  798.593 ,    0.000 ,   26.091 ,   33.030 ,    1.607 ,       14 , 	)
  72 	 (   4 ,  718.000 ,  898.000 ,        0 ,  772.522 ,  805.552 ,    0.000 ,  805.552 ,  807.552 ,  160.087 ,   26.091 ,   33.030 ,    6.615 ,       15 , 	)
  66 	 (   2 ,  820.000 , 1000.000 ,        0 ,  786.970 ,  820.000 ,    0.000 ,  820.000 ,  822.000 ,   64.970 ,   26.091 ,    0.000 ,    6.425 ,       16 , 	)
  83 	 (   1 ,  667.000 ,  907.000 ,        0 ,  844.119 ,  844.119 ,    0.000 ,  844.119 ,  845.119 ,  222.909 ,   26.091 ,    0.000 ,    0.693 ,       17 , 	)
  59 	 (   0 ,  811.000 ,  991.000 ,        0 ,  857.432 ,  857.432 ,    0.000 ,  857.432 ,  858.432 ,   58.838 ,   78.162 ,    0.000 ,    4.268 ,       18 , 	)
 109 	 (   0 ,    0.000 , 1440.000 ,        0 ,  890.291 ,  890.291 ,    0.000 ,  890.291 ,  890.291 ,    0.000 ,  549.709 ,    0.000 ,    0.000 ,       19 , 	)

	8 sommets 
	values : ( Cost : 205.757 , TRT : 170.705 , TWT :   0.000 , TD : 201.825 )
	violations : ( VC :       0 , VTW :   0.000 , VTD :   0.000 , VTRT :   0.000 )
	cout global : (   0.000	 )
S(i)	 (   C ,     TW0 ,       TW1 ,       VTW ,       Min ,       A ,       W ,       B ,       D ,       L ,       F ,       E ,       Det ,       [Imp ,       Imp]	)
   0 	 (   0 ,    0.000 , 1440.000 ,        0 ,    0.000 ,  270.155 ,    0.000 ,  270.155 ,  270.155 ,    0.000 ,   97.793 ,  270.155 ,    0.000 ,        0 , 	)
  45 	 (   3 ,  240.000 ,  420.000 ,        0 ,   52.052 ,  322.207 ,    0.000 ,  322.207 ,  325.207 ,    0.000 ,   97.793 ,   82.207 ,    1.248 ,        1 , 	)
  26 	 (   6 ,  240.000 ,  480.000 ,        0 ,  254.354 ,  336.561 ,    0.000 ,  336.561 ,  339.561 ,    0.000 ,   32.162 ,   82.207 ,   21.007 ,        2 , 	)
  30 	 (   8 ,  244.000 ,  480.000 ,        0 ,  282.244 ,  364.451 ,    0.000 ,  364.451 ,  366.451 ,    0.000 ,   32.162 ,   82.207 ,    1.253 ,        3 , 	)
  99 	 (   5 ,  320.000 ,  500.000 ,        0 ,  314.838 ,  397.045 ,    0.000 ,  397.045 ,  400.045 ,   71.838 ,   32.162 ,   77.045 ,    0.227 ,        4 , 	)
  84 	 (   3 ,  411.000 ,  531.000 ,        0 ,  333.955 ,  411.000 ,    0.000 ,  411.000 ,  413.000 ,   44.549 ,  114.562 ,    0.000 ,    0.594 ,        5 , 	)
  80 	 (   0 ,  392.000 ,  632.000 ,        0 ,  424.998 ,  424.998 ,    0.000 ,  424.998 ,  427.998 ,   85.438 ,  114.562 ,    0.000 ,    6.843 ,        6 , 	)
 109 	 (   0 ,    0.000 , 1440.000 ,        0 ,  440.859 ,  440.859 ,    0.000 ,  440.859 ,  440.859 ,    0.000 ,  999.141 ,    0.000 ,    0.000 ,        7 , 	)

	12 sommets 
	values : ( Cost : 251.051 , TRT : 255.226 , TWT :  40.466 , TD : 359.033 )
	violations : ( VC :       0 , VTW :   0.000 , VTD :   0.000 , VTRT :   0.000 )
	cout global : (   0.000	 )
S(i)	 (   C ,     TW0 ,       TW1 ,       VTW ,       Min ,       A ,       W ,       B ,       D ,       L ,       F ,       E ,       Det ,       [Imp ,       Imp]	)
   0 	 (   0 ,    0.000 , 1440.000 ,        0 ,    0.000 ,  343.790 ,    0.000 ,  343.790 ,  343.790 ,    0.000 ,    0.000 ,  343.790 ,    0.000 ,        0 , 	)
   7 	 (   3 ,  300.000 ,  480.000 ,        0 ,   26.888 ,  370.678 ,    0.000 ,  370.678 ,  373.678 ,    0.000 ,    0.000 ,   70.678 ,   12.649 ,        1 , 	)
  25 	 (   6 ,  360.000 ,  480.000 ,        0 ,  338.395 ,  409.073 ,    0.000 ,  409.073 ,  412.073 ,    0.000 ,    0.000 ,   49.073 ,   19.229 ,        2 , 	)
  36 	 (   8 ,  240.000 ,  480.000 ,        0 ,  378.477 ,  427.550 ,    0.000 ,  427.550 ,  429.550 ,    0.000 ,    0.000 ,   49.073 ,    2.974 ,        3 , 	)
  61 	 (   5 ,  382.000 ,  562.000 ,        0 ,  413.479 ,  462.552 ,    0.000 ,  462.552 ,  465.552 ,   88.874 ,    0.000 ,   49.073 ,   15.550 ,        4 , 	)
  90 	 (   3 ,  301.000 ,  541.000 ,        0 ,  428.927 ,  478.000 ,    0.000 ,  478.000 ,  480.000 ,   48.450 ,    0.000 ,   49.073 ,    0.000 ,        5 , 	)
  52 	 (   7 ,  300.000 ,  480.000 ,        0 ,  430.927 ,  480.000 ,    0.000 ,  480.000 ,  484.000 ,    0.000 ,   -0.000 ,   49.073 ,    0.000 ,        6 , 	)
   2 	 (   8 ,  486.000 ,  720.000 ,        0 ,  445.732 ,  494.805 ,    3.872 ,  498.677 ,  499.677 ,    0.000 ,    0.000 ,   12.677 ,    0.082 ,        7 , 	)
  79 	 (   5 ,  400.009 ,  582.000 ,        0 ,  498.396 ,  511.073 ,    0.000 ,  511.073 ,  514.073 ,   99.000 ,    0.000 ,   12.677 ,    0.674 ,        8 , 	)
 106 	 (   1 ,  340.000 ,  574.000 ,        0 ,  513.709 ,  526.386 ,    0.000 ,  526.386 ,  530.386 ,   42.386 ,   47.614 ,   12.677 ,    1.364 ,        9 , 	)
  56 	 (   0 ,  580.000 ,  760.000 ,        0 ,  530.729 ,  543.406 ,   36.594 ,  580.000 ,  581.000 ,   80.323 ,   12.677 ,    0.000 ,   -0.823 ,       10 , 	)
 109 	 (   0 ,    0.000 , 1440.000 ,        0 ,  599.017 ,  599.017 ,    0.000 ,  599.017 ,  599.017 ,    0.000 ,  840.983 ,    0.000 ,    0.000 ,       11 , 	)
