8
	VALUE ALL : ( Cost : 2855.085 , TRT : 2730.796 , TWT : 342.115 , TD : 3581.533 )
	VIOLATIONS TOTAL : ( VC :       0 , VTW :   0.000 , VTD :   0.000 , VTRT :   0.000 )
 	COUT_ALL : (   0.002 )  T2B:   36601

	18 sommets 
	values : ( Cost : 362.265 , TRT : 302.380 , TWT :   0.000 , TD : 544.800 )
	violations : ( VC :       0 , VTW :   0.000 , VTD :   0.000 , VTRT :   0.000 )
	cout global : (   0.000	 )
S(i)	 (   C ,     TW0 ,       TW1 ,       VTW ,       Min ,       A ,       W ,       B ,       D ,       L ,       F ,       E ,       Det ,       [Imp ,       Imp]	)
   0 	 (   0 ,    0.000 , 1440.000 ,        0 ,    0.000 ,  209.368 ,    0.000 ,  209.368 ,  209.368 ,    0.000 ,    7.333 ,  209.368 ,    0.000 ,        0 , 	)
  10 	 (   4 ,  248.000 ,  480.000 ,        0 ,   62.195 ,  271.562 ,    0.000 ,  271.562 ,  275.562 ,    0.000 ,    7.333 ,   23.562 ,   12.001 ,        1 , 	)
  29 	 (   5 ,  245.000 ,  480.000 ,        0 ,  267.403 ,  290.965 ,    0.000 ,  290.965 ,  291.965 ,    0.000 ,    7.333 ,   23.562 ,    7.583 ,        2 , 	)
  12 	 (   6 ,  240.000 ,  480.000 ,        0 ,  276.168 ,  299.731 ,    0.000 ,  299.731 ,  300.731 ,    0.000 ,    7.333 ,   23.562 ,    0.471 ,        3 , 	)
  16 	 (   8 ,  240.000 ,  480.000 ,        0 ,  283.854 ,  307.417 ,    0.000 ,  307.417 ,  309.417 ,    0.000 ,    5.960 ,   23.562 ,    5.214 ,        4 , 	)
  84 	 (   7 ,  340.000 ,  520.000 ,        0 ,  316.438 ,  340.000 ,    0.000 ,  340.000 ,  341.000 ,   48.035 ,    5.960 ,    0.000 ,    7.386 ,        5 , 	)
  65 	 (   3 ,  336.000 ,  516.000 ,        0 ,  345.345 ,  345.345 ,    0.000 ,  345.345 ,  349.345 ,   69.783 ,    5.960 ,    0.000 ,    1.305 ,        6 , 	)
  49 	 (   5 ,  300.000 ,  480.000 ,        0 ,  359.924 ,  359.924 ,    0.000 ,  359.924 ,  361.924 ,    0.000 ,    5.960 ,    0.000 ,    1.917 ,        7 , 	)
  36 	 (   6 ,  309.000 ,  479.697 ,        0 ,  368.195 ,  368.195 ,    0.000 ,  368.195 ,  369.195 ,    0.000 ,    5.960 ,    0.000 ,    5.105 ,        8 , 	)
  71 	 (   4 ,  322.000 ,  562.000 ,        0 ,  384.401 ,  384.401 ,    0.000 ,  384.401 ,  386.401 ,   74.984 ,    5.960 ,    0.000 ,    7.086 ,        9 , 	)
  15 	 (   7 ,  318.000 ,  405.689 ,        0 ,  393.356 ,  393.356 ,    0.000 ,  393.356 ,  396.356 ,    0.000 ,    5.960 ,    0.000 ,    7.184 ,       10 , 	)
  46 	 (   8 ,  240.000 ,  420.000 ,        0 ,  412.667 ,  412.667 ,    0.000 ,  412.667 ,  413.667 ,    0.000 ,    5.960 ,    0.000 ,    0.000 ,       11 , 	)
  70 	 (   5 ,  365.000 ,  425.000 ,        0 ,  413.667 ,  413.667 ,    0.000 ,  413.667 ,  416.667 ,   17.311 ,    5.960 ,    0.000 ,    0.000 ,       12 , 	)
  91 	 (   4 ,  391.000 ,  511.000 ,        0 ,  424.658 ,  424.658 ,    0.000 ,  424.658 ,  425.658 ,   55.462 ,    5.960 ,    0.000 ,    0.774 ,       13 , 	)
  67 	 (   3 ,  355.000 ,  595.000 ,        0 ,  447.771 ,  447.771 ,    0.000 ,  447.771 ,  448.771 ,  147.040 ,    5.960 ,    0.000 ,    0.852 ,       14 , 	)
 101 	 (   2 ,  304.000 ,  484.000 ,        0 ,  451.605 ,  451.605 ,    0.000 ,  451.605 ,  452.605 ,   37.938 ,   26.753 ,    0.000 ,    0.257 ,       15 , 	)
 104 	 (   0 ,  362.000 ,  602.000 ,        0 ,  456.171 ,  456.171 ,    0.000 ,  456.171 ,  458.171 ,   94.247 ,   26.753 ,    0.000 ,    4.446 ,       16 , 	)
 111 	 (   0 ,    0.000 , 1440.000 ,        0 ,  511.747 ,  511.747 ,    0.000 ,  511.747 ,  511.747 ,    0.000 ,  928.253 ,    0.000 ,    0.000 ,       17 , 	)

	16 sommets 
	values : ( Cost : 479.423 , TRT : 432.566 , TWT :  40.098 , TD : 569.910 )
	violations : ( VC :       0 , VTW :   0.000 , VTD :   0.000 , VTRT :   0.000 )
	cout global : (   0.000	 )
S(i)	 (   C ,     TW0 ,       TW1 ,       VTW ,       Min ,       A ,       W ,       B ,       D ,       L ,       F ,       E ,       Det ,       [Imp ,       Imp]	)
   0 	 (   0 ,    0.000 , 1440.000 ,        0 ,    0.000 ,  772.352 ,    0.000 ,  772.352 ,  772.352 ,    0.000 ,    0.000 ,  772.352 ,    0.000 ,        0 , 	)
   6 	 (   3 ,  746.000 ,  935.475 ,        0 ,   14.558 ,  786.910 ,    0.000 ,  786.910 ,  789.910 ,    0.000 ,    0.000 ,   40.910 ,    3.917 ,        1 , 	)
  61 	 (   0 ,  767.000 ,  947.000 ,        0 ,  757.525 ,  798.435 ,    0.000 ,  798.435 ,  801.435 ,    8.525 ,    0.000 ,   31.435 ,   -3.687 ,        2 , 	)
   2 	 (   2 ,  720.000 ,  960.000 ,        0 ,  796.662 ,  828.096 ,    0.000 ,  828.096 ,  830.096 ,    0.000 ,    0.000 ,   31.435 ,   14.051 ,        3 , 	)
  30 	 (   4 ,  720.000 ,  960.000 ,        0 ,  850.170 ,  881.605 ,    0.000 ,  881.605 ,  883.605 ,    0.000 ,    0.000 ,   31.435 ,    3.215 ,        4 , 	)
   3 	 (   7 ,  720.000 ,  900.000 ,        0 ,  865.789 ,  897.224 ,    0.000 ,  897.224 ,  900.224 ,    0.000 ,    0.000 ,   31.435 ,   23.936 ,        5 , 	)
  57 	 (   5 ,  805.000 , 1045.000 ,        0 ,  903.314 ,  934.749 ,    0.000 ,  934.749 ,  936.749 ,  104.653 ,    0.000 ,   31.435 ,    2.972 ,        6 , 	)
  13 	 (   7 ,  780.000 ,  960.000 ,        0 ,  928.565 ,  960.000 ,    0.000 ,  960.000 ,  962.000 ,    0.000 ,    0.000 ,   31.435 ,    7.886 ,        7 , 	)
  85 	 (   5 ,  892.000 , 1132.000 ,        0 ,  949.481 ,  980.916 ,    0.000 ,  980.916 ,  982.916 ,   97.311 ,   56.212 ,   31.435 ,    6.892 ,        8 , 	)
  58 	 (   2 ,  872.000 , 1052.000 ,        0 ,  964.353 ,  995.788 ,    0.000 ,  995.788 ,  998.788 ,   95.564 ,   56.212 ,   31.435 ,    1.670 ,        9 , 	)
  41 	 (   3 ,  999.000 , 1168.935 ,        0 ,  977.402 , 1008.837 ,   40.098 , 1048.935 , 1049.935 ,    0.000 ,   20.613 ,   49.935 ,   12.681 ,       10 , 	)
  96 	 (   2 , 1080.000 , 1200.000 ,        0 , 1030.065 , 1080.000 ,    0.000 , 1080.000 , 1081.000 ,   30.065 ,   20.613 ,    0.000 ,    7.008 ,       11 , 	)
  39 	 (   5 , 1020.000 , 1200.000 ,        0 , 1109.655 , 1109.655 ,    0.000 , 1109.655 , 1112.655 ,    0.000 ,   20.613 ,   -0.000 ,    9.506 ,       12 , 	)
  68 	 (   3 ,  909.000 , 1149.000 ,        0 , 1128.387 , 1128.387 ,    0.000 , 1128.387 , 1130.387 ,  166.387 ,   20.613 ,   -0.000 ,   20.681 ,       13 , 	)
  94 	 (   0 , 1141.000 , 1261.000 ,        0 , 1180.059 , 1180.059 ,    0.000 , 1180.059 , 1183.059 ,   67.405 ,   51.595 ,   -0.000 ,   12.012 ,       14 , 	)
 111 	 (   0 ,    0.000 , 1440.000 ,        0 , 1204.918 , 1204.918 ,    0.000 , 1204.918 , 1204.918 ,    0.000 ,  235.082 ,   -0.000 ,    0.000 ,       15 , 	)

	12 sommets 
	values : ( Cost : 319.852 , TRT : 330.610 , TWT :  74.120 , TD : 408.477 )
	violations : ( VC :       0 , VTW :   0.000 , VTD :   0.000 , VTRT :   0.000 )
	cout global : (   0.000	 )
S(i)	 (   C ,     TW0 ,       TW1 ,       VTW ,       Min ,       A ,       W ,       B ,       D ,       L ,       F ,       E ,       Det ,       [Imp ,       Imp]	)
   0 	 (   0 ,    0.000 , 1440.000 ,        0 ,    0.000 ,  858.311 ,    0.000 ,  858.311 ,  858.311 ,    0.000 ,    0.000 ,  858.311 ,    0.000 ,        0 , 	)
  27 	 (   1 ,  720.000 ,  960.000 ,        0 ,   24.901 ,  883.212 ,    0.000 ,  883.212 ,  884.212 ,    0.000 ,    0.000 ,  163.212 ,    0.000 ,        1 , 	)
  55 	 (   3 ,  722.000 ,  960.000 ,        0 ,  721.000 ,  884.212 ,    0.000 ,  884.212 ,  886.212 ,    0.000 ,    0.000 ,  162.212 ,    0.000 ,        2 , 	)
  82 	 (   2 ,  783.000 , 1023.000 ,        0 ,  755.238 ,  917.450 ,    0.000 ,  917.450 ,  918.450 ,   33.238 ,    0.000 ,  134.450 ,    7.095 ,        3 , 	)
  18 	 (   3 ,  720.000 ,  960.000 ,        0 ,  792.874 ,  927.324 ,    0.000 ,  927.324 ,  928.324 ,    0.000 ,    0.000 ,  134.450 ,   14.086 ,        4 , 	)
 110 	 (   1 ,  830.000 , 1010.000 ,        0 ,  817.705 ,  952.155 ,    0.000 ,  952.155 ,  954.155 ,   65.943 ,    0.000 ,  122.155 ,    6.108 ,        5 , 	)
  21 	 (   3 ,  720.000 ,  960.000 ,        0 ,  837.845 ,  960.000 ,    0.000 ,  960.000 ,  962.000 ,    0.000 ,    0.000 ,  122.155 ,    5.583 ,        6 , 	)
  54 	 (   5 ,  960.000 , 1140.000 ,        0 ,  848.862 ,  971.017 ,    1.531 ,  972.547 ,  974.547 ,    0.000 ,    0.000 ,   12.547 ,   -0.731 ,        7 , 	)
  76 	 (   3 ,  805.000 , 1045.000 ,        0 ,  994.296 , 1006.844 ,    0.000 , 1006.844 , 1008.844 ,   44.844 ,    0.000 ,   12.547 ,    3.123 ,        8 , 	)
  73 	 (   2 ,  799.000 , 1039.000 ,        0 , 1021.777 , 1034.324 ,    0.000 , 1034.324 , 1035.324 ,  106.000 ,    0.000 ,   12.547 ,   -7.582 ,        9 , 	)
 109 	 (   0 , 1133.000 , 1253.000 ,        0 , 1047.864 , 1060.411 ,   72.589 , 1133.000 , 1135.000 ,  158.453 ,   30.547 ,    0.000 ,   53.562 ,       10 , 	)
 111 	 (   0 ,    0.000 , 1440.000 ,        0 , 1188.921 , 1188.921 ,    0.000 , 1188.921 , 1188.921 ,    0.000 ,  251.079 ,   -0.000 ,    0.000 ,       11 , 	)

	24 sommets 
	values : ( Cost : 424.264 , TRT : 366.516 , TWT :   1.520 , TD : 619.642 )
	violations : ( VC :       0 , VTW :   0.000 , VTD :   0.000 , VTRT :   0.000 )
	cout global : (   0.000	 )
S(i)	 (   C ,     TW0 ,       TW1 ,       VTW ,       Min ,       A ,       W ,       B ,       D ,       L ,       F ,       E ,       Det ,       [Imp ,       Imp]	)
   0 	 (   0 ,    0.000 , 1440.000 ,        0 ,    0.000 ,  337.239 ,    0.000 ,  337.239 ,  337.239 ,    0.000 ,    0.000 ,  337.239 ,    0.000 ,        0 , 	)
  43 	 (   3 ,  272.000 ,  399.658 ,        0 ,   10.883 ,  348.122 ,    0.000 ,  348.122 ,  351.122 ,    0.000 ,    0.000 ,   76.122 ,    2.037 ,        1 , 	)
  14 	 (   6 ,  300.000 ,  480.000 ,        0 ,  295.606 ,  371.728 ,    0.000 ,  371.728 ,  374.728 ,    0.000 ,    0.000 ,   71.728 ,   -7.989 ,        2 , 	)
  24 	 (   7 ,  275.000 ,  393.995 ,        0 ,  307.474 ,  379.202 ,    0.000 ,  379.202 ,  380.202 ,    0.000 ,    0.000 ,   71.728 ,    2.207 ,        3 , 	)
  69 	 (   4 ,  312.155 ,  508.000 ,        0 ,  315.362 ,  387.089 ,    0.000 ,  387.089 ,  390.089 ,   12.362 ,    0.000 ,   71.728 ,    3.513 ,        4 , 	)
  98 	 (   1 ,  383.000 ,  443.000 ,        0 ,  326.605 ,  398.332 ,    0.000 ,  398.332 ,  401.332 ,   47.211 ,    0.000 ,   15.332 ,    8.674 ,        5 , 	)
  79 	 (   0 ,  370.000 ,  430.000 ,        0 ,  414.668 ,  430.000 ,    0.000 ,  430.000 ,  431.000 ,   49.798 ,    0.000 ,   15.332 ,    7.091 ,        6 , 	)
  34 	 (   2 ,  240.000 ,  480.000 ,        0 ,  431.330 ,  446.662 ,    1.520 ,  448.183 ,  450.183 ,    0.000 ,    3.662 ,   16.853 ,    1.049 ,        7 , 	)
  19 	 (   5 ,  240.000 ,  480.000 ,        0 ,  438.437 ,  455.289 ,    0.000 ,  455.289 ,  458.289 ,    0.000 ,    3.662 ,   16.853 ,   -1.331 ,        8 , 	)
  32 	 (   7 ,  248.000 ,  480.000 ,        0 ,  446.620 ,  463.473 ,    0.000 ,  463.473 ,  465.473 ,    0.000 ,    3.662 ,   16.853 ,    4.171 ,        9 , 	)
  37 	 (   8 ,  240.000 ,  480.000 ,        0 ,  456.076 ,  472.929 ,    0.000 ,  472.929 ,  473.929 ,    0.000 ,    3.662 ,   16.853 ,    2.383 ,       10 , 	)
  74 	 (   5 ,  306.000 ,  546.000 ,        0 ,  482.068 ,  498.921 ,    0.000 ,  498.921 ,  501.921 ,   40.632 ,    3.662 ,   16.853 ,    7.862 ,       11 , 	)
  87 	 (   3 ,  335.000 ,  515.000 ,        0 ,  494.485 ,  511.338 ,    0.000 ,  511.338 ,  513.338 ,   45.865 ,    3.662 ,   16.853 ,    0.117 ,       12 , 	)
  25 	 (   4 ,  480.000 ,  660.000 ,        0 ,  502.171 ,  519.024 ,    0.000 ,  519.024 ,  520.024 ,    0.000 ,    6.653 ,   16.853 ,    2.911 ,       13 , 	)
  47 	 (   7 ,  480.000 ,  720.000 ,        0 ,  507.283 ,  524.136 ,    0.000 ,  524.136 ,  527.136 ,    0.000 ,    6.653 ,   16.853 ,    1.637 ,       14 , 	)
  89 	 (   5 ,  338.000 ,  578.000 ,        0 ,  519.991 ,  536.844 ,    0.000 ,  536.844 ,  538.844 ,   86.661 ,    1.035 ,   16.853 ,   -0.223 ,       15 , 	)
  80 	 (   4 ,  517.000 ,  697.000 ,        0 ,  530.976 ,  547.829 ,    0.000 ,  547.829 ,  548.829 ,   27.805 ,    1.035 ,   16.853 ,    1.173 ,       16 , 	)
   4 	 (   5 ,  526.000 ,  684.753 ,        0 ,  546.420 ,  563.272 ,    0.000 ,  563.272 ,  564.272 ,    0.000 ,    1.035 ,   16.853 ,    5.971 ,       17 , 	)
  92 	 (   4 ,  339.000 ,  579.000 ,        0 ,  555.495 ,  572.347 ,    0.000 ,  572.347 ,  573.347 ,   98.419 ,    1.035 ,   16.853 ,    0.480 ,       18 , 	)
  59 	 (   3 ,  604.000 ,  724.000 ,        0 ,  587.147 ,  604.000 ,    0.000 ,  604.000 ,  605.000 ,   39.728 ,    1.035 ,    0.000 ,    3.727 ,       19 , 	)
  26 	 (   6 ,  483.000 ,  660.000 ,        0 ,  622.572 ,  622.572 ,    0.000 ,  622.572 ,  625.572 ,    0.000 ,    1.035 ,    0.000 ,   18.314 ,       20 , 	)
 102 	 (   3 ,  604.000 ,  784.000 ,        0 ,  649.101 ,  649.101 ,    0.000 ,  649.101 ,  652.101 ,  121.965 ,    1.035 ,    0.000 ,    7.093 ,       21 , 	)
  81 	 (   0 ,  591.000 ,  711.000 ,        0 ,  674.771 ,  674.771 ,    0.000 ,  674.771 ,  677.771 ,   49.199 ,   36.229 ,    0.000 ,   14.508 ,       22 , 	)
 111 	 (   0 ,    0.000 , 1440.000 ,        0 ,  703.755 ,  703.755 ,    0.000 ,  703.755 ,  703.755 ,    0.000 ,  736.245 ,    0.000 ,    0.000 ,       23 , 	)

	16 sommets 
	values : ( Cost : 392.002 , TRT : 350.082 , TWT :  17.344 , TD : 435.934 )
	violations : ( VC :       0 , VTW :   0.000 , VTD :   0.000 , VTRT :   0.000 )
	cout global : (   0.000	 )
S(i)	 (   C ,     TW0 ,       TW1 ,       VTW ,       Min ,       A ,       W ,       B ,       D ,       L ,       F ,       E ,       Det ,       [Imp ,       Imp]	)
   0 	 (   0 ,    0.000 , 1440.000 ,        0 ,    0.000 ,  338.980 ,    0.000 ,  338.980 ,  338.980 ,    0.000 ,    0.000 ,  338.980 ,    0.000 ,        0 , 	)
  33 	 (   4 ,  300.000 ,  480.000 ,        0 ,   37.641 ,  376.621 ,    0.000 ,  376.621 ,  380.621 ,    0.000 ,    0.000 ,   76.621 ,   21.905 ,        1 , 	)
  35 	 (   7 ,  240.000 ,  480.000 ,        0 ,  338.168 ,  414.789 ,    0.000 ,  414.789 ,  417.789 ,    0.000 ,    0.000 ,   76.621 ,    4.318 ,        2 , 	)
  88 	 (   3 ,  346.000 ,  581.000 ,        0 ,  347.557 ,  424.178 ,    0.000 ,  424.178 ,  428.178 ,   43.557 ,    0.000 ,   76.621 ,    8.383 ,        3 , 	)
  28 	 (   4 ,  245.000 ,  480.000 ,        0 ,  396.352 ,  472.973 ,    0.000 ,  472.973 ,  473.973 ,    0.000 ,    0.000 ,   76.621 ,   25.077 ,        4 , 	)
  23 	 (   6 ,  480.000 ,  660.000 ,        0 ,  413.231 ,  489.852 ,    0.000 ,  489.852 ,  491.852 ,    0.000 ,    0.000 ,    9.852 ,    9.586 ,        5 , 	)
  83 	 (   5 ,  341.000 ,  521.000 ,        0 ,  511.148 ,  521.000 ,    0.000 ,  521.000 ,  522.000 ,   47.027 ,    0.000 ,    9.852 ,    1.495 ,        6 , 	)
  78 	 (   3 ,  542.000 ,  722.000 ,        0 ,  514.805 ,  524.656 ,   17.344 ,  542.000 ,  544.000 ,   50.148 ,   20.368 ,    0.000 ,    0.000 ,        7 , 	)
  90 	 (   0 ,  387.000 ,  567.000 ,        0 ,  544.000 ,  544.000 ,    0.000 ,  544.000 ,  547.000 ,  126.211 ,   20.368 ,    0.000 ,    0.000 ,        8 , 	)
  48 	 (   4 ,  480.000 ,  720.000 ,        0 ,  553.885 ,  553.885 ,    0.000 ,  553.885 ,  557.885 ,    0.000 ,   20.368 ,    0.000 ,    7.059 ,        9 , 	)
  52 	 (   5 ,  540.000 ,  660.000 ,        0 ,  568.971 ,  568.971 ,    0.000 ,  568.971 ,  569.971 ,    0.000 ,   20.368 ,    0.000 ,    9.120 ,       10 , 	)
 107 	 (   4 ,  611.000 ,  791.000 ,        0 ,  620.682 ,  620.682 ,    0.000 ,  620.682 ,  621.682 ,   50.711 ,   20.368 ,    0.000 ,    0.474 ,       11 , 	)
  44 	 (   8 ,  558.000 ,  646.453 ,        0 ,  626.084 ,  626.084 ,    0.000 ,  626.084 ,  630.084 ,    0.000 ,   20.368 ,    0.000 ,    1.777 ,       12 , 	)
  99 	 (   4 ,  607.000 ,  667.000 ,        0 ,  646.632 ,  646.632 ,    0.000 ,  646.632 ,  650.632 ,   16.547 ,   20.368 ,    0.000 ,   -6.702 ,       13 , 	)
 103 	 (   0 ,  605.000 ,  785.000 ,        0 ,  659.617 ,  659.617 ,    0.000 ,  659.617 ,  663.617 ,  101.732 ,   21.268 ,    0.000 ,    3.418 ,       14 , 	)
 111 	 (   0 ,    0.000 , 1440.000 ,        0 ,  689.062 ,  689.062 ,    0.000 ,  689.062 ,  689.062 ,    0.000 ,  750.938 ,    0.000 ,    0.000 ,       15 , 	)

	16 sommets 
	values : ( Cost : 303.064 , TRT : 422.326 , TWT : 164.458 , TD : 534.268 )
	violations : ( VC :       0 , VTW :   0.000 , VTD :   0.000 , VTRT :   0.000 )
	cout global : (   0.000	 )
S(i)	 (   C ,     TW0 ,       TW1 ,       VTW ,       Min ,       A ,       W ,       B ,       D ,       L ,       F ,       E ,       Det ,       [Imp ,       Imp]	)
   0 	 (   0 ,    0.000 , 1440.000 ,        0 ,    0.000 ,  565.853 ,    0.000 ,  565.853 ,  565.853 ,    0.000 ,    0.000 ,  565.853 ,    0.000 ,        0 , 	)
   1 	 (   3 ,  480.000 ,  600.000 ,        0 ,   34.147 ,  600.000 ,    0.000 ,  600.000 ,  603.000 ,    0.000 ,    0.000 ,  120.000 ,    1.156 ,        1 , 	)
  56 	 (   0 ,  501.414 ,  652.000 ,        0 ,  501.414 ,  621.414 ,    0.000 ,  621.414 ,  624.414 ,   18.414 ,   30.586 ,  120.000 ,    5.254 ,        2 , 	)
  22 	 (   3 ,  480.000 ,  720.000 ,        0 ,  507.771 ,  627.771 ,   92.229 ,  720.000 ,  723.000 ,    0.000 ,    0.000 ,  212.229 ,    0.000 ,        3 , 	)
  11 	 (   6 ,  720.000 ,  960.000 ,        0 ,  510.771 ,  723.000 ,   63.252 ,  786.252 ,  789.252 ,    0.000 ,    0.000 ,   66.252 ,    0.000 ,        4 , 	)
  51 	 (   7 ,  809.000 ,  943.891 ,        0 ,  755.880 ,  822.132 ,    0.000 ,  822.132 ,  823.132 ,    0.000 ,    0.000 ,   13.132 ,   -1.880 ,        5 , 	)
  77 	 (   4 ,  588.000 ,  828.000 ,        0 ,  814.868 ,  828.000 ,    0.000 ,  828.000 ,  831.000 ,  105.000 ,    0.000 ,   13.132 ,    4.366 ,        6 , 	)
   5 	 (   5 ,  780.000 ,  960.000 ,        0 ,  824.983 ,  838.114 ,    8.547 ,  846.662 ,  847.662 ,    0.000 ,    0.000 ,   21.679 ,    5.660 ,        7 , 	)
  66 	 (   2 ,  838.000 , 1018.000 ,        0 ,  830.189 ,  851.868 ,    0.000 ,  851.868 ,  854.868 ,   62.617 ,    0.000 ,   13.868 ,   -4.840 ,        8 , 	)
  40 	 (   3 ,  752.000 ,  938.835 ,        0 ,  862.073 ,  875.941 ,    0.000 ,  875.941 ,  876.941 ,    0.000 ,    0.000 ,   13.868 ,   17.600 ,        9 , 	)
   9 	 (   6 ,  720.000 ,  900.000 ,        0 ,  886.132 ,  900.000 ,    0.000 ,  900.000 ,  903.000 ,    0.000 ,    0.000 ,   13.868 ,   14.624 ,       10 , 	)
 106 	 (   5 ,  930.000 ,  990.000 ,        0 ,  915.702 ,  929.571 ,    0.429 ,  930.000 ,  931.000 ,  106.868 ,    3.546 ,    0.000 ,    8.783 ,       11 , 	)
  95 	 (   4 ,  860.000 ,  980.000 ,        0 ,  939.865 ,  939.865 ,    0.000 ,  939.865 ,  940.865 ,   62.923 ,    3.546 ,    0.000 ,    2.518 ,       12 , 	)
  64 	 (   1 ,  775.000 ,  955.000 ,        0 ,  951.454 ,  951.454 ,    0.000 ,  951.454 ,  954.454 ,   48.454 ,    3.546 ,    0.000 ,    0.147 ,       13 , 	)
  60 	 (   0 ,  897.000 , 1077.000 ,        0 ,  977.653 ,  977.653 ,    0.000 ,  977.653 ,  978.653 ,  129.992 ,   26.008 ,    0.000 ,   18.167 ,       14 , 	)
 111 	 (   0 ,    0.000 , 1440.000 ,        0 ,  988.179 ,  988.179 ,    0.000 ,  988.179 ,  988.179 ,    0.000 ,  451.821 ,    0.000 ,    0.000 ,       15 , 	)

	14 sommets 
	values : ( Cost : 343.185 , TRT : 336.610 , TWT :  44.576 , TD : 245.223 )
	violations : ( VC :       0 , VTW :   0.000 , VTD :   0.000 , VTRT :   0.000 )
	cout global : (   0.000	 )
S(i)	 (   C ,     TW0 ,       TW1 ,       VTW ,       Min ,       A ,       W ,       B ,       D ,       L ,       F ,       E ,       Det ,       [Imp ,       Imp]	)
   0 	 (   0 ,    0.000 , 1440.000 ,        0 ,    0.000 ,  816.567 ,    0.000 ,  816.567 ,  816.567 ,    0.000 ,    0.000 ,  816.567 ,    0.000 ,        0 , 	)
  53 	 (   1 ,  780.000 ,  960.000 ,        0 ,   54.511 ,  871.078 ,    0.000 ,  871.078 ,  872.078 ,    0.000 ,    0.000 ,   91.078 ,   14.378 ,        1 , 	)
  31 	 (   5 ,  768.000 ,  914.341 ,        0 ,  823.263 ,  914.341 ,    0.000 ,  914.341 ,  918.341 ,    0.000 ,    0.000 ,   91.078 ,    6.838 ,        2 , 	)
  86 	 (   1 ,  814.000 ,  934.000 ,        0 ,  842.922 ,  934.000 ,    0.000 ,  934.000 ,  938.000 ,   15.659 ,    0.000 ,   91.078 ,   13.386 ,        3 , 	)
  20 	 (   5 ,  979.000 , 1182.959 ,        0 ,  856.025 ,  947.103 ,   44.576 ,  991.679 ,  995.679 ,    0.000 ,   13.953 ,   12.679 ,   13.974 ,        4 , 	)
 108 	 (   4 ,  864.000 , 1104.000 ,        0 ,  997.447 , 1010.126 ,    0.000 , 1010.126 , 1011.126 ,  138.047 ,   12.679 ,   12.679 ,    0.000 ,        5 , 	)
   8 	 (   7 ,  960.000 , 1140.000 ,        0 ,  998.447 , 1011.126 ,    0.000 , 1011.126 , 1014.126 ,    0.000 ,   12.679 ,   12.679 ,    0.000 ,        6 , 	)
  75 	 (   3 , 1021.000 , 1201.000 ,        0 , 1008.321 , 1021.000 ,    0.000 , 1021.000 , 1025.000 ,   25.321 ,   12.679 ,    0.000 ,    0.999 ,        7 , 	)
  63 	 (   0 , 1014.000 , 1194.000 ,        0 , 1044.984 , 1044.984 ,    0.000 , 1044.984 , 1047.984 ,   30.859 ,   38.141 ,    0.000 ,    7.423 ,        8 , 	)
  17 	 (   1 ,  981.000 , 1181.253 ,        0 , 1058.647 , 1058.647 ,    0.000 , 1058.647 , 1059.647 ,    0.000 ,   47.471 ,    0.000 ,    5.698 ,        9 , 	)
  72 	 (   0 , 1014.000 , 1194.000 ,        0 , 1071.395 , 1071.395 ,    0.000 , 1071.395 , 1072.395 ,   11.747 ,   20.253 ,   -0.000 ,   -3.951 ,       10 , 	)
  50 	 (   4 , 1080.000 , 1140.000 ,        0 , 1092.529 , 1092.529 ,    0.000 , 1092.529 , 1096.529 ,    0.000 ,   47.471 ,   -0.000 ,    1.315 ,       11 , 	)
 105 	 (   0 , 1107.590 , 1207.000 ,        0 , 1120.120 , 1120.120 ,    0.000 , 1120.120 , 1124.120 ,   23.590 ,   39.410 ,   -0.000 ,   -4.737 ,       12 , 	)
 111 	 (   0 ,    0.000 , 1440.000 ,        0 , 1153.177 , 1153.177 ,    0.000 , 1153.177 , 1153.177 ,    0.000 ,  286.823 ,   -0.000 ,    0.000 ,       13 , 	)

	10 sommets 
	values : ( Cost : 231.030 , TRT : 189.707 , TWT :   0.000 , TD : 223.279 )
	violations : ( VC :       0 , VTW :   0.000 , VTD :   0.000 , VTRT :   0.000 )
	cout global : (   0.000	 )
S(i)	 (   C ,     TW0 ,       TW1 ,       VTW ,       Min ,       A ,       W ,       B ,       D ,       L ,       F ,       E ,       Det ,       [Imp ,       Imp]	)
   0 	 (   0 ,    0.000 , 1440.000 ,        0 ,    0.000 ,  381.672 ,    0.000 ,  381.672 ,  381.672 ,    0.000 ,   17.184 ,  381.672 ,    0.000 ,        0 , 	)
  45 	 (   2 ,  300.000 ,  420.000 ,        0 ,   13.051 ,  394.723 ,    0.000 ,  394.723 ,  396.723 ,    0.000 ,   17.184 ,   94.723 ,    7.081 ,        1 , 	)
 100 	 (   0 ,  344.000 ,  520.000 ,        0 ,  338.789 ,  433.513 ,    0.000 ,  433.513 ,  435.513 ,   36.789 ,   17.184 ,   89.513 ,    3.134 ,        2 , 	)
  38 	 (   1 ,  240.000 ,  480.000 ,        0 ,  372.303 ,  461.816 ,    0.000 ,  461.816 ,  462.816 ,    0.000 ,   17.184 ,   89.513 ,    0.000 ,        3 , 	)
   7 	 (   4 ,  420.000 ,  480.000 ,        0 ,  373.303 ,  462.816 ,    0.000 ,  462.816 ,  465.816 ,    0.000 ,   17.184 ,   42.816 ,    0.000 ,        4 , 	)
  42 	 (   6 ,  480.000 ,  660.000 ,        0 ,  437.184 ,  480.000 ,    0.000 ,  480.000 ,  482.000 ,    0.000 ,   22.186 ,    0.000 ,    4.391 ,        5 , 	)
  93 	 (   5 ,  359.000 ,  539.000 ,        0 ,  516.814 ,  516.814 ,    0.000 ,  516.814 ,  517.814 ,   53.998 ,   22.186 ,    0.000 ,   13.381 ,        6 , 	)
  97 	 (   3 ,  524.772 ,  748.000 ,        0 ,  539.153 ,  539.153 ,    0.000 ,  539.153 ,  541.153 ,   57.153 ,   28.847 ,    0.000 ,    0.000 ,        7 , 	)
  62 	 (   0 ,  473.069 ,  617.000 ,        0 ,  541.153 ,  541.153 ,    0.000 ,  541.153 ,  544.153 ,   75.338 ,   58.662 ,    0.000 ,    0.000 ,        8 , 	)
 111 	 (   0 ,    0.000 , 1440.000 ,        0 ,  571.379 ,  571.379 ,    0.000 ,  571.379 ,  571.379 ,    0.000 ,  868.621 ,    0.000 ,    0.000 ,        9 , 	)
