7
	VALUE ALL : ( Cost : 2636.069 , TRT : 2533.523 , TWT : 301.516 , TD : 3463.295 )
	VIOLATIONS TOTAL : ( VC :       0 , VTW :   0.000 , VTD :   0.000 , VTRT :   0.000 )
 	COUT_ALL : (   0.002 )  T2B:   28201

	14 sommets 
	values : ( Cost : 251.677 , TRT : 223.231 , TWT :   0.000 , TD : 305.567 )
	violations : ( VC :       0 , VTW :   0.000 , VTD :   0.000 , VTRT :   0.000 )
	cout global : (   0.000	 )
S(i)	 (   C ,     TW0 ,       TW1 ,       VTW ,       Min ,       A ,       W ,       B ,       D ,       L ,       F ,       E ,       Det ,       [Imp ,       Imp]	)
   0 	 (   0 ,    0.000 , 1440.000 ,        0 ,    0.000 ,  236.323 ,    0.000 ,  236.323 ,  236.323 ,    0.000 ,   26.741 ,  236.323 ,    0.000 ,        0 , 	)
   9 	 (   2 ,  240.000 ,  420.000 ,        0 ,   39.546 ,  275.869 ,    0.000 ,  275.869 ,  277.869 ,    0.000 ,   26.741 ,   35.869 ,    1.818 ,        1 , 	)
  40 	 (   4 ,  240.000 ,  420.000 ,        0 ,  246.161 ,  282.030 ,    0.000 ,  282.030 ,  284.030 ,    0.000 ,   26.741 ,   35.869 ,    3.865 ,        2 , 	)
  14 	 (   8 ,  240.000 ,  480.000 ,        0 ,  252.405 ,  288.274 ,    0.000 ,  288.274 ,  292.274 ,    0.000 ,   26.741 ,   35.869 ,    1.852 ,        3 , 	)
  69 	 (   4 ,  321.000 ,  561.000 ,        0 ,  295.472 ,  331.341 ,    0.000 ,  331.341 ,  335.341 ,   39.067 ,   26.741 ,   10.341 ,    0.229 ,        4 , 	)
  23 	 (   6 ,  240.000 ,  480.000 ,        0 ,  330.465 ,  340.807 ,    0.000 ,  340.807 ,  342.807 ,    0.000 ,   26.741 ,   10.341 ,    6.014 ,        5 , 	)
  95 	 (   4 ,  341.000 ,  521.000 ,        0 ,  340.802 ,  351.143 ,    0.000 ,  351.143 ,  353.143 ,   67.113 ,    9.056 ,   10.143 ,    2.454 ,        6 , 	)
  64 	 (   2 ,  360.000 ,  480.000 ,        0 ,  349.857 ,  360.000 ,    0.000 ,  360.000 ,  362.000 ,   82.131 ,    9.056 ,    0.000 ,    6.076 ,        7 , 	)
  78 	 (   0 ,  266.000 ,  506.000 ,        0 ,  367.750 ,  367.750 ,    0.000 ,  367.750 ,  369.750 ,   24.944 ,    9.056 ,    0.000 ,    0.924 ,        8 , 	)
  44 	 (   3 ,  300.000 ,  420.000 ,        0 ,  374.031 ,  374.031 ,    0.000 ,  374.031 ,  377.031 ,    0.000 ,   26.741 ,    0.000 ,    1.668 ,        9 , 	)
  42 	 (   7 ,  240.000 ,  420.000 ,        0 ,  393.259 ,  393.259 ,    0.000 ,  393.259 ,  397.259 ,    0.000 ,   26.741 ,    0.000 ,   11.259 ,       10 , 	)
  97 	 (   3 ,  271.903 ,  480.000 ,        0 ,  425.162 ,  425.162 ,    0.000 ,  425.162 ,  429.162 ,   27.903 ,   28.097 ,    0.000 ,    3.635 ,       11 , 	)
  99 	 (   0 ,  348.814 ,  545.000 ,        0 ,  441.441 ,  441.441 ,    0.000 ,  441.441 ,  444.441 ,   64.410 ,   57.590 ,    0.000 ,    1.549 ,       12 , 	)
 111 	 (   0 ,    0.000 , 1440.000 ,        0 ,  459.554 ,  459.554 ,    0.000 ,  459.554 ,  459.554 ,    0.000 ,  980.446 ,    0.000 ,    0.000 ,       13 , 	)

	24 sommets 
	values : ( Cost : 563.326 , TRT : 475.553 , TWT :   0.000 , TD : 622.097 )
	violations : ( VC :       0 , VTW :   0.000 , VTD :   0.000 , VTRT :   0.000 )
	cout global : (   0.000	 )
S(i)	 (   C ,     TW0 ,       TW1 ,       VTW ,       Min ,       A ,       W ,       B ,       D ,       L ,       F ,       E ,       Det ,       [Imp ,       Imp]	)
   0 	 (   0 ,    0.000 , 1440.000 ,        0 ,    0.000 ,  756.228 ,    0.000 ,  756.228 ,  756.228 ,    0.000 ,    3.403 ,  756.228 ,    0.000 ,        0 , 	)
  11 	 (   4 ,  720.000 ,  960.000 ,        0 ,   16.044 ,  772.272 ,    0.000 ,  772.272 ,  776.272 ,    0.000 ,    3.403 ,   52.272 ,   11.882 ,        1 , 	)
  66 	 (   0 ,  777.000 , 1017.000 ,        0 ,  750.723 ,  802.995 ,    0.000 ,  802.995 ,  806.995 ,   26.723 ,    3.403 ,   25.995 ,    8.077 ,        2 , 	)
  52 	 (   1 ,  720.000 ,  900.000 ,        0 ,  786.713 ,  812.708 ,    0.000 ,  812.708 ,  813.708 ,    0.000 ,    3.403 ,   25.995 ,   -0.409 ,        3 , 	)
  51 	 (   2 ,  720.000 ,  900.000 ,        0 ,  792.932 ,  818.927 ,    0.000 ,  818.927 ,  819.927 ,    0.000 ,    3.403 ,   25.995 ,    2.077 ,        4 , 	)
   6 	 (   5 ,  720.000 ,  960.000 ,        0 ,  825.738 ,  851.733 ,    0.000 ,  851.733 ,  854.733 ,    0.000 ,    3.403 ,   25.995 ,   12.495 ,        5 , 	)
 107 	 (   4 ,  807.000 ,  987.000 ,        0 ,  839.289 ,  865.285 ,    0.000 ,  865.285 ,  866.285 ,   51.577 ,    3.403 ,   25.995 ,    1.029 ,        6 , 	)
 106 	 (   3 ,  820.000 , 1000.000 ,        0 ,  861.271 ,  887.266 ,    0.000 ,  887.266 ,  888.266 ,   67.339 ,    3.403 ,   25.995 ,   21.068 ,        7 , 	)
  46 	 (   7 ,  720.000 ,  960.000 ,        0 ,  883.310 ,  909.305 ,    0.000 ,  909.305 ,  913.305 ,    0.000 ,    3.403 ,   25.995 ,   -0.259 ,        8 , 	)
  22 	 (   8 ,  780.000 ,  960.000 ,        0 ,  900.959 ,  926.954 ,    0.000 ,  926.954 ,  927.954 ,    0.000 ,    3.403 ,   25.995 ,    4.211 ,        9 , 	)
  61 	 (   5 ,  800.000 , 1040.000 ,        0 ,  904.786 ,  930.781 ,    0.000 ,  930.781 ,  933.781 ,   76.048 ,    3.403 ,   25.995 ,    1.286 ,       10 , 	)
 101 	 (   1 ,  818.000 , 1058.000 ,        0 ,  921.972 ,  947.968 ,    0.000 ,  947.968 ,  951.968 ,   34.662 ,    3.403 ,   25.995 ,    0.000 ,       11 , 	)
  33 	 (   2 ,  960.000 , 1200.000 ,        0 ,  967.942 ,  993.938 ,    0.000 ,  993.938 ,  994.938 ,    0.000 ,    3.403 ,   25.995 ,  -11.899 ,       12 , 	)
  77 	 (   1 ,  909.000 , 1149.000 ,        0 ,  980.300 , 1006.295 ,    0.000 , 1006.295 , 1007.295 ,   78.341 ,    3.403 ,   25.995 ,   11.054 ,       13 , 	)
  38 	 (   4 ,  960.000 , 1200.000 ,        0 ,  992.962 , 1018.958 ,    0.000 , 1018.958 , 1021.958 ,    0.000 ,    3.403 ,   25.995 ,    5.741 ,       14 , 	)
  53 	 (   8 ,  973.000 , 1193.269 ,        0 , 1021.176 , 1047.171 ,    0.000 , 1047.171 , 1051.171 ,    0.000 ,    3.403 ,   25.995 ,    0.956 ,       15 , 	)
  88 	 (   7 , 1016.000 , 1256.000 ,        0 , 1033.329 , 1059.324 ,    0.000 , 1059.324 , 1060.324 ,   64.386 ,    3.403 ,   25.995 ,    9.208 ,       16 , 	)
 108 	 (   3 , 1041.000 , 1221.000 ,        0 , 1059.115 , 1085.111 ,    0.000 , 1085.111 , 1089.111 ,   33.939 ,    3.403 ,   25.995 ,   -0.877 ,       17 , 	)
  49 	 (   6 ,  960.000 , 1200.000 ,        0 , 1080.362 , 1106.357 ,    0.000 , 1106.357 , 1109.357 ,    0.000 ,    3.403 ,   25.995 ,    0.222 ,       18 , 	)
  93 	 (   3 , 1123.000 , 1363.000 ,        0 , 1097.005 , 1123.000 ,    0.000 , 1123.000 , 1126.000 ,  101.042 ,    3.403 ,    0.000 ,    5.692 ,       19 , 	)
  28 	 (   4 ,  960.000 , 1140.000 ,        0 , 1136.597 , 1136.597 ,    0.000 , 1136.597 , 1137.597 ,    0.000 ,    3.403 ,    0.000 ,   -0.865 ,       20 , 	)
  83 	 (   3 , 1001.000 , 1181.000 ,        0 , 1158.090 , 1158.090 ,    0.000 , 1158.090 , 1159.090 ,   20.493 ,   22.910 ,   -0.000 ,    4.530 ,       21 , 	)
 104 	 (   0 , 1041.000 , 1281.000 ,        0 , 1176.902 , 1176.902 ,    0.000 , 1176.902 , 1179.902 ,   67.545 ,   37.455 ,   -0.000 ,   13.180 ,       22 , 	)
 111 	 (   0 ,    0.000 , 1440.000 ,        0 , 1231.781 , 1231.781 ,    0.000 , 1231.781 , 1231.781 ,    0.000 ,  208.219 ,   -0.000 ,    0.000 ,       23 , 	)

	20 sommets 
	values : ( Cost : 347.858 , TRT : 479.876 , TWT : 182.329 , TD : 477.816 )
	violations : ( VC :       0 , VTW :   0.000 , VTD :   0.000 , VTRT :   0.000 )
	cout global : (   0.000	 )
S(i)	 (   C ,     TW0 ,       TW1 ,       VTW ,       Min ,       A ,       W ,       B ,       D ,       L ,       F ,       E ,       Det ,       [Imp ,       Imp]	)
   0 	 (   0 ,    0.000 , 1440.000 ,        0 ,    0.000 ,  381.947 ,    0.000 ,  381.947 ,  381.947 ,    0.000 ,    0.000 ,  381.947 ,    0.000 ,        0 , 	)
  29 	 (   1 ,  300.000 ,  420.000 ,        0 ,   20.808 ,  402.756 ,    0.000 ,  402.756 ,  403.756 ,    0.000 ,    0.000 ,  102.756 ,   13.235 ,        1 , 	)
  19 	 (   4 ,  360.000 ,  420.000 ,        0 ,  317.244 ,  420.000 ,    0.000 ,  420.000 ,  423.000 ,    0.000 ,    0.000 ,   60.000 ,    0.200 ,        2 , 	)
  84 	 (   3 ,  330.026 ,  499.000 ,        0 ,  375.982 ,  435.982 ,    0.000 ,  435.982 ,  436.982 ,   32.226 ,    8.374 ,   60.000 ,   13.087 ,        3 , 	)
   7 	 (   4 ,  240.000 ,  480.000 ,        0 ,  407.995 ,  467.995 ,    8.374 ,  476.369 ,  477.369 ,    0.000 ,    0.000 ,   68.374 ,   -6.349 ,        4 , 	)
  26 	 (   8 ,  420.000 ,  480.000 ,        0 ,  411.626 ,  480.000 ,    0.000 ,  480.000 ,  484.000 ,    0.000 ,    0.000 ,   60.000 ,    4.326 ,        5 , 	)
  81 	 (   4 ,  441.141 ,  530.000 ,        0 ,  441.141 ,  501.141 ,    0.000 ,  501.141 ,  505.141 ,   17.141 ,   15.119 ,   60.000 ,    1.221 ,        6 , 	)
  62 	 (   3 ,  291.000 ,  531.000 ,        0 ,  455.881 ,  515.881 ,    0.000 ,  515.881 ,  516.881 ,   38.512 ,   15.119 ,   60.000 ,    1.296 ,        7 , 	)
  74 	 (   0 ,  414.880 ,  562.000 ,        0 ,  471.647 ,  531.647 ,    0.000 ,  531.647 ,  534.647 ,  108.647 ,   30.353 ,   60.000 ,   13.546 ,        8 , 	)
  35 	 (   4 ,  720.000 ,  960.000 ,        0 ,  486.046 ,  546.046 ,  173.954 ,  720.000 ,  724.000 ,    0.000 ,   87.750 ,    0.000 ,    1.571 ,        9 , 	)
  15 	 (   5 ,  720.000 ,  960.000 ,        0 ,  735.439 ,  735.439 ,    0.000 ,  735.439 ,  736.439 ,    0.000 ,   18.576 ,    0.000 ,   12.857 ,       10 , 	)
  43 	 (   7 ,  720.000 ,  960.000 ,        0 ,  747.315 ,  747.315 ,    0.000 ,  747.315 ,  749.315 ,    0.000 ,   13.684 ,    0.000 ,    1.546 ,       11 , 	)
  32 	 (   8 ,  720.000 ,  960.000 ,        0 ,  757.762 ,  757.762 ,    0.000 ,  757.762 ,  758.762 ,    0.000 ,   13.684 ,    0.000 ,   14.162 ,       12 , 	)
  70 	 (   7 ,  777.000 , 1017.000 ,        0 ,  791.755 ,  791.755 ,    0.000 ,  791.755 ,  792.755 ,   55.316 ,   13.684 ,    0.000 ,    5.429 ,       13 , 	)
  98 	 (   5 ,  773.000 , 1013.000 ,        0 ,  797.424 ,  797.424 ,    0.000 ,  797.424 ,  799.424 ,   48.109 ,   18.139 ,    0.000 ,    0.000 ,       14 , 	)
  90 	 (   1 ,  793.000 , 1033.000 ,        0 ,  799.424 ,  799.424 ,    0.000 ,  799.424 ,  803.424 ,   75.424 ,   18.139 ,    0.000 ,    0.000 ,       15 , 	)
  10 	 (   2 ,  730.000 ,  898.389 ,        0 ,  807.671 ,  807.671 ,    0.000 ,  807.671 ,  808.671 ,    0.000 ,   18.139 ,    0.000 ,    0.357 ,       16 , 	)
  87 	 (   1 ,  787.000 , 1027.000 ,        0 ,  829.623 ,  829.623 ,    0.000 ,  829.623 ,  830.623 ,   70.861 ,   18.139 ,    0.000 ,    1.968 ,       17 , 	)
  65 	 (   0 ,  808.000 ,  928.000 ,        0 ,  840.250 ,  840.250 ,    0.000 ,  840.250 ,  841.250 ,   31.580 ,   45.420 ,    0.000 ,    4.877 ,       18 , 	)
 111 	 (   0 ,    0.000 , 1440.000 ,        0 ,  861.823 ,  861.823 ,    0.000 ,  861.823 ,  861.823 ,    0.000 ,  578.177 ,    0.000 ,    0.000 ,       19 , 	)

	18 sommets 
	values : ( Cost : 462.544 , TRT : 428.546 , TWT :  44.768 , TD : 493.042 )
	violations : ( VC :       0 , VTW :   0.000 , VTD :   0.000 , VTRT :   0.000 )
	cout global : (   0.000	 )
S(i)	 (   C ,     TW0 ,       TW1 ,       VTW ,       Min ,       A ,       W ,       B ,       D ,       L ,       F ,       E ,       Det ,       [Imp ,       Imp]	)
   0 	 (   0 ,    0.000 , 1440.000 ,        0 ,    0.000 ,  634.778 ,    0.000 ,  634.778 ,  634.778 ,    0.000 ,    0.000 ,  634.778 ,    0.000 ,        0 , 	)
   3 	 (   4 ,  480.000 ,  720.000 ,        0 ,   55.495 ,  690.274 ,    0.000 ,  690.274 ,  694.274 ,    0.000 ,    0.000 ,  210.274 ,    0.000 ,        1 , 	)
  58 	 (   0 ,  516.000 ,  756.000 ,        0 ,  500.328 ,  710.602 ,    0.000 ,  710.602 ,  714.602 ,   16.328 ,    0.000 ,  194.602 ,    0.129 ,        2 , 	)
  18 	 (   2 ,  540.000 ,  720.000 ,        0 ,  525.398 ,  720.000 ,    0.000 ,  720.000 ,  722.000 ,    0.000 ,    0.000 ,  180.000 ,    0.000 ,        3 , 	)
  13 	 (   6 ,  720.000 ,  960.000 ,        0 ,  542.000 ,  722.000 ,   44.768 ,  766.768 ,  770.768 ,    0.000 ,   12.000 ,   46.768 ,    0.000 ,        4 , 	)
  48 	 (   7 ,  725.000 ,  960.000 ,        0 ,  737.647 ,  784.416 ,    0.000 ,  784.416 ,  785.416 ,    0.000 ,   12.000 ,   46.768 ,    2.998 ,        5 , 	)
  50 	 (   8 ,  780.000 ,  960.000 ,        0 ,  749.706 ,  796.474 ,    0.000 ,  796.474 ,  797.474 ,    0.000 ,   12.000 ,   16.474 ,   -6.798 ,        6 , 	)
  73 	 (   6 ,  596.000 ,  835.000 ,        0 ,  798.819 ,  815.293 ,    0.000 ,  815.293 ,  817.293 ,   93.293 ,   12.000 ,   16.474 ,   10.775 ,        7 , 	)
  68 	 (   2 ,  778.000 , 1018.000 ,        0 ,  814.093 ,  830.568 ,    0.000 ,  830.568 ,  834.568 ,   59.799 ,   12.000 ,   16.474 ,   13.732 ,        8 , 	)
 103 	 (   1 ,  820.000 , 1000.000 ,        0 ,  834.856 ,  851.331 ,    0.000 ,  851.331 ,  852.331 ,   65.915 ,   12.000 ,   16.474 ,   11.587 ,        9 , 	)
   1 	 (   4 ,  840.000 ,  900.000 ,        0 ,  871.526 ,  888.000 ,    0.000 ,  888.000 ,  891.000 ,    0.000 ,   12.000 ,   16.474 ,    0.000 ,       10 , 	)
 105 	 (   3 ,  891.000 , 1071.000 ,        0 ,  874.526 ,  891.000 ,    0.000 ,  891.000 ,  892.000 ,   93.526 ,   38.239 ,    0.000 ,    0.000 ,       11 , 	)
  36 	 (   5 ,  900.000 ,  960.000 ,        0 ,  921.761 ,  921.761 ,    0.000 ,  921.761 ,  923.761 ,    0.000 ,   38.239 ,    0.000 ,    4.743 ,       12 , 	)
  91 	 (   3 ,  936.687 , 1055.000 ,        0 ,  958.448 ,  958.448 ,    0.000 ,  958.448 ,  960.448 ,   34.687 ,   58.313 ,    0.000 ,    0.559 ,       13 , 	)
   4 	 (   4 ,  960.000 , 1140.000 ,        0 ,  975.959 ,  975.959 ,    0.000 ,  975.959 ,  976.959 ,    0.000 ,   96.774 ,    0.000 ,   18.959 ,       14 , 	)
  59 	 (   3 ,  982.268 , 1184.000 ,        0 ,  998.226 ,  998.226 ,    0.000 ,  998.226 ,  999.226 ,   21.268 ,   21.732 ,    0.000 ,    0.000 ,       15 , 	)
  56 	 (   0 ,  919.899 , 1108.000 ,        0 ,  999.226 ,  999.226 ,    0.000 ,  999.226 , 1002.226 ,  108.226 ,   96.774 ,    0.000 ,    0.000 ,       16 , 	)
 111 	 (   0 ,    0.000 , 1440.000 ,        0 , 1063.324 , 1063.324 ,    0.000 , 1063.324 , 1063.324 ,    0.000 ,  376.676 ,    0.000 ,    0.000 ,       17 , 	)

	22 sommets 
	values : ( Cost : 392.538 , TRT : 415.560 , TWT :  74.419 , TD : 716.444 )
	violations : ( VC :       0 , VTW :   0.000 , VTD :   0.000 , VTRT :   0.000 )
	cout global : (   0.000	 )
S(i)	 (   C ,     TW0 ,       TW1 ,       VTW ,       Min ,       A ,       W ,       B ,       D ,       L ,       F ,       E ,       Det ,       [Imp ,       Imp]	)
   0 	 (   0 ,    0.000 , 1440.000 ,        0 ,    0.000 ,  285.685 ,    0.000 ,  285.685 ,  285.685 ,    0.000 ,    0.000 ,  285.685 ,    0.000 ,        0 , 	)
  41 	 (   1 ,  265.000 ,  409.506 ,        0 ,    3.520 ,  289.205 ,    0.000 ,  289.205 ,  290.205 ,    0.000 ,    0.000 ,   24.205 ,    0.235 ,        1 , 	)
  55 	 (   4 ,  240.000 ,  420.000 ,        0 ,  278.656 ,  302.861 ,    0.000 ,  302.861 ,  305.861 ,    0.000 ,    0.000 ,   24.205 ,    6.551 ,        2 , 	)
  30 	 (   5 ,  240.000 ,  480.000 ,        0 ,  309.898 ,  334.102 ,    0.000 ,  334.102 ,  335.102 ,    0.000 ,    0.000 ,   24.205 ,   16.119 ,        3 , 	)
  17 	 (   7 ,  300.000 ,  480.000 ,        0 ,  323.612 ,  347.817 ,    0.000 ,  347.817 ,  349.817 ,    0.000 ,    0.000 ,   24.205 ,    8.082 ,        4 , 	)
 110 	 (   4 ,  336.000 ,  516.000 ,        0 ,  356.686 ,  380.891 ,    0.000 ,  380.891 ,  383.891 ,   75.030 ,    0.000 ,   24.205 ,    4.820 ,        5 , 	)
  72 	 (   2 ,  362.000 ,  542.000 ,        0 ,  364.226 ,  388.431 ,    0.000 ,  388.431 ,  390.431 ,   38.614 ,    0.000 ,   24.205 ,    3.220 ,        6 , 	)
  85 	 (   1 ,  315.000 ,  555.000 ,        0 ,  370.531 ,  394.735 ,    0.000 ,  394.735 ,  395.735 ,   59.633 ,    0.000 ,   24.205 ,    3.835 ,        7 , 	)
  96 	 (   0 ,  401.000 ,  461.000 ,        0 ,  380.042 ,  404.247 ,    0.000 ,  404.247 ,  405.247 ,  114.042 ,    0.000 ,    3.247 ,    0.000 ,        8 , 	)
   2 	 (   2 ,  240.000 ,  420.000 ,        0 ,  402.000 ,  405.247 ,    0.000 ,  405.247 ,  407.247 ,    0.000 ,    0.000 ,    3.247 ,    0.000 ,        9 , 	)
  21 	 (   4 ,  240.000 ,  420.000 ,        0 ,  416.753 ,  420.000 ,    0.000 ,  420.000 ,  422.000 ,    0.000 ,    0.000 ,    3.247 ,    9.132 ,       10 , 	)
  57 	 (   2 ,  299.000 ,  479.000 ,        0 ,  444.281 ,  447.528 ,    0.000 ,  447.528 ,  449.528 ,   40.281 ,    6.690 ,    3.247 ,    2.770 ,       11 , 	)
  24 	 (   6 ,  240.000 ,  480.000 ,        0 ,  449.449 ,  452.695 ,    6.690 ,  459.386 ,  463.386 ,    0.000 ,    0.000 ,    9.937 ,    2.785 ,       12 , 	)
  76 	 (   4 ,  298.000 ,  478.000 ,        0 ,  468.063 ,  478.000 ,    0.000 ,  478.000 ,  480.000 ,   56.000 ,    0.000 ,    9.937 ,    0.772 ,       13 , 	)
  20 	 (   7 ,  540.000 ,  720.000 ,        0 ,  475.982 ,  485.919 ,   61.241 ,  547.160 ,  550.160 ,    0.000 ,    0.000 ,    7.160 ,    0.270 ,       14 , 	)
  79 	 (   3 ,  319.000 ,  559.000 ,        0 ,  551.840 ,  559.000 ,    0.000 ,  559.000 ,  563.000 ,   95.614 ,    0.000 ,    7.160 ,   11.997 ,       15 , 	)
  45 	 (   7 ,  480.000 ,  720.000 ,        0 ,  562.318 ,  569.478 ,    6.487 ,  575.965 ,  579.965 ,    0.000 ,   35.160 ,   13.647 ,    2.541 ,       16 , 	)
  54 	 (   8 ,  480.000 ,  660.000 ,        0 ,  576.063 ,  589.711 ,    0.000 ,  589.711 ,  590.711 ,    0.000 ,   35.160 ,   13.647 ,    2.892 ,       17 , 	)
  75 	 (   5 ,  621.000 ,  801.000 ,        0 ,  607.353 ,  621.000 ,    0.000 ,  621.000 ,  624.000 ,   70.840 ,   17.847 ,    0.000 ,   31.188 ,       18 , 	)
 109 	 (   4 ,  512.000 ,  744.000 ,        0 ,  655.864 ,  655.864 ,    0.000 ,  655.864 ,  656.864 ,   65.153 ,   17.847 ,    0.000 ,   11.748 ,       19 , 	)
 100 	 (   0 ,  589.000 ,  829.000 ,        0 ,  681.201 ,  681.201 ,    0.000 ,  681.201 ,  685.201 ,  101.235 ,   39.765 ,    0.000 ,   24.440 ,       20 , 	)
 111 	 (   0 ,    0.000 , 1440.000 ,        0 ,  701.245 ,  701.245 ,    0.000 ,  701.245 ,  701.245 ,    0.000 ,  738.755 ,    0.000 ,    0.000 ,       21 , 	)

	14 sommets 
	values : ( Cost : 367.713 , TRT : 304.476 , TWT :   0.000 , TD : 477.827 )
	violations : ( VC :       0 , VTW :   0.000 , VTD :   0.000 , VTRT :   0.000 )
	cout global : (   0.000	 )
S(i)	 (   C ,     TW0 ,       TW1 ,       VTW ,       Min ,       A ,       W ,       B ,       D ,       L ,       F ,       E ,       Det ,       [Imp ,       Imp]	)
   0 	 (   0 ,    0.000 , 1440.000 ,        0 ,    0.000 ,  254.720 ,    0.000 ,  254.720 ,  254.720 ,    0.000 ,    9.565 ,  254.720 ,    0.000 ,        0 , 	)
  27 	 (   3 ,  240.000 ,  480.000 ,        0 ,   12.812 ,  267.532 ,    0.000 ,  267.532 ,  270.532 ,    0.000 ,    9.565 ,   27.532 ,    9.477 ,        1 , 	)
  31 	 (   7 ,  240.000 ,  480.000 ,        0 ,  300.762 ,  328.294 ,    0.000 ,  328.294 ,  332.294 ,    0.000 ,    9.565 ,   27.532 ,   13.474 ,        2 , 	)
  34 	 (   8 ,  240.000 ,  480.000 ,        0 ,  326.030 ,  353.562 ,    0.000 ,  353.562 ,  354.562 ,    0.000 ,    9.565 ,   27.532 ,   10.452 ,        3 , 	)
  86 	 (   4 ,  379.000 ,  559.000 ,        0 ,  369.202 ,  396.733 ,    0.000 ,  396.733 ,  400.733 ,   64.439 ,    9.565 ,   17.733 ,    6.423 ,        4 , 	)
  82 	 (   1 ,  411.000 ,  651.000 ,        0 ,  393.267 ,  411.000 ,    0.000 ,  411.000 ,  414.000 ,  140.468 ,    9.565 ,    0.000 ,   11.735 ,        5 , 	)
   8 	 (   5 ,  249.000 ,  478.425 ,        0 ,  426.647 ,  426.647 ,    0.000 ,  426.647 ,  430.647 ,    0.000 ,    9.565 ,    0.000 ,    1.575 ,        6 , 	)
  37 	 (   6 ,  300.000 ,  480.000 ,        0 ,  435.114 ,  435.114 ,    0.000 ,  435.114 ,  436.114 ,    0.000 ,    9.565 ,    0.000 ,    5.760 ,        7 , 	)
  47 	 (   7 ,  260.000 ,  462.211 ,        0 ,  452.647 ,  452.647 ,    0.000 ,  452.647 ,  453.647 ,    0.000 ,    9.565 ,    0.000 ,   10.438 ,        8 , 	)
 102 	 (   6 ,  296.000 ,  476.000 ,        0 ,  466.435 ,  466.435 ,    0.000 ,  466.435 ,  467.435 ,   12.789 ,    9.565 ,    0.000 ,    1.729 ,        9 , 	)
  92 	 (   5 ,  332.126 ,  564.000 ,        0 ,  485.052 ,  485.052 ,    0.000 ,  485.052 ,  486.052 ,   48.938 ,   23.595 ,    0.000 ,    0.000 ,       10 , 	)
  63 	 (   1 ,  332.000 ,  512.000 ,        0 ,  486.052 ,  486.052 ,    0.000 ,  486.052 ,  490.052 ,   55.405 ,   23.595 ,    0.000 ,    0.000 ,       11 , 	)
  89 	 (   0 ,  398.000 ,  638.000 ,        0 ,  510.350 ,  510.350 ,    0.000 ,  510.350 ,  511.350 ,  155.788 ,   55.212 ,    0.000 ,   21.486 ,       12 , 	)
 111 	 (   0 ,    0.000 , 1440.000 ,        0 ,  559.195 ,  559.195 ,    0.000 ,  559.195 ,  559.195 ,    0.000 ,  880.805 ,    0.000 ,    0.000 ,       13 , 	)

	12 sommets 
	values : ( Cost : 250.413 , TRT : 206.280 , TWT :   0.000 , TD : 370.502 )
	violations : ( VC :       0 , VTW :   0.000 , VTD :   0.000 , VTRT :   0.000 )
	cout global : (   0.000	 )
S(i)	 (   C ,     TW0 ,       TW1 ,       VTW ,       Min ,       A ,       W ,       B ,       D ,       L ,       F ,       E ,       Det ,       [Imp ,       Imp]	)
   0 	 (   0 ,    0.000 , 1440.000 ,        0 ,    0.000 ,  993.338 ,    0.000 ,  993.338 ,  993.338 ,    0.000 ,   67.884 ,  993.338 ,    0.000 ,        0 , 	)
   5 	 (   1 , 1020.000 , 1200.000 ,        0 ,   26.662 , 1020.000 ,    0.000 , 1020.000 , 1021.000 ,    0.000 ,   67.884 ,    0.000 ,    7.868 ,        1 , 	)
  16 	 (   4 ,  960.000 , 1200.000 ,        0 , 1041.752 , 1041.752 ,    0.000 , 1041.752 , 1044.752 ,    0.000 ,   65.619 ,   -0.000 ,    0.318 ,        2 , 	)
  12 	 (   6 ,  960.000 , 1200.000 ,        0 , 1050.377 , 1050.377 ,    0.000 , 1050.377 , 1052.377 ,    0.000 ,   13.918 ,   -0.000 ,    3.058 ,        3 , 	)
  39 	 (   8 ,  960.000 , 1200.000 ,        0 , 1086.732 , 1086.732 ,    0.000 , 1086.732 , 1088.732 ,    0.000 ,   13.918 ,   -0.000 ,    0.867 ,        4 , 	)
  60 	 (   7 , 1095.000 , 1335.000 ,        0 , 1102.381 , 1102.381 ,    0.000 , 1102.381 , 1103.381 ,   81.381 ,   11.976 ,   -0.000 ,    8.077 ,        5 , 	)
  67 	 (   5 , 1067.000 , 1307.000 ,        0 , 1117.029 , 1117.029 ,    0.000 , 1117.029 , 1119.029 ,   64.652 ,   11.976 ,   -0.000 ,   17.738 ,        6 , 	)
  25 	 (   6 ,  960.000 , 1200.000 ,        0 , 1132.116 , 1132.116 ,    0.000 , 1132.116 , 1133.116 ,    0.000 ,   11.976 ,   -0.000 ,    0.092 ,        7 , 	)
  71 	 (   3 , 1048.000 , 1288.000 ,        0 , 1145.834 , 1145.834 ,    0.000 , 1145.834 , 1148.834 ,  101.082 ,   11.976 ,   -0.000 ,    1.581 ,        8 , 	)
  94 	 (   1 , 1030.000 , 1270.000 ,        0 , 1168.756 , 1168.756 ,    0.000 , 1168.756 , 1170.756 ,   80.024 ,   11.976 ,   -0.000 ,    0.386 ,        9 , 	)
  80 	 (   0 , 1078.000 , 1258.000 ,        0 , 1176.479 , 1176.479 ,    0.000 , 1176.479 , 1177.479 ,   43.363 ,   74.637 ,   -0.000 ,    3.535 ,       10 , 	)
 111 	 (   0 ,    0.000 , 1440.000 ,        0 , 1199.618 , 1199.618 ,    0.000 , 1199.618 , 1199.618 ,    0.000 ,  240.382 ,   -0.000 ,    0.000 ,       11 , 	)
