6
	VALUE ALL : ( Cost : 2002.147 , TRT : 1890.944 , TWT : 189.571 , TD : 2708.650 )
	VIOLATIONS TOTAL : ( VC :       0 , VTW :   0.000 , VTD :   0.000 , VTRT :   0.000 )
 	COUT_ALL : (   0.002 )  T2B:   25801

	16 sommets 
	values : ( Cost : 259.170 , TRT : 226.865 , TWT :   0.000 , TD : 350.321 )
	violations : ( VC :       0 , VTW :   0.000 , VTD :   0.000 , VTRT :   0.000 )
	cout global : (   0.000	 )
S(i)	 (   C ,     TW0 ,       TW1 ,       VTW ,       Min ,       A ,       W ,       B ,       D ,       L ,       F ,       E ,       Det ,       [Imp ,       Imp]	)
   0 	 (   0 ,    0.000 , 1440.000 ,        0 ,    0.000 ,  771.926 ,    0.000 ,  771.926 ,  771.926 ,    0.000 ,   11.071 ,  771.926 ,    0.000 ,        0 , 	)
  14 	 (   4 ,  727.000 ,  960.000 ,        0 ,    7.358 ,  779.284 ,    0.000 ,  779.284 ,  783.284 ,    0.000 ,   11.071 ,   52.284 ,    0.557 ,        1 , 	)
   9 	 (   5 ,  720.000 ,  900.000 ,        0 ,  740.286 ,  792.570 ,    0.000 ,  792.570 ,  793.570 ,    0.000 ,   11.071 ,   52.284 ,    0.000 ,        2 , 	)
  30 	 (   8 ,  780.000 ,  960.000 ,        0 ,  749.842 ,  802.126 ,    0.000 ,  802.126 ,  805.126 ,    0.000 ,   11.071 ,   22.126 ,   -0.582 ,        3 , 	)
  57 	 (   4 ,  820.000 , 1000.000 ,        0 ,  797.874 ,  820.000 ,    0.000 ,  820.000 ,  824.000 ,   36.716 ,    4.122 ,    0.000 ,   11.313 ,        4 , 	)
  12 	 (   6 ,  720.000 ,  960.000 ,        0 ,  831.502 ,  831.502 ,    0.000 ,  831.502 ,  833.502 ,    0.000 ,    4.122 ,    0.000 ,   15.005 ,        5 , 	)
  73 	 (   3 ,  797.874 , 1003.000 ,        0 ,  841.005 ,  841.005 ,    0.000 ,  841.005 ,  844.005 ,   35.878 ,    4.122 ,    0.000 ,   -1.204 ,        6 , 	)
  52 	 (   2 ,  780.000 , 1020.000 ,        0 ,  869.992 ,  869.992 ,    0.000 ,  869.992 ,  870.992 ,   76.423 ,   11.071 ,    0.000 ,   18.467 ,        7 , 	)
  36 	 (   3 ,  720.000 ,  900.000 ,        0 ,  888.929 ,  888.929 ,    0.000 ,  888.929 ,  889.929 ,    0.000 ,   11.071 ,    0.000 ,   10.287 ,        8 , 	)
  43 	 (   6 ,  744.000 ,  937.217 ,        0 ,  902.241 ,  902.241 ,    0.000 ,  902.241 ,  905.241 ,    0.000 ,    7.815 ,    0.000 ,    3.658 ,        9 , 	)
  86 	 (   3 ,  768.000 ,  948.000 ,        0 ,  913.024 ,  913.024 ,    0.000 ,  913.024 ,  916.024 ,    7.783 ,    7.815 ,    0.000 ,    0.000 ,       10 , 	)
  55 	 (   1 ,  800.000 , 1040.000 ,        0 ,  916.024 ,  916.024 ,    0.000 ,  916.024 ,  918.024 ,   82.522 ,    7.815 ,    0.000 ,    0.000 ,       11 , 	)
  22 	 (   3 ,  720.000 ,  960.000 ,        0 ,  936.147 ,  936.147 ,    0.000 ,  936.147 ,  938.147 ,    0.000 ,    7.815 ,    0.000 ,   -0.612 ,       12 , 	)
  79 	 (   2 ,  748.487 ,  975.000 ,        0 ,  956.114 ,  956.114 ,    0.000 ,  956.114 ,  957.114 ,   66.185 ,    7.815 ,    0.000 ,    3.098 ,       13 , 	)
  65 	 (   0 ,  860.000 , 1040.000 ,        0 ,  982.962 ,  982.962 ,    0.000 ,  982.962 ,  984.962 ,   44.814 ,   57.038 ,    0.000 ,   13.129 ,       14 , 	)
  87 	 (   0 ,    0.000 , 1440.000 ,        0 ,  998.791 ,  998.791 ,    0.000 ,  998.791 ,  998.791 ,    0.000 ,  441.209 ,    0.000 ,    0.000 ,       15 , 	)

	16 sommets 
	values : ( Cost : 254.325 , TRT : 219.222 , TWT :   0.000 , TD : 332.150 )
	violations : ( VC :       0 , VTW :   0.000 , VTD :   0.000 , VTRT :   0.000 )
	cout global : (   0.000	 )
S(i)	 (   C ,     TW0 ,       TW1 ,       VTW ,       Min ,       A ,       W ,       B ,       D ,       L ,       F ,       E ,       Det ,       [Imp ,       Imp]	)
   0 	 (   0 ,    0.000 , 1440.000 ,        0 ,    0.000 ,  339.874 ,    0.000 ,  339.874 ,  339.874 ,    0.000 ,    2.497 ,  339.874 ,    0.000 ,        0 , 	)
  20 	 (   2 ,  240.000 ,  480.000 ,        0 ,   19.144 ,  359.018 ,    0.000 ,  359.018 ,  361.018 ,    0.000 ,    2.497 ,  119.018 ,   19.507 ,        1 , 	)
   1 	 (   6 ,  300.000 ,  420.000 ,        0 ,  255.447 ,  374.465 ,    0.000 ,  374.465 ,  378.465 ,    0.000 ,    2.497 ,   74.465 ,    1.535 ,        2 , 	)
  40 	 (   7 ,  262.000 ,  463.755 ,        0 ,  326.350 ,  400.814 ,    0.000 ,  400.814 ,  401.814 ,    0.000 ,    2.497 ,   74.465 ,    4.814 ,        3 , 	)
  63 	 (   5 ,  322.000 ,  562.000 ,        0 ,  337.451 ,  411.916 ,    0.000 ,  411.916 ,  413.916 ,   50.898 ,    2.497 ,   74.465 ,   -6.406 ,        4 , 	)
  44 	 (   1 ,  378.000 ,  498.000 ,        0 ,  350.574 ,  425.038 ,    0.000 ,  425.038 ,  429.038 ,   46.574 ,    2.497 ,   47.038 ,   10.364 ,        5 , 	)
  83 	 (   0 ,  306.000 ,  486.000 ,        0 ,  392.411 ,  439.449 ,    0.000 ,  439.449 ,  440.449 ,   37.635 ,    2.497 ,   47.038 ,    6.235 ,        6 , 	)
  42 	 (   4 ,  242.000 ,  480.000 ,        0 ,  415.341 ,  462.379 ,    0.000 ,  462.379 ,  466.379 ,    0.000 ,    2.497 ,   47.038 ,    6.004 ,        7 , 	)
  17 	 (   5 ,  246.000 ,  480.000 ,        0 ,  422.347 ,  469.386 ,    0.000 ,  469.386 ,  470.386 ,    0.000 ,    2.497 ,   47.038 ,    0.000 ,        8 , 	)
   4 	 (   6 ,  248.000 ,  479.455 ,        0 ,  428.193 ,  475.232 ,    0.000 ,  475.232 ,  476.232 ,    0.000 ,    2.497 ,   47.038 ,    3.605 ,        9 , 	)
   3 	 (   7 ,  480.000 ,  660.000 ,        0 ,  432.962 ,  480.000 ,    0.000 ,  480.000 ,  481.000 ,    0.000 ,    2.497 ,    0.000 ,    0.726 ,       10 , 	)
  47 	 (   6 ,  331.000 ,  511.000 ,        0 ,  508.503 ,  508.503 ,    0.000 ,  508.503 ,  509.503 ,   32.271 ,    2.497 ,    0.000 ,    1.583 ,       11 , 	)
  60 	 (   5 ,  340.000 ,  520.000 ,        0 ,  513.524 ,  513.524 ,    0.000 ,  513.524 ,  514.524 ,   43.138 ,    6.476 ,    0.000 ,    3.063 ,       12 , 	)
  85 	 (   1 ,  355.000 ,  535.000 ,        0 ,  527.969 ,  527.969 ,    0.000 ,  527.969 ,  531.969 ,   61.590 ,    7.031 ,    0.000 ,   12.836 ,       13 , 	)
  46 	 (   0 ,  526.000 ,  762.000 ,        0 ,  541.044 ,  541.044 ,    0.000 ,  541.044 ,  542.044 ,   60.044 ,   40.956 ,    0.000 ,    5.014 ,       14 , 	)
  87 	 (   0 ,    0.000 , 1440.000 ,        0 ,  559.096 ,  559.096 ,    0.000 ,  559.096 ,  559.096 ,    0.000 ,  880.904 ,    0.000 ,    0.000 ,       15 , 	)

	12 sommets 
	values : ( Cost : 281.650 , TRT : 229.767 , TWT :   0.000 , TD : 358.180 )
	violations : ( VC :       0 , VTW :   0.000 , VTD :   0.000 , VTRT :   0.000 )
	cout global : (   0.000	 )
S(i)	 (   C ,     TW0 ,       TW1 ,       VTW ,       Min ,       A ,       W ,       B ,       D ,       L ,       F ,       E ,       Det ,       [Imp ,       Imp]	)
   0 	 (   0 ,    0.000 , 1440.000 ,        0 ,    0.000 ,  263.675 ,    0.000 ,  263.675 ,  263.675 ,    0.000 ,    3.000 ,  263.675 ,    0.000 ,        0 , 	)
  16 	 (   1 ,  300.000 ,  420.000 ,        0 ,   38.173 ,  301.848 ,    0.000 ,  301.848 ,  302.848 ,    0.000 ,    3.000 ,    1.848 ,    3.816 ,        1 , 	)
  23 	 (   2 ,  240.000 ,  480.000 ,        0 ,  338.929 ,  340.777 ,    0.000 ,  340.777 ,  341.777 ,    0.000 ,    3.000 ,    1.848 ,    3.616 ,        2 , 	)
  59 	 (   1 ,  341.487 ,  529.000 ,        0 ,  346.103 ,  347.951 ,    0.000 ,  347.951 ,  348.951 ,   45.103 ,    3.000 ,    1.848 ,    0.950 ,        3 , 	)
  35 	 (   4 ,  240.000 ,  360.000 ,        0 ,  355.152 ,  357.000 ,    0.000 ,  357.000 ,  360.000 ,    0.000 ,    3.000 ,    1.848 ,    0.000 ,        4 , 	)
  13 	 (   7 ,  360.000 ,  480.000 ,        0 ,  358.152 ,  360.000 ,    0.000 ,  360.000 ,  363.000 ,    0.000 ,   11.894 ,    0.000 ,    0.000 ,        5 , 	)
  28 	 (   8 ,  270.000 ,  463.386 ,        0 ,  379.109 ,  379.109 ,    0.000 ,  379.109 ,  380.109 ,    0.000 ,   11.894 ,    0.000 ,    2.783 ,        6 , 	)
  78 	 (   5 ,  366.000 ,  426.000 ,        0 ,  414.106 ,  414.106 ,    0.000 ,  414.106 ,  417.106 ,   54.106 ,   11.894 ,    0.000 ,    2.247 ,        7 , 	)
  66 	 (   4 ,  331.000 ,  571.000 ,        0 ,  426.919 ,  426.919 ,    0.000 ,  426.919 ,  427.919 ,   85.141 ,   28.550 ,    0.000 ,   10.264 ,        8 , 	)
  56 	 (   1 ,  406.110 ,  598.000 ,        0 ,  448.380 ,  448.380 ,    0.000 ,  448.380 ,  451.380 ,   85.380 ,   28.550 ,    0.000 ,   29.850 ,        9 , 	)
  71 	 (   0 ,  388.000 ,  508.000 ,        0 ,  468.559 ,  468.559 ,    0.000 ,  468.559 ,  469.559 ,   88.450 ,   28.550 ,    0.000 ,   -5.556 ,       10 , 	)
  87 	 (   0 ,    0.000 , 1440.000 ,        0 ,  493.442 ,  493.442 ,    0.000 ,  493.442 ,  493.442 ,    0.000 ,  946.558 ,    0.000 ,    0.000 ,       11 , 	)

	22 sommets 
	values : ( Cost : 558.367 , TRT : 459.825 , TWT :   0.000 , TD : 785.842 )
	violations : ( VC :       0 , VTW :   0.000 , VTD :   0.000 , VTRT :   0.000 )
	cout global : (   0.000	 )
S(i)	 (   C ,     TW0 ,       TW1 ,       VTW ,       Min ,       A ,       W ,       B ,       D ,       L ,       F ,       E ,       Det ,       [Imp ,       Imp]	)
   0 	 (   0 ,    0.000 , 1440.000 ,        0 ,    0.000 ,  769.475 ,    0.000 ,  769.475 ,  769.475 ,    0.000 ,   11.712 ,  769.475 ,    0.000 ,        0 , 	)
  10 	 (   2 ,  780.000 ,  900.000 ,        0 ,   16.067 ,  785.542 ,    0.000 ,  785.542 ,  787.542 ,    0.000 ,   11.712 ,    5.542 ,   10.801 ,        1 , 	)
  31 	 (   5 ,  720.000 ,  900.000 ,        0 ,  790.955 ,  796.497 ,    0.000 ,  796.497 ,  799.497 ,    0.000 ,   11.712 ,    5.542 ,    3.362 ,        2 , 	)
  27 	 (   7 ,  720.000 ,  840.000 ,        0 ,  822.746 ,  828.288 ,    0.000 ,  828.288 ,  830.288 ,    0.000 ,   11.712 ,    5.542 ,   -0.479 ,        3 , 	)
  53 	 (   5 ,  841.000 , 1081.000 ,        0 ,  835.458 ,  841.000 ,    0.000 ,  841.000 ,  843.000 ,   53.458 ,   29.159 ,    0.000 ,    2.680 ,        4 , 	)
  26 	 (   7 ,  720.000 ,  960.000 ,        0 ,  850.711 ,  850.711 ,    0.000 ,  850.711 ,  852.711 ,    0.000 ,   29.159 ,    0.000 ,   11.916 ,        5 , 	)
  11 	 (   8 ,  840.000 ,  960.000 ,        0 ,  889.150 ,  889.150 ,    0.000 ,  889.150 ,  890.150 ,    0.000 ,   29.159 ,    0.000 ,    6.047 ,        6 , 	)
  54 	 (   7 ,  862.035 , 1017.000 ,        0 ,  911.185 ,  911.185 ,    0.000 ,  911.185 ,  912.185 ,   21.035 ,   29.159 ,    0.000 ,    0.757 ,        7 , 	)
  74 	 (   4 ,  844.000 , 1084.000 ,        0 ,  917.709 ,  917.709 ,    0.000 ,  917.709 ,  920.709 ,  118.212 ,   29.159 ,    0.000 ,    9.812 ,        8 , 	)
  34 	 (   8 ,  720.000 ,  960.000 ,        0 ,  927.521 ,  927.521 ,    0.000 ,  927.521 ,  931.521 ,    0.000 ,   29.159 ,    0.000 ,    6.541 ,        9 , 	)
  70 	 (   6 ,  942.000 , 1002.000 ,        0 ,  948.666 ,  948.666 ,    0.000 ,  948.666 ,  950.666 ,  118.378 ,   29.159 ,    0.000 ,   34.300 ,       10 , 	)
  69 	 (   4 ,  872.000 , 1052.000 ,        0 ,  993.609 ,  993.609 ,    0.000 ,  993.609 ,  995.609 ,  140.898 ,   29.159 ,    0.000 ,   12.774 ,       11 , 	)
  77 	 (   0 ,  821.000 , 1061.000 ,        0 , 1031.841 , 1031.841 ,    0.000 , 1031.841 , 1035.841 ,  100.320 ,   29.159 ,    0.000 ,   -0.820 ,       12 , 	)
  15 	 (   1 ,  960.000 , 1200.000 ,        0 , 1043.331 , 1043.331 ,    0.000 , 1043.331 , 1044.331 ,    0.000 ,  109.386 ,    0.000 ,    7.035 ,       13 , 	)
  39 	 (   4 ,  971.000 , 1195.576 ,        0 , 1057.034 , 1057.034 ,    0.000 , 1057.034 , 1060.034 ,    0.000 ,  109.386 ,   -0.000 ,    0.507 ,       14 , 	)
  33 	 (   5 ,  960.000 , 1200.000 ,        0 , 1072.858 , 1072.858 ,    0.000 , 1072.858 , 1073.858 ,    0.000 ,   19.863 ,   -0.000 ,   -1.311 ,       15 , 	)
  24 	 (   6 , 1020.000 , 1200.000 ,        0 , 1090.614 , 1090.614 ,    0.000 , 1090.614 , 1091.614 ,    0.000 ,   19.863 ,   -0.000 ,    5.382 ,       16 , 	)
  76 	 (   5 , 1006.000 , 1246.000 ,        0 , 1103.144 , 1103.144 ,    0.000 , 1103.144 , 1104.144 ,   29.286 ,   19.863 ,   -0.000 ,   13.222 ,       17 , 	)
  82 	 (   2 , 1045.000 , 1225.000 ,        0 , 1111.171 , 1111.171 ,    0.000 , 1111.171 , 1114.171 ,   51.137 ,   19.863 ,   -0.000 ,    0.000 ,       18 , 	)
  58 	 (   1 , 1089.000 , 1329.000 ,        0 , 1114.171 , 1114.171 ,    0.000 , 1114.171 , 1115.171 ,   69.840 ,   92.723 ,   -0.000 ,    0.000 ,       19 , 	)
  67 	 (   0 , 1152.000 , 1332.000 ,        0 , 1174.892 , 1174.892 ,    0.000 , 1174.892 , 1175.892 ,   83.277 ,   92.723 ,   -0.000 ,  103.808 ,       20 , 	)
  87 	 (   0 ,    0.000 , 1440.000 ,        0 , 1229.300 , 1229.300 ,    0.000 , 1229.300 , 1229.300 ,    0.000 ,  210.700 ,   -0.000 ,    0.000 ,       21 , 	)

	14 sommets 
	values : ( Cost : 270.229 , TRT : 298.669 , TWT :  57.489 , TD : 335.575 )
	violations : ( VC :       0 , VTW :   0.000 , VTD :   0.000 , VTRT :   0.000 )
	cout global : (   0.000	 )
S(i)	 (   C ,     TW0 ,       TW1 ,       VTW ,       Min ,       A ,       W ,       B ,       D ,       L ,       F ,       E ,       Det ,       [Imp ,       Imp]	)
   0 	 (   0 ,    0.000 , 1440.000 ,        0 ,    0.000 ,  639.045 ,    0.000 ,  639.045 ,  639.045 ,    0.000 ,    0.000 ,  639.045 ,    0.000 ,        0 , 	)
   8 	 (   4 ,  480.000 ,  660.000 ,        0 ,   20.955 ,  660.000 ,    0.000 ,  660.000 ,  664.000 ,    0.000 ,    0.000 ,  180.000 ,   31.715 ,        1 , 	)
  51 	 (   0 ,  511.813 ,  738.000 ,        0 ,  511.813 ,  691.813 ,    0.000 ,  691.813 ,  695.813 ,   27.813 ,   18.938 ,  180.000 ,   -0.894 ,        2 , 	)
  18 	 (   2 ,  480.000 ,  720.000 ,        0 ,  520.889 ,  700.889 ,   18.938 ,  719.826 ,  721.826 ,    0.000 ,    0.000 ,  198.938 ,    3.351 ,        3 , 	)
   5 	 (   4 ,  720.000 ,  900.000 ,        0 ,  531.435 ,  730.373 ,    0.000 ,  730.373 ,  732.373 ,    0.000 ,    0.000 ,   10.373 ,    4.143 ,        4 , 	)
  25 	 (   7 ,  720.000 ,  960.000 ,        0 ,  734.517 ,  744.889 ,    0.000 ,  744.889 ,  747.889 ,    0.000 ,    0.000 ,   10.373 ,    8.620 ,        5 , 	)
  48 	 (   5 ,  769.000 , 1006.000 ,        0 ,  772.627 ,  783.000 ,    0.000 ,  783.000 ,  785.000 ,   50.627 ,    0.000 ,   10.373 ,    0.000 ,        6 , 	)
  61 	 (   3 ,  605.000 ,  785.000 ,        0 ,  774.627 ,  785.000 ,    0.000 ,  785.000 ,  787.000 ,   63.174 ,    0.000 ,   10.373 ,    0.000 ,        7 , 	)
   2 	 (   7 ,  780.000 ,  960.000 ,        0 ,  776.627 ,  787.000 ,   38.552 ,  825.552 ,  829.552 ,    0.000 ,   17.586 ,   45.552 ,    0.000 ,        8 , 	)
  68 	 (   4 ,  809.000 , 1049.000 ,        0 ,  800.752 ,  846.304 ,    0.000 ,  846.304 ,  849.304 ,   98.414 ,   17.586 ,   37.304 ,    5.544 ,        9 , 	)
   7 	 (   8 ,  720.000 ,  960.000 ,        0 ,  822.371 ,  859.675 ,    0.000 ,  859.675 ,  863.675 ,    0.000 ,   46.552 ,   37.304 ,    0.631 ,       10 , 	)
  50 	 (   4 ,  772.000 , 1012.000 ,        0 ,  850.471 ,  887.774 ,    0.000 ,  887.774 ,  891.774 ,   24.099 ,   40.901 ,   37.304 ,   -1.958 ,       11 , 	)
  45 	 (   0 ,  901.000 , 1021.000 ,        0 ,  863.696 ,  901.000 ,    0.000 ,  901.000 ,  905.000 ,   71.448 ,   46.552 ,    0.000 ,    6.974 ,       12 , 	)
  87 	 (   0 ,    0.000 , 1440.000 ,        0 ,  937.714 ,  937.714 ,    0.000 ,  937.714 ,  937.714 ,    0.000 ,  502.286 ,    0.000 ,    0.000 ,       13 , 	)

	18 sommets 
	values : ( Cost : 378.406 , TRT : 456.597 , TWT : 132.081 , TD : 546.582 )
	violations : ( VC :       0 , VTW :   0.000 , VTD :   0.000 , VTRT :   0.000 )
	cout global : (   0.000	 )
S(i)	 (   C ,     TW0 ,       TW1 ,       VTW ,       Min ,       A ,       W ,       B ,       D ,       L ,       F ,       E ,       Det ,       [Imp ,       Imp]	)
   0 	 (   0 ,    0.000 , 1440.000 ,        0 ,    0.000 ,  405.458 ,    0.000 ,  405.458 ,  405.458 ,    0.000 ,    0.000 ,  405.458 ,    0.000 ,        0 , 	)
   6 	 (   1 ,  240.000 ,  480.000 ,        0 ,    8.113 ,  413.571 ,    0.000 ,  413.571 ,  414.571 ,    0.000 ,    0.000 ,  173.571 ,    0.790 ,        1 , 	)
  21 	 (   4 ,  249.000 ,  477.963 ,        0 ,  252.821 ,  426.392 ,    0.000 ,  426.392 ,  429.392 ,    0.000 ,    0.000 ,  173.571 ,   13.282 ,        2 , 	)
  32 	 (   8 ,  240.000 ,  480.000 ,        0 ,  268.188 ,  441.759 ,    0.000 ,  441.759 ,  445.759 ,    0.000 ,    0.000 ,  173.571 ,    9.315 ,        3 , 	)
  64 	 (   5 ,  330.000 ,  510.000 ,        0 ,  298.173 ,  471.744 ,    0.000 ,  471.744 ,  474.744 ,   42.352 ,    0.000 ,  141.744 ,    0.041 ,        4 , 	)
  41 	 (   8 ,  300.000 ,  480.000 ,        0 ,  338.256 ,  480.000 ,    0.000 ,  480.000 ,  483.000 ,    0.000 ,    0.000 ,  141.744 ,    0.000 ,        5 , 	)
  49 	 (   7 ,  305.000 ,  545.000 ,        0 ,  341.256 ,  483.000 ,    0.000 ,  483.000 ,  484.000 ,   68.429 ,   18.571 ,  141.744 ,    0.000 ,        6 , 	)
  84 	 (   4 ,  329.886 ,  555.000 ,        0 ,  369.142 ,  510.886 ,    0.000 ,  510.886 ,  513.886 ,   27.886 ,   44.114 ,  141.744 ,    8.100 ,        7 , 	)
  75 	 (   0 ,  404.000 ,  644.000 ,        0 ,  421.764 ,  563.508 ,    0.000 ,  563.508 ,  567.508 ,  117.749 ,   80.492 ,  141.744 ,   27.144 ,        8 , 	)
  19 	 (   1 ,  480.000 ,  720.000 ,        0 ,  443.180 ,  584.924 ,  124.095 ,  709.019 ,  710.019 ,    0.000 ,    0.000 ,  229.019 ,    7.459 ,        9 , 	)
  29 	 (   2 ,  480.000 ,  720.000 ,        0 ,  490.981 ,  720.000 ,    0.000 ,  720.000 ,  721.000 ,    0.000 ,    0.000 ,  229.019 ,    2.387 ,       10 , 	)
  38 	 (   5 ,  720.000 ,  900.000 ,        0 ,  495.059 ,  724.078 ,    7.986 ,  732.065 ,  735.065 ,    0.000 ,    1.144 ,   12.065 ,    1.188 ,       11 , 	)
  72 	 (   4 ,  599.000 ,  779.000 ,        0 ,  765.792 ,  777.856 ,    0.000 ,  777.856 ,  778.856 ,   56.856 ,    1.144 ,   12.065 ,    1.053 ,       12 , 	)
  37 	 (   8 ,  780.000 ,  900.000 ,        0 ,  767.935 ,  780.000 ,    0.000 ,  780.000 ,  784.000 ,    0.000 ,   72.732 ,    0.000 ,    1.120 ,       13 , 	)
  81 	 (   5 ,  793.000 , 1033.000 ,        0 ,  797.332 ,  797.332 ,    0.000 ,  797.332 ,  800.332 ,   62.268 ,   65.012 ,    0.000 ,   -1.253 ,       14 , 	)
  62 	 (   4 ,  669.000 ,  909.000 ,        0 ,  823.073 ,  823.073 ,    0.000 ,  823.073 ,  824.073 ,  113.054 ,   65.012 ,    0.000 ,    3.705 ,       15 , 	)
  80 	 (   0 ,  829.992 , 1027.000 ,        0 ,  841.988 ,  841.988 ,    0.000 ,  841.988 ,  845.988 ,   57.988 ,   65.012 ,    0.000 ,   16.977 ,       16 , 	)
  87 	 (   0 ,    0.000 , 1440.000 ,        0 ,  862.055 ,  862.055 ,    0.000 ,  862.055 ,  862.055 ,    0.000 ,  577.945 ,    0.000 ,    0.000 ,       17 , 	)
