8
	VALUE ALL : ( Cost : 2678.580 , TRT : 2550.450 , TWT : 286.480 , TD : 4102.938 )
	VIOLATIONS TOTAL : ( VC :       0 , VTW :   0.000 , VTD :   0.000 , VTRT :   0.000 )
 	COUT_ALL : (   0.002 )  T2B:   18001

	16 sommets 
	values : ( Cost : 352.919 , TRT : 297.353 , TWT :   0.000 , TD : 531.671 )
	violations : ( VC :       0 , VTW :   0.000 , VTD :   0.000 , VTRT :   0.000 )
	cout global : (   0.000	 )
S(i)	 (   C ,     TW0 ,       TW1 ,       VTW ,       Min ,       A ,       W ,       B ,       D ,       L ,       F ,       E ,       Det ,       [Imp ,       Imp]	)
   0 	 (   0 ,    0.000 , 1440.000 ,        0 ,    0.000 ,  226.752 ,    0.000 ,  226.752 ,  226.752 ,    0.000 ,    7.568 ,  226.752 ,    0.000 ,        0 , 	)
   1 	 (   1 ,  240.000 ,  480.000 ,        0 ,   13.248 ,  240.000 ,    0.000 ,  240.000 ,  241.000 ,    0.000 ,    7.568 ,    0.000 ,    9.926 ,        1 , 	)
  27 	 (   5 ,  240.000 ,  420.000 ,        0 ,  281.498 ,  281.498 ,    0.000 ,  281.498 ,  285.498 ,    0.000 ,    7.568 ,    0.000 ,   32.528 ,        2 , 	)
  16 	 (   6 ,  240.000 ,  480.000 ,        0 ,  306.692 ,  306.692 ,    0.000 ,  306.692 ,  307.692 ,    0.000 ,    7.568 ,    0.000 ,    2.346 ,        3 , 	)
  83 	 (   2 ,  304.000 ,  544.000 ,        0 ,  334.399 ,  334.399 ,    0.000 ,  334.399 ,  338.399 ,   48.902 ,    7.568 ,    0.000 ,    0.011 ,        4 , 	)
  19 	 (   6 ,  240.000 ,  480.000 ,        0 ,  347.054 ,  347.054 ,    0.000 ,  347.054 ,  351.054 ,    0.000 ,    7.568 ,    0.000 ,    5.950 ,        5 , 	)
  72 	 (   5 ,  305.000 ,  545.000 ,        0 ,  357.632 ,  357.632 ,    0.000 ,  357.632 ,  358.632 ,   49.940 ,    7.568 ,    0.000 ,    0.677 ,        6 , 	)
  57 	 (   4 ,  344.000 ,  584.000 ,        0 ,  370.571 ,  370.571 ,    0.000 ,  370.571 ,  371.571 ,  129.571 ,    7.568 ,    0.000 ,   19.123 ,        7 , 	)
  22 	 (   7 ,  266.000 ,  469.252 ,        0 ,  382.875 ,  382.875 ,    0.000 ,  382.875 ,  385.875 ,    0.000 ,    7.568 ,    0.000 ,    8.405 ,        8 , 	)
  75 	 (   3 ,  342.000 ,  582.000 ,        0 ,  435.177 ,  435.177 ,    0.000 ,  435.177 ,  439.177 ,   84.123 ,    4.443 ,    0.000 ,   -7.019 ,        9 , 	)
  45 	 (   5 ,  241.000 ,  480.000 ,        0 ,  448.551 ,  448.551 ,    0.000 ,  448.551 ,  450.551 ,    0.000 ,    4.443 ,    0.000 ,    3.869 ,       10 , 	)
  39 	 (   6 ,  240.000 ,  480.000 ,        0 ,  455.374 ,  455.374 ,    0.000 ,  455.374 ,  456.374 ,    0.000 ,    4.443 ,    0.000 ,   -0.206 ,       11 , 	)
 101 	 (   4 ,  355.000 ,  535.000 ,        0 ,  493.365 ,  493.365 ,    0.000 ,  493.365 ,  495.365 ,   42.814 ,    4.443 ,    0.000 ,   -1.837 ,       12 , 	)
  95 	 (   3 ,  335.000 ,  575.000 ,        0 ,  504.138 ,  504.138 ,    0.000 ,  504.138 ,  505.138 ,   47.764 ,    4.443 ,    0.000 ,   -0.859 ,       13 , 	)
  78 	 (   0 ,  402.000 ,  522.000 ,        0 ,  514.432 ,  514.432 ,    0.000 ,  514.432 ,  517.432 ,  128.557 ,    4.443 ,    0.000 ,    4.586 ,       14 , 	)
 113 	 (   0 ,    0.000 , 1440.000 ,        0 ,  524.105 ,  524.105 ,    0.000 ,  524.105 ,  524.105 ,    0.000 ,  915.895 ,    0.000 ,    0.000 ,       15 , 	)

	10 sommets 
	values : ( Cost : 265.965 , TRT : 219.974 , TWT :   0.000 , TD : 148.350 )
	violations : ( VC :       0 , VTW :   0.000 , VTD :   0.000 , VTRT :   0.000 )
	cout global : (   0.000	 )
S(i)	 (   C ,     TW0 ,       TW1 ,       VTW ,       Min ,       A ,       W ,       B ,       D ,       L ,       F ,       E ,       Det ,       [Imp ,       Imp]	)
   0 	 (   0 ,    0.000 , 1440.000 ,        0 ,    0.000 ,  906.100 ,    0.000 ,  906.100 ,  906.100 ,    0.000 ,    7.917 ,  906.100 ,    0.000 ,        0 , 	)
  23 	 (   1 ,  720.000 ,  960.000 ,        0 ,   24.348 ,  930.448 ,    0.000 ,  930.448 ,  931.448 ,    0.000 ,    7.917 ,  210.448 ,    0.000 ,        1 , 	)
  55 	 (   2 ,  727.000 ,  960.000 ,        0 ,  721.000 ,  931.448 ,    0.000 ,  931.448 ,  932.448 ,    0.000 ,    7.917 ,  204.448 ,    0.000 ,        2 , 	)
  79 	 (   1 ,  773.000 , 1013.000 ,        0 ,  754.552 ,  959.000 ,    0.000 ,  959.000 ,  960.000 ,   27.552 ,    7.917 ,  186.000 ,    0.000 ,        3 , 	)
  24 	 (   5 ,  960.000 , 1080.000 ,        0 ,  774.000 ,  960.000 ,    0.000 ,  960.000 ,  964.000 ,    0.000 ,    7.917 ,    0.000 ,    0.000 ,        4 , 	)
 111 	 (   4 ,  815.000 ,  995.000 ,        0 ,  987.083 ,  987.083 ,    0.000 ,  987.083 ,  988.083 ,   54.635 ,    7.917 ,    0.000 ,    0.000 ,        5 , 	)
  80 	 (   0 ,  987.083 , 1146.000 ,        0 ,  988.083 ,  988.083 ,    0.000 ,  988.083 ,  992.083 ,   24.083 ,   37.917 ,    0.000 ,    0.000 ,        6 , 	)
  31 	 (   4 ,  960.000 , 1200.000 ,        0 , 1019.380 , 1019.380 ,    0.000 , 1019.380 , 1023.380 ,    0.000 ,  180.620 ,    0.000 ,    4.389 ,        7 , 	)
  87 	 (   0 , 1047.000 , 1287.000 ,        0 , 1065.459 , 1065.459 ,    0.000 , 1065.459 , 1069.459 ,   42.079 ,   69.921 ,   -0.000 ,   64.074 ,        8 , 	)
 113 	 (   0 ,    0.000 , 1440.000 ,        0 , 1126.074 , 1126.074 ,    0.000 , 1126.074 , 1126.074 ,    0.000 ,  313.926 ,   -0.000 ,    0.000 ,        9 , 	)

	26 sommets 
	values : ( Cost : 488.551 , TRT : 471.138 , TWT :  53.806 , TD : 912.978 )
	violations : ( VC :       0 , VTW :   0.000 , VTD :   0.000 , VTRT :   0.000 )
	cout global : (   0.000	 )
S(i)	 (   C ,     TW0 ,       TW1 ,       VTW ,       Min ,       A ,       W ,       B ,       D ,       L ,       F ,       E ,       Det ,       [Imp ,       Imp]	)
   0 	 (   0 ,    0.000 , 1440.000 ,        0 ,    0.000 ,  644.696 ,    0.000 ,  644.696 ,  644.696 ,    0.000 ,    0.000 ,  644.696 ,    0.000 ,        0 , 	)
  29 	 (   4 ,  540.000 ,  720.000 ,        0 ,   14.617 ,  659.313 ,    0.000 ,  659.313 ,  663.313 ,    0.000 ,    0.000 ,  119.313 ,   21.738 ,        1 , 	)
  34 	 (   8 ,  540.000 ,  720.000 ,        0 ,  558.577 ,  677.890 ,    0.000 ,  677.890 ,  681.890 ,    0.000 ,    0.000 ,  119.313 ,   -3.441 ,        2 , 	)
  85 	 (   4 ,  690.000 ,  810.000 ,        0 ,  588.220 ,  707.532 ,    0.000 ,  707.532 ,  711.532 ,   44.220 ,    0.000 ,   17.532 ,   20.129 ,        3 , 	)
  42 	 (   5 ,  540.000 ,  720.000 ,        0 ,  702.468 ,  720.000 ,    0.000 ,  720.000 ,  721.000 ,    0.000 ,    0.000 ,   17.532 ,   16.935 ,        4 , 	)
   2 	 (   6 ,  720.000 ,  960.000 ,        0 ,  711.935 ,  729.468 ,   19.580 ,  749.048 ,  750.048 ,    0.000 ,    0.000 ,   29.048 ,    0.026 ,        5 , 	)
  98 	 (   5 ,  598.000 ,  778.000 ,        0 ,  741.879 ,  770.927 ,    0.000 ,  770.927 ,  771.927 ,   49.927 ,    0.000 ,   29.048 ,    0.000 ,        6 , 	)
  90 	 (   1 ,  707.000 ,  887.000 ,        0 ,  742.879 ,  771.927 ,    0.000 ,  771.927 ,  775.927 ,   90.037 ,    0.000 ,   29.048 ,    0.000 ,        7 , 	)
  14 	 (   3 ,  780.000 ,  960.000 ,        0 ,  785.533 ,  814.581 ,    0.000 ,  814.581 ,  816.581 ,    0.000 ,    0.000 ,   29.048 ,   12.786 ,        8 , 	)
  26 	 (   4 ,  720.000 ,  840.000 ,        0 ,  797.339 ,  826.387 ,    0.000 ,  826.387 ,  827.387 ,    0.000 ,    0.000 ,   29.048 ,    1.590 ,        9 , 	)
  58 	 (   3 ,  824.000 , 1064.000 ,        0 ,  820.426 ,  849.474 ,    0.000 ,  849.474 ,  850.474 ,   99.426 ,    0.000 ,   25.474 ,    0.000 ,       10 , 	)
  70 	 (   1 ,  812.302 , 1043.000 ,        0 ,  825.000 ,  850.474 ,    0.000 ,  850.474 ,  852.474 ,   33.892 ,    0.000 ,   25.474 ,    0.000 ,       11 , 	)
  44 	 (   2 ,  724.000 ,  960.000 ,        0 ,  846.604 ,  872.077 ,    0.000 ,  872.077 ,  873.077 ,    0.000 ,    0.000 ,   25.474 ,   12.541 ,       12 , 	)
  36 	 (   3 ,  720.000 ,  960.000 ,        0 ,  859.810 ,  885.283 ,    0.000 ,  885.283 ,  886.283 ,    0.000 ,    0.000 ,   25.474 ,    3.565 ,       13 , 	)
  37 	 (   7 ,  720.000 ,  900.000 ,        0 ,  874.526 ,  900.000 ,    0.000 ,  900.000 ,  904.000 ,    0.000 ,    0.000 ,   25.474 ,    8.686 ,       14 , 	)
 100 	 (   6 ,  823.000 , 1003.000 ,        0 ,  899.992 ,  925.465 ,    0.000 ,  925.465 ,  926.465 ,   52.388 ,    0.986 ,   25.474 ,    7.280 ,       15 , 	)
  11 	 (   8 ,  780.000 ,  960.000 ,        0 ,  908.315 ,  933.789 ,    0.986 ,  934.774 ,  936.774 ,    0.000 ,    0.000 ,   26.459 ,    5.137 ,       16 , 	)
  93 	 (   4 ,  788.000 ,  968.000 ,        0 ,  926.253 ,  952.712 ,    0.000 ,  952.712 ,  956.712 ,   48.712 ,    0.000 ,   26.459 ,   -1.462 ,       17 , 	)
  10 	 (   7 ,  720.000 ,  960.000 ,        0 ,  933.541 ,  960.000 ,    0.000 ,  960.000 ,  963.000 ,    0.000 ,    0.000 ,   26.459 ,    1.759 ,       18 , 	)
  67 	 (   5 ,  832.000 , 1012.000 ,        0 ,  953.526 ,  979.986 ,    0.000 ,  979.986 ,  981.986 ,   43.211 ,    7.838 ,   26.459 ,    0.000 ,       19 , 	)
  33 	 (   6 ,  960.000 , 1200.000 ,        0 ,  955.526 ,  981.986 ,    7.838 ,  989.824 ,  990.824 ,    0.000 ,    0.000 ,   29.824 ,    0.000 ,       20 , 	)
  92 	 (   5 ,  832.000 , 1072.000 ,        0 ,  976.895 , 1006.720 ,    0.000 , 1006.720 , 1007.720 ,  120.436 ,    0.000 ,   29.824 ,    4.799 ,       21 , 	)
  66 	 (   2 ,  815.000 , 1055.000 ,        0 ,  989.729 , 1019.553 ,    0.000 , 1019.553 , 1022.553 ,   56.553 ,    0.000 ,   29.824 ,    0.218 ,       22 , 	)
  82 	 (   1 ,  793.000 , 1033.000 ,        0 ,  997.563 , 1027.387 ,    0.000 , 1027.387 , 1028.387 ,  200.000 ,    0.000 ,   29.824 ,    8.172 ,       23 , 	)
  89 	 (   0 , 1065.000 , 1245.000 ,        0 , 1009.774 , 1039.598 ,   25.402 , 1065.000 , 1066.000 ,   74.176 ,   37.824 ,    0.000 ,   25.928 ,       24 , 	)
 113 	 (   0 ,    0.000 , 1440.000 ,        0 , 1115.834 , 1115.834 ,    0.000 , 1115.834 , 1115.834 ,    0.000 ,  324.166 ,    0.000 ,    0.000 ,       25 , 	)

	12 sommets 
	values : ( Cost : 375.466 , TRT : 327.431 , TWT :  23.126 , TD : 630.859 )
	violations : ( VC :       0 , VTW :   0.000 , VTD :   0.000 , VTRT :   0.000 )
	cout global : (   0.000	 )
S(i)	 (   C ,     TW0 ,       TW1 ,       VTW ,       Min ,       A ,       W ,       B ,       D ,       L ,       F ,       E ,       Det ,       [Imp ,       Imp]	)
   0 	 (   0 ,    0.000 , 1440.000 ,        0 ,    0.000 ,  632.077 ,    0.000 ,  632.077 ,  632.077 ,    0.000 ,    0.000 ,  632.077 ,    0.000 ,        0 , 	)
  30 	 (   3 ,  600.000 ,  660.000 ,        0 ,   27.923 ,  660.000 ,    0.000 ,  660.000 ,  663.000 ,    0.000 ,    0.000 ,   60.000 ,    8.824 ,        1 , 	)
   3 	 (   5 ,  720.000 ,  960.000 ,        0 ,  641.377 ,  701.377 ,   23.126 ,  724.502 ,  726.502 ,    0.000 ,   13.092 ,    4.502 ,    0.000 ,        2 , 	)
  15 	 (   8 ,  720.000 ,  960.000 ,        0 ,  722.000 ,  726.502 ,    0.000 ,  726.502 ,  729.502 ,    0.000 ,   13.092 ,    4.502 ,    0.000 ,        3 , 	)
  86 	 (   5 ,  736.000 ,  796.000 ,        0 ,  778.405 ,  782.908 ,    0.000 ,  782.908 ,  785.908 ,  119.908 ,   13.092 ,    4.502 ,   36.765 ,        4 , 	)
  32 	 (   6 ,  720.000 ,  900.000 ,        0 ,  799.936 ,  804.438 ,    0.000 ,  804.438 ,  805.438 ,    0.000 ,   28.488 ,    4.502 ,   18.863 ,        5 , 	)
  46 	 (   8 ,  780.000 ,  960.000 ,        0 ,  826.258 ,  830.760 ,    0.000 ,  830.760 ,  832.760 ,    0.000 ,    4.472 ,    4.502 ,  -12.805 ,        6 , 	)
  71 	 (   5 ,  831.000 , 1071.000 ,        0 ,  842.512 ,  847.014 ,    0.000 ,  847.014 ,  850.014 ,  117.512 ,    4.472 ,    4.502 ,    2.084 ,        7 , 	)
 102 	 (   3 ,  851.000 , 1091.000 ,        0 ,  883.671 ,  888.174 ,    0.000 ,  888.174 ,  890.174 ,   55.414 ,    4.472 ,    4.502 ,   15.802 ,        8 , 	)
  59 	 (   1 ,  915.000 , 1155.000 ,        0 ,  910.498 ,  915.000 ,    0.000 ,  915.000 ,  917.000 ,  188.498 ,    4.472 ,    0.000 ,   32.490 ,        9 , 	)
  88 	 (   0 ,  805.000 , 1045.000 ,        0 ,  954.966 ,  954.966 ,    0.000 ,  954.966 ,  955.966 ,  149.528 ,    4.472 ,    0.000 ,    1.887 ,       10 , 	)
 113 	 (   0 ,    0.000 , 1440.000 ,        0 ,  959.508 ,  959.508 ,    0.000 ,  959.508 ,  959.508 ,    0.000 ,  480.492 ,    0.000 ,    0.000 ,       11 , 	)

	14 sommets 
	values : ( Cost : 298.128 , TRT : 258.156 , TWT :   0.000 , TD : 295.414 )
	violations : ( VC :       0 , VTW :   0.000 , VTD :   0.000 , VTRT :   0.000 )
	cout global : (   0.000	 )
S(i)	 (   C ,     TW0 ,       TW1 ,       VTW ,       Min ,       A ,       W ,       B ,       D ,       L ,       F ,       E ,       Det ,       [Imp ,       Imp]	)
   0 	 (   0 ,    0.000 , 1440.000 ,        0 ,    0.000 ,  254.798 ,    0.000 ,  254.798 ,  254.798 ,    0.000 ,   32.535 ,  254.798 ,    0.000 ,        0 , 	)
   8 	 (   2 ,  246.000 ,  480.000 ,        0 ,   46.143 ,  300.941 ,    0.000 ,  300.941 ,  302.941 ,    0.000 ,   32.535 ,   54.941 ,   10.488 ,        1 , 	)
  50 	 (   6 ,  240.000 ,  480.000 ,        0 ,  261.315 ,  316.256 ,    0.000 ,  316.256 ,  320.256 ,    0.000 ,   32.535 ,   54.941 ,    0.450 ,        2 , 	)
  64 	 (   4 ,  339.000 ,  519.000 ,        0 ,  286.379 ,  341.320 ,    0.000 ,  341.320 ,  343.320 ,   38.379 ,   32.535 ,    2.320 ,    0.000 ,        3 , 	)
  21 	 (   6 ,  300.000 ,  420.000 ,        0 ,  341.000 ,  343.320 ,    0.000 ,  343.320 ,  345.320 ,    0.000 ,   32.535 ,    2.320 ,    0.000 ,        4 , 	)
  48 	 (   7 ,  300.000 ,  480.000 ,        0 ,  354.608 ,  356.928 ,    0.000 ,  356.928 ,  357.928 ,    0.000 ,   32.535 ,    2.320 ,    2.311 ,        5 , 	)
 106 	 (   3 ,  362.000 ,  542.000 ,        0 ,  359.680 ,  362.000 ,    0.000 ,  362.000 ,  366.000 ,   41.744 ,   24.968 ,    0.000 ,    1.230 ,        6 , 	)
   9 	 (   7 ,  240.000 ,  420.000 ,        0 ,  387.465 ,  387.465 ,    0.000 ,  387.465 ,  391.465 ,    0.000 ,   24.968 ,    0.000 ,    0.000 ,        7 , 	)
  77 	 (   5 ,  362.000 ,  482.000 ,        0 ,  391.465 ,  391.465 ,    0.000 ,  391.465 ,  393.465 ,   46.145 ,   14.811 ,    0.000 ,    0.000 ,        8 , 	)
 104 	 (   4 ,  327.866 ,  553.000 ,        0 ,  404.960 ,  404.960 ,    0.000 ,  404.960 ,  405.960 ,   47.032 ,   14.811 ,    0.000 ,    8.865 ,        9 , 	)
  43 	 (   8 ,  240.000 ,  480.000 ,        0 ,  423.704 ,  423.704 ,    0.000 ,  423.704 ,  427.704 ,    0.000 ,   14.811 ,    0.000 ,   30.862 ,       10 , 	)
  99 	 (   4 ,  289.000 ,  529.000 ,        0 ,  450.629 ,  450.629 ,    0.000 ,  450.629 ,  454.629 ,   22.925 ,   14.811 ,    0.000 ,    1.150 ,       11 , 	)
  65 	 (   0 ,  298.000 ,  538.000 ,        0 ,  490.654 ,  490.654 ,    0.000 ,  490.654 ,  494.654 ,   99.189 ,   14.811 ,    0.000 ,   22.227 ,       12 , 	)
 113 	 (   0 ,    0.000 , 1440.000 ,        0 ,  512.955 ,  512.955 ,    0.000 ,  512.955 ,  512.955 ,    0.000 ,  927.045 ,    0.000 ,    0.000 ,       13 , 	)

	14 sommets 
	values : ( Cost : 240.893 , TRT : 376.229 , TWT : 161.106 , TD : 326.433 )
	violations : ( VC :       0 , VTW :   0.000 , VTD :   0.000 , VTRT :   0.000 )
	cout global : (   0.000	 )
S(i)	 (   C ,     TW0 ,       TW1 ,       VTW ,       Min ,       A ,       W ,       B ,       D ,       L ,       F ,       E ,       Det ,       [Imp ,       Imp]	)
   0 	 (   0 ,    0.000 , 1440.000 ,        0 ,    0.000 ,  467.533 ,    0.000 ,  467.533 ,  467.533 ,    0.000 ,    0.000 ,  467.533 ,    0.000 ,        0 , 	)
  18 	 (   3 ,  360.000 ,  480.000 ,        0 ,   12.467 ,  480.000 ,    0.000 ,  480.000 ,  483.000 ,    0.000 ,    0.000 ,  120.000 ,   28.058 ,        1 , 	)
  53 	 (   7 ,  480.000 ,  600.000 ,        0 ,  389.971 ,  509.971 ,   20.201 ,  530.172 ,  534.172 ,    0.000 ,    0.000 ,   50.172 ,   10.262 ,        2 , 	)
  74 	 (   4 ,  433.000 ,  553.000 ,        0 ,  502.828 ,  553.000 ,    0.000 ,  553.000 ,  556.000 ,   70.000 ,    0.000 ,   50.172 ,    0.381 ,        3 , 	)
  38 	 (   7 ,  480.000 ,  660.000 ,        0 ,  510.433 ,  560.605 ,   13.735 ,  574.340 ,  577.340 ,    0.000 ,    0.000 ,   63.907 ,    2.864 ,        4 , 	)
  52 	 (   8 ,  489.000 ,  717.866 ,        0 ,  529.849 ,  593.756 ,    0.000 ,  593.756 ,  594.756 ,    0.000 ,    0.000 ,   63.907 ,   21.769 ,        5 , 	)
 108 	 (   7 ,  568.000 ,  748.000 ,        0 ,  559.983 ,  623.889 ,    0.000 ,  623.889 ,  624.889 ,   29.134 ,    0.000 ,   55.889 ,    9.742 ,        6 , 	)
  94 	 (   4 ,  513.000 ,  753.000 ,        0 ,  574.050 ,  629.940 ,    0.000 ,  629.940 ,  632.940 ,   52.600 ,    0.000 ,   55.889 ,    0.308 ,        7 , 	)
 109 	 (   0 ,  525.114 ,  714.000 ,        0 ,  588.283 ,  644.172 ,    0.000 ,  644.172 ,  648.172 ,  110.000 ,    0.000 ,   55.889 ,    1.807 ,        8 , 	)
  47 	 (   3 ,  726.000 ,  960.000 ,        0 ,  597.117 ,  653.006 ,  127.171 ,  780.177 ,  783.177 ,    0.000 ,   39.495 ,   54.177 ,    5.600 ,        9 , 	)
   5 	 (   6 ,  780.000 ,  840.000 ,        0 ,  746.329 ,  800.505 ,    0.000 ,  800.505 ,  803.505 ,    0.000 ,   39.495 ,   20.505 ,    0.914 ,       10 , 	)
 103 	 (   3 ,  822.000 , 1002.000 ,        0 ,  801.495 ,  822.000 ,    0.000 ,  822.000 ,  825.000 ,   38.823 ,   45.124 ,    0.000 ,   -3.462 ,       11 , 	)
  61 	 (   0 ,  809.338 ,  914.000 ,        0 ,  829.381 ,  829.381 ,    0.000 ,  829.381 ,  832.381 ,   25.876 ,   45.124 ,    0.000 ,    8.074 ,       12 , 	)
 113 	 (   0 ,    0.000 , 1440.000 ,        0 ,  843.762 ,  843.762 ,    0.000 ,  843.762 ,  843.762 ,    0.000 ,  596.238 ,    0.000 ,    0.000 ,       13 , 	)

	20 sommets 
	values : ( Cost : 439.333 , TRT : 406.646 , TWT :  38.320 , TD : 802.156 )
	violations : ( VC :       0 , VTW :   0.000 , VTD :   0.000 , VTRT :   0.000 )
	cout global : (   0.000	 )
S(i)	 (   C ,     TW0 ,       TW1 ,       VTW ,       Min ,       A ,       W ,       B ,       D ,       L ,       F ,       E ,       Det ,       [Imp ,       Imp]	)
   0 	 (   0 ,    0.000 , 1440.000 ,        0 ,    0.000 ,  828.810 ,    0.000 ,  828.810 ,  828.810 ,    0.000 ,    0.000 ,  828.810 ,    0.000 ,        0 , 	)
  40 	 (   2 ,  780.000 ,  900.000 ,        0 ,    7.542 ,  836.352 ,    0.000 ,  836.352 ,  838.352 ,    0.000 ,    0.000 ,   56.352 ,    0.735 ,        1 , 	)
  41 	 (   3 ,  720.000 ,  960.000 ,        0 ,  799.649 ,  856.001 ,    0.000 ,  856.001 ,  857.001 ,    0.000 ,    0.000 ,   56.352 ,   25.423 ,        2 , 	)
  12 	 (   4 ,  720.000 ,  900.000 ,        0 ,  829.449 ,  885.801 ,    0.000 ,  885.801 ,  886.801 ,    0.000 ,    0.000 ,   56.352 ,    2.727 ,        3 , 	)
  51 	 (   5 ,  720.000 ,  900.000 ,        0 ,  843.648 ,  900.000 ,    0.000 ,  900.000 ,  901.000 ,    0.000 ,    0.000 ,   56.352 ,   -3.159 ,        4 , 	)
  68 	 (   4 ,  784.000 ,  964.000 ,        0 ,  859.898 ,  916.250 ,    0.000 ,  916.250 ,  917.250 ,   29.449 ,   19.865 ,   56.352 ,    0.486 ,        5 , 	)
  96 	 (   2 ,  841.000 , 1021.000 ,        0 ,  873.835 ,  930.186 ,    0.000 ,  930.186 ,  932.186 ,   91.835 ,   19.865 ,   56.352 ,    3.526 ,        6 , 	)
  49 	 (   5 ,  720.000 ,  960.000 ,        0 ,  879.670 ,  936.022 ,   19.865 ,  955.887 ,  958.887 ,    0.000 ,    0.000 ,   76.217 ,   -0.803 ,        7 , 	)
 107 	 (   4 ,  750.665 ,  980.000 ,        0 ,  903.783 ,  980.000 ,    0.000 ,  980.000 ,  981.000 ,   79.000 ,    0.000 ,   76.217 ,    0.000 ,        8 , 	)
  17 	 (   8 ,  960.000 , 1140.000 ,        0 ,  904.783 ,  981.000 ,    6.392 ,  987.392 ,  991.392 ,    0.000 ,    0.000 ,   27.392 ,    0.000 ,        9 , 	)
 105 	 (   5 ,  772.000 , 1012.000 ,        0 ,  984.608 , 1012.000 ,    0.000 , 1012.000 , 1015.000 ,   53.113 ,    0.000 ,   27.392 ,    0.000 ,       10 , 	)
   7 	 (   6 , 1020.000 , 1200.000 ,        0 ,  987.608 , 1015.000 ,   12.063 , 1027.063 , 1028.063 ,    0.000 ,   30.126 ,    7.063 ,    0.000 ,       11 , 	)
  97 	 (   5 ,  963.000 , 1203.000 ,        0 , 1024.623 , 1031.686 ,    0.000 , 1031.686 , 1032.686 ,  174.685 ,   30.126 ,    7.063 ,    1.157 ,       12 , 	)
  73 	 (   1 , 1013.000 , 1251.000 ,        0 , 1061.202 , 1068.265 ,    0.000 , 1068.265 , 1072.265 ,   76.874 ,   30.126 ,    7.063 ,    3.150 ,       13 , 	)
   6 	 (   3 ,  960.000 , 1140.000 ,        0 , 1077.955 , 1085.018 ,    0.000 , 1085.018 , 1087.018 ,    0.000 ,   44.068 ,    7.063 ,    0.560 ,       14 , 	)
  28 	 (   7 ,  969.000 , 1138.346 ,        0 , 1087.215 , 1094.278 ,    0.000 , 1094.278 , 1098.278 ,    0.000 ,   44.068 ,    7.063 ,    2.674 ,       15 , 	)
  84 	 (   3 , 1052.000 , 1172.000 ,        0 , 1120.869 , 1127.932 ,    0.000 , 1127.932 , 1131.932 ,   29.654 ,   44.068 ,    7.063 ,   10.701 ,       16 , 	)
  62 	 (   1 , 1092.000 , 1272.000 ,        0 , 1165.565 , 1172.628 ,    0.000 , 1172.628 , 1174.628 ,   85.610 ,   72.063 ,    7.063 ,   16.132 ,       17 , 	)
  63 	 (   0 , 1210.000 , 1390.000 ,        0 , 1202.937 , 1210.000 ,    0.000 , 1210.000 , 1211.000 ,  181.937 ,   72.063 ,    0.000 ,   32.829 ,       18 , 	)
 113 	 (   0 ,    0.000 , 1440.000 ,        0 , 1235.456 , 1235.456 ,    0.000 , 1235.456 , 1235.456 ,    0.000 ,  204.544 ,    0.000 ,    0.000 ,       19 , 	)

	16 sommets 
	values : ( Cost : 217.325 , TRT : 193.524 , TWT :  10.122 , TD : 455.079 )
	violations : ( VC :       0 , VTW :   0.000 , VTD :   0.000 , VTRT :   0.000 )
	cout global : (   0.000	 )
S(i)	 (   C ,     TW0 ,       TW1 ,       VTW ,       Min ,       A ,       W ,       B ,       D ,       L ,       F ,       E ,       Det ,       [Imp ,       Imp]	)
   0 	 (   0 ,    0.000 , 1440.000 ,        0 ,    0.000 ,  835.498 ,    0.000 ,  835.498 ,  835.498 ,    0.000 ,    0.000 ,  835.498 ,    0.000 ,        0 , 	)
  25 	 (   3 ,  751.000 ,  881.595 ,        0 ,   18.438 ,  853.935 ,    0.000 ,  853.935 ,  856.935 ,    0.000 ,    0.000 ,  102.935 ,    4.921 ,        1 , 	)
  54 	 (   5 ,  720.000 ,  960.000 ,        0 ,  764.747 ,  867.682 ,    0.000 ,  867.682 ,  869.682 ,    0.000 ,    0.000 ,  102.935 ,    1.656 ,        2 , 	)
  56 	 (   6 ,  810.000 ,  941.960 ,        0 ,  792.300 ,  895.235 ,    0.000 ,  895.235 ,  896.235 ,    0.000 ,    0.000 ,   85.235 ,    5.265 ,        3 , 	)
  13 	 (   7 ,  720.000 ,  960.000 ,        0 ,  816.668 ,  901.903 ,    0.000 ,  901.903 ,  902.903 ,    0.000 ,    0.000 ,   85.235 ,   -0.717 ,        4 , 	)
  81 	 (   4 ,  867.000 ,  927.000 ,        0 ,  841.765 ,  927.000 ,    0.000 ,  927.000 ,  930.000 ,   70.065 ,    0.000 ,   60.000 ,    0.000 ,        5 , 	)
  35 	 (   5 ,  780.000 ,  960.000 ,        0 ,  870.000 ,  930.000 ,    6.678 ,  936.678 ,  937.678 ,    0.000 ,    0.000 ,   66.678 ,    0.000 ,        6 , 	)
  69 	 (   4 ,  794.000 , 1034.000 ,        0 ,  892.322 ,  959.000 ,    0.000 ,  959.000 ,  960.000 ,   56.097 ,    0.000 ,   66.678 ,    0.000 ,        7 , 	)
   4 	 (   5 ,  720.000 ,  960.000 ,        0 ,  893.322 ,  960.000 ,    0.000 ,  960.000 ,  961.000 ,    0.000 ,    0.000 ,   66.678 ,    0.000 ,        8 , 	)
 112 	 (   4 ,  926.000 ,  986.000 ,        0 ,  894.322 ,  961.000 ,    0.000 ,  961.000 ,  962.000 ,   64.765 ,    9.094 ,   35.000 ,    0.000 ,        9 , 	)
 110 	 (   2 ,  846.000 , 1026.000 ,        0 ,  938.560 ,  973.560 ,    0.000 ,  973.560 ,  975.560 ,  103.878 ,    9.094 ,   35.000 ,    1.837 ,       10 , 	)
  20 	 (   3 ,  960.000 , 1200.000 ,        0 ,  945.953 ,  980.953 ,    3.444 ,  984.397 ,  985.397 ,    0.000 ,    5.650 ,   24.397 ,    1.018 ,       11 , 	)
  60 	 (   2 ,  799.000 , 1039.000 ,        0 ,  986.603 , 1011.000 ,    0.000 , 1011.000 , 1012.000 ,   50.000 ,    5.650 ,   24.397 ,    0.000 ,       12 , 	)
  76 	 (   1 , 1012.000 , 1252.000 ,        0 ,  987.603 , 1012.000 ,    0.000 , 1012.000 , 1013.000 ,   26.603 ,    5.650 ,    0.000 ,    0.000 ,       13 , 	)
  91 	 (   0 ,  847.000 , 1027.000 ,        0 , 1021.350 , 1021.350 ,    0.000 , 1021.350 , 1022.350 ,   83.671 ,    5.650 ,    0.000 ,    1.667 ,       14 , 	)
 113 	 (   0 ,    0.000 , 1440.000 ,        0 , 1029.022 , 1029.022 ,    0.000 , 1029.022 , 1029.022 ,    0.000 ,  410.978 ,   -0.000 ,    0.000 ,       15 , 	)
