dep93 0 0 60
**************************************DATA
3 40 480 8 1.33
**************************************DISTANCE
       0    13093    12770    26595    12770     4680    26036    14259    26036    13093     8851    26036    12770    13954    26595    11288     7887     8851    12770    13954    20460    20460    20460    20460    20460    10387     7498    13093    20460    20460    20460    20460    20460    20460    20460     8851     7550    20460    20460    20460     4837 
   13093        0     6489    21067     6489    18443    20508    20107    20508        0     5344    20508     6489     2319    21067    20119    18688     5344     6489     2319    34592    34592    34592    34592    34592    11118     5869        0    34592    34592    34592    34592    34592    34592    34592     5344     9562    34592    34592    34592     9836 
   12770     6489        0    22760        0    18124    22201    27522    22201     6489     5180    22201        0     4089    22760    22040    19377     5180        0     4089    32176    32176    32176    32176    32176    12847     9130     6489    32176    32176    32176    32176    32176    32176    32176     5180    10894    32176    32176    32176    15565 
   26595    21067    22760        0    22760    21457     3530    13881     3530    21067    19613     3530    22760    18747        0     8209    22127    19613    22760    18747    30174    30174    30174    30174    30174    10611    15867    21067    30174    30174    30174    30174    30174    30174    30174    19613    14023    30174    30174    30174    18414 
   12770     6489        0    22760        0    18124    22201    27522    22201     6489     5180    22201        0     4089    22760    22040    19377     5180        0     4089    32176    32176    32176    32176    32176    12847     9130     6489    32176    32176    32176    32176    32176    32176    32176     5180    10894    32176    32176    32176    15565 
    4680    18443    18124    21457    18124        0    20898    11651    20898    18443    11315    20898    18124    16418    21457     9788     2906    11315    18124    16418    15091    15091    15091    15091    15091    13079     9300    18443    15091    15091    15091    15091    15091    15091    15091    11315     8512    15091    15091    15091     3275 
   26036    20508    22201     3530    22201    20898        0    15179        0    20508    19053        0    22201    22191     3530     9507    21567    19053    22201    22191    30950    30950    30950    30950    30950    12355    15307    20508    30950    30950    30950    30950    30950    30950    30950    19053    13463    30950    30950    30950    17854 
   14259    20107    27522    13881    27522    11651    15179        0    15179    20107    18298    15179    27522    20967    13881     5112    13625    18298    27522    20967    10391    10391    10391    10391    10391    12629    15145    20107    10391    10391    10391    10391    10391    10391    10391    18298    13634    10391    10391    10391    11556 
   26036    20508    22201     3530    22201    20898        0    15179        0    20508    19053        0    22201    22191     3530     9507    21567    19053    22201    22191    30950    30950    30950    30950    30950    12355    15307    20508    30950    30950    30950    30950    30950    30950    30950    19053    13463    30950    30950    30950    17854 
   13093        0     6489    21067     6489    18443    20508    20107    20508        0     5344    20508     6489     2319    21067    20119    18688     5344     6489     2319    34592    34592    34592    34592    34592    11118     5869        0    34592    34592    34592    34592    34592    34592    34592     5344     9562    34592    34592    34592     9836 
    8851     5344     5180    19613     5180    11315    19053    18298    19053     5344        0    19053     5180     4987    19613    16106    14445        0     5180     4987    30350    30350    30350    30350    30350    10046     4024     5344    30350    30350    30350    30350    30350    30350    30350        0     6789    30350    30350    30350     8833 
   26036    20508    22201     3530    22201    20898        0    15179        0    20508    19053        0    22201    22191     3530     9507    21567    19053    22201    22191    30950    30950    30950    30950    30950    12355    15307    20508    30950    30950    30950    30950    30950    30950    30950    19053    13463    30950    30950    30950    17854 
   12770     6489        0    22760        0    18124    22201    27522    22201     6489     5180    22201        0     4089    22760    22040    19377     5180        0     4089    32176    32176    32176    32176    32176    12847     9130     6489    32176    32176    32176    32176    32176    32176    32176     5180    10894    32176    32176    32176    15565 
   13954     2319     4089    18747     4089    16418    22191    20967    22191     2319     4987    22191     4089        0    18747    20979    19548     4987     4089        0    35452    35452    35452    35452    35452    11978     6729     2319    35452    35452    35452    35452    35452    35452    35452     4987    10423    35452    35452    35452    10696 
   26595    21067    22760        0    22760    21457     3530    13881     3530    21067    19613     3530    22760    18747        0     8209    22127    19613    22760    18747    30174    30174    30174    30174    30174    10611    15867    21067    30174    30174    30174    30174    30174    30174    30174    19613    14023    30174    30174    30174    18414 
   11288    20119    22040     8209    22040     9788     9507     5112     9507    20119    16106     9507    22040    20979     8209        0    12378    16106    22040    20979    12548    12548    12548    12548    12548     8608    12175    20119    12548    12548    12548    12548    12548    12548    12548    16106    10664    12548    12548    12548     8586 
    7887    18688    19377    22127    19377     2906    21567    13625    21567    18688    14445    21567    19377    19548    22127    12378        0    14445    19377    19548    15617    15617    15617    15617    15617    13976    14316    18688    15617    15617    15617    15617    15617    15617    15617    14445    13527    15617    15617    15617     6116 
    8851     5344     5180    19613     5180    11315    19053    18298    19053     5344        0    19053     5180     4987    19613    16106    14445        0     5180     4987    30350    30350    30350    30350    30350    10046     4024     5344    30350    30350    30350    30350    30350    30350    30350        0     6789    30350    30350    30350     8833 
   12770     6489        0    22760        0    18124    22201    27522    22201     6489     5180    22201        0     4089    22760    22040    19377     5180        0     4089    32176    32176    32176    32176    32176    12847     9130     6489    32176    32176    32176    32176    32176    32176    32176     5180    10894    32176    32176    32176    15565 
   13954     2319     4089    18747     4089    16418    22191    20967    22191     2319     4987    22191     4089        0    18747    20979    19548     4987     4089        0    35452    35452    35452    35452    35452    11978     6729     2319    35452    35452    35452    35452    35452    35452    35452     4987    10423    35452    35452    35452    10696 
   20460    34592    32176    30174    32176    15091    30950    10391    30950    34592    30350    30950    32176    35452    30174    12548    15617    30350    32176    35452        0        0        0        0        0    21882    22222    34592        0        0        0        0        0        0        0    30350    21434        0        0        0    19290 
   20460    34592    32176    30174    32176    15091    30950    10391    30950    34592    30350    30950    32176    35452    30174    12548    15617    30350    32176    35452        0        0        0        0        0    21882    22222    34592        0        0        0        0        0        0        0    30350    21434        0        0        0    19290 
   20460    34592    32176    30174    32176    15091    30950    10391    30950    34592    30350    30950    32176    35452    30174    12548    15617    30350    32176    35452        0        0        0        0        0    21882    22222    34592        0        0        0        0        0        0        0    30350    21434        0        0        0    19290 
   20460    34592    32176    30174    32176    15091    30950    10391    30950    34592    30350    30950    32176    35452    30174    12548    15617    30350    32176    35452        0        0        0        0        0    21882    22222    34592        0        0        0        0        0        0        0    30350    21434        0        0        0    19290 
   20460    34592    32176    30174    32176    15091    30950    10391    30950    34592    30350    30950    32176    35452    30174    12548    15617    30350    32176    35452        0        0        0        0        0    21882    22222    34592        0        0        0        0        0        0        0    30350    21434        0        0        0    19290 
   10387    11118    12847    10611    12847    13079    12355    12629    12355    11118    10046    12355    12847    11978    10611     8608    13976    10046    12847    11978    21882    21882    21882    21882    21882        0     5180    11118    21882    21882    21882    21882    21882    21882    21882    10046     2833    21882    21882    21882     5223 
    7498     5869     9130    15867     9130     9300    15307    15145    15307     5869     4024    15307     9130     6729    15867    12175    14316     4024     9130     6729    22222    22222    22222    22222    22222     5180        0     5869    22222    22222    22222    22222    22222    22222    22222     4024     2735    22222    22222    22222     5090 
   13093        0     6489    21067     6489    18443    20508    20107    20508        0     5344    20508     6489     2319    21067    20119    18688     5344     6489     2319    34592    34592    34592    34592    34592    11118     5869        0    34592    34592    34592    34592    34592    34592    34592     5344     9562    34592    34592    34592     9836 
   20460    34592    32176    30174    32176    15091    30950    10391    30950    34592    30350    30950    32176    35452    30174    12548    15617    30350    32176    35452        0        0        0        0        0    21882    22222    34592        0        0        0        0        0        0        0    30350    21434        0        0        0    19290 
   20460    34592    32176    30174    32176    15091    30950    10391    30950    34592    30350    30950    32176    35452    30174    12548    15617    30350    32176    35452        0        0        0        0        0    21882    22222    34592        0        0        0        0        0        0        0    30350    21434        0        0        0    19290 
   20460    34592    32176    30174    32176    15091    30950    10391    30950    34592    30350    30950    32176    35452    30174    12548    15617    30350    32176    35452        0        0        0        0        0    21882    22222    34592        0        0        0        0        0        0        0    30350    21434        0        0        0    19290 
   20460    34592    32176    30174    32176    15091    30950    10391    30950    34592    30350    30950    32176    35452    30174    12548    15617    30350    32176    35452        0        0        0        0        0    21882    22222    34592        0        0        0        0        0        0        0    30350    21434        0        0        0    19290 
   20460    34592    32176    30174    32176    15091    30950    10391    30950    34592    30350    30950    32176    35452    30174    12548    15617    30350    32176    35452        0        0        0        0        0    21882    22222    34592        0        0        0        0        0        0        0    30350    21434        0        0        0    19290 
   20460    34592    32176    30174    32176    15091    30950    10391    30950    34592    30350    30950    32176    35452    30174    12548    15617    30350    32176    35452        0        0        0        0        0    21882    22222    34592        0        0        0        0        0        0        0    30350    21434        0        0        0    19290 
   20460    34592    32176    30174    32176    15091    30950    10391    30950    34592    30350    30950    32176    35452    30174    12548    15617    30350    32176    35452        0        0        0        0        0    21882    22222    34592        0        0        0        0        0        0        0    30350    21434        0        0        0    19290 
    8851     5344     5180    19613     5180    11315    19053    18298    19053     5344        0    19053     5180     4987    19613    16106    14445        0     5180     4987    30350    30350    30350    30350    30350    10046     4024     5344    30350    30350    30350    30350    30350    30350    30350        0     6789    30350    30350    30350     8833 
    7550     9562    10894    14023    10894     8512    13463    13634    13463     9562     6789    13463    10894    10423    14023    10664    13527     6789    10894    10423    21434    21434    21434    21434    21434     2833     2735     9562    21434    21434    21434    21434    21434    21434    21434     6789        0    21434    21434    21434     4805 
   20460    34592    32176    30174    32176    15091    30950    10391    30950    34592    30350    30950    32176    35452    30174    12548    15617    30350    32176    35452        0        0        0        0        0    21882    22222    34592        0        0        0        0        0        0        0    30350    21434        0        0        0    19290 
   20460    34592    32176    30174    32176    15091    30950    10391    30950    34592    30350    30950    32176    35452    30174    12548    15617    30350    32176    35452        0        0        0        0        0    21882    22222    34592        0        0        0        0        0        0        0    30350    21434        0        0        0    19290 
   20460    34592    32176    30174    32176    15091    30950    10391    30950    34592    30350    30950    32176    35452    30174    12548    15617    30350    32176    35452        0        0        0        0        0    21882    22222    34592        0        0        0        0        0        0        0    30350    21434        0        0        0    19290 
    4837     9836    15565    18414    15565     3275    17854    11556    17854     9836     8833    17854    15565    10696    18414     8586     6116     8833    15565    10696    19290    19290    19290    19290    19290     5223     5090     9836    19290    19290    19290    19290    19290    19290    19290     8833     4805    19290    19290    19290        0 
**************************************TimeWindows
  0 0  0     0  1440 480
  1 3 3   720   960 139
  2 4 4   720   960 65
  3 1 1  1140  1200 61
  4 2 2   240   480 65
  5 2 2   240   480 40
  6 1 1   540   720 31
  7 1 1   720   900 81
  8 1 1   240   480 62
  9 1 1   240   480 70
 10 4 4   240   480 92
 11 1 1   480   720 62
 12 4 4   840   960 65
 13 1 1   960  1200 71
 14 2 2   240   480 61
 15 1 1   960  1200 33
 16 1 1   480   720 28
 17 3 3   240   420 122
 18 1 1   720   960 129
 19 3 3   780   900 71
 20 1 1   900   960 39
 21 3 -3   809  1049 139
 22 4 -4   772  1012 65
 23 1 -1  1096  1336 61
 24 2 -2   320   500 65
 25 2 -2   268   508 40
 26 1 -1   563   743 31
 27 1 -1   801   921 81
 28 1 -1   286   526 62
 29 1 -1   292   532 70
 30 4 -4   394   454 92
 31 1 -1   526   766 62
 32 4 -4   832  1072 65
 33 1 -1  1013  1253 71
 34 2 -2   287   527 61
 35 1 -1   985  1225 33
 36 1 -1   501   741 28
 37 3 -3   288   528 122
 38 1 -1   831  1011 129
 39 3 -3   775  1015 71
 40 1 -1   839  1079 39
