dep70 0 0 60
**************************************DATA
6 78 480 8 1.33
**************************************DISTANCE
       0    34232    55940    33680    18855    96118     8131    51885    83355    27661    43010    21282    35734    18459    16147    13623    97338    33680    19114    53360    26141    18459    97338    30375    17464     9745    34819    36081    39304    48415    33680    39304    40453    42526    90868    34819    97338    52404    49138    40981    16147    74806    55940    87227    90868    53360    71398    40810    17464    33680    43010    94863    45339    40981    34232    71398    17464    45598    18459    35734    36955    20800    13623    33680    46002    39228    52404     8131    97766    16147    56228    46411    18459    40810    40453    39228    19895    18855    19114 
   34232        0    34795    34564    35358    62780    28524    60172    50017    42063    61275    29938    27903    39969    50694    37680    63177    34564    41836    22657    34716    39969    63177    28812    32323    38960    43400    23604    47591    49220    34564    47591     6304    50403    56829    43400    63177    60691    57661    39833    50694    40942    34795    53785    56829    22657    41558     6100    32323    34564    61275    60786    53626    39833        0    41558    32323    53885    39969    27903     5015    13528    37680    34564    12392     7433    60691    28524    64428    50694    22762    44365    39969     6100     6304     7433    23009    35358    41836 
   55940    34795        0    68726    69356    53706    45594    94334    40943    76061    95274    63974    21834    73968    71435    45586    57011    68726    47454    56818    68834    73968    57011    62425    40784    46712    77512    17710    81753    83382    68726    81753    38997    26067    73461    77512    57011    94852    91822    15266    71435    58605        0    50978    73461    56818    74123    38529    40784    68726    95274    57046    87788    15266    34795    74123    40784    88046    73968    21834    39333    47330    45586    68726    26629    39527    94852    45594    44123    71435    36923    78707    73968    38529    38997    39527    34292    69356    47454 
   33680    34564    68726        0    18662    96722    33720    30271    83945    23411    39625    12530    58998    23274    34000    42964   114784        0    50054    16765    13242    23274   114784    10034    48436    38321    21920    60279    22285    18573        0    22285    38321    73498    91455    21920   114784    30481    27624    71645    34000    73348    68726    87559    91455    16765    57530    41142    48436        0    39625   110865    23628    71645    34564    57530    48436    23825    23274    58998    35171    26816    42964        0    46334    38539    30481    33720    98371    34000    56560    13286    23274    41142    38321    38539    45879    18662    50054 
   18855    35358    69356    18662        0    97341    26916    34826    84578     9015    28227     6634    47315     6920    17646    37684    98263    18662    43175    30891     9370     6920    98263    14179    41827    31391    11430    58165    15622    31356    18662    15622    41391    67059   105759    11430    98263    35345    32315    65042    17646    76029    69356    88346   105759    30891    73058    41935    41827    18662    28227    95873    28280    65042    35358    73058    41827    28539     6920    47315    38604    27610    37684    18662    46953    40589    35345    26916    98989    17646    57322    29190     6920    41935    41391    40589    41498        0    43175 
   96118    62780    53706    96722    97341        0    81727   145099    16090   104046   123259    91959    65938   101952   112678    84697     8001    96722    89124    84961    96818   101952     8001    90410    79584    82255   105497    57018   109749   131643    96722   109749    55348    78009    30329   105497     8001   152061   137708    67208   112678    30514    53706     6105    30329    84961    49449    52314    79584    96722   123259     8154   115819    67208    62780    49449    79584   116016   101952    65938    57868    75315    84697    96722    50592    62540   152061    81727    17680   112678    36017   106692   101952    52314    55348    62540    70389    97341    89124 
    8131    28524    45594    33720    26916    81727        0    52038    68951    29569    44918    21535    25350    25783    25970    15492    84796    33720    21966    47276    26394    25783    84796    30628    12285    10849    35072    29399    39472    48562    33720    39472    34744    38262    85160    35072    84796    52248    49391    36410    25970    69262    45594    78979    85160    47276    65689    35101    12285    33720    44918    84948    45395    36410    28524    65689    12285    45591    25783    25350    31247    15092    15492    33720    35038    33804    52248        0    83377    25970    50520    46665    25783    35101    34744    33804    12230    26916    21966 
   51885    60172    94334    30271    34826   145099    52038        0   109553    34265    31396    31365    77203    39438    50163    61169   140824    30271    68297    39472    26363    39438   140824    34408    66641    56526    24832    83287    18648    11583    30271    18648    66393    91703   117495    24832   140824     8762     4361    89850    50163   123498    94334   145444   117495    39472   103523    66749    66641    30271    31396   136904     6807    89850    60172   103523    66641    13453    39438    77203    57879    52424    61169    30271    71942    64038     8762    52038   123979    50163    82168    17778    39438    66749    66393    64038    64084    34826    68297 
   83355    50017    40943    83945    84578    16090    68951   109553        0    91283   110496    79196    53175    89190    99915    72192    19124    83945    76348    72198    84056    89190    19124    77647    66821    69493    92734    44242    96973    98602    83945    96973    45160    65246    41452    92734    19124   110072   107053    54466    99915    28611    40943    13307    41452    72198    46990    42125    66821    83945   110496    19277   103008    54466    50017    46990    66821   103266    89190    53175    47679    62552    72192    83945    37829    47295   110072    68951    20256    99915    25828    93929    89190    42125    45160    47295    57649    84578    76348 
   27661    42063    76061    23411     9015   104046    29569    34265    91283        0    27791    14492    53604     8341    17210    39281   104969    23411    41699    36616    10416     8341   104969    18902    48532    38097    10817    64870    15009    30795    23411    15009    48097    73765   111484    10817   104969    24908    31754    71747    17210    82734    76061    95051   111484    36616    79764    48641    48532    23411    27791   102578    27719    71747    42063    79764    48532    23029     8341    53604    45309    34315    39281    23411    53658    47295    24908    29569   105694    17210    64028    30556     8341    48641    48097    47295    48204     9015    41699 
   43010    61275    95274    39625    28227   123259    44918    31396   110496    27791        0    30705    70205    23690    36060    54630   124182    39625    75285    52829    26644    23690   124182    35455    57140    51088    21062    84083    15319    30118    39625    15319    67309    86756   140275    21062   124182    22642    30241    84738    36060   101947    95274   114271   140275    52829    98976    67853    57140    39625        0   121791    27043    84738    61275    98976    57140    21124    23690    70205    64522    53527    54630    39625    73045    66508    22642    44918   124907    36060    83241    36382    23690    67853    67309    66508    57481    28227    75285 
   21282    29938    63974    12530     6634    91959    21535    31365    79196    14492    30705        0    46970    11246    21785    32303    92882    12530    37793    24759     4322    11246    92882     7878    36407    26010    13001    52783    18785    27895    12530    18785    36159    61469   101180    13001    92882    31884    28854    59660    21785    70648    63974    82934   101180    24759    67639    36516    36407    12530    30705    90491    24820    59660    29938    67639    36407    25078    11246    46970    31247    22190    32303    12530    41708    35208    31884    21535    93608    21785    51934    24921    11246    36516    36159    35208    36117     6634    37793 
   35734    27903    21834    58998    47315    65938    25350    77203    53175    53604    70205    46970        0    51057    51230    25381    69243    58998    27249    50278    51747    51057    69243    55533    20512    26507    60431     8927    64623    73733    58998    64623    31858    21908    82382    60431    69243    77722    74692    16410    51230    66496    21834    63196    82382    50278    67232    27176    20512    58998    70205    69278    70658    16410    27903    67232    20512    70916    51057        0    32636    32092    25381    58998    23936    32986    77722    25350    61860    51230    42693    71815    51057    27176    31858    32986    16521    47315    27249 
   18459    39969    73968    23274     6920   101952    25783    39438    89190     8341    23690    11246    51057        0    13082    30265   102875    23274    34646    35503    14458        0   102875    18790    34109    25597    13221    62777    17418    35968    23274    17418    46189    59170   110371    13221   102875    27318    36926    57623    13082    80641    73968    92964   110371    35503    77669    46546    34109    23274    23690   100484    32892    57623    39969    77669    34109    25438        0    51057    41278    35629    30265    23274    51739    45201    27318    25783   103601    13082    61965    33801        0    46546    46189    45201    38346     6920    34646 
   16147    50694    71435    34000    17646   112678    25970    50163    99915    17210    36060    21785    51230    13082        0    27903   113800    34000    30321    46228    23326    13082   113800    29515    32959    26453    22089    51712    26287    46693    34000    26287    56915    58021   122817    22089   113800    36186    47253    56612        0    91366    71435   103690   122817    46228    88395    57272    32959    34000    36060   111325    43618    56612    50694    88395    32959    34307    13082    51230    52003    36296    27903    34000    62464    55927    36186    25970   114326        0    72690    44526    13082    57272    56915    55927    35526    17646    30321 
   13623    37680    45586    42964    37684    84697    15492    61169    72192    39281    54630    32303    25381    30265    27903        0    88036    42964     5871    64006    37162    30265    88036    41396     7110     4890    45840    33086    48588    57699    42964    48588    43574    32172    93816    45840    88036    61688    60159    30320    27903    77409    45586    82219    93816    64006    75679    40518     7110    42964    54630    88189    56163    30320    37680    75679     7110    54882    30265    25381    41541    31822        0    42964    38279    43793    61688    15492    85568    27903    55936    57432    30265    40518    43574    43793    15437    37684     5871 
   97338    63177    57011   114784    98263     8001    84796   140824    19124   104969   124182    92882    69243   102875   113800    88036        0   114784    92192    81222    97741   102875        0    91333    82889    85305   106420    60086   110698   127367   114784   110698    59038    81314    26160   106420        0   147786   133538    70310   113800    27878    57011     8505    26160    81222    46841    60257    82889   114784   124182     3920   137464    70310    63177    46841    82889   116991   102875    69243    62081    76238    88036   114784    53897    60050   147786    84796    25303   113800    39322   124890   102875    60257    59038    60050    73493    98263    92192 
   33680    34564    68726        0    18662    96722    33720    30271    83945    23411    39625    12530    58998    23274    34000    42964   114784        0    50054    16765    13242    23274   114784    10034    48436    38321    21920    60279    22285    18573        0    22285    38321    73498    91455    21920   114784    30481    27624    71645    34000    73348    68726    87559    91455    16765    57530    41142    48436        0    39625   110865    23628    71645    34564    57530    48436    23825    23274    58998    35171    26816    42964        0    46334    38539    30481    33720    98371    34000    56560    13286    23274    41142    38321    38539    45879    18662    50054 
   19114    41836    47454    50054    43175    89124    21966    68297    76348    41699    75285    37793    27249    34646    30321     5871    92192    50054        0    64016    42653    34646    92192    46887    10879    10380    51331    34998    55731    64820    50054    55731    47730    29080    97972    51331    92192    68507    65650    32188    30321    82074    47454    86375    97972    64016    79835    44674    10879    50054    75285    92345    61653    32188    41836    79835    10879    61850    34646    27249    45698    37312     5871    50054    42435    47949    68507    21966    87522    30321    60092    62923    34646    44674    47730    47949    19627    43175        0 
   53360    22657    56818    16765    30891    84961    47276    39472    72198    36616    52829    24759    50278    35503    46228    64006    81222    16765    64016        0    26447    35503    81222    18255    54611    58001    35125    45785    46704    28835    16765    46704    23827    72699    84742    35125    81222    39991    36277    62014    46228    58872    56818    71914    84742        0    43467    29234    54611    16765    52829    78747    32926    62014    22657    43467    54611    40147    35503    50278    20678    32558    64006    16765    34427    23691    39991    47276    86609    46228    40915    23991    35503    29234    23827    23691    45189    30891    64016 
   26141    34716    68834    13242     9370    96818    26394    26363    84056    10416    26644     4322    51747    14458    23326    37162    97741    13242    42653    26447        0    14458    97741     9057    41185    30869     8930    57642    13122    22893    13242    13122    40869    66537   101315     8930    97741    26882    23851    64519    23326    75507    68834    87824   101315    26447    72416    41293    41185    13242    26644    95350    19817    64519    34716    72416    41185    20076    14458    51747    38081    26968    37162    13242    46430    40067    26882    26394    98467    23326    56800    21058    14458    41293    40869    40067    40976     9370    42653 
   18459    39969    73968    23274     6920   101952    25783    39438    89190     8341    23690    11246    51057        0    13082    30265   102875    23274    34646    35503    14458        0   102875    18790    34109    25597    13221    62777    17418    35968    23274    17418    46189    59170   110371    13221   102875    27318    36926    57623    13082    80641    73968    92964   110371    35503    77669    46546    34109    23274    23690   100484    32892    57623    39969    77669    34109    25438        0    51057    41278    35629    30265    23274    51739    45201    27318    25783   103601    13082    61965    33801        0    46546    46189    45201    38346     6920    34646 
   97338    63177    57011   114784    98263     8001    84796   140824    19124   104969   124182    92882    69243   102875   113800    88036        0   114784    92192    81222    97741   102875        0    91333    82889    85305   106420    60086   110698   127367   114784   110698    59038    81314    26160   106420        0   147786   133538    70310   113800    27878    57011     8505    26160    81222    46841    60257    82889   114784   124182     3920   137464    70310    63177    46841    82889   116991   102875    69243    62081    76238    88036   114784    53897    60050   147786    84796    25303   113800    39322   124890   102875    60257    59038    60050    73493    98263    92192 
   30375    28812    62425    10034    14179    90410    30628    34408    77647    18902    35455     7878    55533    18790    29515    41396    91333    10034    46887    18255     9057    18790    91333        0    42673    35103    17741    51234    21933    30938    10034    21933    34460    70771    93123    17741    91333    34927    31897    68753    29515    69098    62425    81415    93123    18255    69794    34975    42673    10034    35455    88942    27862    68753    28812    69794    42673    28121    18790    55533    26240    20513    41396    10034    40022    33659    34927    30628    92058    29515    50392    22163    18790    34975    34460    33659    36543    14179    46887 
   17464    32323    40784    48436    41827    79584    12285    66641    66821    48532    57140    36407    20512    34109    32959     7110    82889    48436    10879    54611    41185    34109    82889    42673        0     7625    49869    26253    54060    63171    48436    54060    37658    27535    88182    49869    82889    67160    64130    25517    32959    72296    40784    76843    88182    54611    70321    35160        0    48436    57140    82924    60095    25517    32323    70321        0    60354    34109    20512    36185    25830     7110    48436    32870    38171    67160    12285    81232    32959    50517    58709    34109    35160    37658    38171    10068    41827    10879 
    9745    38960    46712    38321    31391    82255    10849    56526    69493    38097    51088    26010    26507    25597    26453     4890    85305    38321    10380    58001    30869    25597    85305    35103     7625        0    39548    28925    43945    53056    38321    43945    45181    33298    95597    39548    85305    57045    53866    31656    26453    79447    46712    79488    95597    58001    76126    45538     7625    38321    51088    85457    49980    31656    38960    76126     7625    50239    25597    26507    41683    25529     4890    38321    35547    43869    57045    10849    83904    26453    60956    51140    25597    45538    45181    43869    12739    31391    10380 
   34819    43400    77512    21920    11430   105497    35072    24832    92734    10817    21062    13001    60431    13221    22089    45840   106420    21920    51331    35125     8930    13221   106420    17741    49869    39548        0    66321     7540    24976    21920     7540    49547    75216   109993        0   106420    17439    25030    73198    22089    84185    77512    96502   109993    35125    81100    49977    49869    21920    21062   104029    21900    73198    43400    81100    49869    15560    13221    60431    46760    35652    45840    21920    55109    48745    17439    35072   107145    22089    65478    25592    13221    49977    49547    48745    49654    11430    51331 
   36081    23604    17710    60279    58165    57018    29399    83287    44242    64870    84083    52783     8927    62777    51712    33086    60086    60279    34998    45785    57642    62777    60086    51234    26253    28925    66321        0    70721    72335    60279    70721    27806    28149    71680    66321    60086    83497    80640    17671    51712    55782    17710    54270    71680    45785    62932    22877    26253    60279    84083    60239    76643    17671    23604    62932    26253    76840    62777     8927    28142    36139    33086    60279    15005    28706    83497    29399    58668    51712    33758    67516    62777    22877    27806    28706    17059    58165    34998 
   39304    47591    81753    22285    15622   109749    39472    18648    96973    15009    15319    18785    64623    17418    26287    48588   110698    22285    55731    46704    13122    17418   110698    21933    54060    43945     7540    70721        0    18816    22285        0    53812    79122   131680     7540   110698    11256    18638    77270    26287    88585    81753   100587   131680    46704   117709    54169    54060    22285    15319   108223    15649    77270    47591   117709    54060     9738    17418    64623    48900    39843    48588    22285    59361    51457    11256    39472   111399    26287    69587    25010    17418    54169    53812    51457    51503    15622    55731 
   48415    49220    83382    18573    31356   131643    48562    11583    98602    30795    30118    27895    73733    35968    46693    57699   127367    18573    64820    28835    22893    35968   127367    30938    63171    53056    24976    72335    18816        0    18573    18816    50391    88233   104038    24976   127367    12102     9161    86380    46693    85422    83382    98477   104038    28835    90067    55798    63171    18573    30118   123448     5165    86380    49220    90067    63171    12175    35968    73733    47241    48954    57699    18573    60990    50609    12102    48562   113028    46693    67478     7140    35968    55798    50391    50609    60614    31356    64820 
   33680    34564    68726        0    18662    96722    33720    30271    83945    23411    39625    12530    58998    23274    34000    42964   114784        0    50054    16765    13242    23274   114784    10034    48436    38321    21920    60279    22285    18573        0    22285    38321    73498    91455    21920   114784    30481    27624    71645    34000    73348    68726    87559    91455    16765    57530    41142    48436        0    39625   110865    23628    71645    34564    57530    48436    23825    23274    58998    35171    26816    42964        0    46334    38539    30481    33720    98371    34000    56560    13286    23274    41142    38321    38539    45879    18662    50054 
   39304    47591    81753    22285    15622   109749    39472    18648    96973    15009    15319    18785    64623    17418    26287    48588   110698    22285    55731    46704    13122    17418   110698    21933    54060    43945     7540    70721        0    18816    22285        0    53812    79122   131680     7540   110698    11256    18638    77270    26287    88585    81753   100587   131680    46704   117709    54169    54060    22285    15319   108223    15649    77270    47591   117709    54060     9738    17418    64623    48900    39843    48588    22285    59361    51457    11256    39472   111399    26287    69587    25010    17418    54169    53812    51457    51503    15622    55731 
   40453     6304    38997    38321    41391    55348    34744    66393    45160    48097    67309    36159    31858    46189    56915    43574    59038    38321    47730    23827    40869    46189    59038    34460    37658    45181    49547    27806    53812    50391    38321    53812        0    54278    52690    49547    59038    66911    63881    44035    56915    36804    38997    50109    52690    23827    37545     3905    37658    38321    67309    56647    59847    44035     6304    37545    37658    60106    46189    31858     4813    19366    43574    38321    16007     3299    66911    34744    64642    56915    19331    45965    46189     3905        0     3299    28903    41391    47730 
   42526    50403    26067    73498    67059    78009    38262    91703    65246    73765    86756    61469    21908    59170    58021    32172    81314    73498    29080    72699    66537    59170    81314    70771    27535    33298    75216    28149    79122    88233    73498    79122    54278        0    97718    75216    81314    92222    89191    10801    58021    82907    26067    75278    97718    72699    89731    49676    27535    73498    86756    81348    85157    10801    50403    89731    27535    85416    59170    21908    55057    44659    32172    73498    44568    55407    92222    38262    66106    58021    61181    86808    59170    49676    54278    55407    28775    67059    29080 
   90868    56829    73461    91455   105759    30329    85160   117495    41452   111484   140275   101180    82382   110371   122817    93816    26160    91455    97972    84742   101315   110371    26160    93123    88182    95597   109993    71680   131680   104038    91455   131680    52690    97718        0   109993    26160   124457   110388    86977   122817    21408    73461    30865        0    84742    24443    53909    88182    91455   140275    22175   114134    86977    56829    24443    88182   128861   110371    82382    55733    69890    93816    91455    56573    53580   124457    85160    47631   122817    40150    99630   110371    53909    52690    53580    79145   105759    97972 
   34819    43400    77512    21920    11430   105497    35072    24832    92734    10817    21062    13001    60431    13221    22089    45840   106420    21920    51331    35125     8930    13221   106420    17741    49869    39548        0    66321     7540    24976    21920     7540    49547    75216   109993        0   106420    17439    25030    73198    22089    84185    77512    96502   109993    35125    81100    49977    49869    21920    21062   104029    21900    73198    43400    81100    49869    15560    13221    60431    46760    35652    45840    21920    55109    48745    17439    35072   107145    22089    65478    25592    13221    49977    49547    48745    49654    11430    51331 
   97338    63177    57011   114784    98263     8001    84796   140824    19124   104969   124182    92882    69243   102875   113800    88036        0   114784    92192    81222    97741   102875        0    91333    82889    85305   106420    60086   110698   127367   114784   110698    59038    81314    26160   106420        0   147786   133538    70310   113800    27878    57011     8505    26160    81222    46841    60257    82889   114784   124182     3920   137464    70310    63177    46841    82889   116991   102875    69243    62081    76238    88036   114784    53897    60050   147786    84796    25303   113800    39322   124890   102875    60257    59038    60050    73493    98263    92192 
   52404    60691    94852    30481    35345   152061    52248     8762   110072    24908    22642    31884    77722    27318    36186    61688   147786    30481    68507    39991    26882    27318   147786    34927    67160    57045    17439    83497    11256    12102    30481    11256    66911    92222   124457    17439   147786        0    10521    90369    36186   101361    94852   113686   124457    39991   110485    67268    67160    30481    22642   143866     8935    90369    60691   110485    67160     7430    27318    77722    58398    52943    61688    30481    72461    64557        0    52248   124498    36186    82687    18296    27318    67268    66911    64557    64603    35345    68507 
   49138    57661    91822    27624    32315   137708    49391     4361   107053    31754    30241    28854    74692    36926    47253    60159   133538    27624    65650    36277    23851    36926   133538    31897    64130    53866    25030    80640    18638     9161    27624    18638    63881    89191   110388    25030   133538    10521        0    87517    47253   116437    91822   138337   110388    36277    96417    64238    64130    27624    30241   129554     4376    87517    57661    96417    64130    12081    36926    74692    54688    49913    60159    27624    69431    63064    10521    49391   121464    47253    79657    14587    36926    64238    63881    63064    63973    32315    65650 
   40981    39833    15266    71645    65042    67208    36410    89850    54466    71747    84738    59660    16410    57623    56612    30320    70310    71645    32188    62014    64519    57623    70310    68753    25517    31656    73198    17671    77270    86380    71645    77270    44035    10801    86977    73198    70310    90369    87517        0    56612    72106    15266    64494    86977    62014    79161    39106    25517    71645    84738    70463    83520        0    39833    79161    25517    83563    57623    16410    44371    42642    30320    71645    35552    44934    90369    36410    55305    56612    50439    83745    57623    39106    44035    44934    26922    65042    32188 
   16147    50694    71435    34000    17646   112678    25970    50163    99915    17210    36060    21785    51230    13082        0    27903   113800    34000    30321    46228    23326    13082   113800    29515    32959    26453    22089    51712    26287    46693    34000    26287    56915    58021   122817    22089   113800    36186    47253    56612        0    91366    71435   103690   122817    46228    88395    57272    32959    34000    36060   111325    43618    56612    50694    88395    32959    34307    13082    51230    52003    36296    27903    34000    62464    55927    36186    25970   114326        0    72690    44526    13082    57272    56915    55927    35526    17646    30321 
   74806    40942    58605    73348    76029    30514    69262   123498    28611    82734   101947    70648    66496    80641    91366    77409    27878    73348    82074    58872    75507    80641    27878    69098    72296    79447    84185    55782    88585    85422    73348    88585    36804    82907    21408    84185    27878   101361   116437    72106    91366        0    58605    31525    21408    58872    28842    38023    72296    73348   101947    25403    94508    72106    40942    28842    72296    94704    80641    66496    39847    54004    77409    73348    40687    37698   101361    69262    47751    91366    24264    80603    80641    38023    36804    37698    63028    76029    82074 
   55940    34795        0    68726    69356    53706    45594    94334    40943    76061    95274    63974    21834    73968    71435    45586    57011    68726    47454    56818    68834    73968    57011    62425    40784    46712    77512    17710    81753    83382    68726    81753    38997    26067    73461    77512    57011    94852    91822    15266    71435    58605        0    50978    73461    56818    74123    38529    40784    68726    95274    57046    87788    15266    34795    74123    40784    88046    73968    21834    39333    47330    45586    68726    26629    39527    94852    45594    44123    71435    36923    78707    73968    38529    38997    39527    34292    69356    47454 
   87227    53785    50978    87559    88346     6105    78979   145444    13307    95051   114271    82934    63196    92964   103690    82219     8505    87559    86375    71914    87824    92964     8505    81415    76843    79488    96502    54270   100587    98477    87559   100587    50109    75278    30865    96502     8505   113686   138337    64494   103690    31525    50978        0    30865    71914    49951    47320    76843    87559   114271     8540   106622    64494    53785    49951    76843   106880    92964    63196    52899    66321    82219    87559    47842    58898   113686    78979    22812   103690    30999    93630    92964    47320    50109    58898    67676    88346    86375 
   90868    56829    73461    91455   105759    30329    85160   117495    41452   111484   140275   101180    82382   110371   122817    93816    26160    91455    97972    84742   101315   110371    26160    93123    88182    95597   109993    71680   131680   104038    91455   131680    52690    97718        0   109993    26160   124457   110388    86977   122817    21408    73461    30865        0    84742    24443    53909    88182    91455   140275    22175   114134    86977    56829    24443    88182   128861   110371    82382    55733    69890    93816    91455    56573    53580   124457    85160    47631   122817    40150    99630   110371    53909    52690    53580    79145   105759    97972 
   53360    22657    56818    16765    30891    84961    47276    39472    72198    36616    52829    24759    50278    35503    46228    64006    81222    16765    64016        0    26447    35503    81222    18255    54611    58001    35125    45785    46704    28835    16765    46704    23827    72699    84742    35125    81222    39991    36277    62014    46228    58872    56818    71914    84742        0    43467    29234    54611    16765    52829    78747    32926    62014    22657    43467    54611    40147    35503    50278    20678    32558    64006    16765    34427    23691    39991    47276    86609    46228    40915    23991    35503    29234    23827    23691    45189    30891    64016 
   71398    41558    74123    57530    73058    49449    65689   103523    46990    79764    98976    67639    67232    77669    88395    75679    46841    57530    79835    43467    72416    77669    46841    69794    70321    76126    81100    62932   117709    90067    57530   117709    37545    89731    24443    81100    46841   110485    96417    79161    88395    28842    74123    49951    24443    43467        0    40464    70321    57530    98976    44450   100163    79161    41558        0    70321   114890    77669    67232    36917    50693    75679    57530    51720    34060   110485    65689    66472    88395    36340    64745    77669    40464    37545    34060    61008    73058    79835 
   40810     6100    38529    41142    41935    52314    35101    66749    42125    48641    67853    36516    27176    46546    57272    40518    60257    41142    44674    29234    41293    46546    60257    34975    35160    45538    49977    22877    54169    55798    41142    54169     3905    49676    53909    49977    60257    67268    64238    39106    57272    38023    38529    47320    53909    29234    40464        0    35160    41142    67853    57867    60204    39106     6100    40464    35160    60462    46546    27176     6695    20105    40518    41142    10626     6264    67268    35101    61608    57272    16297    50943    46546        0     3905     6264    25847    41935    44674 
   17464    32323    40784    48436    41827    79584    12285    66641    66821    48532    57140    36407    20512    34109    32959     7110    82889    48436    10879    54611    41185    34109    82889    42673        0     7625    49869    26253    54060    63171    48436    54060    37658    27535    88182    49869    82889    67160    64130    25517    32959    72296    40784    76843    88182    54611    70321    35160        0    48436    57140    82924    60095    25517    32323    70321        0    60354    34109    20512    36185    25830     7110    48436    32870    38171    67160    12285    81232    32959    50517    58709    34109    35160    37658    38171    10068    41827    10879 
   33680    34564    68726        0    18662    96722    33720    30271    83945    23411    39625    12530    58998    23274    34000    42964   114784        0    50054    16765    13242    23274   114784    10034    48436    38321    21920    60279    22285    18573        0    22285    38321    73498    91455    21920   114784    30481    27624    71645    34000    73348    68726    87559    91455    16765    57530    41142    48436        0    39625   110865    23628    71645    34564    57530    48436    23825    23274    58998    35171    26816    42964        0    46334    38539    30481    33720    98371    34000    56560    13286    23274    41142    38321    38539    45879    18662    50054 
   43010    61275    95274    39625    28227   123259    44918    31396   110496    27791        0    30705    70205    23690    36060    54630   124182    39625    75285    52829    26644    23690   124182    35455    57140    51088    21062    84083    15319    30118    39625    15319    67309    86756   140275    21062   124182    22642    30241    84738    36060   101947    95274   114271   140275    52829    98976    67853    57140    39625        0   121791    27043    84738    61275    98976    57140    21124    23690    70205    64522    53527    54630    39625    73045    66508    22642    44918   124907    36060    83241    36382    23690    67853    67309    66508    57481    28227    75285 
   94863    60786    57046   110865    95873     8154    84948   136904    19277   102578   121791    90491    69278   100484   111325    88189     3920   110865    92345    78747    95350   100484     3920    88942    82924    85457   104029    60239   108223   123448   110865   108223    56647    81348    22175   104029     3920   143866   129554    70463   111325    25403    57046     8540    22175    78747    44450    57867    82924   110865   121791        0   133544    70463    60786    44450    82924   148271   100484    69278    59691    73847    88189   110865    53931    57575   143866    84948    25456   111325    38624   120905   100484    57867    56647    57575    73646    95873    92345 
   45339    53626    87788    23628    28280   115819    45395     6807   103008    27719    27043    24820    70658    32892    43618    56163   137464    23628    61653    32926    19817    32892   137464    27862    60095    49980    21900    76643    15649     5165    23628    15649    59847    85157   114134    21900   137464     8935     4376    83520    43618    94508    87788   106622   114134    32926   100163    60204    60095    23628    27043   133544        0    83520    53626   100163    60095     9092    32892    70658    51333    45878    56163    23628    65396    57492     8935    45395   117468    43618    75622    11232    32892    60204    59847    57492    59977    28280    61653 
   40981    39833    15266    71645    65042    67208    36410    89850    54466    71747    84738    59660    16410    57623    56612    30320    70310    71645    32188    62014    64519    57623    70310    68753    25517    31656    73198    17671    77270    86380    71645    77270    44035    10801    86977    73198    70310    90369    87517        0    56612    72106    15266    64494    86977    62014    79161    39106    25517    71645    84738    70463    83520        0    39833    79161    25517    83563    57623    16410    44371    42642    30320    71645    35552    44934    90369    36410    55305    56612    50439    83745    57623    39106    44035    44934    26922    65042    32188 
   34232        0    34795    34564    35358    62780    28524    60172    50017    42063    61275    29938    27903    39969    50694    37680    63177    34564    41836    22657    34716    39969    63177    28812    32323    38960    43400    23604    47591    49220    34564    47591     6304    50403    56829    43400    63177    60691    57661    39833    50694    40942    34795    53785    56829    22657    41558     6100    32323    34564    61275    60786    53626    39833        0    41558    32323    53885    39969    27903     5015    13528    37680    34564    12392     7433    60691    28524    64428    50694    22762    44365    39969     6100     6304     7433    23009    35358    41836 
   71398    41558    74123    57530    73058    49449    65689   103523    46990    79764    98976    67639    67232    77669    88395    75679    46841    57530    79835    43467    72416    77669    46841    69794    70321    76126    81100    62932   117709    90067    57530   117709    37545    89731    24443    81100    46841   110485    96417    79161    88395    28842    74123    49951    24443    43467        0    40464    70321    57530    98976    44450   100163    79161    41558        0    70321   114890    77669    67232    36917    50693    75679    57530    51720    34060   110485    65689    66472    88395    36340    64745    77669    40464    37545    34060    61008    73058    79835 
   17464    32323    40784    48436    41827    79584    12285    66641    66821    48532    57140    36407    20512    34109    32959     7110    82889    48436    10879    54611    41185    34109    82889    42673        0     7625    49869    26253    54060    63171    48436    54060    37658    27535    88182    49869    82889    67160    64130    25517    32959    72296    40784    76843    88182    54611    70321    35160        0    48436    57140    82924    60095    25517    32323    70321        0    60354    34109    20512    36185    25830     7110    48436    32870    38171    67160    12285    81232    32959    50517    58709    34109    35160    37658    38171    10068    41827    10879 
   45598    53885    88046    23825    28539   116016    45591    13453   103266    23029    21124    25078    70916    25438    34307    54882   116991    23825    61850    40147    20076    25438   116991    28121    60354    50239    15560    76840     9738    12175    23825     9738    60106    85416   128861    15560   116991     7430    12081    83563    34307    94704    88046   106880   128861    40147   114890    60462    60354    23825    21124   148271     9092    83563    53885   114890    60354        0    25438    70916    55194    46137    54882    23825    65655    57751     7430    45591   117664    34307    75881    18453    25438    60462    60106    57751    57797    28539    61850 
   18459    39969    73968    23274     6920   101952    25783    39438    89190     8341    23690    11246    51057        0    13082    30265   102875    23274    34646    35503    14458        0   102875    18790    34109    25597    13221    62777    17418    35968    23274    17418    46189    59170   110371    13221   102875    27318    36926    57623    13082    80641    73968    92964   110371    35503    77669    46546    34109    23274    23690   100484    32892    57623    39969    77669    34109    25438        0    51057    41278    35629    30265    23274    51739    45201    27318    25783   103601    13082    61965    33801        0    46546    46189    45201    38346     6920    34646 
   35734    27903    21834    58998    47315    65938    25350    77203    53175    53604    70205    46970        0    51057    51230    25381    69243    58998    27249    50278    51747    51057    69243    55533    20512    26507    60431     8927    64623    73733    58998    64623    31858    21908    82382    60431    69243    77722    74692    16410    51230    66496    21834    63196    82382    50278    67232    27176    20512    58998    70205    69278    70658    16410    27903    67232    20512    70916    51057        0    32636    32092    25381    58998    23936    32986    77722    25350    61860    51230    42693    71815    51057    27176    31858    32986    16521    47315    27249 
   36955     5015    39333    35171    38604    57868    31247    57879    47679    45309    64522    31247    32636    41278    52003    41541    62081    35171    45698    20678    38081    41278    62081    26240    36185    41683    46760    28142    48900    47241    35171    48900     4813    55057    55733    46760    62081    58398    54688    44371    52003    39847    39333    52899    55733    20678    36917     6695    36185    35171    64522    59691    51333    44371     5015    36917    36185    55194    41278    32636        0    16275    41541    35171    16785     4666    58398    31247    68967    52003    21900    42400    41278     6695     4813     4666    26871    38604    45698 
   20800    13528    47330    26816    27610    75315    15092    52424    62552    34315    53527    22190    32092    35629    36296    31822    76238    26816    37312    32558    26968    35629    76238    20513    25830    25529    35652    36139    39843    48954    26816    39843    19366    44659    69890    35652    76238    52943    49913    42642    36296    54004    47330    66321    69890    32558    50693    20105    25830    26816    53527    73847    45878    42642    13528    50693    25830    46137    35629    32092    16275        0    31822    26816    24927    18425    52943    15092    76964    36296    35297    42888    35629    20105    19366    18425    16516    27610    37312 
   13623    37680    45586    42964    37684    84697    15492    61169    72192    39281    54630    32303    25381    30265    27903        0    88036    42964     5871    64006    37162    30265    88036    41396     7110     4890    45840    33086    48588    57699    42964    48588    43574    32172    93816    45840    88036    61688    60159    30320    27903    77409    45586    82219    93816    64006    75679    40518     7110    42964    54630    88189    56163    30320    37680    75679     7110    54882    30265    25381    41541    31822        0    42964    38279    43793    61688    15492    85568    27903    55936    57432    30265    40518    43574    43793    15437    37684     5871 
   33680    34564    68726        0    18662    96722    33720    30271    83945    23411    39625    12530    58998    23274    34000    42964   114784        0    50054    16765    13242    23274   114784    10034    48436    38321    21920    60279    22285    18573        0    22285    38321    73498    91455    21920   114784    30481    27624    71645    34000    73348    68726    87559    91455    16765    57530    41142    48436        0    39625   110865    23628    71645    34564    57530    48436    23825    23274    58998    35171    26816    42964        0    46334    38539    30481    33720    98371    34000    56560    13286    23274    41142    38321    38539    45879    18662    50054 
   46002    12392    26629    46334    46953    50592    35038    71942    37829    53658    73045    41708    23936    51739    62464    38279    53897    46334    42435    34427    46430    51739    53897    40022    32870    35547    55109    15005    59361    60990    46334    59361    16007    44568    56573    55109    53897    72461    69431    35552    62464    40687    26629    47842    56573    34427    51720    10626    32870    46334    73045    53931    65396    35552    12392    51720    32870    65655    51739    23936    16785    24927    38279    46334        0    17135    72461    35038    52240    62464    18961    56304    51739    10626    16007    17135    23736    46953    42435 
   39228     7433    39527    38539    40589    62540    33804    64038    47295    47295    66508    35208    32986    45201    55927    43793    60050    38539    47949    23691    40067    45201    60050    33659    38171    43869    48745    28706    51457    50609    38539    51457     3299    55407    53580    48745    60050    64557    63064    44934    55927    37698    39527    58898    53580    23691    34060     6264    38171    38539    66508    57575    57492    44934     7433    34060    38171    57751    45201    32986     4666    18425    43793    38539    17135        0    64557    33804    69530    55927    21469    45422    45201     6264     3299        0    29122    40589    47949 
   52404    60691    94852    30481    35345   152061    52248     8762   110072    24908    22642    31884    77722    27318    36186    61688   147786    30481    68507    39991    26882    27318   147786    34927    67160    57045    17439    83497    11256    12102    30481    11256    66911    92222   124457    17439   147786        0    10521    90369    36186   101361    94852   113686   124457    39991   110485    67268    67160    30481    22642   143866     8935    90369    60691   110485    67160     7430    27318    77722    58398    52943    61688    30481    72461    64557        0    52248   124498    36186    82687    18296    27318    67268    66911    64557    64603    35345    68507 
    8131    28524    45594    33720    26916    81727        0    52038    68951    29569    44918    21535    25350    25783    25970    15492    84796    33720    21966    47276    26394    25783    84796    30628    12285    10849    35072    29399    39472    48562    33720    39472    34744    38262    85160    35072    84796    52248    49391    36410    25970    69262    45594    78979    85160    47276    65689    35101    12285    33720    44918    84948    45395    36410    28524    65689    12285    45591    25783    25350    31247    15092    15492    33720    35038    33804    52248        0    83377    25970    50520    46665    25783    35101    34744    33804    12230    26916    21966 
   97766    64428    44123    98371    98989    17680    83377   123979    20256   105694   124907    93608    61860   103601   114326    85568    25303    98371    87522    86609    98467   103601    25303    92058    81232    83904   107145    58668   111399   113028    98371   111399    64642    66106    47631   107145    25303   124498   121464    55305   114326    47751    44123    22812    47631    86609    66472    61608    81232    98371   124907    25456   117468    55305    64428    66472    81232   117664   103601    61860    68967    76964    85568    98371    52240    69530   124498    83377        0   114326    45311   108340   103601    61608    64642    69530    72038    98989    87522 
   16147    50694    71435    34000    17646   112678    25970    50163    99915    17210    36060    21785    51230    13082        0    27903   113800    34000    30321    46228    23326    13082   113800    29515    32959    26453    22089    51712    26287    46693    34000    26287    56915    58021   122817    22089   113800    36186    47253    56612        0    91366    71435   103690   122817    46228    88395    57272    32959    34000    36060   111325    43618    56612    50694    88395    32959    34307    13082    51230    52003    36296    27903    34000    62464    55927    36186    25970   114326        0    72690    44526    13082    57272    56915    55927    35526    17646    30321 
   56228    22762    36923    56560    57322    36017    50520    82168    25828    64028    83241    51934    42693    61965    72690    55936    39322    56560    60092    40915    56800    61965    39322    50392    50517    60956    65478    33758    69587    67478    56560    69587    19331    61181    40150    65478    39322    82687    79657    50439    72690    24264    36923    30999    40150    40915    36340    16297    50517    56560    83241    38624    75622    50439    22762    36340    50517    75881    61965    42693    21900    35297    55936    56560    18961    21469    82687    50520    45311    72690        0    62607    61965    16297    19331    21469    41265    57322    60092 
   46411    44365    78707    13286    29190   106692    46665    17778    93929    30556    36382    24921    71815    33801    44526    57432   124890    13286    62923    23991    21058    33801   124890    22163    58709    51140    25592    67516    25010     7140    13286    25010    45965    86808    99630    25592   124890    18296    14587    83745    44526    80603    78707    93630    99630    23991    64745    50943    58709    13286    36382   120905    11232    83745    44365    64745    58709    18453    33801    71815    42400    42888    57432    13286    56304    45422    18296    46665   108340    44526    62607        0    33801    50943    45965    45422    61247    29190    62923 
   18459    39969    73968    23274     6920   101952    25783    39438    89190     8341    23690    11246    51057        0    13082    30265   102875    23274    34646    35503    14458        0   102875    18790    34109    25597    13221    62777    17418    35968    23274    17418    46189    59170   110371    13221   102875    27318    36926    57623    13082    80641    73968    92964   110371    35503    77669    46546    34109    23274    23690   100484    32892    57623    39969    77669    34109    25438        0    51057    41278    35629    30265    23274    51739    45201    27318    25783   103601    13082    61965    33801        0    46546    46189    45201    38346     6920    34646 
   40810     6100    38529    41142    41935    52314    35101    66749    42125    48641    67853    36516    27176    46546    57272    40518    60257    41142    44674    29234    41293    46546    60257    34975    35160    45538    49977    22877    54169    55798    41142    54169     3905    49676    53909    49977    60257    67268    64238    39106    57272    38023    38529    47320    53909    29234    40464        0    35160    41142    67853    57867    60204    39106     6100    40464    35160    60462    46546    27176     6695    20105    40518    41142    10626     6264    67268    35101    61608    57272    16297    50943    46546        0     3905     6264    25847    41935    44674 
   40453     6304    38997    38321    41391    55348    34744    66393    45160    48097    67309    36159    31858    46189    56915    43574    59038    38321    47730    23827    40869    46189    59038    34460    37658    45181    49547    27806    53812    50391    38321    53812        0    54278    52690    49547    59038    66911    63881    44035    56915    36804    38997    50109    52690    23827    37545     3905    37658    38321    67309    56647    59847    44035     6304    37545    37658    60106    46189    31858     4813    19366    43574    38321    16007     3299    66911    34744    64642    56915    19331    45965    46189     3905        0     3299    28903    41391    47730 
   39228     7433    39527    38539    40589    62540    33804    64038    47295    47295    66508    35208    32986    45201    55927    43793    60050    38539    47949    23691    40067    45201    60050    33659    38171    43869    48745    28706    51457    50609    38539    51457     3299    55407    53580    48745    60050    64557    63064    44934    55927    37698    39527    58898    53580    23691    34060     6264    38171    38539    66508    57575    57492    44934     7433    34060    38171    57751    45201    32986     4666    18425    43793    38539    17135        0    64557    33804    69530    55927    21469    45422    45201     6264     3299        0    29122    40589    47949 
   19895    23009    34292    45879    41498    70389    12230    64084    57649    48204    57481    36117    16521    38346    35526    15437    73493    45879    19627    45189    40976    38346    73493    36543    10068    12739    49654    17059    51503    60614    45879    51503    28903    28775    79145    49654    73493    64603    63973    26922    35526    63028    34292    67676    79145    45189    61008    25847    10068    45879    57481    73646    59977    26922    23009    61008    10068    57797    38346    16521    26871    16516    15437    45879    23736    29122    64603    12230    72038    35526    41265    61247    38346    25847    28903    29122        0    41498    19627 
   18855    35358    69356    18662        0    97341    26916    34826    84578     9015    28227     6634    47315     6920    17646    37684    98263    18662    43175    30891     9370     6920    98263    14179    41827    31391    11430    58165    15622    31356    18662    15622    41391    67059   105759    11430    98263    35345    32315    65042    17646    76029    69356    88346   105759    30891    73058    41935    41827    18662    28227    95873    28280    65042    35358    73058    41827    28539     6920    47315    38604    27610    37684    18662    46953    40589    35345    26916    98989    17646    57322    29190     6920    41935    41391    40589    41498        0    43175 
   19114    41836    47454    50054    43175    89124    21966    68297    76348    41699    75285    37793    27249    34646    30321     5871    92192    50054        0    64016    42653    34646    92192    46887    10879    10380    51331    34998    55731    64820    50054    55731    47730    29080    97972    51331    92192    68507    65650    32188    30321    82074    47454    86375    97972    64016    79835    44674    10879    50054    75285    92345    61653    32188    41836    79835    10879    61850    34646    27249    45698    37312     5871    50054    42435    47949    68507    21966    87522    30321    60092    62923    34646    44674    47730    47949    19627    43175        0 
**************************************TimeWindows
  0 0  0     0  1440 480
  1 1 1   480   720 102
  2 4 4   240   480 118
  3 3 3   720   960 275
  4 4 4   240   480 177
  5 4 4   240   480 61
  6 1 1   720   960 95
  7 4 4   720   960 208
  8 3 3   240   420 127
  9 2 2   240   420 98
 10 4 4   540   720 80
 11 3 3   720   960 62
 12 1 1   240   420 139
 13 4 4   300   480 66
 14 4 4   300   420 114
 15 2 2   480   720 76
 16 1 1   300   480 94
 17 2 2   720   960 97
 18 1 1   960  1200 124
 19 1 1   240   420 72
 20 1 1   240   420 104
 21 4 4   780   960 83
 22 4 4   720   960 153
 23 1 1   780   960 83
 24 3 3   720   780 97
 25 1 1   960  1200 72
 26 1 1   240   420 98
 27 2 2   240   420 334
 28 4 4   240   360 79
 29 1 1   240   360 340
 30 4 4   300   480 69
 31 1 1   720   960 140
 32 2 2   240   420 92
 33 2 2   240   420 119
 34 3 3   240   480 108
 35 3 3   480   720 100
 36 3 3   780   960 121
 37 1 1   240   420 130
 38 1 1   300   480 65
 39 4 4   720   900 65
 40 1 -1   556   796 102
 41 4 -4   331   571 118
 42 3 -3   894  1134 275
 43 4 -4   376   616 177
 44 4 -4   379   439 61
 45 1 -1   881   941 95
 46 4 -4   909  1089 208
 47 3 -3   357   477 127
 48 2 -2   284   524 98
 49 4 -4   603   783 80
 50 3 -3   768  1008 62
 51 1 -1   314   554 139
 52 4 -4   352   532 66
 53 4 -4   358   538 114
 54 2 -2   568   748 76
 55 1 -1   340   580 94
 56 2 -2   794  1034 97
 57 1 -1  1053  1293 124
 58 1 -1   264   504 72
 59 1 -1   288   528 104
 60 4 -4   845  1025 83
 61 4 -4   838  1078 153
 62 1 -1   812  1052 83
 63 3 -3   705   945 97
 64 1 -1  1014  1254 72
 65 1 -1   313   493 98
 66 2 -2   420   660 334
 67 4 -4   242   482 79
 68 1 -1   407   647 340
 69 4 -4   325   565 69
 70 1 -1   825  1065 140
 71 2 -2   310   490 92
 72 2 -2   360   480 119
 73 3 -3   323   563 108
 74 3 -3   587   767 100
 75 3 -3   873  1053 121
 76 1 -1   337   517 130
 77 1 -1   349   529 65
 78 4 -4   802   922 65
