dep1 0 0 60
**************************************DATA
7 92 480 8 1.33
**************************************DISTANCE
       0    64916   139561     1213   182080    51418    10846    33133    45115   160719    56652   109524    50400    74809    57788   102423   182080    34028    45314    47586    36636    40244    28203    42197    45115    51418     1213     1213    23625    74809    30890   168309    65647    33133    51418    43639    42197   119059    46003   119059    74061     5383   139561    57788    56922    82956    82615    72341   179440    34134   115850    74061    42795    74809     1213   115850    23741   168309    82615   182080    29169    47586   115850    64916    19844    25879    45115    19395    53736    37497   102423    65647    33133    56922    24940   182080    91994   109524    50400    30191    70451    45115   116886    82615    52499    52499    36856    82956   112963     5383    13447    45115    12907 
   64916        0   115682    64384   157086    51604    85627    89233    83748   136841     6646    85645    38593    45695    76351    78545   157086    40998    66716    25750    26818    94749    21862    27327    83748    51604    64384    64384    42635    45695    75280   144430     2057    89233    51604    63416    27327    95180    86224    95180    15765    67216   115682    76351    35949    24638    50385    61635   155562    70965    91972    15765    72621    45695    64384    91972    41446   144430    50385   157086    23227    25750    91972        0    30461    35391    83748    45708    42917    68218    78545     2057    89233    35949    97267   157086    33697    85645    38593    29747     9752    83748    74296    50385    41748    41748    32524    24638    89085    67216    39482    83748    53111 
  139561   115682        0   140773    25871    71214   131899   106681   105449    22192   116336    48925    80487    72099    98053    60457    25871    89663    88418   102746    87326   116451   110933   136249   105449    71214   140773   140773   151557    72099    96982    17731   112099   106681    71214    85117   136249    77093   107926    77093   105620   119642        0    98053    91248   101050    69506    84225    30398    91372    23982   105620    94653    72099   140773    23982   150367    17731    69506    25871    99417   102746    23982   115682   119399   144313   105449   154630    84812    89327    60457   112099   106681    91248   118969    25871   110693    48925    80487   138747   110142   105449    59968    69506    85421    85421   140906   101050    52970   119642   113715   105449   162033 
    1213    64384   140773        0   183328    52631    12059    34346    46328   161932    55439   110736    51612    76022    59001   103636   183328    35241    46527    48798    37849    41457    29416    40984    46328    52631        0        0    23395    76022    32103   169521    64434    34346    52631    44852    40984   120272    47216   120272    72848     6596   140773    59001    58135    82106    83828    75182   180653    35347   117063    72848    44008    76022        0   117063    28316   169521    83828   183328    30381    48798   117063    64384    16879    25649    46328    19164    54949    38710   103636    64434    34346    58135    26153   183328    90781   110736    51612    43404    69238    46328   118099    83828    53712    53712    35643    82106   114176     6596    14660    46328    12677 
  182080   157086    25871   183328        0   112780   173466   152502   147016     6300   158891   109124   122054   114366   139619   102024        0   131229   129984   144313   128893   158018   152499   177816   147016   112780   183328   183328   193123   114366   138549     6244   153666   152502   112780   126684   177816    70177   149493    70177   147187   161986    25871   139619   132815   143585   111073   126780     6763   134233    49000   147187   137208   114366   183328    49000   191934     6244   111073        0   141972   144313    49000   157086   161805   185880   147016   196197   126378   131486   102024   153666   152502   132815   160535        0   152259   109124   122054   180235   151709   147016   116845   111073   125209   125209   183461   143585    68845   161986   155282   147016   203600 
   51418    51604    71214    52631   112780        0    72523    33428    46074    99167    52258    41449    16423     5909    23126    28060   112780    21093    16786    38682    21522    57075    45128    72185    46074        0    52631    52631    87492     5909    30871    98860    48035    33428        0    17930    72185    50212    48550    50212    41556    46398    71214    23126    25681    36972     7289    27724   117888    25716    54298    41556    35810     5909    52631    54298    86303    98860     7289   112780    37543    38682    54298    51604    46156    80249    46074    90566    18024    23671    28060    48035    33428    25681    59593   112780    46629    41449    16423    74669    46091    46074    29479     7289    20304    20304    76828    36972    44117    46398    38965    46074    97969 
   10846    85627   131899    12059   173466    72523        0    24576    34700   150304    77362   101506    72082    66614    50322    93994   173466    35945    52019    54742    43786    31632    36022    62078    34700    72523    12059    12059    33517    66614    28278   159545    87192    24576    72523    58320    62078   108644    37396   108644    97215    15972   131899    50322    85218    95564    76145    97436   169026    33766   105436    97215    39259    66614    12059   105436    50902   159545    76145   173466    36321    54742   105436    85627    27670    42453    34700    29286    76406    37595    93994    87192    24576    85218    20615   173466   104447   101506    72082    59960    90470    34700   109176    76145    79936    79936    57567    95564   102548    15972    20597    34700    22960 
   33133    89233   106681    34346   152502    33428    24576        0     8115   127840    53915    76644    49617    45650    20471    69544   152502    19613    18395    44921    33971    19117    39406    59067     8115    33428    34346    34346    45302    45650     4893   135429    81229        0    33428    18061    59067    86179    23287    86179    74750    31292   106681    20471    60378    74601    49736    76472   146561     9632    82971    74750    10670    45650    34346    82971    47003   135429    49736   152502    37449    44921    82971    89233    31050    45947     8115    45936    53941    13532    69544    81229        0    60378     6793   152502    79822    76644    49617    50629    79271     8115    84007    49736    58972    58972    50060    74601    80083    31292    23796     8115    41668 
   45115    83748   105449    46328   147016    46074    34700     8115        0   126715    84401    75057    47991    40165    23872    67544   147016    21098    20323    69764    35457    12443    49344    97625        0    46074    46328    46328    86438    40165    13008   133096    80052     8115    46074    19383    97625    84115    13521    84115    73077    41078   105449    23872    58768    69115    49696    70986   144100    12170    81157    73077     8894    40165    46328    81157    86450   133096    49696   147016    38704    69764    81157    83748    40836    55619        0    56418    51661    15021    67544    80052     8115    58768    14875   147016    77998    75057    47991    61242    78235        0    82727    49696    53486    53486    93114    69115    77803    41078    33560        0    74605 
  160719   136841    22192   161932     6300    99167   150304   127840   126715        0   137494    68280   101753    93258   118742    81836     6300   110288   109683   122858   108592   137716   132198   158186   126715    99167   161932   161932   172822    93258   118247     7834   133365   127840    99167   105821   158186    63525   128667    63525   126886   140800    22192   118742   111862   122208    92123   105384     8205   112531    45247   126886   115812    93258   161932    45247   172868     7834    92123     6300   120576   122858    45247   136841   140558   165662   126715   175895   106077   110486    81836   133365   127840   111862   139406     6300   131091    68280   101753   159906   131328   126715    95559    92123   106580   106580   162065   122208    62193   140800   134980   126715   189133 
   56652     6646   116336    55439   158891    52258    77362    53915    84401   137494        0    86299    39246    46349    77004    79198   158891    36619    67369    25917    28971    95403    15657    19063    84401    52258    55439    55439    24704    46349    45638   145084     7184    53915    52258    64069    19063    95834    86878    95834    13138    34311   116336    77004    36603    25676    51039    61809   156216    44915    92626    13138    73541    46349    55439    92626    33181   145084    51039   158891    16786    25917    92626     6646    24027    20247    84401    37444    43571    41023    79198     7184    53915    36603    44598   158891    34351    86299    39246    17920    11487    84401    74949    51039    42402    42402    20175    25676    89738    34311    33277    84401    44847 
  109524    85645    48925   110736   109124    41449   101506    76644    75057    68280    86299        0    50095    42062    39946    11565   109124    59270    42039    72353    56934    86058    80540   105856    75057    41449   110736   110736   121164    42062    66589    65807    81706    76644    41449    54725   105856    11298    77533    11298    75228    89605    48925    39946    60855    71013    39741    54486   108069    61335    25318    75228    64616    42062   110736    25318   119974    65807    39741   109124    69380    72353    25318    85645    89363   113920    75057   124237    54419    59291    11565    81706    76644    60855    88576   109124    80300        0    50095   108710    79749    75057    45513    39741    55384    55384   110869    71013     4565    89605    83322    75057   131640 
   50400    38593    80487    51612   122054    16423    72082    49617    47991   101753    39246    50095        0    10514    40519    42582   122054    32065    30959    24610    13764    59303    37417    59938    47991    16423    51612    51612    74608    10514    39523   108134    35219    49617    16423    27598    59938    59153    50444    59153    28740    45380    80487    40519    10233    23960    13613    24059   119138    34308    56195    28740    37589    10514    51612    56195    74619   108134    13613   122054    26681    24610    56195    38593    40316    46748    47991    76926     5451    32263    42582    35219    49617    10233    61183   122054    32843    50095        0    61657    33080    47991    37555    13613     4951     4951    63817    23960    53328    45380    37144    47991    90885 
   74809    45695    72099    76022   114366     5909    66614    45650    40165    93258    46349    42062    10514        0    32768    34962   114366    18218    17455    32773    15613    51166    39219    66276    40165     5909    76022    76022    81583        0    27996   100847    42126    45650     5909    16132    66276    51597    42641    51597    35647    43523    72099    32768    18190    31063     7820    28928   111979    22841    48389    35647    29901        0    76022    48389    80394   100847     7820   114366    28469    32773    48389    45695    43281    74340    40165    84657    10533    20934    34962    42126    45650    18190    53684   114366    40720    42062    10514    68760    40169    40165    31730     7820    12798    12798    70919    31063    45502    43523    36090    40165    92060 
   57788    76351    98053    59001   139619    23126    50322    20471    23872   118742    77004    39946    40519    32768        0    34423   139619    28223     8392    62368    42582    27180    51910    96281    23872    23126    59001    59001    58634    32768    21097   125699    72131    20471    23126    13831    96281    44142    20297    44142    65652    44226    98053        0    51280    61718    40638    63590   137463    15956    73873    65652    10978    32768    59001    73873    99150   125699    40638   139619    40484    62368    73873    76351    43983    58767    23872    59268    44843    15928    34423    72131    20471    51280    36475   139619    70725    39946    40519    99415    70838    23872    74909    40638    46089    46089   105787    61718    43463    44226    37128    23872    87278 
  102423    78545    60457   103636   102024    28060    93994    69544    67544    81836    79198    11565    42582    34962    34423        0   102024    51992    29262    64562    49421    56597    73027    99890    67544    28060   103636   103636   113652    34962    59077    88104    74194    69544    28060    32512    99890    23616    49720    23616    67715    82504    60457    34423    53565    63912    27868    47385   100557    54235    30365    67715    57516    34962   103636    30365   114571    88104    27868   102024    62280    64562    30365    78545    82262   107365    67544   116725    46907    52190        0    74194    69544    53565    81110   102024    72795    11565    42582   101609    73032    67544    38001    27868    48283    48283   103769    63912    17520    82504    75810    67544   130837 
  182080   157086    25871   183328        0   112780   173466   152502   147016     6300   158891   109124   122054   114366   139619   102024        0   131229   129984   144313   128893   158018   152499   177816   147016   112780   183328   183328   193123   114366   138549     6244   153666   152502   112780   126684   177816    70177   149493    70177   147187   161986    25871   139619   132815   143585   111073   126780     6763   134233    49000   147187   137208   114366   183328    49000   191934     6244   111073        0   141972   144313    49000   157086   161805   185880   147016   196197   126378   131486   102024   153666   152502   132815   160535        0   152259   109124   122054   180235   151709   147016   116845   111073   125209   125209   183461   143585    68845   161986   155282   147016   203600 
   34028    40998    89663    35241   131229    21093    35945    19613    21098   110288    36619    59270    32065    18218    28223    51992   131229        0    15236    25332    14359    32099    31336    42023    21098    21093    35241    35241    42269    18218    15158   117309    38875    19613    21093    11782    42023    68627    29674    68627    36491    29008    89663    28223    34645    35511    26025    47137   129009    10288    65419    36491    17936    18218    35241    65419    43470   117309    26025   131229    20153    25332    65419    40998    28766    40404    21098    43016    28738     7006    51992    38875    19613    34645    20175   131229    41943    59270    32065    42691    37293    21098    49935    26025    30162    30162    44904    35511    62531    29008    24063    21098    38892 
   45314    66716    88418    46527   129984    16786    52019    18395    20323   109683    67369    42039    30959    17455     8392    29262   129984    15236        0    52733    29594    32130    48725    88061    20323    16786    46527    46527    54401    17455    18410   116064    61666    18395    16786     7038    88061    51098    25247    51098    55187    40295    88418     8392    41737    52083    24081    44510   127068    12025    64125    55187    13510    17455    46527    64125    56168   116064    24081   129984    36831    52733    64125    66716    40052    57082    20323    55634    34378    11996    29262    61666    18395    41737    27086   129984    60966    42039    30959    59369    61203    20323    43179    24081    36455    36455    61582    52083    45141    40295    32776    20323    50178 
   47586    25750   102746    48798   144313    38682    54742    44921    69764   122858    25917    72353    24610    32773    62368    64562   144313    25332    52733        0    11152    80766    29137    31490    69764    38682    48798    48798    38853    32773    40490   130393    21867    44921    38682    49857    31490    81197    72241    81197    11183    42566   102746    62368    14795    10179    24948    36696   141579    35597    77989    11183    59848    32773    48798    77989    60135   130393    24948   144313    19338        0    77989    25750    32973    34460    69764    42054    15553    32314    64562    21867    44921    14795    44938   144313    17476    72353    24610    32126    20237    69764    48858    24948    13206    13206    34339    10179    75101    42566    34223    69764    44061 
   36636    26818    87326    37849   128893    21522    43786    33971    35457   108592    28971    56934    13764    15613    42582    49421   128893    14359    29594    11152        0    46943    23653    34512    35457    21522    37849    37849    34680    15613    29517   114973    24695    33971    21522    26141    34512    65992    44032    65992    22312    31616    87326    42582    20311    21331    26462    35725   125977    24647    63034    22312    32295    15613    37849    63034    35860   114973    26462   128893    12918    11152    63034    26818    26553    32984    35457    35913    17100    21364    49421    24695    33971    20311    33094   128893    27764    56934    13764    35180    23113    35457    50405    26462    15803    15803    37393    21331    59949    31616    23381    35457    40838 
   40244    94749   116451    41457   158018    57075    31632    19117    12443   137716    95403    86058    59303    51166    27180    56597   158018    32099    32130    80766    46943        0    61310   108627    12443    57075    41457    41457    97440    51166    24610   144097    90915    19117    57075    30385   108627    66321     6882    66321    84436    45369   116451    27180    69770    80116    60697    81988   156247    23172    92657    84436    18616    51166    41457    92657    97451   144097    60697   158018    49706    80766    92657    94749    51838    66621    12443    67156    63627    26022    56597    90915    19117    69770    22305   158018    88999    86058    59303    72244    89236    12443    93728    60697    64488    64488   104115    80116    89770    45369    45017    12443    52357 
   28203    21862   110933    29416   152499    45128    36022    39406    49344   132198    15657    80540    37417    39219    51910    73027   152499    31336    48725    29137    23653    61310        0    13172    49344    45128    29416    29416    11306    39219    33984   138579    22470    39406    45128    43218    13172    89598    58400    89598    26772    18668   110933    51910    43964    38587    50116    59378   149583    39015    86640    26772    46663    39219    29416    86640    12486   138579    50116   152499    11129    29137    86640    21862     8385     9358    49344    12539    40784    35732    73027    22470    39406    43964    32642   152499    45889    80540    37417    11761    26715    49344    74058    50116    39456    39456    13674    38587    83625    18668    15814    49344    18485 
   42197    27327   136249    40984   177816    72185    62078    59067    97625   158186    19063   105856    59938    66276    96281    99890   177816    42023    88061    31490    34512   108627    13172        0    97625    72185    40984    40984    13826    66276    51042   163896    28695    59067    72185    83360        0   116526   107570   116526    37110    45794   136249    96281    57295    45368    71731    82365   176907    49742   113318    37110    93351    66276    40984   113318    17897   163896    71731   177816    22095    31490   113318    27327    21556    14429    97625    22159    64263    46460    99890    28695    59067    57295    45814   177816    55043   105856    59938     4697    32170    97625    95641    71731    64865    64865     6857    45368   110430    45794    29741    97625    36193 
   45115    83748   105449    46328   147016    46074    34700     8115        0   126715    84401    75057    47991    40165    23872    67544   147016    21098    20323    69764    35457    12443    49344    97625        0    46074    46328    46328    86438    40165    13008   133096    80052     8115    46074    19383    97625    84115    13521    84115    73077    41078   105449    23872    58768    69115    49696    70986   144100    12170    81157    73077     8894    40165    46328    81157    86450   133096    49696   147016    38704    69764    81157    83748    40836    55619        0    56418    51661    15021    67544    80052     8115    58768    14875   147016    77998    75057    47991    61242    78235        0    82727    49696    53486    53486    93114    69115    77803    41078    33560        0    74605 
   51418    51604    71214    52631   112780        0    72523    33428    46074    99167    52258    41449    16423     5909    23126    28060   112780    21093    16786    38682    21522    57075    45128    72185    46074        0    52631    52631    87492     5909    30871    98860    48035    33428        0    17930    72185    50212    48550    50212    41556    46398    71214    23126    25681    36972     7289    27724   117888    25716    54298    41556    35810     5909    52631    54298    86303    98860     7289   112780    37543    38682    54298    51604    46156    80249    46074    90566    18024    23671    28060    48035    33428    25681    59593   112780    46629    41449    16423    74669    46091    46074    29479     7289    20304    20304    76828    36972    44117    46398    38965    46074    97969 
    1213    64384   140773        0   183328    52631    12059    34346    46328   161932    55439   110736    51612    76022    59001   103636   183328    35241    46527    48798    37849    41457    29416    40984    46328    52631        0        0    23395    76022    32103   169521    64434    34346    52631    44852    40984   120272    47216   120272    72848     6596   140773    59001    58135    82106    83828    75182   180653    35347   117063    72848    44008    76022        0   117063    28316   169521    83828   183328    30381    48798   117063    64384    16879    25649    46328    19164    54949    38710   103636    64434    34346    58135    26153   183328    90781   110736    51612    43404    69238    46328   118099    83828    53712    53712    35643    82106   114176     6596    14660    46328    12677 
    1213    64384   140773        0   183328    52631    12059    34346    46328   161932    55439   110736    51612    76022    59001   103636   183328    35241    46527    48798    37849    41457    29416    40984    46328    52631        0        0    23395    76022    32103   169521    64434    34346    52631    44852    40984   120272    47216   120272    72848     6596   140773    59001    58135    82106    83828    75182   180653    35347   117063    72848    44008    76022        0   117063    28316   169521    83828   183328    30381    48798   117063    64384    16879    25649    46328    19164    54949    38710   103636    64434    34346    58135    26153   183328    90781   110736    51612    43404    69238    46328   118099    83828    53712    53712    35643    82106   114176     6596    14660    46328    12677 
   23625    42635   151557    23395   193123    87492    33517    45302    86438   172822    24704   121164    74608    81583    58634   113652   193123    42269    54401    38853    34680    97440    11306    13826    86438    87492    23395    23395        0    81583    39976   179203    43365    45302    87492    54150    13826   131196    63612   131196    51780    21531   151557    58634    71479    60675    86392    97673   191577    42788   127987    51780    51875    81583    23395   127987     1977   179203    86392   193123    22061    38853   127987    42635    14281     4580    86438     5949    78932    46664   113652    43365    45302    71479    38539   193123    69558   121164    74608     9376    47478    86438   110335    86392    50388    50388     8807    60675   125100    21531    22533    86438    12350 
   74809    45695    72099    76022   114366     5909    66614    45650    40165    93258    46349    42062    10514        0    32768    34962   114366    18218    17455    32773    15613    51166    39219    66276    40165     5909    76022    76022    81583        0    27996   100847    42126    45650     5909    16132    66276    51597    42641    51597    35647    43523    72099    32768    18190    31063     7820    28928   111979    22841    48389    35647    29901        0    76022    48389    80394   100847     7820   114366    28469    32773    48389    45695    43281    74340    40165    84657    10533    20934    34962    42126    45650    18190    53684   114366    40720    42062    10514    68760    40169    40165    31730     7820    12798    12798    70919    31063    45502    43523    36090    40165    92060 
   30890    75280    96982    32103   138549    30871    28278     4893    13008   118247    45638    66589    39523    27996    21097    59077   138549    15158    18410    40490    29517    24610    33984    51042    13008    30871    32103    32103    39976    27996        0   124628    70663     4893    30871    15504    51042    75648    23360    75648    64184    25870    96982    21097    50301    60648    37527    62519   135633     5251    72690    64184    11623    27996    32103    72690    41743   124628    37527   138549    29173    40490    72690    75280    25628    40411    13008    41209    43375     9081    59077    70663     4893    50301     9362   138549    69530    66589    39523    45207    69767    13008    59690    37527    45019    45019    44638    60648    69517    25870    18351    13008    35753 
  168309   144430    17731   169521     6244    98860   159545   135429   133096     7834   145084    65807   108134   100847   125699    88104     6244   117309   116064   130393   114973   144097   138579   163896   133096    98860   169521   169521   179203   100847   124628        0   139746   135429    98860   112764   163896    71710   135572    71710   133267   148390    17731   125699   118895   129798    97152   112973    12610   120120    40772   133267   123401   100847   169521    40772   178014        0    97152     6244   128165   130393    40772   144430   148148   171959   133096   182276   112458   118075    88104   139746   135429   118895   146615     6244   138339    65807   108134   167495   137788   133096   102924    97152   114169   114169   169654   129798    98644   148390   141362   133096   189679 
   65647     2057   112099    64434   153666    48035    87192    81229    80052   133365     7184    81706    35219    42126    72131    74194   153666    38875    61666    21867    24695    90915    22470    28695    80052    48035    64434    64434    43365    42126    70663   139746        0    81229    48035    59210    28695    90765    82056    90765     8789    69243   112099    72131    32021    21218    46935    58215   150750    65920    87807     8789    69201    42126    64434    87807    43377   139746    46935   153666    23599    21867    87807     2057    30833    27109    80052    45683    39222    63875    74194        0    81229    32021    92795   153666    22694    81706    35219    30415     7090    80052    70877    46935    40715    40715    32574    21218    85389    69243    39648    80052    59642 
   33133    89233   106681    34346   152502    33428    24576        0     8115   127840    53915    76644    49617    45650    20471    69544   152502    19613    18395    44921    33971    19117    39406    59067     8115    33428    34346    34346    45302    45650     4893   135429    81229        0    33428    18061    59067    86179    23287    86179    74750    31292   106681    20471    60378    74601    49736    76472   146561     9632    82971    74750    10670    45650    34346    82971    47003   135429    49736   152502    37449    44921    82971    89233    31050    45947     8115    45936    53941    13532    69544    81229        0    60378     6793   152502    79822    76644    49617    50629    79271     8115    84007    49736    58972    58972    50060    74601    80083    31292    23796     8115    41668 
   51418    51604    71214    52631   112780        0    72523    33428    46074    99167    52258    41449    16423     5909    23126    28060   112780    21093    16786    38682    21522    57075    45128    72185    46074        0    52631    52631    87492     5909    30871    98860    48035    33428        0    17930    72185    50212    48550    50212    41556    46398    71214    23126    25681    36972     7289    27724   117888    25716    54298    41556    35810     5909    52631    54298    86303    98860     7289   112780    37543    38682    54298    51604    46156    80249    46074    90566    18024    23671    28060    48035    33428    25681    59593   112780    46629    41449    16423    74669    46091    46074    29479     7289    20304    20304    76828    36972    44117    46398    38965    46074    97969 
   43639    63416    85117    44852   126684    17930    58320    18061    19383   105821    64069    54725    27598    16132    13831    32512   126684    11782     7038    49857    26141    30385    43218    83360    19383    17930    44852    44852    54150    16132    15504   112764    59210    18061    17930        0    83360    64160    24865    64160    52731    38619    85117    13831    38359    48783    23937    50655   124542    10349    60952    52731    13177    16132    44852    60952    55351   112764    23937   126684    31879    49857    60952    63416    38377    51379    19383    54897    31922     8305    32512    59210    18061    38359    25163   126684    57803    54725    27598    54417    57903    19383    47848    23937    33154    33154    56630    48783    58064    38619    35944    19383    48502 
   42197    27327   136249    40984   177816    72185    62078    59067    97625   158186    19063   105856    59938    66276    96281    99890   177816    42023    88061    31490    34512   108627    13172        0    97625    72185    40984    40984    13826    66276    51042   163896    28695    59067    72185    83360        0   116526   107570   116526    37110    45794   136249    96281    57295    45368    71731    82365   176907    49742   113318    37110    93351    66276    40984   113318    17897   163896    71731   177816    22095    31490   113318    27327    21556    14429    97625    22159    64263    46460    99890    28695    59067    57295    45814   177816    55043   105856    59938     4697    32170    97625    95641    71731    64865    64865     6857    45368   110430    45794    29741    97625    36193 
  119059    95180    77093   120272    70177    50212   108644    86179    84115    63525    95834    11298    59153    51597    44142    23616    70177    68627    51098    81197    65992    66321    89598   116526    84115    50212   120272   120272   131196    51597    75648    71710    90765    86179    50212    64160   116526        0    59439        0    84286    99140    77093    44142    70201    80548    50760    64021    72128    70870    36001    84286    74151    51597   120272    36001   131207    71710    50760    70177    78915    81197    36001    95180    98898   124001    84115   133514    63478    68826    23616    90765    86179    70201    97745    70177    89430    11298    59153   118245    89667    84115    54197    50760    64919    64919   120405    80548    10125    99140    92381    84115   147472 
   46003    86224   107926    47216   149493    48550    37396    23287    13521   128667    86878    77533    50444    42641    20297    49720   149493    29674    25247    72241    44032     6882    58400   107570    13521    48550    47216    47216    63612    42641    23360   135572    82056    23287    48550    24865   107570    59439        0    59439    75577    49414   107926    20297    61205    71591    50562    73463   147388    20506    83798    75577    11734    42641    47216    83798    65313   135572    50562   149493    47040    72241    83798    86224    49171    63955    13521    64246    54768    21350    49720    82056    23287    61205    31978   149493    80649    77533    50444    69577    80711    13521    84834    50562    55963    55963    68182    71591    80910    49414    42106    13521    59297 
  119059    95180    77093   120272    70177    50212   108644    86179    84115    63525    95834    11298    59153    51597    44142    23616    70177    68627    51098    81197    65992    66321    89598   116526    84115    50212   120272   120272   131196    51597    75648    71710    90765    86179    50212    64160   116526        0    59439        0    84286    99140    77093    44142    70201    80548    50760    64021    72128    70870    36001    84286    74151    51597   120272    36001   131207    71710    50760    70177    78915    81197    36001    95180    98898   124001    84115   133514    63478    68826    23616    90765    86179    70201    97745    70177    89430    11298    59153   118245    89667    84115    54197    50760    64919    64919   120405    80548    10125    99140    92381    84115   147472 
   74061    15765   105620    72848   147187    41556    97215    74750    73077   126886    13138    75228    28740    35647    65652    67715   147187    36491    55187    11183    22312    84436    26772    37110    73077    41556    72848    72848    51780    35647    64184   133267     8789    74750    41556    52731    37110    84286    75577    84286        0    77658   105620    65652    25543     8202    40456    51736   144271    59441    81328        0    62722    35647    72848    81328    51791   133267    40456   147187    22899    11183    81328    15765    36534    32035    73077    54098    32246    57396    67715     8789    74750    25543    86316   147187    15413    75228    28740    38829     3946    73077    64399    40456    34236    34236    40989     8202    78414    77658    45513    73077    68057 
    5383    67216   119642     6596   161986    46398    15972    31292    41078   140800    34311    89605    45380    43523    44226    82504   161986    29008    40295    42566    31616    45369    18668    45794    41078    46398     6596     6596    21531    43523    25870   148390    69243    31292    46398    38619    45794    99140    49414    99140    77658        0   119642    44226    51902    52749    51330    67322   159522    29114    95932    77658    37775    43523     6596    95932    26265   148390    51330   161986    24149    42566    95932    67216    10284    25209    41078    18956    48717    32477    82504    69243    31292    51902    24535   161986    60042    89605    45380    29521    74048    41078    75240    51330    47479    47479    29294    52749    93044        0     8427    41078    15514 
  139561   115682        0   140773    25871    71214   131899   106681   105449    22192   116336    48925    80487    72099    98053    60457    25871    89663    88418   102746    87326   116451   110933   136249   105449    71214   140773   140773   151557    72099    96982    17731   112099   106681    71214    85117   136249    77093   107926    77093   105620   119642        0    98053    91248   101050    69506    84225    30398    91372    23982   105620    94653    72099   140773    23982   150367    17731    69506    25871    99417   102746    23982   115682   119399   144313   105449   154630    84812    89327    60457   112099   106681    91248   118969    25871   110693    48925    80487   138747   110142   105449    59968    69506    85421    85421   140906   101050    52970   119642   113715   105449   162033 
   57788    76351    98053    59001   139619    23126    50322    20471    23872   118742    77004    39946    40519    32768        0    34423   139619    28223     8392    62368    42582    27180    51910    96281    23872    23126    59001    59001    58634    32768    21097   125699    72131    20471    23126    13831    96281    44142    20297    44142    65652    44226    98053        0    51280    61718    40638    63590   137463    15956    73873    65652    10978    32768    59001    73873    99150   125699    40638   139619    40484    62368    73873    76351    43983    58767    23872    59268    44843    15928    34423    72131    20471    51280    36475   139619    70725    39946    40519    99415    70838    23872    74909    40638    46089    46089   105787    61718    43463    44226    37128    23872    87278 
   56922    35949    91248    58135   132815    25681    85218    60378    58768   111862    36603    60855    10233    18190    51280    53565   132815    34645    41737    14795    20311    69770    43964    57295    58768    25681    58135    58135    71479    18190    50301   118895    32021    60378    25681    38359    57295    70201    61205    70201    25543    51902    91248    51280        0    20378    19043    22328   130583    45069    66993    25543    48350    18190    58135    66993    70289   118895    19043   132815    33204    14795    66993    35949    46839    49557    58768    74552     8057    43024    53565    32021    60378        0    71944   132815    19977    60855    10233    59014    30436    58768    35249    19043     5905     5905    61173    20378    64105    51902    43561    58768    88241 
   82956    24638   101050    82106   143585    36972    95564    74601    69115   122208    25676    71013    23960    31063    61718    63912   143585    35511    52083    10179    21331    80116    38587    45368    69115    36972    82106    82106    60675    31063    60648   129798    21218    74601    36972    48783    45368    80548    71591    80548     8202    52749   101050    61718    20378        0    35753    48134   140929    56332    77339     8202    59120    31063    82106    77339    59486   129798    35753   143585    31479    10179    77339    24638    45114    53431    69115    63748    28285    53585    63912    21218    74601    20378    82634   143585     7182    71013    23960    47787    12240    69115    59663    35753    21581    21581    50247        0    74452    52749    44402    69115    71151 
   82615    50385    69506    83828   111073     7289    76145    49736    49696    92123    51039    39741    13613     7820    40638    27868   111073    26025    24081    24948    26462    60697    50116    71731    49696     7289    83828    83828    86392     7820    37527    97152    46935    49736     7289    23937    71731    50760    50562    50760    40456    51330    69506    40638    19043    35753        0    22285   110844    30647    47254    40456    37708     7820    83828    47254    85203    97152        0   111073    39481    24948    47254    50385    53116    59548    49696    89466    11627    28603    27868    46935    49736    19043    61302   111073    39106    39741    13613    73450    44872    49696    24508        0    13761    13761    75609    35753    44664    51330    45621    49696   102677 
   72341    61635    84225    75182   126780    27724    97436    76472    70986   105384    61809    54486    24059    28928    63590    47385   126780    47137    44510    36696    35725    81988    59378    82365    70986    27724    75182    75182    97673    28928    62519   112973    58215    76472    27724    50655    82365    64021    73463    64021    51736    67322    84225    63590    22328    48134    22285        0   124105    58204    50489    51736    60152    28928    75182    50489    96483   112973    22285   126780    50251    36696    50489    61635    62931    90429    70986   100746    18076    55456    47385    58215    76472    22328    84506   126780    42903    54486    24059    84784    56258    70986    12996    22285    19657    19657    86379    48134    57925    67322    58975    70986   108149 
  179440   155562    30398   180653     6763   117888   169026   146561   144100     8205   156216   108069   119138   111979   137463   100557     6763   129009   127068   141579   125977   156247   149583   176907   144100   117888   180653   180653   191577   111979   135633    12610   150750   146561   117888   124542   176907    72128   147388    72128   144271   159522    30398   137463   130583   140929   110844   124105        0   131252    67086   144271   134533   111979   180653    67086   191589    12610   110844     6763   139297   141579    67086   155562   159279   184383   144100   193895   123462   129207   100557   150750   146561   130583   158127     6763   149812   108069   119138   178627   150049   144100   114280   110844   125301   125301   180786   140929    68918   159522   152366   144100   207854 
   34134    70965    91372    35347   134233    25716    33766     9632    12170   112531    44915    61335    34308    22841    15956    54235   134233    10288    12025    35597    24647    23172    39015    49742    12170    25716    35347    35347    42788    22841     5251   120120    65920     9632    25716    10349    49742    70870    20506    70870    59441    29114    91372    15956    45069    56332    30647    58204   131252        0    67662    59441     9026    22841    35347    67662    44489   120120    30647   134233    28449    35597    67662    70965    28872    43433    12170    43422    38632     4208    54235    65920     9632    45069    14614   134233    64513    61335    34308    50322    63962    12170    54558    30647    40704    40704    47882    56332    64774    29114    21282    12170    39154 
  115850    91972    23982   117063    49000    54298   105436    82971    81157    45247    92626    25318    56195    48389    73873    30365    49000    65419    64125    77989    63034    92657    86640   113318    81157    54298   117063   117063   127987    48389    72690    40772    87807    82971    54298    60952   113318    36001    83798    36001    81328    95932    23982    73873    66993    77339    47254    50489    67086    67662        0    81328    70943    48389   117063        0   127999    40772    47254    49000    75707    77989        0    91972    95689   120793    81157   130305    60519    65617    30365    87807    82971    66993    94537    49000    86222    25318    56195   115037    86459    81157    38763    47254    61711    61711   117196    77339    29324    95932    89605    81157   144264 
   74061    15765   105620    72848   147187    41556    97215    74750    73077   126886    13138    75228    28740    35647    65652    67715   147187    36491    55187    11183    22312    84436    26772    37110    73077    41556    72848    72848    51780    35647    64184   133267     8789    74750    41556    52731    37110    84286    75577    84286        0    77658   105620    65652    25543     8202    40456    51736   144271    59441    81328        0    62722    35647    72848    81328    51791   133267    40456   147187    22899    11183    81328    15765    36534    32035    73077    54098    32246    57396    67715     8789    74750    25543    86316   147187    15413    75228    28740    38829     3946    73077    64399    40456    34236    34236    40989     8202    78414    77658    45513    73077    68057 
   42795    72621    94653    44008   137208    35810    39259    10670     8894   115812    73541    64616    37589    29901    10978    57516   137208    17936    13510    59848    32295    18616    46663    93351     8894    35810    44008    44008    51875    29901    11623   123401    69201    10670    35810    13177    93351    74151    11734    74151    62722    37775    94653    10978    48350    59120    37708    60152   134533     9026    70943    62722        0    29901    44008    70943    53575   123401    37708   137208    35512    59848    70943    72621    37594    52520     8894    52509    41913     9239    57516    69201    10670    48350    17705   137208    67794    64616    37589    57969    67244     8894    71979    37708    40744    40744    56623    59120    68056    37775    30369     8894    48241 
   74809    45695    72099    76022   114366     5909    66614    45650    40165    93258    46349    42062    10514        0    32768    34962   114366    18218    17455    32773    15613    51166    39219    66276    40165     5909    76022    76022    81583        0    27996   100847    42126    45650     5909    16132    66276    51597    42641    51597    35647    43523    72099    32768    18190    31063     7820    28928   111979    22841    48389    35647    29901        0    76022    48389    80394   100847     7820   114366    28469    32773    48389    45695    43281    74340    40165    84657    10533    20934    34962    42126    45650    18190    53684   114366    40720    42062    10514    68760    40169    40165    31730     7820    12798    12798    70919    31063    45502    43523    36090    40165    92060 
    1213    64384   140773        0   183328    52631    12059    34346    46328   161932    55439   110736    51612    76022    59001   103636   183328    35241    46527    48798    37849    41457    29416    40984    46328    52631        0        0    23395    76022    32103   169521    64434    34346    52631    44852    40984   120272    47216   120272    72848     6596   140773    59001    58135    82106    83828    75182   180653    35347   117063    72848    44008    76022        0   117063    28316   169521    83828   183328    30381    48798   117063    64384    16879    25649    46328    19164    54949    38710   103636    64434    34346    58135    26153   183328    90781   110736    51612    43404    69238    46328   118099    83828    53712    53712    35643    82106   114176     6596    14660    46328    12677 
  115850    91972    23982   117063    49000    54298   105436    82971    81157    45247    92626    25318    56195    48389    73873    30365    49000    65419    64125    77989    63034    92657    86640   113318    81157    54298   117063   117063   127987    48389    72690    40772    87807    82971    54298    60952   113318    36001    83798    36001    81328    95932    23982    73873    66993    77339    47254    50489    67086    67662        0    81328    70943    48389   117063        0   127999    40772    47254    49000    75707    77989        0    91972    95689   120793    81157   130305    60519    65617    30365    87807    82971    66993    94537    49000    86222    25318    56195   115037    86459    81157    38763    47254    61711    61711   117196    77339    29324    95932    89605    81157   144264 
   23741    41446   150367    28316   191934    86303    50902    47003    86450   172868    33181   119974    74619    80394    99150   114571   191934    43470    56168    60135    35860    97451    12486    17897    86450    86303    28316    28316     1977    80394    41743   178014    43377    47003    86303    55351    17897   131207    65313   131207    51791    26265   150367    99150    70289    59486    85203    96483   191589    44489   127999    51791    53575    80394    28316   127999        0   178014    85203   191934    23262    60135   127999    41446    15981     5781    86450     4904    78944    47865   114571    43377    47003    70289    40239   191934    68368   119974    74619    10578    46289    86450   110322    85203    78983    78983     6321    59486   125111    26265    24300    86450    12466 
  168309   144430    17731   169521     6244    98860   159545   135429   133096     7834   145084    65807   108134   100847   125699    88104     6244   117309   116064   130393   114973   144097   138579   163896   133096    98860   169521   169521   179203   100847   124628        0   139746   135429    98860   112764   163896    71710   135572    71710   133267   148390    17731   125699   118895   129798    97152   112973    12610   120120    40772   133267   123401   100847   169521    40772   178014        0    97152     6244   128165   130393    40772   144430   148148   171959   133096   182276   112458   118075    88104   139746   135429   118895   146615     6244   138339    65807   108134   167495   137788   133096   102924    97152   114169   114169   169654   129798    98644   148390   141362   133096   189679 
   82615    50385    69506    83828   111073     7289    76145    49736    49696    92123    51039    39741    13613     7820    40638    27868   111073    26025    24081    24948    26462    60697    50116    71731    49696     7289    83828    83828    86392     7820    37527    97152    46935    49736     7289    23937    71731    50760    50562    50760    40456    51330    69506    40638    19043    35753        0    22285   110844    30647    47254    40456    37708     7820    83828    47254    85203    97152        0   111073    39481    24948    47254    50385    53116    59548    49696    89466    11627    28603    27868    46935    49736    19043    61302   111073    39106    39741    13613    73450    44872    49696    24508        0    13761    13761    75609    35753    44664    51330    45621    49696   102677 
  182080   157086    25871   183328        0   112780   173466   152502   147016     6300   158891   109124   122054   114366   139619   102024        0   131229   129984   144313   128893   158018   152499   177816   147016   112780   183328   183328   193123   114366   138549     6244   153666   152502   112780   126684   177816    70177   149493    70177   147187   161986    25871   139619   132815   143585   111073   126780     6763   134233    49000   147187   137208   114366   183328    49000   191934     6244   111073        0   141972   144313    49000   157086   161805   185880   147016   196197   126378   131486   102024   153666   152502   132815   160535        0   152259   109124   122054   180235   151709   147016   116845   111073   125209   125209   183461   143585    68845   161986   155282   147016   203600 
   29169    23227    99417    30381   141972    37543    36321    37449    38704   120576    16786    69380    26681    28469    40484    62280   141972    20153    36831    19338    12918    49706    11129    22095    38704    37543    30381    30381    22061    28469    29173   128165    23599    37449    37543    31879    22095    78915    47040    78915    22899    24149    99417    40484    33204    31479    39481    50251   139297    28449    75707    22899    35512    28469    30381    75707    23262   128165    39481   141972        0    19338    75707    23227    13496    19290    38704    22808    30018    24557    62280    23599    37449    33204    28133   141972    38740    69380    26681    22674    22214    38704    63391    39481    28780    28780    24932    31479    72820    24149    15802    38704    24584 
   47586    25750   102746    48798   144313    38682    54742    44921    69764   122858    25917    72353    24610    32773    62368    64562   144313    25332    52733        0    11152    80766    29137    31490    69764    38682    48798    48798    38853    32773    40490   130393    21867    44921    38682    49857    31490    81197    72241    81197    11183    42566   102746    62368    14795    10179    24948    36696   141579    35597    77989    11183    59848    32773    48798    77989    60135   130393    24948   144313    19338        0    77989    25750    32973    34460    69764    42054    15553    32314    64562    21867    44921    14795    44938   144313    17476    72353    24610    32126    20237    69764    48858    24948    13206    13206    34339    10179    75101    42566    34223    69764    44061 
  115850    91972    23982   117063    49000    54298   105436    82971    81157    45247    92626    25318    56195    48389    73873    30365    49000    65419    64125    77989    63034    92657    86640   113318    81157    54298   117063   117063   127987    48389    72690    40772    87807    82971    54298    60952   113318    36001    83798    36001    81328    95932    23982    73873    66993    77339    47254    50489    67086    67662        0    81328    70943    48389   117063        0   127999    40772    47254    49000    75707    77989        0    91972    95689   120793    81157   130305    60519    65617    30365    87807    82971    66993    94537    49000    86222    25318    56195   115037    86459    81157    38763    47254    61711    61711   117196    77339    29324    95932    89605    81157   144264 
   64916        0   115682    64384   157086    51604    85627    89233    83748   136841     6646    85645    38593    45695    76351    78545   157086    40998    66716    25750    26818    94749    21862    27327    83748    51604    64384    64384    42635    45695    75280   144430     2057    89233    51604    63416    27327    95180    86224    95180    15765    67216   115682    76351    35949    24638    50385    61635   155562    70965    91972    15765    72621    45695    64384    91972    41446   144430    50385   157086    23227    25750    91972        0    30461    35391    83748    45708    42917    68218    78545     2057    89233    35949    97267   157086    33697    85645    38593    29747     9752    83748    74296    50385    41748    41748    32524    24638    89085    67216    39482    83748    53111 
   19844    30461   119399    16879   161805    46156    27670    31050    40836   140558    24027    89363    40316    43281    43983    82262   161805    28766    40052    32973    26553    51838     8385    21556    40836    46156    16879    16879    14281    43281    25628   148148    30833    31050    46156    38377    21556    98898    49171    98898    36534    10284   119399    43983    46839    45114    53116    62931   159279    28872    95689    36534    37594    43281    16879    95689    15981   148148    53116   161805    13496    32973    95689    30461        0    14926    40836    14915    43653    32235    82262    30833    31050    46839    24292   161805    52375    89363    40316    19237    35136    40836    77026    53116    42415    42415    19010    45114    92802    10284     8185    40836    11063 
   25879    35391   144313    25649   185880    80249    42453    45947    55619   165662    20247   113920    46748    74340    58767   107365   185880    40404    57082    34460    32984    66621     9358    14429    55619    80249    25649    25649     4580    74340    40411   171959    27109    45947    80249    51379    14429   124001    63955   124001    32035    25209   144313    58767    49557    53431    59548    90429   184383    43433   120793    32035    52520    74340    25649   120793     5781   171959    59548   185880    19290    34460   120793    35391    14926        0    55619     8028    50085    43893   107365    27109    45947    49557    39076   185880    51146   113920    46748     6154    40234    55619    83458    59548    47483    47483     5585    53431   117905    25209    22968    55619    14604 
   45115    83748   105449    46328   147016    46074    34700     8115        0   126715    84401    75057    47991    40165    23872    67544   147016    21098    20323    69764    35457    12443    49344    97625        0    46074    46328    46328    86438    40165    13008   133096    80052     8115    46074    19383    97625    84115    13521    84115    73077    41078   105449    23872    58768    69115    49696    70986   144100    12170    81157    73077     8894    40165    46328    81157    86450   133096    49696   147016    38704    69764    81157    83748    40836    55619        0    56418    51661    15021    67544    80052     8115    58768    14875   147016    77998    75057    47991    61242    78235        0    82727    49696    53486    53486    93114    69115    77803    41078    33560        0    74605 
   19395    45708   154630    19164   196197    90566    29286    45936    56418   175895    37444   124237    76926    84657    59268   116725   196197    43016    55634    42054    35913    67156    12539    22159    56418    90566    19164    19164     5949    84657    41209   182276    45683    45936    90566    54897    22159   133514    64246   133514    54098    18956   154630    59268    74552    63748    89466   100746   193895    43422   130305    54098    52509    84657    19164   130305     4904   182276    89466   196197    22808    42054   130305    45708    14915     8028    56418        0    53013    47412   116725    45683    45936    74552    39173   196197    72631   124237    76926    12824    50551    56418   113408    89466    51136    51136    12255    63748   127418    18956    23766    56418     8119 
   53736    42917    84812    54949   126378    18024    76406    53941    51661   106077    43571    54419     5451    10533    44843    46907   126378    28738    34378    15553    17100    63627    40784    64263    51661    18024    54949    54949    78932    10533    43375   112458    39222    53941    18024    31922    64263    63478    54768    63478    32246    48717    84812    44843     8057    28285    11627    18076   123462    38632    60519    32246    41913    10533    54949    60519    78944   112458    11627   126378    30018    15553    60519    42917    43653    50085    51661    53013        0    36588    46907    39222    53941     8057    65507   126378    28931    54419     5451    65982    37404    51661    31123    11627     2847     2847    68141    28285    57504    48717    40481    51661    57939 
   37497    68218    89327    38710   131486    23671    37595    13532    15021   110486    41023    59291    32263    20934    15928    52190   131486     7006    11996    32314    21364    26022    35732    46460    15021    23671    38710    38710    46664    20934     9081   118075    63875    13532    23671     8305    46460    68826    21350    68826    57396    32477    89327    15928    43024    53585    28603    55456   129207     4208    65617    57396     9239    20934    38710    65617    47865   118075    28603   131486    24557    32314    65617    68218    32235    43893    15021    47412    36588        0    52190    63875    13532    43024    18443   131486    62469    59291    32263    47095    61918    15021    52513    28603    37956    37956    49308    53585    62730    32477    28459    15021    42984 
  102423    78545    60457   103636   102024    28060    93994    69544    67544    81836    79198    11565    42582    34962    34423        0   102024    51992    29262    64562    49421    56597    73027    99890    67544    28060   103636   103636   113652    34962    59077    88104    74194    69544    28060    32512    99890    23616    49720    23616    67715    82504    60457    34423    53565    63912    27868    47385   100557    54235    30365    67715    57516    34962   103636    30365   114571    88104    27868   102024    62280    64562    30365    78545    82262   107365    67544   116725    46907    52190        0    74194    69544    53565    81110   102024    72795    11565    42582   101609    73032    67544    38001    27868    48283    48283   103769    63912    17520    82504    75810    67544   130837 
   65647     2057   112099    64434   153666    48035    87192    81229    80052   133365     7184    81706    35219    42126    72131    74194   153666    38875    61666    21867    24695    90915    22470    28695    80052    48035    64434    64434    43365    42126    70663   139746        0    81229    48035    59210    28695    90765    82056    90765     8789    69243   112099    72131    32021    21218    46935    58215   150750    65920    87807     8789    69201    42126    64434    87807    43377   139746    46935   153666    23599    21867    87807     2057    30833    27109    80052    45683    39222    63875    74194        0    81229    32021    92795   153666    22694    81706    35219    30415     7090    80052    70877    46935    40715    40715    32574    21218    85389    69243    39648    80052    59642 
   33133    89233   106681    34346   152502    33428    24576        0     8115   127840    53915    76644    49617    45650    20471    69544   152502    19613    18395    44921    33971    19117    39406    59067     8115    33428    34346    34346    45302    45650     4893   135429    81229        0    33428    18061    59067    86179    23287    86179    74750    31292   106681    20471    60378    74601    49736    76472   146561     9632    82971    74750    10670    45650    34346    82971    47003   135429    49736   152502    37449    44921    82971    89233    31050    45947     8115    45936    53941    13532    69544    81229        0    60378     6793   152502    79822    76644    49617    50629    79271     8115    84007    49736    58972    58972    50060    74601    80083    31292    23796     8115    41668 
   56922    35949    91248    58135   132815    25681    85218    60378    58768   111862    36603    60855    10233    18190    51280    53565   132815    34645    41737    14795    20311    69770    43964    57295    58768    25681    58135    58135    71479    18190    50301   118895    32021    60378    25681    38359    57295    70201    61205    70201    25543    51902    91248    51280        0    20378    19043    22328   130583    45069    66993    25543    48350    18190    58135    66993    70289   118895    19043   132815    33204    14795    66993    35949    46839    49557    58768    74552     8057    43024    53565    32021    60378        0    71944   132815    19977    60855    10233    59014    30436    58768    35249    19043     5905     5905    61173    20378    64105    51902    43561    58768    88241 
   24940    97267   118969    26153   160535    59593    20615     6793    14875   139406    44598    88576    61183    53684    36475    81110   160535    20175    27086    44938    33094    22305    32642    45814    14875    59593    26153    26153    38539    53684     9362   146615    92795     6793    59593    25163    45814    97745    31978    97745    86316    24535   118969    36475    71944    82634    61302    84506   158127    14614    94537    86316    17705    53684    26153    94537    40239   146615    61302   160535    28133    44938    94537    97267    24292    39076    14875    39173    65507    18443    81110    92795     6793    71944        0   160535    91388    88576    61183    43872    91754    14875    95573    61302    67005    67005    43303    82634    91650    24535    17033    14875    34418 
  182080   157086    25871   183328        0   112780   173466   152502   147016     6300   158891   109124   122054   114366   139619   102024        0   131229   129984   144313   128893   158018   152499   177816   147016   112780   183328   183328   193123   114366   138549     6244   153666   152502   112780   126684   177816    70177   149493    70177   147187   161986    25871   139619   132815   143585   111073   126780     6763   134233    49000   147187   137208   114366   183328    49000   191934     6244   111073        0   141972   144313    49000   157086   161805   185880   147016   196197   126378   131486   102024   153666   152502   132815   160535        0   152259   109124   122054   180235   151709   147016   116845   111073   125209   125209   183461   143585    68845   161986   155282   147016   203600 
   91994    33697   110693    90781   152259    46629   104447    79822    77998   131091    34351    80300    32843    40720    70725    72795   152259    41943    60966    17476    27764    88999    45889    55043    77998    46629    90781    90781    69558    40720    69530   138339    22694    79822    46629    57803    55043    89430    80649    89430    15413    60042   110693    70725    19977     7182    39106    42903   149812    64513    86222    15413    67794    40720    90781    86222    68368   138339    39106   152259    38740    17476    86222    33697    52375    51146    77998    72631    28931    62469    72795    22694    79822    19977    91388   152259        0    80300    32843    56762    15939    77998    56123    39106    25757    25757    58921     7182    83335    60042    50834    77998    85989 
  109524    85645    48925   110736   109124    41449   101506    76644    75057    68280    86299        0    50095    42062    39946    11565   109124    59270    42039    72353    56934    86058    80540   105856    75057    41449   110736   110736   121164    42062    66589    65807    81706    76644    41449    54725   105856    11298    77533    11298    75228    89605    48925    39946    60855    71013    39741    54486   108069    61335    25318    75228    64616    42062   110736    25318   119974    65807    39741   109124    69380    72353    25318    85645    89363   113920    75057   124237    54419    59291    11565    81706    76644    60855    88576   109124    80300        0    50095   108710    79749    75057    45513    39741    55384    55384   110869    71013     4565    89605    83322    75057   131640 
   50400    38593    80487    51612   122054    16423    72082    49617    47991   101753    39246    50095        0    10514    40519    42582   122054    32065    30959    24610    13764    59303    37417    59938    47991    16423    51612    51612    74608    10514    39523   108134    35219    49617    16423    27598    59938    59153    50444    59153    28740    45380    80487    40519    10233    23960    13613    24059   119138    34308    56195    28740    37589    10514    51612    56195    74619   108134    13613   122054    26681    24610    56195    38593    40316    46748    47991    76926     5451    32263    42582    35219    49617    10233    61183   122054    32843    50095        0    61657    33080    47991    37555    13613     4951     4951    63817    23960    53328    45380    37144    47991    90885 
   30191    29747   138747    43404   180235    74669    59960    50629    61242   159906    17920   108710    61657    68760    99415   101609   180235    42691    59369    32126    35180    72244    11761     4697    61242    74669    43404    43404     9376    68760    45207   167495    30415    50629    74669    54417     4697   118245    69577   118245    38829    29521   138747    99415    59014    47787    73450    84784   178627    50322   115037    38829    57969    68760    43404   115037    10578   167495    73450   180235    22674    32126   115037    29747    19237     6154    61242    12824    65982    47095   101609    30415    50629    59014    43872   180235    56762   108710    61657        0    35219    61242    97360    73450    67284    67284     2836    47787   112149    29521    27764    61242    19647 
   70451     9752   110142    69238   151709    46091    90470    79271    78235   131328    11487    79749    33080    40169    70838    73032   151709    37293    61203    20237    23113    89236    26715    32170    78235    46091    69238    69238    47478    40169    69767   137788     7090    79271    46091    57903    32170    89667    80711    89667     3946    74048   110142    70838    30436    12240    44872    56258   150049    63962    86459     3946    67244    40169    69238    86459    46289   137788    44872   151709    22214    20237    86459     9752    35136    40234    78235    50551    37404    61918    73032     7090    79271    30436    91754   151709    15939    79749    33080    35219        0    78235    68783    44872    38758    38758    37378    12240    83572    74048    38876    78235    57954 
   45115    83748   105449    46328   147016    46074    34700     8115        0   126715    84401    75057    47991    40165    23872    67544   147016    21098    20323    69764    35457    12443    49344    97625        0    46074    46328    46328    86438    40165    13008   133096    80052     8115    46074    19383    97625    84115    13521    84115    73077    41078   105449    23872    58768    69115    49696    70986   144100    12170    81157    73077     8894    40165    46328    81157    86450   133096    49696   147016    38704    69764    81157    83748    40836    55619        0    56418    51661    15021    67544    80052     8115    58768    14875   147016    77998    75057    47991    61242    78235        0    82727    49696    53486    53486    93114    69115    77803    41078    33560        0    74605 
  116886    74296    59968   118099   116845    29479   109176    84007    82727    95559    74949    45513    37555    31730    74909    38001   116845    49935    43179    48858    50405    93728    74058    95641    82727    29479   118099   118099   110335    31730    59690   102924    70877    84007    29479    47848    95641    54197    84834    54197    64399    75240    59968    74909    35249    59663    24508    12996   114280    54558    38763    64399    71979    31730   118099    38763   110322   102924    24508   116845    63391    48858    38763    74296    77026    83458    82727   113408    31123    52513    38001    70877    84007    35249    95573   116845    56123    45513    37555    97360    68783    82727        0    24508    34310    34310    99520    59663    48101    75240    67783    82727   126588 
   82615    50385    69506    83828   111073     7289    76145    49736    49696    92123    51039    39741    13613     7820    40638    27868   111073    26025    24081    24948    26462    60697    50116    71731    49696     7289    83828    83828    86392     7820    37527    97152    46935    49736     7289    23937    71731    50760    50562    50760    40456    51330    69506    40638    19043    35753        0    22285   110844    30647    47254    40456    37708     7820    83828    47254    85203    97152        0   111073    39481    24948    47254    50385    53116    59548    49696    89466    11627    28603    27868    46935    49736    19043    61302   111073    39106    39741    13613    73450    44872    49696    24508        0    13761    13761    75609    35753    44664    51330    45621    49696   102677 
   52499    41748    85421    53712   125209    20304    79936    58972    53486   106580    42402    55384     4951    12798    46089    48283   125209    30162    36455    13206    15803    64488    39456    64865    53486    20304    53712    53712    50388    12798    45019   114169    40715    58972    20304    33154    64865    64919    55963    64919    34236    47479    85421    46089     5905    21581    13761    19657   125301    40704    61711    34236    40744    12798    53712    61711    78983   114169    13761   125209    28780    13206    61711    41748    42415    47483    53486    51136     2847    37956    48283    40715    58972     5905    67005   125209    25757    55384     4951    67284    38758    53486    34310    13761        0        0    47300    21581    58823    47479    39053    53486    90649 
   52499    41748    85421    53712   125209    20304    79936    58972    53486   106580    42402    55384     4951    12798    46089    48283   125209    30162    36455    13206    15803    64488    39456    64865    53486    20304    53712    53712    50388    12798    45019   114169    40715    58972    20304    33154    64865    64919    55963    64919    34236    47479    85421    46089     5905    21581    13761    19657   125301    40704    61711    34236    40744    12798    53712    61711    78983   114169    13761   125209    28780    13206    61711    41748    42415    47483    53486    51136     2847    37956    48283    40715    58972     5905    67005   125209    25757    55384     4951    67284    38758    53486    34310    13761        0        0    47300    21581    58823    47479    39053    53486    90649 
   36856    32524   140906    35643   183461    76828    57567    50060    93114   162065    20175   110869    63817    70919   105787   103769   183461    44904    61582    34339    37393   104115    13674     6857    93114    76828    35643    35643     8807    70919    44638   169654    32574    50060    76828    56630     6857   120405    68182   120405    40989    29294   140906   105787    61173    50247    75609    86379   180786    47882   117196    40989    56623    70919    35643   117196     6321   169654    75609   183461    24932    34339   117196    32524    19010     5585    93114    12255    68141    49308   103769    32574    50060    61173    43303   183461    58921   110869    63817     2836    37378    93114    99520    75609    47300    47300        0    50247   114309    29294    27195    93114    25051 
   82956    24638   101050    82106   143585    36972    95564    74601    69115   122208    25676    71013    23960    31063    61718    63912   143585    35511    52083    10179    21331    80116    38587    45368    69115    36972    82106    82106    60675    31063    60648   129798    21218    74601    36972    48783    45368    80548    71591    80548     8202    52749   101050    61718    20378        0    35753    48134   140929    56332    77339     8202    59120    31063    82106    77339    59486   129798    35753   143585    31479    10179    77339    24638    45114    53431    69115    63748    28285    53585    63912    21218    74601    20378    82634   143585     7182    71013    23960    47787    12240    69115    59663    35753    21581    21581    50247        0    74452    52749    44402    69115    71151 
  112963    89085    52970   114176    68845    44117   102548    80083    77803    62193    89738     4565    53328    45502    43463    17520    68845    62531    45141    75101    59949    89770    83625   110430    77803    44117   114176   114176   125100    45502    69517    98644    85389    80083    44117    58064   110430    10125    80910    10125    78414    93044    52970    43463    64105    74452    44664    57925    68918    64774    29324    78414    68056    45502   114176    29324   125111    98644    44664    68845    72820    75101    29324    89085    92802   117905    77803   127418    57504    62730    17520    85389    80083    64105    91650    68845    83335     4565    53328   112149    83572    77803    48101    44664    58823    58823   114309    74452        0    93044    86718    77803   141377 
    5383    67216   119642     6596   161986    46398    15972    31292    41078   140800    34311    89605    45380    43523    44226    82504   161986    29008    40295    42566    31616    45369    18668    45794    41078    46398     6596     6596    21531    43523    25870   148390    69243    31292    46398    38619    45794    99140    49414    99140    77658        0   119642    44226    51902    52749    51330    67322   159522    29114    95932    77658    37775    43523     6596    95932    26265   148390    51330   161986    24149    42566    95932    67216    10284    25209    41078    18956    48717    32477    82504    69243    31292    51902    24535   161986    60042    89605    45380    29521    74048    41078    75240    51330    47479    47479    29294    52749    93044        0     8427    41078    15514 
   13447    39482   113715    14660   155282    38965    20597    23796    33560   134980    33277    83322    37144    36090    37128    75810   155282    24063    32776    34223    23381    45017    15814    29741    33560    38965    14660    14660    22533    36090    18351   141362    39648    23796    38965    35944    29741    92381    42106    92381    45513     8427   113715    37128    43561    44402    45621    58975   152366    21282    89605    45513    30369    36090    14660    89605    24300   141362    45621   155282    15802    34223    89605    39482     8185    22968    33560    23766    40481    28459    75810    39648    23796    43561    17033   155282    50834    83322    37144    27764    38876    33560    67783    45621    39053    39053    27195    44402    86718     8427        0    33560    18310 
   45115    83748   105449    46328   147016    46074    34700     8115        0   126715    84401    75057    47991    40165    23872    67544   147016    21098    20323    69764    35457    12443    49344    97625        0    46074    46328    46328    86438    40165    13008   133096    80052     8115    46074    19383    97625    84115    13521    84115    73077    41078   105449    23872    58768    69115    49696    70986   144100    12170    81157    73077     8894    40165    46328    81157    86450   133096    49696   147016    38704    69764    81157    83748    40836    55619        0    56418    51661    15021    67544    80052     8115    58768    14875   147016    77998    75057    47991    61242    78235        0    82727    49696    53486    53486    93114    69115    77803    41078    33560        0    74605 
   12907    53111   162033    12677   203600    97969    22960    41668    74605   189133    44847   131640    90885    92060    87278   130837   203600    38892    50178    44061    40838    52357    18485    36193    74605    97969    12677    12677    12350    92060    35753   189679    59642    41668    97969    48502    36193   147472    59297   147472    68057    15514   162033    87278    88241    71151   102677   108149   207854    39154   144264    68057    48241    92060    12677   144264    12466   189679   102677   203600    24584    44061   144264    53111    11063    14604    74605     8119    57939    42984   130837    59642    41668    88241    34418   203600    85989   131640    90885    19647    57954    74605   126588   102677    90649    90649    25051    71151   141377    15514    18310    74605        0 
**************************************TimeWindows
  0 0  0     0  1440 480
  1 3 3   480   720 124
  2 1 1   480   720 61
  3 1 1   480   720 71
  4 1 1   960  1200 148
  5 1 1   300   480 84
  6 1 1   240   480 118
  7 3 3   240   480 92
  8 2 2   240   480 93
  9 1 1   240   420 91
 10 4 4   720   960 100
 11 3 3   240   480 132
 12 1 1   900   960 28
 13 3 3   480   720 229
 14 1 1   960  1140 81
 15 4 4   240   480 130
 16 1 1   240   480 99
 17 1 1   240   420 123
 18 1 1   480   720 81
 19 1 1   540   720 69
 20 2 2   300   480 107
 21 2 2   780   960 135
 22 2 2   240   360 82
 23 1 1   720   900 186
 24 1 1   720   900 136
 25 1 1   240   480 97
 26 3 3   960  1200 69
 27 4 4   240   480 175
 28 2 2   720   900 78
 29 1 1   240   480 229
 30 2 2   720   960 140
 31 1 1   720   840 132
 32 1 1   540   720 71
 33 2 2   300   480 203
 34 1 1   720   960 139
 35 1 1  1020  1200 39
 36 1 1   300   480 192
 37 1 1   240   420 102
 38 3 3   720   960 112
 39 1 1   960  1200 130
 40 4 4   360   480 82
 41 1 1   240   480 106
 42 1 1   240   480 106
 43 2 2   300   480 89
 44 2 2   480   660 88
 45 1 1   240   480 139
 46 4 4   300   480 206
 47 3 -3   605   785 124
 48 1 -1   556   736 61
 49 1 -1   533   773 71
 50 1 -1  1119  1239 148
 51 1 -1   423   483 84
 52 1 -1   349   529 118
 53 3 -3   341   521 92
 54 2 -2   371   491 93
 55 1 -1   308   488 91
 56 4 -4   820  1000 100
 57 3 -3   371   551 132
 58 1 -1   831  1071 28
 59 3 -3   714   834 229
 60 1 -1  1021  1201 81
 61 4 -4   340   580 130
 62 1 -1   314   554 99
 63 1 -1   292   532 123
 64 1 -1   601   721 81
 65 1 -1   562   802 69
 66 2 -2   372   552 107
 67 2 -2   852  1092 135
 68 2 -2   272   452 82
 69 1 -1   806  1046 186
 70 1 -1   882   942 136
 71 1 -1   313   553 97
 72 3 -3  1104  1164 69
 73 4 -4   390   570 175
 74 2 -2   779   959 78
 75 1 -1   442   622 229
 76 2 -2   826  1066 140
 77 1 -1   759   999 132
 78 1 -1   593   773 71
 79 2 -2   458   578 203
 80 1 -1   843  1023 139
 81 1 -1  1019  1259 39
 82 1 -1   414   654 192
 83 1 -1   286   526 102
 84 3 -3   806  1046 112
 85 1 -1  1057  1297 130
 86 4 -4   454   514 82
 87 1 -1   379   499 106
 88 1 -1   349   529 106
 89 2 -2   398   518 89
 90 2 -2   517   757 88
 91 1 -1   374   554 139
 92 4 -4   457   637 206
