dep90 0 0 60
**************************************DATA
6 102 480 8 1.33
**************************************DISTANCE
       0    13691    20033    16849     8655    15870     8735    13799    12630    16925    17875     2470    24136    22477    15995    10278     6626    12902     3535    18945    11026    23419     8964    11026    18432    12938    28322     3535    18432    18027    11026    24795    16052    11193    13916     2172    13548     2172    17161    15592     5883    11212    29912     3535    16098     6027    15883     7689     9482    16052     9534    11026    10967    19153    20033    24795    18569    21349    20157    19070    11314    28322    34078    17875    17875    21349    20157    29912    21995    34078    24136    20157    18432    34078    21995    17161    29912    18945    34078    23419    10246    20157    10246    21349    18124    29912    34078    18569    29912    26838    11314    26838    29912     4776    29912    26838    26838    20558    19153    24136    23137    20558    13691 
   13691        0     5899    35233     8168    34287    21805    28333     3133    38073     7122    15725    35430    40894    20190    21119    10113    28254    13380     9285    34243    11575     8754    34243    24988    16771    39420    13380    24988    36443    34243    36089    27258    23384    16239    14887    32203    14887    11801    26886     9836    15772    41205    13380    15999     8540    23831     8382    11718    27258     6169    34243    14207    40300     5899    36089     9383    10310     8274    30363     3526    39420    43002     7122     7122    10310     8274    41205     9303    43002    35430     8274    24988    43002     9303    11801    41205     9285    43002    11575     6565     8274     6565    10310     5333    41205    43002     9383    41205    41528     3526    41528    41205     9264    41205    41528    41528    12701    40300    35430    11293    12701        0 
   20033     5899        0    33120    12413    31015    25351    26458     4951    32070     2158    20029    43197    37622    24473    25424    11931    30604    17684     5417    33430    14247    13037    33430    29271    21054    43467    17684    29271    33172    33430    40372    34290    25245    20522    21652    26207    21652     8784    31169    15252    20056    48913    17684    20283    12824    28115    10397    10597    34290     7986    33430    21113    34297        0    40372    12459     6299    10945    34647     6928    43467    49223     2158     2158     6299    10945    48913    12037    49223    43197    10945    29271    49223    12037     8784    48913     5417    49223    14247    10850    10945    10850     6299     8005    48913    49223    12459    48913    41191     6928    41191    48913    12108    48913    41191    41191     8833    34297    43197    14012     8833     5899 
   16849    35233    33120        0    20128     2910    15702     5876    25057     3341    29837    15284    18202     7365    23034     7646    18810     9637    15373    32032    12627    41141    27246    12627    23657    20890    18472    15373    23657     2915    12627    21768    14961     6705    22966    15509     4469    15509    29123    17344    20590    20504    23918    15373    23718    27131    22500    20080    19349    14961    23271    12627    24765     5568    33120    21768    37875    45531    41214    18935    32808    18472    20911    29837    29837    45531    41214    23918    42306    20911    18202    41214    23657    20911    42306    29123    23918    32032    20911    41141    31011    41214    31011    45531    38274    23918    20911    37875    23918    12878    32808    12878    23918    20746    23918    12878    12878    32520     5568    18202    44583    32520    35233 
    8655     8168    12413    20128        0    19147    13973    17078     5475    20205    10255     8163    32579    25754    19308    13557     3659    18738     5818    11325    19138    18153    10698    19138    21747    16251    31601     5818    21747    21304    19138    30068    21148    14472    17229     9786    16827     9786     9541    20865     3874    14525    37876     5818    17496     7761    21156     2445     4034    21148     2564    19138    14279    22432    12413    30068    14900    14195    14852    24343     6685    31601    38149    10255    10255    14195    14852    37876    15881    38149    32579    14852    21747    38149    15881     9541    37876    11325    38149    18153    10601    14852    10601    14195    11911    37876    38149    14900    37876    30117     6685    30117    37876     3880    37876    30117    30117    12938    22432    32579    17871    12938     8168 
   15870    34287    31015     2910    19147        0    10957     3771    24078     5467    28857    14305    13982     6809    22142     5592    16706     7581    14393    29928     7957    40490    26354     7957    22765    19998    13803    14393    22765     2359     7957    17927    12253     8619    22074    14856     3043    14856    28144    15240    19611    19612    19280    14393    22826    20658    15531    19101    19562    12253    21167     7957    23818     5283    31015    17927    36983    32798    40671    16632    31972    13803    20355    28857    28857    32798    40671    19280    41360    20355    13982    40671    22765    20355    41360    28144    19280    29928    20355    40490    30198    40671    30198    32798    37731    19280    20355    36983    19280    12322    31972    12322    19280    18642    19280    12322    12322    31541     5283    13982    43691    31541    34287 
    8735    21805    25351    15702    13973    10957        0     7251    17948    16643    23193     8849    15657    17563     9953     6250    14967     6831    12655    24263     4955    28300    14165     4955    10575     7808    19700    12655    10575    13113     4955    16316     7538    13746     9885     6563     8756     6563    22479     7113    11201     7423    21432    12655    10637    11345     7403    13007    17824     7538    14852     4955    11337    20768    25351    16316    24794    32450    27786    10590    19783    19700    23303    23193    23193    32450    27786    21432    28878    23303    15657    27786    10575    23303    28878    22479    21432    24263    23303    28300    18009    27786    18009    32450    25541    21432    23303    24794    21432    20445    19783    20445    21432    10094    21432    20445    20445    25876    20768    15657    31502    25876    21805 
   13799    28333    26458     5876    17078     3771     7251        0    22007     8715    26786    12233    15175    10378    16395     3628    14634     3767    12322    27856     6756    34241    20608     6756    17018    14251    15444    12322    17018     5928     6756    19601    13188     9699    16328     9840     3370     9840    26073    11469    17539    13865    20890    12322    17079    16932    11705    17029    17491    13188    19095     6756    17865    10942    26458    19601    31236    30726    34314    13006    25908    15444    21201    26786    26786    30726    34314    20890    35406    21201    15175    34314    17018    21201    35406    26073    20890    27856    21201    34241    24111    34314    24111    30726    31373    20890    21201    31236    20890    13168    25908    13168    20890    16570    20890    13168    13168    29469    10942    15175    37944    29469    28333 
   12630     3133     4951    25057     5475    24078    17948    22007        0    25133     6174    13092    36948    30685    21708    18486     7480    23667    10747     8338    23633    13115    10272    23633    26506    18289    36530    10747    26506    26235    23633    37607    25265    20692    17757    14715    21756    14715    10854    28404     7849    17290    41975    10747    17517    11538    25349     5748     9085    25265     3535    23633    15637    27360     4951    37607    11344     9220     9814    31881     4167    36530    42286     6174     6174     9220     9814    41975    10906    42286    36948     9814    26506    42286    10906    10854    41975     8338    42286    13115     8084     9814     8084     9220     6873    41975    42286    11344    41975    34253     4167    34253    41975     7657    41975    34253    34253    11754    27360    36948    12896    11754     3133 
   16925    38073    32070     3341    20205     5467    16643     8715    25133        0    29912    15359    17437     6184    25873    10535    17760    12476    15448    30982    15466    44221    30086    15466    26496    23729    17291    15448    26496     4390    15466    21382    18947     5962    25806    20542     7308    20542    29199    20184    20667    23344    22735    15448    26557    21713    25339    20156    18606    18947    22222    15466    27604     2610    32070    21382    40714    33852    44053    21775    35704    17291    19730    29912    29912    33852    44053    22735    45146    19730    17437    44053    26496    19730    45146    29199    22735    30982    19730    44221    33929    44053    33929    33852    41462    22735    19730    40714    22735    11697    35704    11697    22735    19696    22735    11697    11697    32597     2610    17437    47422    32597    38073 
   17875     7122     2158    29837    10255    28857    23193    26786     6174    29912        0    17871    41039    35464    25697    23266    12879    28446    15526     8410    28413    15470    14260    28413    30494    22278    41309    15526    30494    31014    28413    41595    30510    23087    21745    19494    26535    19494     6626    32392    13094    21279    46755    15526    21506    16980    29338    11564     8439    30510     9210    28413    22336    32139     2158    41595    13682     7523    12168    35870     8151    41309    47065        0        0     7523    12168    46755    13261    47065    41039    12168    30494    47065    13261     6626    46755     8410    47065    15470    12073    12168    12073     7523     9228    46755    47065    13682    46755    39033     8151    39033    46755    13099    46755    39033    39033    10023    32139    41039    15235    10023     7122 
    2470    15725    20029    15284     8163    14305     8849    12233    13092    15359    17871        0    24285    20912    17226     8713     5720    13893     2629    18942    13860    24650    10195    13860    19203    14169    26756     2629    19203    16461    13860    24943    16200     9628    15147     3087    11982     3087    17158    15740     7114    12443    33031     2629    17329     7258    16031     8115     8576    16200    10181    13860    12198    17588    20029    24943    19800    21812    21388    19218    12545    26756    32513    17871    17871    21812    21388    33031    23226    32513    24285    21388    19203    32513    23226    17158    33031    18942    32513    24650    11477    21388    11477    21812    19355    33031    32513    19800    33031    25272    12545    25272    33031     6007    33031    25272    25272    20555    17588    24285    24368    20555    15725 
   24136    35430    43197    18202    32579    13982    15657    15175    36948    17437    41039    24285        0    15719    20204    18256    28888    15691    27823    42110    19781    41338    27526    19781    21477    21169     3723    27823    21477    16041    19781     4760     8566    21646    23246    26259    15319    26259    41573    11856    26637    20783     6912    27823    23997    26930    14174    28444    31744     8566    33349    19781    22126    16308    43197     4760    38154    45811    41411    10162    33005     3723     6814    41039    41039    45811    41411     6912    42503     6814        0    41411    21477     6814    42503    41573     6912    42110     6814    41338    31208    41411    31208    45811    38470     6912     6814    38154     6912    11206    33005    11206     6912    25679     6912    11206    11206    48934    16308        0    44862    48934    35430 
   22477    40894    37622     7365    25754     6809    17563    10378    30685     6184    35464    20912    15719        0    28749    12199    23312    14188    21000    36534    14564    47097    32961    14564    29371    26604    16312    21000    29371     4787    14564    19664    17229    11763    28681    21462     9650    21462    34751    18849    26217    26219    21017    21000    29433    27265    22138    25708    26169    17229    27774    14564    30425     5055    37622    19664    43590    39404    46874    19939    38579    16312    15723    35464    35464    39404    46874    21017    47966    15723    15719    46874    29371    15723    47966    34751    21017    36534    15723    47097    36805    46874    36805    39404    44337    21017    15723    43590    21017     7690    38579     7690    21017    25248    21017     7690     7690    38147     5055    15719    50298    38147    40894 
   15995    20190    24473    23034    19308    22142     9953    16395    21708    25873    25697    17226    20204    28749        0    17019    19600    16041    18291    30278    14185    24851    12170    14185     6215     3403    25313    18291     6215    24299    14185    22029    11936    22977     2632    16260    20003    16260    32794     9947    18663     6154    25980    18291     5303    12423     6526    18342    22918    11936    22618    14185     5521    28100    24473    22029    25564    30140    26170    15160    17765    25313    28916    25697    25697    30140    26170    25980    27262    28916    20204    26170     6215    28916    27262    32794    25980    30278    28916    24851    15967    26170    15967    30140    23230    25980    28916    25564    25980    29563    17765    29563    25980    15428    25980    29563    29563    33694    28100    20204    29190    33694    20190 
   10278    21119    25424     7646    13557     5592     6250     3628    18486    10535    23266     8713    18256    12199    17019        0    11114     6106     8802    24336     7543    34357    21231     7543    17641    14874    18043     8802    17641     7749     7543    22201    13788     6958    16951     8663     3270     8663    22552    13356    14019    14489    23489     8802    17702    15066    13647    13509    13971    13788    15575     7543    12339    12762    25424    22201    31860    27206    34430    16834    18988    18043    23800    23266    23266    27206    34430    23489    35522    23800    18256    34430    17641    23800    35522    22552    23489    24336    23800    34357    24227    34430    24227    27206    31489    23489    23800    31860    23489    15767    18988    15767    23489    13050    23489    15767    15767    25949    12762    18256    38568    25949    21119 
    6626    10113    11931    18810     3659    16706    14967    14634     7480    17760    12879     5720    28888    23312    19600    11114        0    16294     3374    13949    16261    21327    10990    16261    21489    16543    29157     3374    21489    18862    16261    31277    22505    13319    16980     7342    14383     7342    12165    21973     4167    14817    34603     3374    17788     7512    22324     2737     5192    22505     4582    16261    14031    19987    11931    31277    16432    15979    18026    26070     8256    29157    34914    12879    12879    15979    18026    34603    17886    34914    28888    18026    21489    34914    17886    12165    34603    13949    34914    21327     9830    18026     9830    15979    13853    34603    34914    16432    34603    26881     8256    26881    34603     4172    34603    26881    26881    15562    19987    28888    21046    15562    10113 
   12902    28254    30604     9637    18738     7581     6831     3767    23667    12476    28446    13893    15691    14188    16041     6106    16294        0    13982    29516    12744    34389    20253    12744    16664    13897    16716    13982    16664     9738    12744    16350     5756    13460    15973    10730     7136    10730    27733     6937    16433    13511    21466    13982    16725    16577     8975    18690    19151     5756    20756    12744    16520    12662    30604    16350    30882    38538    34570     9406    25871    16716    20320    28446    28446    38538    34570    21466    35052    20320    15691    34570    16664    20320    35052    27733    21466    29516    20320    34389    24097    34570    24097    38538    31630    21466    20320    30882    21466    16961    25871    16961    21466    15326    21466    16961    16961    31129    12662    15691    37590    31129    28254 
    3535    13380    17684    15373     5818    14393    12655    12322    10747    15448    15526     2629    27823    21000    18291     8802     3374    13982        0    16597    13949    24132    11260    13949    24047    15235    26845        0    24047    16550    13949    26109    20193    11007    16212     4252    12071     4252    14813    16906     6279    13508    33120        0    19040     8324    17196     5770     6231    20193     7836    13949    13263    17677    17684    26109    19282    19467    20060    20383    11249    26845    32601    15526    15526    19467    20060    33120    21153    32601    27823    20060    24047    32601    21153    14813    33120    16597    32601    24132    12506    20060    12506    19467    17183    33120    32601    19282    33120    25361    11249    25361    33120     5310    33120    25361    25361    18210    17677    27823    23850    18210    13380 
   18945     9285     5417    32032    11325    29928    24263    27856     8338    30982     8410    18942    42110    36534    30278    24336    13949    29516    16597        0    29483    17634    16424    29483    35076    26859    42379    16597    35076    32084    29483    46177    31580    24157    26986    20564    27605    20564     2516    31048    14164    25861    47825    16597    26087    18050    31398    12635     9509    31580    11373    29483    24500    33209     5417    46177    15846     4668    14332    35144    10314    42379    48136     8410     8410     4668    14332    47825    15424    48136    42110    14332    35076    48136    15424     2516    47825        0    48136    17634    14237    14332    14237     4668    11391    47825    48136    15846    47825    40103    10314    40103    47825    14169    47825    40103    40103     5155    33209    42110    17352     5155     9285 
   11026    34243    33430    12627    19138     7957     4955     6756    23633    15466    28413    13860    19781    14564    14185     7543    16261    12744    13949    29483        0    32533    18398        0    14808    12041    21196    13949    14808    10113        0    20440    20341     8791    14118     8854    10126     8854    27699    11237    19599    11655    27710    13949    14869    18282    13651    18656    19117    20341    20722        0    23774    15652    33430    20440    29026    36683    40223    14714    24015    21196    28109    28413    28413    36683    40223    27710    41315    28109    19781    40223    14808    28109    41315    27699    27710    29483    28109    32533    22241    40223    22241    36683    29774    27710    28109    29026    27710    19951    24015    19951    27710    13450    27710    19951    19951    31529    15652    19781    35734    31529    34243 
   23419    11575    14247    41141    18153    40490    28300    34241    13115    44221    15470    24650    41338    47097    24851    34357    21327    34389    24132    17634    32533        0    22289    32533    30895    23596    45555    24132    30895    42646    32533    41996    33393    41324    22772    24655    38110    24655    20150    32793    19564    25055    47113    24132    22361    18308    29739    19596    21701    33393    16151    32533    23699    46208    14247    41996     3450    17500     3838    36271    13294    45555    49158    15470    15470    17500     3838    47113     8079    49158    41338     3838    30895    49158     8079    20150    47113    17634    49158        0    16617     3838    16617    17500     6154    47113    49158     3450    47113    47436    13294    47436    47113    19032    47113    47436    47436    21096    46208    41338     4358    21096    11575 
    8964     8754    13037    27246    10698    26354    14165    20608    10272    30086    14260    10195    27526    32961    12170    21231    10990    20253    11260    16424    18398    22289        0    18398    17614     8751    31420    11260    17614    28511    18398    28069    19257    27189     8567    10161    24183    10161    19204    18725     7926     7753    36865    11260     7980     3813    15046     9732    14308    19257    11582    18398     6081    32313    13037    28069    14393    17085    18987    22822     6329    31420    35023    14260    14260    17085    18987    36865    20080    35023    27526    18987    17614    35023    20080    19204    36865    16424    35023    22289     4254    18987     4254    17085    16047    36865    35023    14393    36865    33775     6329    33775    36865     6818    36865    33775    33775    19840    32313    27526    22007    19840     8754 
   11026    34243    33430    12627    19138     7957     4955     6756    23633    15466    28413    13860    19781    14564    14185     7543    16261    12744    13949    29483        0    32533    18398        0    14808    12041    21196    13949    14808    10113        0    20440    20341     8791    14118     8854    10126     8854    27699    11237    19599    11655    27710    13949    14869    18282    13651    18656    19117    20341    20722        0    23774    15652    33430    20440    29026    36683    40223    14714    24015    21196    28109    28413    28413    36683    40223    27710    41315    28109    19781    40223    14808    28109    41315    27699    27710    29483    28109    32533    22241    40223    22241    36683    29774    27710    28109    29026    27710    19951    24015    19951    27710    13450    27710    19951    19951    31529    15652    19781    35734    31529    34243 
   18432    24988    29271    23657    21747    22765    10575    17018    26506    26496    30494    19203    21477    29371     6215    17641    21489    16664    24047    35076    14808    30895    17614    14808        0     9178    25935    24047        0    24921    14808    21123    12559    23599     8476    16883    21547    16883    30253     7256    18975     9561    27252    24047    11078    16203     6854    20781    29216    12559    22616    14808    11430    28723    29271    21123    27474    34938    30968     9336    22562    25935    27154    30494    30494    34938    30968    27252    32060    27154    21477    30968        0    27154    32060    30253    27252    35076    27154    30895    20765    30968    20765    34938    28028    27252    27154    27474    27252    30186    22562    30186    27252    17858    27252    30186    30186    38492    28723    21477    33988    38492    24988 
   12938    16771    21054    20890    16251    19998     7808    14251    18289    23729    22278    14169    21169    26604     3403    14874    16543    13897    15235    26859    12041    23596     8751    12041     9178        0    25063    15235     9178    22154    12041    21598    12901    20832     1574    14116    17712    14116    24757     9570    13479     2041    30509    15235     4245     9366     8147    15285    19861    12901    21357    12041     3974    25956    21054    21598    22001    26721    22751    16465    14346    25063    28666    22278    22278    26721    22751    30509    23844    28666    21169    22751     9178    28666    23844    24757    30509    26859    28666    23596    12548    22751    12548    26721    19811    30509    28666    22001    30509    27419    14346    27419    30509    12371    30509    27419    27419    30275    25956    21169    25771    30275    16771 
   28322    39420    43467    18472    31601    13803    19700    15444    36530    17291    41309    26756     3723    16312    25313    18043    29157    16716    26845    42379    21196    45555    31420    21196    25935    25063        0    26845    25935    15894    21196     7668    11159    21913    27140    26528    15589    26528    40596    14442    30680    24677     9021    26845    27891    30824    21214    31552    32014    11159    33618    21196    24964    16162    43467     7668    42048    49705    45736    12749    37037        0     4230    41309    41309    49705    45736     9021    46471     4230     3723    45736    25935     4230    46471    40596     9021    42379     4230    45555    35263    45736    35263    49705    42796     9021     4230    42048     9021     8621    37037     8621     9021    29573     9021     8621     8621    43992    16162     3723    48756    43992    39420 
    3535    13380    17684    15373     5818    14393    12655    12322    10747    15448    15526     2629    27823    21000    18291     8802     3374    13982        0    16597    13949    24132    11260    13949    24047    15235    26845        0    24047    16550    13949    26109    20193    11007    16212     4252    12071     4252    14813    16906     6279    13508    33120        0    19040     8324    17196     5770     6231    20193     7836    13949    13263    17677    17684    26109    19282    19467    20060    20383    11249    26845    32601    15526    15526    19467    20060    33120    21153    32601    27823    20060    24047    32601    21153    14813    33120    16597    32601    24132    12506    20060    12506    19467    17183    33120    32601    19282    33120    25361    11249    25361    33120     5310    33120    25361    25361    18210    17677    27823    23850    18210    13380 
   18432    24988    29271    23657    21747    22765    10575    17018    26506    26496    30494    19203    21477    29371     6215    17641    21489    16664    24047    35076    14808    30895    17614    14808        0     9178    25935    24047        0    24921    14808    21123    12559    23599     8476    16883    21547    16883    30253     7256    18975     9561    27252    24047    11078    16203     6854    20781    29216    12559    22616    14808    11430    28723    29271    21123    27474    34938    30968     9336    22562    25935    27154    30494    30494    34938    30968    27252    32060    27154    21477    30968        0    27154    32060    30253    27252    35076    27154    30895    20765    30968    20765    34938    28028    27252    27154    27474    27252    30186    22562    30186    27252    17858    27252    30186    30186    38492    28723    21477    33988    38492    24988 
   18027    36443    33172     2915    21304     2359    13113     5928    26235     4390    31014    16461    16041     4787    24299     7749    18862     9738    16550    32084    10113    42646    28511    10113    24921    22154    15894    16550    24921        0    10113    19986    14409     8603    24231    17012     5200    17012    30301    17397    21767    21769    21338    16550    24983    22815    17688    21258    21719    14409    23324    10113    25975     3261    33172    19986    39140    34954    42424    18789    34129    15894    18333    31014    31014    34954    42424    21338    43516    18333    16041    42424    24921    18333    43516    30301    21338    32084    18333    42646    32355    42424    32355    34954    39887    21338    18333    39140    21338    10301    34129    10301    21338    20798    21338    10301    10301    33697     3261    16041    45848    33697    36443 
   11026    34243    33430    12627    19138     7957     4955     6756    23633    15466    28413    13860    19781    14564    14185     7543    16261    12744    13949    29483        0    32533    18398        0    14808    12041    21196    13949    14808    10113        0    20440    20341     8791    14118     8854    10126     8854    27699    11237    19599    11655    27710    13949    14869    18282    13651    18656    19117    20341    20722        0    23774    15652    33430    20440    29026    36683    40223    14714    24015    21196    28109    28413    28413    36683    40223    27710    41315    28109    19781    40223    14808    28109    41315    27699    27710    29483    28109    32533    22241    40223    22241    36683    29774    27710    28109    29026    27710    19951    24015    19951    27710    13450    27710    19951    19951    31529    15652    19781    35734    31529    34243 
   24795    36089    40372    21768    30068    17927    16316    19601    37607    21382    41595    24943     4760    19664    22029    22201    31277    16350    26109    46177    20440    41996    28069    20440    21123    21598     7668    26109    21123    19986    20440        0     9225    25591    25230    22623    20014    22623    38574    12778    27296    21433    10599    26109    24456    26235    19470    29102    34134     9225    30934    20440    22785    20253    40372        0    40111    46039    42069    10848    33664     7668    10759    41595    41595    46039    42069    10599    43161    10759     4760    42069    21123    10759    43161    38574    10599    46177    10759    41996    31866    42069    31866    46039    39129    10599    10759    40111    10599    15150    33664    15150    10599    26188    10599    15150    15150    49593    20253     4760    45089    49593    36089 
   16052    27258    34290    14961    21148    12253     7538    13188    25265    18947    30510    16200     8566    17229    11936    13788    22505     5756    20193    31580    20341    33393    19257    20341    12559    12901    11159    20193    12559    14409    20341     9225        0    20311    14977    13880    14038    13880    29796     3588    18518    12515    14341    20193    15729    18662     5906    20324    25362        0    22169    20341    12217    17817    34290     9225    29886    37542    33574     6024    24875    11159    14243    30510    30510    37542    33574    14341    34241    14243     8566    33574    12559    14243    34241    29796    14341    31580    14243    33393    23101    33574    23101    37542    30634    14341    14243    29886    14341    16796    24875    16796    14341    17411    14341    16796    16796    33193    17817     8566    36594    33193    27258 
   11193    23384    25245     6705    14472     8619    13746     9699    20692     5962    23087     9628    21646    11763    22977     6958    13319    13460    11007    24157     8791    41324    27189     8791    23599    20832    21913    11007    23599     8603     8791    25591    20311        0    22909    11810     6751    11810    22373    20028    16224    20447    26944    11007    23660    15981    22442    15715    12645    20311    17781     8791    23455     8189    25245    25591    37817    29411    41506    23506    21193    21913    25309    23087    23087    29411    41506    26944    41341    25309    21646    41506    23599    25309    41341    22373    26944    24157    25309    41324    20200    41506    20200    29411    38565    26944    25309    37817    26944    17276    21193    17276    26944    15255    26944    17276    17276    25770     8189    21646    44526    25770    23384 
   13916    16239    20522    22966    17229    22074     9885    16328    17757    25806    21745    15147    23246    28681     2632    16951    16980    15973    16212    26986    14118    22772     8567    14118     8476     1574    27140    16212     8476    24231    14118    25230    14977    22909        0    14265    21344    14265    28843    12210    14712     4075    32585    16212     3224    10344     8717    16263    20839    14977    21159    14118     3442    28033    20522    25230    21803    26852    22219    15085    13813    27140    30743    21745    21745    26852    22219    32585    23311    30743    23246    22219     8476    30743    23311    28843    32585    26986    30743    22772    12016    22219    12016    26852    19279    32585    30743    21803    32585    29495    13813    29495    32585    13349    32585    29495    29495    29743    28033    23246    25904    29743    16239 
    2172    14887    21652    15509     9786    14856     6563     9840    14715    20542    19494     3087    26259    21462    16260     8663     7342    10730     4252    20564     8854    24655    10161     8854    16883    14116    26528     4252    16883    17012     8854    22623    13880    11810    14265        0    11133        0    18781    13420     7080    11561    31974     4252    16944     7224    13711     8886    10199    13880    11804     8854    11218    22769    21652    22623    19765    23435    21354    16898    12462    26528    32285    19494    19494    23435    21354    31974    23192    32285    26259    21354    16883    32285    23192    18781    31974    20564    32285    24655    11407    21354    11407    23435    19159    31974    32285    19765    31974    24252    12462    24252    31974     5972    31974    24252    24252    22177    22769    26259    24333    22177    14887 
   13548    32203    26207     4469    16827     3043     8756     3370    21756     7308    26535    11982    15319     9650    20003     3270    14383     7136    12071    27605    10126    38110    24183    10126    21547    17712    15589    12071    21547     5200    10126    20014    14038     6751    21344    11133        0    11133    25822    14724    17288    17473    21035    12071    20687    17327    15075    16779    17240    14038    18845    10126    21734     9535    26207    20014    34844    30255    38183    16375    29778    15589    21345    26535    26535    30255    38183    21035    39275    21345    15319    38183    21547    21345    39275    25822    21035    27605    21345    38110    27980    38183    27980    30255    35243    21035    21345    34844    21035    13313    29778    13313    21035    16319    21035    13313    13313    29218     9535    15319    41203    29218    32203 
    2172    14887    21652    15509     9786    14856     6563     9840    14715    20542    19494     3087    26259    21462    16260     8663     7342    10730     4252    20564     8854    24655    10161     8854    16883    14116    26528     4252    16883    17012     8854    22623    13880    11810    14265        0    11133        0    18781    13420     7080    11561    31974     4252    16944     7224    13711     8886    10199    13880    11804     8854    11218    22769    21652    22623    19765    23435    21354    16898    12462    26528    32285    19494    19494    23435    21354    31974    23192    32285    26259    21354    16883    32285    23192    18781    31974    20564    32285    24655    11407    21354    11407    23435    19159    31974    32285    19765    31974    24252    12462    24252    31974     5972    31974    24252    24252    22177    22769    26259    24333    22177    14887 
   17161    11801     8784    29123     9541    28144    22479    26073    10854    29199     6626    17158    41573    34751    32794    22552    12165    27733    14813     2516    27699    20150    19204    27699    30253    24757    40596    14813    30253    30301    27699    38574    29796    22373    28843    18781    25822    18781        0    29371    12380    23030    46871    14813    28604    16267    29662    10951     7725    29796    11070    27699    22785    31426     8784    38574    18362     7184    16848    32849    12835    40596    46352     6626     6626     7184    16848    46871    17940    46352    41573    16848    30253    46352    17940        0    46871     2516    46352    20150    16753    16848    16753     7184    13954    46871    46352    18362    46871    39112    12835    39112    46871    12385    46871    39112    39112     4129    31426    41573    19914     4129    11801 
   15592    26886    31169    17344    20865    15240     7113    11469    28404    20184    32392    15740    11856    18849     9947    13356    21973     6937    16906    31048    11237    32793    18725    11237     7256     9570    14442    16906     7256    17397    11237    12778     3588    20028    12210    13420    14724    13420    29371        0    18093     9184    17631    16906    15197    15118     2507    19899    24830     3588    21637    11237    11033    22411    31169    12778    29354    37010    32866     7608    24461    14442    17532    32392    32392    37010    32866    17631    33958    17532    11856    32866     7256    17532    33958    29371    17631    31048    17532    32793    22663    32866    22663    37010    29926    17631    17532    29354    17631    19872    24461    19872    17631    16879    17631    19872    19872    40390    22411    11856    35886    40390    26886 
    5883     9836    15252    20590     3874    19611    11201    17539     7849    20667    13094     7114    26637    26217    18663    14019     4167    16433     6279    14164    19599    19564     7926    19599    18975    13479    30680     6279    18975    21767    19599    27296    18518    16224    14712     7080    17288     7080    12380    18093        0    11752    32412     6279    14472     4989    18384     2909     7485    18518     4754    19599    11507    22894    15252    27296    14714    16568    16302    21571     7460    30680    34284    13094    13094    16568    16302    32412    18726    34284    26637    16302    18975    34284    18726    12380    32412    14164    34284    19564     6977    16302     6977    16568    14856    32412    34284    14714    32412    30578     7460    30578    32412     1377    32412    30578    30578    15777    22894    26637    19282    15777     9836 
   11212    15772    20056    20504    14525    19612     7423    13865    17290    23344    21279    12443    20783    26219     6154    14489    14817    13511    13508    25861    11655    25055     7753    11655     9561     2041    24677    13508     9561    21769    11655    21433    12515    20447     4075    11561    17473    11561    23030     9184    11752        0    30123    13508     4566     7640     7762    13559    18135    12515    15390    11655     4190    25571    20056    21433    21147    25722    21753    16080    13347    24677    28281    21279    21279    25722    21753    30123    22845    28281    20783    21753     9561    28281    22845    23030    30123    25861    28281    25055    11550    21753    11550    25722    18812    30123    28281    21147    30123    27033    13347    27033    30123    10645    30123    27033    27033    29277    25571    20783    24773    29277    15772 
   29912    41205    48913    23918    37876    19280    21432    20890    41975    22735    46755    33031     6912    21017    25980    23489    34603    21466    33120    47825    27710    47113    36865    27710    27252    30509     9021    33120    27252    21338    27710    10599    14341    26944    32585    31974    21035    31974    46871    17631    32412    30123        0    33120    33337    36270    19949    36998    37460    14341    39064    27710    27901    21606    48913    10599    47494    55150    47186    15938    42483     9021    12111    46755    46755    55150    47186        0    48278    12111     6912    47186    27252    12111    48278    46871        0    47825    12111    47113    36983    47186    36983    55150    48242        0    12111    47494        0    16503    42483    16503        0    35019        0    16503    16503    50267    21606     6912    54202    50267    41205 
    3535    13380    17684    15373     5818    14393    12655    12322    10747    15448    15526     2629    27823    21000    18291     8802     3374    13982        0    16597    13949    24132    11260    13949    24047    15235    26845        0    24047    16550    13949    26109    20193    11007    16212     4252    12071     4252    14813    16906     6279    13508    33120        0    19040     8324    17196     5770     6231    20193     7836    13949    13263    17677    17684    26109    19282    19467    20060    20383    11249    26845    32601    15526    15526    19467    20060    33120    21153    32601    27823    20060    24047    32601    21153    14813    33120    16597    32601    24132    12506    20060    12506    19467    17183    33120    32601    19282    33120    25361    11249    25361    33120     5310    33120    25361    25361    18210    17677    27823    23850    18210    13380 
   16098    15999    20283    23718    17496    22826    10637    17079    17517    26557    21506    17329    23997    29433     5303    17702    17788    16725    19040    26087    14869    22361     7980    14869    11078     4245    27891    19040    11078    24983    14869    24456    15729    23660     3224    16944    20687    16944    28604    15197    14472     4566    33337    19040        0    10947    10692    16530    21106    15729    18428    14869     3778    28784    20283    24456    21029    25949    21980    19293    13574    27891    31494    21506    21506    25949    21980    33337    23072    31494    23997    21980    11078    31494    23072    28604    33337    26087    31494    22361    11777    21980    11777    25949    19039    33337    31494    21029    33337    30247    13574    30247    33337    13900    33337    30247    30247    29503    28784    23997    24999    29503    15999 
    6027     8540    12824    27131     7761    20658    11345    16932    11538    21713    16980     7258    26930    27265    12423    15066     7512    16577     8324    18050    18282    18308     3813    18282    16203     9366    30824     8324    16203    22815    18282    26235    18662    15981    10344     7224    17327     7224    16267    15118     4989     7640    36270     8324    10947        0    14389     6795    11371    18662     8640    18282     7395    23940    12824    26235    13418    16872    15006    22227     6115    30824    34427    16980    16980    16872    15006    36270    16845    34427    26930    15006    16203    34427    16845    16267    36270    18050    34427    18308     5059    15006     5059    16872    12812    36270    34427    13418    36270    30099     6115    30099    36270     3881    36270    30099    30099    19663    23940    26930    18026    19663     8540 
   15883    23831    28115    22500    21156    15531     7403    11705    25349    25339    29338    16031    14174    22138     6526    13647    22324     8975    17196    31398    13651    29739    15046    13651     6854     8147    21214    17196     6854    17688    13651    19470     5906    22442     8717    13711    15075    13711    29662     2507    18384     7762    19949    17196    10692    14389        0    20190    25181     5906    21988    13651    10273    27566    28115    19470    25674    33331    29811     7396    21406    21214    19851    29338    29338    33331    29811    19949    30904    19851    14174    29811     6854    19851    30904    29662    19949    31398    19851    29739    19608    29811    19608    33331    26871    19949    19851    25674    19949    24448    21406    24448    19949    17229    19949    24448    24448    37335    27566    14174    32383    37335    23831 
    7689     8382    10397    20080     2445    19101    13007    17029     5748    20156    11564     8115    28444    25708    18342    13509     2737    18690     5770    12635    18656    19596     9732    18656    20781    15285    31552     5770    20781    21258    18656    29102    20324    15715    16263     8886    16779     8886    10951    19899     2909    13559    36998     5770    16530     6795    20190        0     5955    20324     2851    18656    13313    22383    10397    29102    14700    14665    16294    23377     6484    31552    37309    11564    11564    14665    16294    36998    16154    37309    28444    16294    20781    37309    16154    10951    36998    12635    37309    19596     8999    16294     8999    14665    12121    36998    37309    14700    36998    29276     6484    29276    36998     2914    36998    29276    29276    14348    22383    28444    19268    14348     8382 
    9482    11718    10597    19349     4034    19562    17824    17491     9085    18606     8439     8576    31744    26169    22918    13971     5192    19151     6231     9509    19117    21701    14308    19117    29216    19861    32014     6231    29216    21719    19117    34134    25362    12645    20839    10199    17240    10199     7725    24830     7485    18135    37460     6231    21106    11371    25181     5955        0    25362     6174    19117    17889    20833    10597    34134    18510    14172    18399    28927    10273    32014    37770     8439     8439    14172    18399    37460    19491    37770    31744    18399    29216    37770    19491     7725    37460     9509    37770    21701    13575    18399    13575    14172    15458    37460    37770    18510    37460    29738    10273    29738    37460     7490    37460    29738    29738    11122    20833    31744    21419    11122    11718 
   16052    27258    34290    14961    21148    12253     7538    13188    25265    18947    30510    16200     8566    17229    11936    13788    22505     5756    20193    31580    20341    33393    19257    20341    12559    12901    11159    20193    12559    14409    20341     9225        0    20311    14977    13880    14038    13880    29796     3588    18518    12515    14341    20193    15729    18662     5906    20324    25362        0    22169    20341    12217    17817    34290     9225    29886    37542    33574     6024    24875    11159    14243    30510    30510    37542    33574    14341    34241    14243     8566    33574    12559    14243    34241    29796    14341    31580    14243    33393    23101    33574    23101    37542    30634    14341    14243    29886    14341    16796    24875    16796    14341    17411    14341    16796    16796    33193    17817     8566    36594    33193    27258 
    9534     6169     7986    23271     2564    21167    14852    19095     3535    22222     9210    10181    33349    27774    22618    15575     4582    20756     7836    11373    20722    16151    11582    20722    22616    21357    33618     7836    22616    23324    20722    30934    22169    17781    21159    11804    18845    11804    11070    21637     4754    15390    39064     7836    18428     8640    21988     2851     6174    22169        0    20722    15158    24449     7986    30934    13293    12034    12849    25734     7197    33618    39375     9210     9210    12034    12849    39064    13941    39375    33349    12849    22616    39375    13941    11070    39064    11373    39375    16151    11120    12849    11120    12034     9908    39064    39375    13293    39064    31342     7197    31342    39064     4759    39064    31342    31342    14789    24449    33349    15869    14789     6169 
   11026    34243    33430    12627    19138     7957     4955     6756    23633    15466    28413    13860    19781    14564    14185     7543    16261    12744    13949    29483        0    32533    18398        0    14808    12041    21196    13949    14808    10113        0    20440    20341     8791    14118     8854    10126     8854    27699    11237    19599    11655    27710    13949    14869    18282    13651    18656    19117    20341    20722        0    23774    15652    33430    20440    29026    36683    40223    14714    24015    21196    28109    28413    28413    36683    40223    27710    41315    28109    19781    40223    14808    28109    41315    27699    27710    29483    28109    32533    22241    40223    22241    36683    29774    27710    28109    29026    27710    19951    24015    19951    27710    13450    27710    19951    19951    31529    15652    19781    35734    31529    34243 
   10967    14207    21113    24765    14279    23818    11337    17865    15637    27604    22336    12198    22126    30425     5521    12339    14031    16520    13263    24500    23774    23699     6081    23774    11430     3974    24964    13263    11430    25975    23774    22785    12217    23455     3442    11218    21734    11218    22785    11033    11507     4190    27901    13263     3778     7395    10273    13313    17889    12217    15158    23774        0    29831    21113    22785    19317    24366    20398    17059    11699    24964    29698    22336    22336    24366    20398    27901    21280    29698    22126    20398    11430    29698    21280    22785    27901    24500    29698    23699     9924    20398     9924    24366    17457    27901    29698    19317    27901    31059    11699    31059    27901    10400    27901    31059    31059    27915    29831    22126    23418    27915    14207 
   19153    40300    34297     5568    22432     5283    20768    10942    27360     2610    32139    17588    16308     5055    28100    12762    19987    12662    17677    33209    15652    46208    32313    15652    28723    25956    16162    17677    28723     3261    15652    20253    17817     8189    28033    22769     9535    22769    31426    22411    22894    25571    21606    17677    28784    23940    27566    22383    20833    17817    24449    15652    29831        0    34297    20253    42941    36079    46281    20528    37931    16162    18601    32139    32139    36079    46281    21606    47373    18601    16308    46281    28723    18601    47373    31426    21606    33209    18601    46208    36077    46281    36077    36079    43689    21606    18601    42941    21606    10568    37931    10568    21606    21923    21606    10568    10568    34824        0    16308    49649    34824    40300 
   20033     5899        0    33120    12413    31015    25351    26458     4951    32070     2158    20029    43197    37622    24473    25424    11931    30604    17684     5417    33430    14247    13037    33430    29271    21054    43467    17684    29271    33172    33430    40372    34290    25245    20522    21652    26207    21652     8784    31169    15252    20056    48913    17684    20283    12824    28115    10397    10597    34290     7986    33430    21113    34297        0    40372    12459     6299    10945    34647     6928    43467    49223     2158     2158     6299    10945    48913    12037    49223    43197    10945    29271    49223    12037     8784    48913     5417    49223    14247    10850    10945    10850     6299     8005    48913    49223    12459    48913    41191     6928    41191    48913    12108    48913    41191    41191     8833    34297    43197    14012     8833     5899 
   24795    36089    40372    21768    30068    17927    16316    19601    37607    21382    41595    24943     4760    19664    22029    22201    31277    16350    26109    46177    20440    41996    28069    20440    21123    21598     7668    26109    21123    19986    20440        0     9225    25591    25230    22623    20014    22623    38574    12778    27296    21433    10599    26109    24456    26235    19470    29102    34134     9225    30934    20440    22785    20253    40372        0    40111    46039    42069    10848    33664     7668    10759    41595    41595    46039    42069    10599    43161    10759     4760    42069    21123    10759    43161    38574    10599    46177    10759    41996    31866    42069    31866    46039    39129    10599    10759    40111    10599    15150    33664    15150    10599    26188    10599    15150    15150    49593    20253     4760    45089    49593    36089 
   18569     9383    12459    37875    14900    36983    24794    31236    11344    40714    13682    19800    38154    43590    25564    31860    16432    30882    19282    15846    29026     3450    14393    29026    27474    22001    42048    19282    27474    39140    29026    40111    29886    37817    21803    19765    34844    19765    18362    29354    14714    21147    47494    19282    21029    13418    25674    14700    18510    29886    13293    29026    19317    42941    12459    40111        0    15707     5149    33451     8216    42048    45651    13682    13682    15707     5149    47494     8531    45651    38154     5149    27474    45651     8531    18362    47494    15846    45651     3450     9857     5149     9857    15707     6743    47494    45651        0    47494    44404     8216    44404    47494    14142    47494    44404    44404    19262    42941    38154     7455    19262     9383 
   21349    10310     6299    45531    14195    32798    32450    30726     9220    33852     7523    21812    45811    39404    30140    27206    15979    38538    19467     4668    36683    17500    17085    36683    34938    26721    49705    19467    34938    34954    36683    46039    37542    29411    26852    23435    30255    23435     7184    37010    16568    25722    55150    19467    25949    16872    33331    14665    14172    37542    12034    36683    24366    36079     6299    46039    15707        0    14198    41107    11196    49705    53308     7523     7523        0    14198    55150    15290    53308    45811    14198    34938    53308    15290     7184    55150     4668    53308    17500    17283    14198    17283        0    11258    55150    53308    15707    55150    42973    11196    42973    55150    16156    55150    42973    42973     4336    36079    45811    17218     4336    10310 
   20157     8274    10945    41214    14852    40671    27786    34314     9814    44053    12168    21388    41411    46874    26170    34430    18026    34570    20060    14332    40223     3838    18987    40223    30968    22751    45736    20060    30968    42424    40223    42069    33574    41506    22219    21354    38183    21354    16848    32866    16302    21753    47186    20060    21980    15006    29811    16294    18399    33574    12849    40223    20398    46281    10945    42069     5149    14198        0    36344     9993    45736    48982    12168    12168    14198        0    47186     4640    48982    41411        0    30968    48982     4640    16848    47186    14332    48982     3838    13189        0    13189    14198     2852    47186    48982     5149    47186    47509     9993    47509    47186    15730    47186    47509    47509    17748    46281    41411     3556    17748     8274 
   19070    30363    34647    18935    24343    16632    10590    13006    31881    21775    35870    19218    10162    19939    15160    16834    26070     9406    20383    35144    14714    36271    22822    14714     9336    16465    12749    20383     9336    18789    14714    10848     6024    23506    15085    16898    16375    16898    32849     7608    21571    16080    15938    20383    19293    22227     7396    23377    28927     6024    25734    14714    17059    20528    34647    10848    33451    41107    36344        0    27938    12749    15839    35870    35870    41107    36344    15938    37436    15839    10162    36344     9336    15839    37436    32849    15938    35144    15839    36271    26141    36344    26141    41107    33403    15938    15839    33451    15938    20231    27938    20231    15938    20975    15938    20231    20231    43868    20528    10162    40159    43868    30363 
   11314     3526     6928    32808     6685    31972    19783    25908     4167    35704     8151    12545    33005    38579    17765    18988     8256    25871    11249    10314    24015    13294     6329    24015    22562    14346    37037    11249    22562    34129    24015    33664    24875    21193    13813    12462    29778    12462    12835    24461     7460    13347    42483    11249    13574     6115    21406     6484    10273    24875     7197    24015    11699    37931     6928    33664     8216    11196     9993    27938        0    37037    40641     8151     8151    11196     9993    42483    12452    40641    33005     9993    22562    40641    12452    12835    42483    10314    40641    13294     4146     9993     4146    11196     8325    42483    40641     8216    42483    39393        0    39393    42483     6839    42483    39393    39393    13734    37931    33005    12784    13734     3526 
   28322    39420    43467    18472    31601    13803    19700    15444    36530    17291    41309    26756     3723    16312    25313    18043    29157    16716    26845    42379    21196    45555    31420    21196    25935    25063        0    26845    25935    15894    21196     7668    11159    21913    27140    26528    15589    26528    40596    14442    30680    24677     9021    26845    27891    30824    21214    31552    32014    11159    33618    21196    24964    16162    43467     7668    42048    49705    45736    12749    37037        0     4230    41309    41309    49705    45736     9021    46471     4230     3723    45736    25935     4230    46471    40596     9021    42379     4230    45555    35263    45736    35263    49705    42796     9021     4230    42048     9021     8621    37037     8621     9021    29573     9021     8621     8621    43992    16162     3723    48756    43992    39420 
   34078    43002    49223    20911    38149    20355    23303    21201    42286    19730    47065    32513     6814    15723    28916    23800    34914    20320    32601    48136    28109    49158    35023    28109    27154    28666     4230    32601    27154    18333    28109    10759    14243    25309    30743    32285    21345    32285    46352    17532    34284    28281    12111    32601    31494    34427    19851    37309    37770    14243    39375    28109    29698    18601    49223    10759    45651    53308    48982    15839    40641     4230        0    47065    47065    53308    48982    12111    50075        0     6814    48982    27154        0    50075    46352    12111    48136        0    49158    38866    48982    38866    53308    46399    12111        0    45651    12111     8033    40641     8033    12111    33176    12111     8033     8033    49749    18601     6814    52360    49749    43002 
   17875     7122     2158    29837    10255    28857    23193    26786     6174    29912        0    17871    41039    35464    25697    23266    12879    28446    15526     8410    28413    15470    14260    28413    30494    22278    41309    15526    30494    31014    28413    41595    30510    23087    21745    19494    26535    19494     6626    32392    13094    21279    46755    15526    21506    16980    29338    11564     8439    30510     9210    28413    22336    32139     2158    41595    13682     7523    12168    35870     8151    41309    47065        0        0     7523    12168    46755    13261    47065    41039    12168    30494    47065    13261     6626    46755     8410    47065    15470    12073    12168    12073     7523     9228    46755    47065    13682    46755    39033     8151    39033    46755    13099    46755    39033    39033    10023    32139    41039    15235    10023     7122 
   17875     7122     2158    29837    10255    28857    23193    26786     6174    29912        0    17871    41039    35464    25697    23266    12879    28446    15526     8410    28413    15470    14260    28413    30494    22278    41309    15526    30494    31014    28413    41595    30510    23087    21745    19494    26535    19494     6626    32392    13094    21279    46755    15526    21506    16980    29338    11564     8439    30510     9210    28413    22336    32139     2158    41595    13682     7523    12168    35870     8151    41309    47065        0        0     7523    12168    46755    13261    47065    41039    12168    30494    47065    13261     6626    46755     8410    47065    15470    12073    12168    12073     7523     9228    46755    47065    13682    46755    39033     8151    39033    46755    13099    46755    39033    39033    10023    32139    41039    15235    10023     7122 
   21349    10310     6299    45531    14195    32798    32450    30726     9220    33852     7523    21812    45811    39404    30140    27206    15979    38538    19467     4668    36683    17500    17085    36683    34938    26721    49705    19467    34938    34954    36683    46039    37542    29411    26852    23435    30255    23435     7184    37010    16568    25722    55150    19467    25949    16872    33331    14665    14172    37542    12034    36683    24366    36079     6299    46039    15707        0    14198    41107    11196    49705    53308     7523     7523        0    14198    55150    15290    53308    45811    14198    34938    53308    15290     7184    55150     4668    53308    17500    17283    14198    17283        0    11258    55150    53308    15707    55150    42973    11196    42973    55150    16156    55150    42973    42973     4336    36079    45811    17218     4336    10310 
   20157     8274    10945    41214    14852    40671    27786    34314     9814    44053    12168    21388    41411    46874    26170    34430    18026    34570    20060    14332    40223     3838    18987    40223    30968    22751    45736    20060    30968    42424    40223    42069    33574    41506    22219    21354    38183    21354    16848    32866    16302    21753    47186    20060    21980    15006    29811    16294    18399    33574    12849    40223    20398    46281    10945    42069     5149    14198        0    36344     9993    45736    48982    12168    12168    14198        0    47186     4640    48982    41411        0    30968    48982     4640    16848    47186    14332    48982     3838    13189        0    13189    14198     2852    47186    48982     5149    47186    47509     9993    47509    47186    15730    47186    47509    47509    17748    46281    41411     3556    17748     8274 
   29912    41205    48913    23918    37876    19280    21432    20890    41975    22735    46755    33031     6912    21017    25980    23489    34603    21466    33120    47825    27710    47113    36865    27710    27252    30509     9021    33120    27252    21338    27710    10599    14341    26944    32585    31974    21035    31974    46871    17631    32412    30123        0    33120    33337    36270    19949    36998    37460    14341    39064    27710    27901    21606    48913    10599    47494    55150    47186    15938    42483     9021    12111    46755    46755    55150    47186        0    48278    12111     6912    47186    27252    12111    48278    46871        0    47825    12111    47113    36983    47186    36983    55150    48242        0    12111    47494        0    16503    42483    16503        0    35019        0    16503    16503    50267    21606     6912    54202    50267    41205 
   21995     9303    12037    42306    15881    41360    28878    35406    10906    45146    13261    23226    42503    47966    27262    35522    17886    35052    21153    15424    41315     8079    20080    41315    32060    23844    46471    21153    32060    43516    41315    43161    34241    41341    23311    23192    39275    23192    17940    33958    18726    22845    48278    21153    23072    16845    30904    16154    19491    34241    13941    41315    21280    47373    12037    43161     8531    15290     4640    37436    12452    46471    50075    13261    13261    15290     4640    48278        0    50075    42503     4640    32060    50075        0    17940    48278    15424    50075     8079    14281     4640    14281    15290     5048    48278    50075     8531    48278    48601    12452    48601    48278    18154    48278    48601    48601    18840    47373    42503     4502    18840     9303 
   34078    43002    49223    20911    38149    20355    23303    21201    42286    19730    47065    32513     6814    15723    28916    23800    34914    20320    32601    48136    28109    49158    35023    28109    27154    28666     4230    32601    27154    18333    28109    10759    14243    25309    30743    32285    21345    32285    46352    17532    34284    28281    12111    32601    31494    34427    19851    37309    37770    14243    39375    28109    29698    18601    49223    10759    45651    53308    48982    15839    40641     4230        0    47065    47065    53308    48982    12111    50075        0     6814    48982    27154        0    50075    46352    12111    48136        0    49158    38866    48982    38866    53308    46399    12111        0    45651    12111     8033    40641     8033    12111    33176    12111     8033     8033    49749    18601     6814    52360    49749    43002 
   24136    35430    43197    18202    32579    13982    15657    15175    36948    17437    41039    24285        0    15719    20204    18256    28888    15691    27823    42110    19781    41338    27526    19781    21477    21169     3723    27823    21477    16041    19781     4760     8566    21646    23246    26259    15319    26259    41573    11856    26637    20783     6912    27823    23997    26930    14174    28444    31744     8566    33349    19781    22126    16308    43197     4760    38154    45811    41411    10162    33005     3723     6814    41039    41039    45811    41411     6912    42503     6814        0    41411    21477     6814    42503    41573     6912    42110     6814    41338    31208    41411    31208    45811    38470     6912     6814    38154     6912    11206    33005    11206     6912    25679     6912    11206    11206    48934    16308        0    44862    48934    35430 
   20157     8274    10945    41214    14852    40671    27786    34314     9814    44053    12168    21388    41411    46874    26170    34430    18026    34570    20060    14332    40223     3838    18987    40223    30968    22751    45736    20060    30968    42424    40223    42069    33574    41506    22219    21354    38183    21354    16848    32866    16302    21753    47186    20060    21980    15006    29811    16294    18399    33574    12849    40223    20398    46281    10945    42069     5149    14198        0    36344     9993    45736    48982    12168    12168    14198        0    47186     4640    48982    41411        0    30968    48982     4640    16848    47186    14332    48982     3838    13189        0    13189    14198     2852    47186    48982     5149    47186    47509     9993    47509    47186    15730    47186    47509    47509    17748    46281    41411     3556    17748     8274 
   18432    24988    29271    23657    21747    22765    10575    17018    26506    26496    30494    19203    21477    29371     6215    17641    21489    16664    24047    35076    14808    30895    17614    14808        0     9178    25935    24047        0    24921    14808    21123    12559    23599     8476    16883    21547    16883    30253     7256    18975     9561    27252    24047    11078    16203     6854    20781    29216    12559    22616    14808    11430    28723    29271    21123    27474    34938    30968     9336    22562    25935    27154    30494    30494    34938    30968    27252    32060    27154    21477    30968        0    27154    32060    30253    27252    35076    27154    30895    20765    30968    20765    34938    28028    27252    27154    27474    27252    30186    22562    30186    27252    17858    27252    30186    30186    38492    28723    21477    33988    38492    24988 
   34078    43002    49223    20911    38149    20355    23303    21201    42286    19730    47065    32513     6814    15723    28916    23800    34914    20320    32601    48136    28109    49158    35023    28109    27154    28666     4230    32601    27154    18333    28109    10759    14243    25309    30743    32285    21345    32285    46352    17532    34284    28281    12111    32601    31494    34427    19851    37309    37770    14243    39375    28109    29698    18601    49223    10759    45651    53308    48982    15839    40641     4230        0    47065    47065    53308    48982    12111    50075        0     6814    48982    27154        0    50075    46352    12111    48136        0    49158    38866    48982    38866    53308    46399    12111        0    45651    12111     8033    40641     8033    12111    33176    12111     8033     8033    49749    18601     6814    52360    49749    43002 
   21995     9303    12037    42306    15881    41360    28878    35406    10906    45146    13261    23226    42503    47966    27262    35522    17886    35052    21153    15424    41315     8079    20080    41315    32060    23844    46471    21153    32060    43516    41315    43161    34241    41341    23311    23192    39275    23192    17940    33958    18726    22845    48278    21153    23072    16845    30904    16154    19491    34241    13941    41315    21280    47373    12037    43161     8531    15290     4640    37436    12452    46471    50075    13261    13261    15290     4640    48278        0    50075    42503     4640    32060    50075        0    17940    48278    15424    50075     8079    14281     4640    14281    15290     5048    48278    50075     8531    48278    48601    12452    48601    48278    18154    48278    48601    48601    18840    47373    42503     4502    18840     9303 
   17161    11801     8784    29123     9541    28144    22479    26073    10854    29199     6626    17158    41573    34751    32794    22552    12165    27733    14813     2516    27699    20150    19204    27699    30253    24757    40596    14813    30253    30301    27699    38574    29796    22373    28843    18781    25822    18781        0    29371    12380    23030    46871    14813    28604    16267    29662    10951     7725    29796    11070    27699    22785    31426     8784    38574    18362     7184    16848    32849    12835    40596    46352     6626     6626     7184    16848    46871    17940    46352    41573    16848    30253    46352    17940        0    46871     2516    46352    20150    16753    16848    16753     7184    13954    46871    46352    18362    46871    39112    12835    39112    46871    12385    46871    39112    39112     4129    31426    41573    19914     4129    11801 
   29912    41205    48913    23918    37876    19280    21432    20890    41975    22735    46755    33031     6912    21017    25980    23489    34603    21466    33120    47825    27710    47113    36865    27710    27252    30509     9021    33120    27252    21338    27710    10599    14341    26944    32585    31974    21035    31974    46871    17631    32412    30123        0    33120    33337    36270    19949    36998    37460    14341    39064    27710    27901    21606    48913    10599    47494    55150    47186    15938    42483     9021    12111    46755    46755    55150    47186        0    48278    12111     6912    47186    27252    12111    48278    46871        0    47825    12111    47113    36983    47186    36983    55150    48242        0    12111    47494        0    16503    42483    16503        0    35019        0    16503    16503    50267    21606     6912    54202    50267    41205 
   18945     9285     5417    32032    11325    29928    24263    27856     8338    30982     8410    18942    42110    36534    30278    24336    13949    29516    16597        0    29483    17634    16424    29483    35076    26859    42379    16597    35076    32084    29483    46177    31580    24157    26986    20564    27605    20564     2516    31048    14164    25861    47825    16597    26087    18050    31398    12635     9509    31580    11373    29483    24500    33209     5417    46177    15846     4668    14332    35144    10314    42379    48136     8410     8410     4668    14332    47825    15424    48136    42110    14332    35076    48136    15424     2516    47825        0    48136    17634    14237    14332    14237     4668    11391    47825    48136    15846    47825    40103    10314    40103    47825    14169    47825    40103    40103     5155    33209    42110    17352     5155     9285 
   34078    43002    49223    20911    38149    20355    23303    21201    42286    19730    47065    32513     6814    15723    28916    23800    34914    20320    32601    48136    28109    49158    35023    28109    27154    28666     4230    32601    27154    18333    28109    10759    14243    25309    30743    32285    21345    32285    46352    17532    34284    28281    12111    32601    31494    34427    19851    37309    37770    14243    39375    28109    29698    18601    49223    10759    45651    53308    48982    15839    40641     4230        0    47065    47065    53308    48982    12111    50075        0     6814    48982    27154        0    50075    46352    12111    48136        0    49158    38866    48982    38866    53308    46399    12111        0    45651    12111     8033    40641     8033    12111    33176    12111     8033     8033    49749    18601     6814    52360    49749    43002 
   23419    11575    14247    41141    18153    40490    28300    34241    13115    44221    15470    24650    41338    47097    24851    34357    21327    34389    24132    17634    32533        0    22289    32533    30895    23596    45555    24132    30895    42646    32533    41996    33393    41324    22772    24655    38110    24655    20150    32793    19564    25055    47113    24132    22361    18308    29739    19596    21701    33393    16151    32533    23699    46208    14247    41996     3450    17500     3838    36271    13294    45555    49158    15470    15470    17500     3838    47113     8079    49158    41338     3838    30895    49158     8079    20150    47113    17634    49158        0    16617     3838    16617    17500     6154    47113    49158     3450    47113    47436    13294    47436    47113    19032    47113    47436    47436    21096    46208    41338     4358    21096    11575 
   10246     6565    10850    31011    10601    30198    18009    24111     8084    33929    12073    11477    31208    36805    15967    24227     9830    24097    12506    14237    22241    16617     4254    22241    20765    12548    35263    12506    20765    32355    22241    31866    23101    20200    12016    11407    27980    11407    16753    22663     6977    11550    36983    12506    11777     5059    19608     8999    13575    23101    11120    22241     9924    36077    10850    31866     9857    17283    13189    26141     4146    35263    38866    12073    12073    17283    13189    36983    14281    38866    31208    13189    20765    38866    14281    16753    36983    14237    38866    16617        0    13189        0    17283    10374    36983    38866     9857    36983    37306     4146    37306    36983     6369    36983    37306    37306    17651    36077    31208    16335    17651     6565 
   20157     8274    10945    41214    14852    40671    27786    34314     9814    44053    12168    21388    41411    46874    26170    34430    18026    34570    20060    14332    40223     3838    18987    40223    30968    22751    45736    20060    30968    42424    40223    42069    33574    41506    22219    21354    38183    21354    16848    32866    16302    21753    47186    20060    21980    15006    29811    16294    18399    33574    12849    40223    20398    46281    10945    42069     5149    14198        0    36344     9993    45736    48982    12168    12168    14198        0    47186     4640    48982    41411        0    30968    48982     4640    16848    47186    14332    48982     3838    13189        0    13189    14198     2852    47186    48982     5149    47186    47509     9993    47509    47186    15730    47186    47509    47509    17748    46281    41411     3556    17748     8274 
   10246     6565    10850    31011    10601    30198    18009    24111     8084    33929    12073    11477    31208    36805    15967    24227     9830    24097    12506    14237    22241    16617     4254    22241    20765    12548    35263    12506    20765    32355    22241    31866    23101    20200    12016    11407    27980    11407    16753    22663     6977    11550    36983    12506    11777     5059    19608     8999    13575    23101    11120    22241     9924    36077    10850    31866     9857    17283    13189    26141     4146    35263    38866    12073    12073    17283    13189    36983    14281    38866    31208    13189    20765    38866    14281    16753    36983    14237    38866    16617        0    13189        0    17283    10374    36983    38866     9857    36983    37306     4146    37306    36983     6369    36983    37306    37306    17651    36077    31208    16335    17651     6565 
   21349    10310     6299    45531    14195    32798    32450    30726     9220    33852     7523    21812    45811    39404    30140    27206    15979    38538    19467     4668    36683    17500    17085    36683    34938    26721    49705    19467    34938    34954    36683    46039    37542    29411    26852    23435    30255    23435     7184    37010    16568    25722    55150    19467    25949    16872    33331    14665    14172    37542    12034    36683    24366    36079     6299    46039    15707        0    14198    41107    11196    49705    53308     7523     7523        0    14198    55150    15290    53308    45811    14198    34938    53308    15290     7184    55150     4668    53308    17500    17283    14198    17283        0    11258    55150    53308    15707    55150    42973    11196    42973    55150    16156    55150    42973    42973     4336    36079    45811    17218     4336    10310 
   18124     5333     8005    38274    11911    37731    25541    31373     6873    41462     9228    19355    38470    44337    23230    31489    13853    31630    17183    11391    29774     6154    16047    29774    28028    19811    42796    17183    28028    39887    29774    39129    30634    38565    19279    19159    35243    19159    13954    29926    14856    18812    48242    17183    19039    12812    26871    12121    15458    30634     9908    29774    17457    43689     8005    39129     6743    11258     2852    33403     8325    42796    46399     9228     9228    11258     2852    48242     5048    46399    38470     2852    28028    46399     5048    13954    48242    11391    46399     6154    10374     2852    10374    11258        0    48242    46399     6743    48242    44568     8325    44568    48242    14121    48242    44568    44568    14854    43689    38470     5872    14854     5333 
   29912    41205    48913    23918    37876    19280    21432    20890    41975    22735    46755    33031     6912    21017    25980    23489    34603    21466    33120    47825    27710    47113    36865    27710    27252    30509     9021    33120    27252    21338    27710    10599    14341    26944    32585    31974    21035    31974    46871    17631    32412    30123        0    33120    33337    36270    19949    36998    37460    14341    39064    27710    27901    21606    48913    10599    47494    55150    47186    15938    42483     9021    12111    46755    46755    55150    47186        0    48278    12111     6912    47186    27252    12111    48278    46871        0    47825    12111    47113    36983    47186    36983    55150    48242        0    12111    47494        0    16503    42483    16503        0    35019        0    16503    16503    50267    21606     6912    54202    50267    41205 
   34078    43002    49223    20911    38149    20355    23303    21201    42286    19730    47065    32513     6814    15723    28916    23800    34914    20320    32601    48136    28109    49158    35023    28109    27154    28666     4230    32601    27154    18333    28109    10759    14243    25309    30743    32285    21345    32285    46352    17532    34284    28281    12111    32601    31494    34427    19851    37309    37770    14243    39375    28109    29698    18601    49223    10759    45651    53308    48982    15839    40641     4230        0    47065    47065    53308    48982    12111    50075        0     6814    48982    27154        0    50075    46352    12111    48136        0    49158    38866    48982    38866    53308    46399    12111        0    45651    12111     8033    40641     8033    12111    33176    12111     8033     8033    49749    18601     6814    52360    49749    43002 
   18569     9383    12459    37875    14900    36983    24794    31236    11344    40714    13682    19800    38154    43590    25564    31860    16432    30882    19282    15846    29026     3450    14393    29026    27474    22001    42048    19282    27474    39140    29026    40111    29886    37817    21803    19765    34844    19765    18362    29354    14714    21147    47494    19282    21029    13418    25674    14700    18510    29886    13293    29026    19317    42941    12459    40111        0    15707     5149    33451     8216    42048    45651    13682    13682    15707     5149    47494     8531    45651    38154     5149    27474    45651     8531    18362    47494    15846    45651     3450     9857     5149     9857    15707     6743    47494    45651        0    47494    44404     8216    44404    47494    14142    47494    44404    44404    19262    42941    38154     7455    19262     9383 
   29912    41205    48913    23918    37876    19280    21432    20890    41975    22735    46755    33031     6912    21017    25980    23489    34603    21466    33120    47825    27710    47113    36865    27710    27252    30509     9021    33120    27252    21338    27710    10599    14341    26944    32585    31974    21035    31974    46871    17631    32412    30123        0    33120    33337    36270    19949    36998    37460    14341    39064    27710    27901    21606    48913    10599    47494    55150    47186    15938    42483     9021    12111    46755    46755    55150    47186        0    48278    12111     6912    47186    27252    12111    48278    46871        0    47825    12111    47113    36983    47186    36983    55150    48242        0    12111    47494        0    16503    42483    16503        0    35019        0    16503    16503    50267    21606     6912    54202    50267    41205 
   26838    41528    41191    12878    30117    12322    20445    13168    34253    11697    39033    25272    11206     7690    29563    15767    26881    16961    25361    40103    19951    47436    33775    19951    30186    27419     8621    25361    30186    10301    19951    15150    16796    17276    29495    24252    13313    24252    39112    19872    30578    27033    16503    25361    30247    30099    24448    29276    29738    16796    31342    19951    31059    10568    41191    15150    44404    42973    47509    20231    39393     8621     8033    39033    39033    42973    47509    16503    48601     8033    11206    47509    30186     8033    48601    39112    16503    40103     8033    47436    37306    47509    37306    42973    44568    16503     8033    44404    16503        0    39393        0    16503    28817    16503        0        0    42508    10568    11206    51112    42508    41528 
   11314     3526     6928    32808     6685    31972    19783    25908     4167    35704     8151    12545    33005    38579    17765    18988     8256    25871    11249    10314    24015    13294     6329    24015    22562    14346    37037    11249    22562    34129    24015    33664    24875    21193    13813    12462    29778    12462    12835    24461     7460    13347    42483    11249    13574     6115    21406     6484    10273    24875     7197    24015    11699    37931     6928    33664     8216    11196     9993    27938        0    37037    40641     8151     8151    11196     9993    42483    12452    40641    33005     9993    22562    40641    12452    12835    42483    10314    40641    13294     4146     9993     4146    11196     8325    42483    40641     8216    42483    39393        0    39393    42483     6839    42483    39393    39393    13734    37931    33005    12784    13734     3526 
   26838    41528    41191    12878    30117    12322    20445    13168    34253    11697    39033    25272    11206     7690    29563    15767    26881    16961    25361    40103    19951    47436    33775    19951    30186    27419     8621    25361    30186    10301    19951    15150    16796    17276    29495    24252    13313    24252    39112    19872    30578    27033    16503    25361    30247    30099    24448    29276    29738    16796    31342    19951    31059    10568    41191    15150    44404    42973    47509    20231    39393     8621     8033    39033    39033    42973    47509    16503    48601     8033    11206    47509    30186     8033    48601    39112    16503    40103     8033    47436    37306    47509    37306    42973    44568    16503     8033    44404    16503        0    39393        0    16503    28817    16503        0        0    42508    10568    11206    51112    42508    41528 
   29912    41205    48913    23918    37876    19280    21432    20890    41975    22735    46755    33031     6912    21017    25980    23489    34603    21466    33120    47825    27710    47113    36865    27710    27252    30509     9021    33120    27252    21338    27710    10599    14341    26944    32585    31974    21035    31974    46871    17631    32412    30123        0    33120    33337    36270    19949    36998    37460    14341    39064    27710    27901    21606    48913    10599    47494    55150    47186    15938    42483     9021    12111    46755    46755    55150    47186        0    48278    12111     6912    47186    27252    12111    48278    46871        0    47825    12111    47113    36983    47186    36983    55150    48242        0    12111    47494        0    16503    42483    16503        0    35019        0    16503    16503    50267    21606     6912    54202    50267    41205 
    4776     9264    12108    20746     3880    18642    10094    16570     7657    19696    13099     6007    25679    25248    15428    13050     4172    15326     5310    14169    13450    19032     6818    13450    17858    12371    29573     5310    17858    20798    13450    26188    17411    15255    13349     5972    16319     5972    12385    16879     1377    10645    35019     5310    13900     3881    17229     2914     7490    17411     4759    13450    10400    21923    12108    26188    14142    16156    15730    20975     6839    29573    33176    13099    13099    16156    15730    35019    18154    33176    25679    15730    17858    33176    18154    12385    35019    14169    33176    19032     6369    15730     6369    16156    14121    35019    33176    14142    35019    28817     6839    28817    35019        0    35019    28817    28817    15782    21923    25679    18750    15782     9264 
   29912    41205    48913    23918    37876    19280    21432    20890    41975    22735    46755    33031     6912    21017    25980    23489    34603    21466    33120    47825    27710    47113    36865    27710    27252    30509     9021    33120    27252    21338    27710    10599    14341    26944    32585    31974    21035    31974    46871    17631    32412    30123        0    33120    33337    36270    19949    36998    37460    14341    39064    27710    27901    21606    48913    10599    47494    55150    47186    15938    42483     9021    12111    46755    46755    55150    47186        0    48278    12111     6912    47186    27252    12111    48278    46871        0    47825    12111    47113    36983    47186    36983    55150    48242        0    12111    47494        0    16503    42483    16503        0    35019        0    16503    16503    50267    21606     6912    54202    50267    41205 
   26838    41528    41191    12878    30117    12322    20445    13168    34253    11697    39033    25272    11206     7690    29563    15767    26881    16961    25361    40103    19951    47436    33775    19951    30186    27419     8621    25361    30186    10301    19951    15150    16796    17276    29495    24252    13313    24252    39112    19872    30578    27033    16503    25361    30247    30099    24448    29276    29738    16796    31342    19951    31059    10568    41191    15150    44404    42973    47509    20231    39393     8621     8033    39033    39033    42973    47509    16503    48601     8033    11206    47509    30186     8033    48601    39112    16503    40103     8033    47436    37306    47509    37306    42973    44568    16503     8033    44404    16503        0    39393        0    16503    28817    16503        0        0    42508    10568    11206    51112    42508    41528 
   26838    41528    41191    12878    30117    12322    20445    13168    34253    11697    39033    25272    11206     7690    29563    15767    26881    16961    25361    40103    19951    47436    33775    19951    30186    27419     8621    25361    30186    10301    19951    15150    16796    17276    29495    24252    13313    24252    39112    19872    30578    27033    16503    25361    30247    30099    24448    29276    29738    16796    31342    19951    31059    10568    41191    15150    44404    42973    47509    20231    39393     8621     8033    39033    39033    42973    47509    16503    48601     8033    11206    47509    30186     8033    48601    39112    16503    40103     8033    47436    37306    47509    37306    42973    44568    16503     8033    44404    16503        0    39393        0    16503    28817    16503        0        0    42508    10568    11206    51112    42508    41528 
   20558    12701     8833    32520    12938    31541    25876    29469    11754    32597    10023    20555    48934    38147    33694    25949    15562    31129    18210     5155    31529    21096    19840    31529    38492    30275    43992    18210    38492    33697    31529    49593    33193    25770    29743    22177    29218    22177     4129    40390    15777    29277    50267    18210    29503    19663    37335    14348    11122    33193    14789    31529    27915    34824     8833    49593    19262     4336    17748    43868    13734    43992    49749    10023    10023     4336    17748    50267    18840    49749    48934    17748    38492    49749    18840     4129    50267     5155    49749    21096    17651    17748    17651     4336    14854    50267    49749    19262    50267    42508    13734    42508    50267    15782    50267    42508    42508        0    34824    48934    20814        0    12701 
   19153    40300    34297     5568    22432     5283    20768    10942    27360     2610    32139    17588    16308     5055    28100    12762    19987    12662    17677    33209    15652    46208    32313    15652    28723    25956    16162    17677    28723     3261    15652    20253    17817     8189    28033    22769     9535    22769    31426    22411    22894    25571    21606    17677    28784    23940    27566    22383    20833    17817    24449    15652    29831        0    34297    20253    42941    36079    46281    20528    37931    16162    18601    32139    32139    36079    46281    21606    47373    18601    16308    46281    28723    18601    47373    31426    21606    33209    18601    46208    36077    46281    36077    36079    43689    21606    18601    42941    21606    10568    37931    10568    21606    21923    21606    10568    10568    34824        0    16308    49649    34824    40300 
   24136    35430    43197    18202    32579    13982    15657    15175    36948    17437    41039    24285        0    15719    20204    18256    28888    15691    27823    42110    19781    41338    27526    19781    21477    21169     3723    27823    21477    16041    19781     4760     8566    21646    23246    26259    15319    26259    41573    11856    26637    20783     6912    27823    23997    26930    14174    28444    31744     8566    33349    19781    22126    16308    43197     4760    38154    45811    41411    10162    33005     3723     6814    41039    41039    45811    41411     6912    42503     6814        0    41411    21477     6814    42503    41573     6912    42110     6814    41338    31208    41411    31208    45811    38470     6912     6814    38154     6912    11206    33005    11206     6912    25679     6912    11206    11206    48934    16308        0    44862    48934    35430 
   23137    11293    14012    44583    17871    43691    31502    37944    12896    47422    15235    24368    44862    50298    29190    38568    21046    37590    23850    17352    35734     4358    22007    35734    33988    25771    48756    23850    33988    45848    35734    45089    36594    44526    25904    24333    41203    24333    19914    35886    19282    24773    54202    23850    24999    18026    32383    19268    21419    36594    15869    35734    23418    49649    14012    45089     7455    17218     3556    40159    12784    48756    52360    15235    15235    17218     3556    54202     4502    52360    44862     3556    33988    52360     4502    19914    54202    17352    52360     4358    16335     3556    16335    17218     5872    54202    52360     7455    54202    51112    12784    51112    54202    18750    54202    51112    51112    20814    49649    44862        0    20814    11293 
   20558    12701     8833    32520    12938    31541    25876    29469    11754    32597    10023    20555    48934    38147    33694    25949    15562    31129    18210     5155    31529    21096    19840    31529    38492    30275    43992    18210    38492    33697    31529    49593    33193    25770    29743    22177    29218    22177     4129    40390    15777    29277    50267    18210    29503    19663    37335    14348    11122    33193    14789    31529    27915    34824     8833    49593    19262     4336    17748    43868    13734    43992    49749    10023    10023     4336    17748    50267    18840    49749    48934    17748    38492    49749    18840     4129    50267     5155    49749    21096    17651    17748    17651     4336    14854    50267    49749    19262    50267    42508    13734    42508    50267    15782    50267    42508    42508        0    34824    48934    20814        0    12701 
   13691        0     5899    35233     8168    34287    21805    28333     3133    38073     7122    15725    35430    40894    20190    21119    10113    28254    13380     9285    34243    11575     8754    34243    24988    16771    39420    13380    24988    36443    34243    36089    27258    23384    16239    14887    32203    14887    11801    26886     9836    15772    41205    13380    15999     8540    23831     8382    11718    27258     6169    34243    14207    40300     5899    36089     9383    10310     8274    30363     3526    39420    43002     7122     7122    10310     8274    41205     9303    43002    35430     8274    24988    43002     9303    11801    41205     9285    43002    11575     6565     8274     6565    10310     5333    41205    43002     9383    41205    41528     3526    41528    41205     9264    41205    41528    41528    12701    40300    35430    11293    12701        0 
**************************************TimeWindows
  0 0  0     0  1440 480
  1 2 2   480   720 29
  2 1 1   240   480 69
  3 1 1   720   960 67
  4 4 4   300   480 61
  5 2 2   720   960 74
  6 3 3   780   960 65
  7 4 4   240   480 138
  8 1 1   480   720 64
  9 1 1   720   900 72
 10 2 2   540   600 83
 11 1 1   720   900 66
 12 1 1   720   960 83
 13 4 4   720   960 71
 14 1 1  1020  1200 61
 15 1 1   240   420 69
 16 3 3   540   660 70
 17 2 2   240   480 53
 18 4 4   780   960 66
 19 4 4   960  1200 85
 20 1 1   240   480 81
 21 3 3   720   960 62
 22 2 2   300   480 106
 23 1 1   720   960 83
 24 1 1   720   840 61
 25 2 2   720   960 62
 26 1 1  1020  1200 85
 27 1 1  1020  1200 66
 28 4 4   300   480 62
 29 2 2   240   480 65
 30 1 1   780   960 81
 31 3 3   240   480 64
 32 1 1   780   960 76
 33 4 4   720   960 78
 34 4 4   240   360 66
 35 4 4   300   420 65
 36 4 4   480   660 70
 37 4 4   240   480 96
 38 1 1   540   660 59
 39 1 1   960  1200 49
 40 2 2   720   960 62
 41 1 1   240   480 61
 42 1 1   240   420 71
 43 2 2   720   960 67
 44 1 1   240   480 61
 45 1 1   960  1140 61
 46 3 3   240   480 75
 47 2 2   720   960 45
 48 1 1   480   660 64
 49 1 1   720   900 74
 50 3 3   720   960 30
 51 1 1   720   960 69
 52 2 -2   503   743 29
 53 1 -1   322   502 69
 54 1 -1   770  1010 67
 55 4 -4   319   559 61
 56 2 -2   776  1016 74
 57 3 -3   801  1041 65
 58 4 -4   329   569 138
 59 1 -1   528   768 64
 60 1 -1   744   984 72
 61 2 -2   573   693 83
 62 1 -1   739   979 66
 63 1 -1   842   962 83
 64 4 -4   866   926 71
 65 1 -1  1036  1276 61
 66 1 -1   262   502 69
 67 3 -3   564   744 70
 68 2 -2   315   495 53
 69 4 -4   802  1042 66
 70 4 -4  1057  1237 85
 71 1 -1   391   451 81
 72 3 -3   798   978 62
 73 2 -2   342   582 106
 74 1 -1   782  1022 83
 75 1 -1   736   916 61
 76 2 -2   767  1007 62
 77 1 -1  1054  1294 85
 78 1 -1  1039  1279 66
 79 4 -4   319   559 62
 80 2 -2   380   440 65
 81 1 -1   811  1051 81
 82 3 -3   290   530 64
 83 1 -1   807  1047 76
 84 4 -4   781  1021 78
 85 4 -4   292   412 66
 86 4 -4   292   532 65
 87 4 -4   535   715 70
 88 4 -4   337   517 96
 89 1 -1   559   739 59
 90 1 -1  1027  1207 49
 91 2 -2   797   977 62
 92 1 -1   376   436 61
 93 1 -1   263   503 71
 94 2 -2   771  1011 67
 95 1 -1   316   496 61
 96 1 -1   976  1216 61
 97 3 -3   298   538 75
 98 2 -2   785   965 45
 99 1 -1   558   678 64
100 1 -1   745   985 74
101 3 -3   744   984 30
102 1 -1   862   922 69
