dep75 0 0 60
**************************************DATA
2 20 480 8 1.33
**************************************DISTANCE
       0     8321     8829     6539     4728     2728    10465     8829     4410     7588     4728     8982     6539     4734    10465     8982     4389     8321     8982     6539    10465 
    8321        0    13244     8395     9427     4835     5501    13244     7715    16800     9427    16886     8395     5588     5501    16886    10798        0    16886     8395     5501 
    8829    13244        0    20098     3751    16701    17203        0    10782     7261     3751     4242    20098     6031    17203     4242     5609    13244     4242    20098    17203 
    6539     8395    20098        0    15703     4670     5639    20098     2695    10025    15703    13855        0    12198     5639    13855     6999     8395    13855        0     5639 
    4728     9427     3751    15703        0     9225    12809     3751     6674    14877        0     9949    15703     3283    12809     9949     5936     9427     9949    15703    12809 
    2728     4835    16701     4670     9225        0     2912    16701     2963     7359     9225    14517     4670     6483     2912    14517     7534     4835    14517     4670     2912 
   10465     5501    17203     5639    12809     2912        0    17203     5692    13600    12809    17429     5639     9304        0    17429    10265     5501    17429     5639        0 
    8829    13244        0    20098     3751    16701    17203        0    10782     7261     3751     4242    20098     6031    17203     4242     5609    13244     4242    20098    17203 
    4410     7715    10782     2695     6674     2963     5692    10782        0     6304     6674    13585     2695     7088     5692    13585     4682     7715    13585     2695     5692 
    7588    16800     7261    10025    14877     7359    13600     7261     6304        0    14877     5068    10025    11825    13600     5068     3257    16800     5068    10025    13600 
    4728     9427     3751    15703        0     9225    12809     3751     6674    14877        0     9949    15703     3283    12809     9949     5936     9427     9949    15703    12809 
    8982    16886     4242    13855     9949    14517    17429     4242    13585     5068     9949        0    13855    13975    17429        0     5163    16886        0    13855    17429 
    6539     8395    20098        0    15703     4670     5639    20098     2695    10025    15703    13855        0    12198     5639    13855     6999     8395    13855        0     5639 
    4734     5588     6031    12198     3283     6483     9304     6031     7088    11825     3283    13975    12198        0     9304    13975     9248     5588    13975    12198     9304 
   10465     5501    17203     5639    12809     2912        0    17203     5692    13600    12809    17429     5639     9304        0    17429    10265     5501    17429     5639        0 
    8982    16886     4242    13855     9949    14517    17429     4242    13585     5068     9949        0    13855    13975    17429        0     5163    16886        0    13855    17429 
    4389    10798     5609     6999     5936     7534    10265     5609     4682     3257     5936     5163     6999     9248    10265     5163        0    10798     5163     6999    10265 
    8321        0    13244     8395     9427     4835     5501    13244     7715    16800     9427    16886     8395     5588     5501    16886    10798        0    16886     8395     5501 
    8982    16886     4242    13855     9949    14517    17429     4242    13585     5068     9949        0    13855    13975    17429        0     5163    16886        0    13855    17429 
    6539     8395    20098        0    15703     4670     5639    20098     2695    10025    15703    13855        0    12198     5639    13855     6999     8395    13855        0     5639 
   10465     5501    17203     5639    12809     2912        0    17203     5692    13600    12809    17429     5639     9304        0    17429    10265     5501    17429     5639        0 
**************************************TimeWindows
  0 0  0     0  1440 480
  1 2 2   240   480 34
  2 3 3   420   480 41
  3 3 3   240   480 25
  4 3 3   480   660 26
  5 4 4   780   960 30
  6 3 3   480   720 21
  7 3 3   780   960 27
  8 1 1   720   900 28
  9 4 4   960  1200 21
 10 1 1   240   420 39
 11 2 -2   266   506 34
 12 3 -3   363   603 41
 13 3 -3   261   501 25
 14 3 -3   471   711 26
 15 4 -4   805   985 30
 16 3 -3   498   738 21
 17 3 -3   772  1012 27
 18 1 -1   741   921 28
 19 4 -4  1039  1159 21
 20 1 -1   296   416 39
