dep11 0 0 60
**************************************DATA
7 94 480 8 1.33
**************************************DISTANCE
       0    99215    74192    92688   109619    67984    31104    92688    70407   101466   111313    65885    35134   125286    78865    64858    42360    74192    58206    85550    87243    50427    35134    55531   113714   142989   115860    28156   129628    55531    55531    99215   138329    45547   153645    87243   107885    45128    66592    35998   115884    89909    51503    30967   132245    76919    88976    70106    64858    28156   132691    45547    74192    82393    73392   142012    70822    35134    52093   142012    39297    58206   102197    52093   129628   132245   111313   138329    90824    67984   111313   153645    69542    35421    82393    92688    37325    35421    37325    68145   107885   132245    30967    82393    69542    82393    76919    30967   130519   108062    68145   125286   132245    82393   100616 
   99215        0    29291    15660    17360    76317    74556    15660    36318    17036    24185    81684    58529    40868   102346    45607    86975    29291    47511    20586    15551    53480    58529    46607    17914    58698    34412    75048    36686    46607    46607        0    48732    47579    64047    15551    21138    89974    78948    76430    14013     9576    44382    64196    29505    26508    14858    35574    45607    75048    36471    47579    29291    16824    37518    52415    41399    58529    56103    52415    83191    47511    29339    56103    36686    29505    24185    48732    12647    76317    24185    64047    84458    79316    16824    15660    68084    79316    68084    39014    21138    29505    64196    16824    84458    16824    26508    64196    22178    17422    39014    40868    29505    16824     5328 
   74192    29291        0    22764    46877    49178    52229    22764     9178    37302    47149    50521    36366    61122    71257    30943    55874        0    20371    23116    17319    22960    36366    19468    49550    78825    51695    52278    65464    19468    19468    29291    74165    18177    89480    17319    43721    62835    47785    51407    43068    19984    14679    41427    68081    14485    19920    13488    30943    52278    68527    18177        0    12469    15432    77848    13733    36366    28963    77848    60422    20371    32273    28963    65464    68081    47149    74165    21840    49178    47149    89480    53277    56546    12469    22764    45314    56546    45314    11056    43721    68081    41427    12469    53277    12469    14485    41427    66355    43897    11056    61122    68081    12469    30692 
   92688    15660    22764        0    29083    71772    68029        0    29765     7442    23002    73116    52001    31274    93778    46896    80447    22764    40958    22938     4857    43773    52001    40054    22057    48964    21835    68495    41851    40054    40054    15660    50553    41051    65326     4857    19269    83422    70379    69903    23847     6377    36097    57644    38050    30385    17222    29466    46896    68495    38513    41051    22764    11933    31411    54236    34871    52001    49550    54236    76639    40958    18435    49550    41851    38050    23002    50553    15011    71772    23002    65326    75889    72763    11933        0    61146    72763    61146    32486    19269    38050    57644    11933    75889    11933    30385    57644    24410    14037    32486    31274    38050    11933    17051 
  109619    17360    46877    29083        0    97397    92123    29083    53442    31721    24166    98741    76260    51332   135788    61180   100138    46877    64635    37719    32678    70605    76260    63732    13628    69034    30211    92172    31502    63732    63732    17360    43547    64694    58863    32678    21025   107099    96004    94162     6945    26700    61506    81321    12969    43633    31983    52699    61180    92172    18090    64694    46877    33948    54643    47230    57997    76260    73228    47230   100316    64635    43886    73228    31502    12969    24166    43547    29772    97397    24166    58863   101496    96440    33948    29083    85208    96440    85208    55320    21025    12969    81321    33948   101496    33948    43633    81321    11324    28441    55320    51332    12969    33948    20902 
   67984    76317    49178    71772    97397        0    57159    71772    46960    65449    73815     2347    47935    62222    24148    68283    26296    49178    31056    64806    64308    58560    47935    28976    85474    57540    69630    57490    80726    28976    28976    76317    84681    39544   101676    64308    73651    33257     1478    33259    95203    71034    50279    43820    92953    55909    67966    49096    68283    57490    93416    39544    49178    59494    52383    90169    34468    47935    22208    90169    59826    31056    56366    22208    80726    92953    73815    84681    69814        0    73815   101676     6259    54728    59494    71772    54692    54728    54692    37486    73651    92953    43820    59494     6259    59494    55909    43820    86201    71270    37486    62222    92953    59494    81741 
   31104    74556    52229    68029    92123    57159        0    68029    45748    76807    87242    58503    20086   100627    79360    36122    50781    52229    53360    60891    62584    30401    20086    50684    89055   118330    91200     4716   104969    50684    50684    74556   113670    34975   128985    62584    83226    56115    55767    29182    91225    65249    30538    13609   107586    52259    64317    45446    36122     4716   108032    34975    52229    57734    37136   117353    46163    20086    41267   117353     8165    53360    77538    41267   104969   107586    87242   113670    66165    57159    87242   128985    61471     7336    57734    68029     9239     7336     9239    43486    83226   107586    13609    57734    61471    57734    52259    13609   105860    82909    43486   100627   107586    57734    75957 
   92688    15660    22764        0    29083    71772    68029        0    29765     7442    23002    73116    52001    31274    93778    46896    80447    22764    40958    22938     4857    43773    52001    40054    22057    48964    21835    68495    41851    40054    40054    15660    50553    41051    65326     4857    19269    83422    70379    69903    23847     6377    36097    57644    38050    30385    17222    29466    46896    68495    38513    41051    22764    11933    31411    54236    34871    52001    49550    54236    76639    40958    18435    49550    41851    38050    23002    50553    15011    71772    23002    65326    75889    72763    11933        0    61146    72763    61146    32486    19269    38050    57644    11933    75889    11933    30385    57644    24410    14037    32486    31274    38050    11933    17051 
   70407    36318     9178    29765    53442    46960    45748    29765        0    41698    51378    48304    29721    65529    68966    30721    53594     9178    20354    27244    24308    27393    29721    15448    53928    65479    56383    46149    70151    15448    15448    36318    78852    15886    92571    24308    47950    60566    45568    32881    50096    27643    18888    35298    73045    18886    27578    13416    30721    46149    73508    15886     9178    19494    15360    80922     9276    29721    26695    80922    54293    20354    33368    26695    70151    73045    51378    78852    29498    46960    51378    92571    51077    50417    19494    29765    38865    50417    38865     6350    47950    73045    35298    19494    51077    19494    18886    35298    71373    47045     6350    65529    73045    19494    38350 
  101466    17036    37302     7442    31721    65449    76807     7442    41698        0    15170    66772    60780    23831    87434    62767    89226    37302    52891    29965    12006    61458    60780    57232    19147    41523    14393    77611    30598    57232    57232    17036    34553    49830    60057    12006    11742    97370    64036    78682    21414    13819    53178    66760    39936    46290    24664    51995    62767    77611    40399    49830    37302    19365    55281    48425    51664    60780    63499    48425    85755    52891    13714    63499    30598    39936    15170    34553    22453    65449    15170    60057    69545    81879    19365     7442    70647    81879    70647    49059    11742    39936    66760    19365    69545    19365    46290    66760    21485     6595    49059    23831    39936    19365    22030 
  111313    24185    47149    23002    24166    73815    87242    23002    51378    15170        0    75159    71379    25139    95820    80472   100089    47149    62571    44544    28557    71139    71379    66912     7306    42842     6762    87292    22760    66912    66912    24185    34805    59677    50121    28557     3486   107050    72423    88529    21003    33525    62858    76440    19731    50458    38808    61675    80472    87292    20177    59677    47149    33897    64962    38488    55933    71379    73179    38488    95435    62571    28687    73179    22760    19731        0    34805    36597    73815        0    50121    77914    91560    33897    23002    80327    91560    80327    53255     3486    19731    76440    33897    77914    33897    50458    76440    13161    10195    53255    25139    19731    33897    29179 
   65885    81684    50521    73116    98741     2347    58503    73116    48304    66772    75159        0    49279    63565    21648    69627    23949    50521    32400    66150    65651    59903    49279    30320    86817    58883    70973    58834    82070    30320    30320    81684    86024    40887   102399    65651    74995    30910     2822    34603    95369    72377    51622    45164    94297    57252    69310    50439    69627    58834    94760    40887    50521    64862    53726    91513    35812    49279    23552    91513    61170    32400    57707    23552    82070    94297    75159    86024    71158     2347    75159   102399     3759    56072    64862    73116    56104    56072    56104    38830    74995    94297    45164    64862     3759    64862    57252    45164    87527    72613    38830    63565    94297    64862    83085 
   35134    58529    36366    52001    76260    47935    20086    52001    29721    60780    71379    49279        0    84600    69993    30107    41931    36366    37332    44863    46556    15598        0    34657    73028   102303    75173    20135    88941    34657    34657    58529    97643    16515   112958    46556    67199    48892    46543    19815    75198    49222    16752     7567    91559    36232    48289    29419    30107    20135    92005    16515    36366    41707    23349   101326    30136        0    32043   101326    14785    37332    61511    32043    88941    91559    71379    97643    50138    47935    71379   112958    52034    13254    41707    52001    10247    13254    10247    27458    67199    91559     7567    41707    52034    41707    36232     7567    89833    67046    27458    84600    91559    41707    59930 
  125286    40868    61122    31274    51332    62222   100627    31274    65529    23831    25139    63565    84600        0    70323    86587    87514    61122    67981    53785    35826    85290    84600    81064    36799    17703    17849   101443    20330    81064    81064    40868    24284    73650    40659    35826    24976    94677    60829   102501    47448    37650    77009    90591    41808    70121    48495    75826    86587   101443    42270    73650    61122    43196    79113    29773    75484    84600    87330    29773   109586    67981    33924    87330    20330    41808    25139    24284    46284    62222    25139    40659    66339   105711    43196    31274    94479   105711    94479    72879    24976    41808    90591    43196    66339    43196    70121    90591    39607    22593    72879        0    41808    43196    45861 
   78865   102346    71257    93778   135788    24148    79360    93778    68966    87434    95820    21648    69993    70323        0    89899    37102    71257    53062    86546    90374    80566    69993    50982   123928    52620    88172    84480    90653    50982    50982   102346   102048    61590    95276    90374    95657    38196    23676    55286   131826    93040    72285    65826   125711    77915    89972    71102    89899    84480   126157    61590    71257    85525    74389   101788    56752    69993    44214   101788    81832    53062    78369    44214    90653   125711    95820   102048    91820    24148    95820    95276    18079    76734    85525    93778    76766    76734    76766    59844    95657   125711    65826    85525    18079    85525    77915    65826   123984    93274    59844    70323   125711    85525   103747 
   64858    45607    30943    46896    61180    68283    36122    46896    30721    62767    80472    69627    30107    86587    89899        0    74527    30943    44478    26301    41990    13001    30107    41802    63204   104290    77161    41054    90929    41802    41802    45607    99630    24838   114946    41990    69186    81940    66501    42323    59383    42809    16222    35731    93546    22607    31114    17874        0    41054   102602    24838    30943    35293    15748   103313    34401    30107    48069   103313    27980    44478    56817    48069    90929    93546    80472    99630    32962    68283    80472   114946    72010    33456    35293    46896    32876    33456    32876    31796    69186    93546    35731    35293    72010    35293    22607    35731    91820    76139    31796    86587    93546    35293    41241 
   42360    86975    55874    80447   100138    26296    50781    80447    53594    89226   100089    23949    41931    87514    37102    74527        0    55874    37690    71502    75002    62300    41931    35611   101474    82832   103619    47802   117387    35611    35611    86975   126088    46240   141404    75002    95645     6961    26771    26308   103643    77668    56913    42839   120005    62543    74600    55730    74527    47802   120451    46240    55874    70153    59017   129772    41380    41931    28842   129772    58943    37690    75788    28842   117387   120005   100089   126088    76449    26296   100089   141404    27620    53747    70153    80447    53779    53747    53779    44182    95645   120005    42839    70153    27620    70153    62543    42839   118278    95756    44182    87514   120005    70153    88375 
   74192    29291        0    22764    46877    49178    52229    22764     9178    37302    47149    50521    36366    61122    71257    30943    55874        0    20371    23116    17319    22960    36366    19468    49550    78825    51695    52278    65464    19468    19468    29291    74165    18177    89480    17319    43721    62835    47785    51407    43068    19984    14679    41427    68081    14485    19920    13488    30943    52278    68527    18177        0    12469    15432    77848    13733    36366    28963    77848    60422    20371    32273    28963    65464    68081    47149    74165    21840    49178    47149    89480    53277    56546    12469    22764    45314    56546    45314    11056    43721    68081    41427    12469    53277    12469    14485    41427    66355    43897    11056    61122    68081    12469    30692 
   58206    47511    20371    40958    64635    31056    53360    40958    20354    52891    62571    32400    37332    67981    53062    44478    37690    20371        0    41001    35501    35004    37332     3375    65121    63564    58560    53595    82061     3375     3375    47511    95510    17320   103764    35501    59143    44651    29664    23481    61289    38163    26334    33984    84238    31964    44260    25151    44478    53595    84701    17320    20371    30687    28438    92115     8084    37332     9713    92115    61739        0    38025     9713    82061    84238    62571    95510    46108    31056    62571   103764    35173    57863    30687    40958    46477    57863    46477     9820    59143    84238    33984    30687    35173    30687    31964    33984    82566    58238     9820    67981    84238    30687    50357 
   85550    20586    23116    22938    37719    64806    60891    22938    27244    29965    44544    66150    44863    53785    86546    26301    71502    23116    41001        0    21871    35726    44863    38326    38184    71488    54682    61910    56956    38326    38326    20586    69001    31604    84317    21871    41407    78463    63414    49697    34363    15934    26628    51058    49814     8754     6094    17820    26301    61910    54373    31604    23116    15273    19764    72684    33805    44863    44592    72684    50834    41001    49174    44592    56956    49814    44544    69001     7942    64806    44544    84317    68657    49471    15273    22938    47147    49471    47147    31127    41407    49814    51058    15273    68657    15273     8754    51058    42447    37781    31127    53785    49814    15273    13678 
   87243    15551    17319     4857    32678    64308    62584     4857    24308    12006    28557    65651    46556    35826    90374    41990    75002    17319    35501    21871        0    38921    46556    34597    27596    53529    26400    63038    46416    34597    34597    15551    55118    35606    70433        0    24808    77965    66975    64458    29328     6244    30640    52187    50365    25481    16163    24563    41990    63038    50828    35606    17319     6688    26507    58801    29426    46556    44093    58801    71182    35501    22484    44093    46416    50365    28557    55118    13952    64308    28557    70433    72485    67306     6688     4857    56074    67306    56074    27041    24808    50365    52187     6688    72485     6688    25481    52187    29935    18602    27041    35826    50365     6688    16952 
   50427    53480    22960    43773    70605    58560    30401    43773    27393    61458    71139    59903    15598    85290    80566    13001    62300    22960    35004    35726    38921        0    15598    32329    73212   102487    75358    35321    89126    32329    32329    53480    97827    17109   112331    38921    67383    72466    57167    28364    75560    40993     9256    25213    92805    26787    38845    19974    13001    35321    93268    17109    22960    35781    15967   101510    27632    15598    38595   101510    22247    35004    53660    38595    89126    92805    71139    97827    40693    58560    71139   112331    62677    23222    35781    43773    20650    23222    20650    25027    67383    92805    25213    35781    62677    35781    26787    25213    91134    66805    25027    85290    92805    35781    48972 
   35134    58529    36366    52001    76260    47935    20086    52001    29721    60780    71379    49279        0    84600    69993    30107    41931    36366    37332    44863    46556    15598        0    34657    73028   102303    75173    20135    88941    34657    34657    58529    97643    16515   112958    46556    67199    48892    46543    19815    75198    49222    16752     7567    91559    36232    48289    29419    30107    20135    92005    16515    36366    41707    23349   101326    30136        0    32043   101326    14785    37332    61511    32043    88941    91559    71379    97643    50138    47935    71379   112958    52034    13254    41707    52001    10247    13254    10247    27458    67199    91559     7567    41707    52034    41707    36232     7567    89833    67046    27458    84600    91559    41707    59930 
   55531    46607    19468    40054    63732    28976    50684    40054    15448    57232    66912    30320    34657    81064    50982    41802    35611    19468     3375    38326    34597    32329    34657        0    69462    66939    70365    50919    86402        0        0    46607    92834    14644   108105    34597    63485    42462    27584    20806    71333    44414    23659    31309    88579    29289    41584    22476    41802    50919    89042    14644    19468    29784    25763    96457     5899    34657     7115    96457    59063     3375    39903     7115    86402    88579    66912    92834    43194    28976    66912   108105    33093    55187    29784    40054    43801    55187    43801     8916    63485    88579    31309    29784    33093    29784    29289    31309    86907    62579     8916    81064    88579    29784    49453 
  113714    17914    49550    22057    13628    85474    89055    22057    53928    19147     7306    86817    73028    36799   123928    63204   101474    49550    65121    38184    27596    73212    73028    69462        0    54590    18377    89842    20651    69462    69462    17914    32697    62078    47218    27596     7479   109600    84081    90930    10272    27248    65408    78990    15590    44181    32531    64225    63204    89842    16053    62078    49550    32933    67512    36380    63912    73028    75729    36380    97985    65121    30906    75729    20651    15590     7306    32697    30320    85474     7306    47218    89591    94110    32933    22057    82172    94110    82172    61307     7479    15590    78990    32933    89591    32933    44181    78990     2419    13529    61307    36799    15590    32933    22901 
  142989    58698    78825    48964    69034    57540   118330    48964    65479    41523    42842    58883   102303    17703    52620   104290    82832    78825    63564    71488    53529   102487   102303    66939    54590        0    35565   119146    38087    66939    66939    58698    43935    91353    45518    53529    42679    88525    56147    87325    65679    54935    94712   108294    59510    87824    65757    93529   104290   119146    59973    91353    78825    60897    96816    49632    71607   102303    69049    49632   126410    63564    37130    69049    38087    59510    42842    43935    63546    57540    42842    45518    61657   122364    60897    48964   111447   122364   111447    90582    42679    59510   108294    60897    61657    60897    87824   108294    57839    40296    90582    17703    59510    60897    63610 
  115860    34412    51695    21835    30211    69630    91200    21835    56383    14393     6762    70973    75173    17849    88172    77161   103619    51695    58560    54682    26400    75358    75173    70365    18377    35565        0    92021    18595    70365    70365    34412    22490    64223    39490    26400     9092   111780    68237    93075    28017    27805    67588    81170    25767    60700    48951    66405    77161    92021    26230    64223    51695    33768    69691    30140    66057    75173    76631    30140   100165    58560    24501    76631    18595    25767     6762    22490    46740    69630     6762    39490    73747    96289    33768    21835    84318    96289    84318    63452     9092    25767    81170    33768    73747    33768    60700    81170    19015     6710    63452    17849    25767    33768    39324 
   28156    75048    52278    68495    92172    57490     4716    68495    46149    77611    87292    58834    20135   101443    84480    41054    47802    52278    53595    61910    63038    35321    20135    50919    89842   119146    92021        0   106781    50919    50919    75048   113904    35988   128484    63038    83864    53163    56098    29319    91713    65700    33396    13871   108958    53156    65168    46227    41054        0   109421    35988    52278    58224    49878   116836    46612    20135    41483   116836    13074    53595    77777    41483   106781   108958    87292   113904    67016    57490    87292   128484    61607    10214    58224    68495    13728    10214    13728    44007    83864   108958    13871    58224    61607    58224    53156    13871   107286    82958    44007   101443   108958    58224    77894 
  129628    36686    65464    41851    31502    80726   104969    41851    70151    30598    22760    82070    88941    20330    90653    90929   117387    65464    82061    56956    46416    89126    88941    86402    20651    38087    18595   106781        0    86402    86402    36686     9934    77991    27791    46416    25414   126540    79333   106843    28147    45173    82348    95930    21978    75460    50456    81165    90929   106781    22441    77991    65464    53784    84451    17672    79825    88941    92669    17672   114925    82061    40706    92669        0    21978    22760     9934    48244    80726    22760    27791    84843   111049    53784    41851    98086   111049    98086    77221    25414    21978    95930    53784    84843    53784    75460    95930    20306    25208    77221    20330    21978    53784    41598 
   55531    46607    19468    40054    63732    28976    50684    40054    15448    57232    66912    30320    34657    81064    50982    41802    35611    19468     3375    38326    34597    32329    34657        0    69462    66939    70365    50919    86402        0        0    46607    92834    14644   108105    34597    63485    42462    27584    20806    71333    44414    23659    31309    88579    29289    41584    22476    41802    50919    89042    14644    19468    29784    25763    96457     5899    34657     7115    96457    59063     3375    39903     7115    86402    88579    66912    92834    43194    28976    66912   108105    33093    55187    29784    40054    43801    55187    43801     8916    63485    88579    31309    29784    33093    29784    29289    31309    86907    62579     8916    81064    88579    29784    49453 
   55531    46607    19468    40054    63732    28976    50684    40054    15448    57232    66912    30320    34657    81064    50982    41802    35611    19468     3375    38326    34597    32329    34657        0    69462    66939    70365    50919    86402        0        0    46607    92834    14644   108105    34597    63485    42462    27584    20806    71333    44414    23659    31309    88579    29289    41584    22476    41802    50919    89042    14644    19468    29784    25763    96457     5899    34657     7115    96457    59063     3375    39903     7115    86402    88579    66912    92834    43194    28976    66912   108105    33093    55187    29784    40054    43801    55187    43801     8916    63485    88579    31309    29784    33093    29784    29289    31309    86907    62579     8916    81064    88579    29784    49453 
   99215        0    29291    15660    17360    76317    74556    15660    36318    17036    24185    81684    58529    40868   102346    45607    86975    29291    47511    20586    15551    53480    58529    46607    17914    58698    34412    75048    36686    46607    46607        0    48732    47579    64047    15551    21138    89974    78948    76430    14013     9576    44382    64196    29505    26508    14858    35574    45607    75048    36471    47579    29291    16824    37518    52415    41399    58529    56103    52415    83191    47511    29339    56103    36686    29505    24185    48732    12647    76317    24185    64047    84458    79316    16824    15660    68084    79316    68084    39014    21138    29505    64196    16824    84458    16824    26508    64196    22178    17422    39014    40868    29505    16824     5328 
  138329    48732    74165    50553    43547    84681   113670    50553    78852    34553    34805    86024    97643    24284   102048    99630   126088    74165    95510    69001    55118    97827    97643    92834    32697    43935    22490   113904     9934    92834    92834    48732        0    86693    22754    55118    37459   133050    83288   115544    40192    56523    89470   103053    34023    82582    63270    88287    99630   113904    34486    86693    74165    62486    91574     8455    88527    97643    99101     8455   121750    95510    44661    99101     9934    34023    34805        0    61059    84681    34805    22754    88798   117704    62486    50553   106787   117704   106787    85922    37459    34023   103053    62486    88798    62486    82582   103053    32351    29163    85922    24284    34023    62486    53644 
   45547    47579    18177    41051    64694    39544    34975    41051    15886    49830    59677    40887    16515    73650    61590    24838    46240    18177    17320    31604    35606    17109    16515    14644    62078    91353    64223    35988    77991    14644    14644    47579    86693        0   102008    35606    56249    53201    38151    18514    64248    38272    11483    21442    80609    22973    35031    16160    24838    35988    81055        0    18177    30757    19447    90376    16301    16515    20911    90376    30178    17320    50561    20911    77991    80609    59677    86693    36879    39544    59677   102008    43643    28815    30757    41051    26490    28815    26490    13623    56249    80609    21442    30757    43643    30757    22973    21442    78883    56425    13623    73650    80609    30757    45158 
  153645    64047    89480    65326    58863   101676   128985    65326    92571    60057    50121   102399   112958    40659    95276   114946   141404    89480   103764    84317    70433   112331   112958   108105    47218    45518    39490   128484    27791   108105   108105    64047    22754   102008        0    70433    52045   148243    99663   130860    55507    71703   104051   117633    49339    97163    77838   102868   114946   128484    49802   102008    89480    77249   106154    21508   103842   112958   114372    21508   136628   103764    71718   114372    27791    49339    50121    22754    75627   101676    50121        0   105172   132752    77249    65326   122103   132752   122103   101237    52045    49339   117633    77249   105172    77249    97163   117633    47274    60223   101237    40659    49339    77249    68208 
   87243    15551    17319     4857    32678    64308    62584     4857    24308    12006    28557    65651    46556    35826    90374    41990    75002    17319    35501    21871        0    38921    46556    34597    27596    53529    26400    63038    46416    34597    34597    15551    55118    35606    70433        0    24808    77965    66975    64458    29328     6244    30640    52187    50365    25481    16163    24563    41990    63038    50828    35606    17319     6688    26507    58801    29426    46556    44093    58801    71182    35501    22484    44093    46416    50365    28557    55118    13952    64308    28557    70433    72485    67306     6688     4857    56074    67306    56074    27041    24808    50365    52187     6688    72485     6688    25481    52187    29935    18602    27041    35826    50365     6688    16952 
  107885    21138    43721    19269    21025    73651    83226    19269    47950    11742     3486    74995    67199    24976    95657    69186    95645    43721    59143    41407    24808    67383    67199    63485     7479    42679     9092    83864    25414    63485    63485    21138    37459    56249    52045    24808        0   103622    72258    85101    14742    28245    59430    73012    22716    45178    33528    58247    69186    83864    23179    56249    43721    30146    61534    40396    58083    67199    69751    40396    92007    59143    24996    69751    25414    22716     3486    37459    31317    73651     3486    52045    77768    88132    30146    19269    76343    88132    76343    55478        0    22716    73012    30146    77768    30146    45178    73012     9817     6125    55478    24976    22716    30146    23899 
   45128    89974    62835    83422   107099    33257    56115    83422    60566    97370   107050    30910    48892    94677    38196    81940     6961    62835    44651    78463    77965    72466    48892    42462   109600    88525   111780    53163   126540    42462    42462    89974   133050    53201   148243    77965   103622        0    33732    33269   111471    80626    63874    48200   128717    69504    81722    62691    81940    53163   129180    53201    62835    73151    65978   136594    48126    48892    35761   136594    64304    44651    80537    35761   126540   128717   107050   133050    83570    33257   107050   148243    28714    59108    73151    83422    55648    59108    55648    51143   103622   128717    48200    73151    28714    73151    69504    48200   127045   102717    51143    94677   128717    73151    92821 
   66592    78948    47785    70379    96004     1478    55767    70379    45568    64036    72423     2822    46543    60829    23676    66501    26771    47785    29664    63414    66975    57167    46543    27584    84081    56147    68237    56098    79333    27584    27584    78948    83288    38151    99663    66975    72258    33732        0    31867    92633    69641    48886    42428    91361    54516    66573    47703    66501    56098    91807    38151    47785    62126    50990    88777    33076    46543    20815    88777    58433    29664    54971    20815    79333    91361    72423    83288    68422     1478    72423    99663     5787    53336    62126    70379    53367    53336    53367    36093    72258    91361    42428    62126     5787    62126    54516    42428    84791    69877    36093    60829    91361    62126    80349 
   35998    76430    51407    69903    94162    33259    29182    69903    32881    78682    88529    34603    19815   102501    55286    42323    26308    51407    23481    49697    64458    28364    19815    20806    90930    87325    93075    29319   106843    20806    20806    76430   115544    18514   130860    64458    85101    33269    31867        0    93099    67124    28968    15649   109461    41066    53123    34253    42323    29319   109907    18514    51407    59609    37540   119228    26576    19815    17367   119228    31654    23481    79412    17367   106843   109461    88529   115544    54971    33259    88529   130860    37359    26557    59609    69903    26588    26557    26588    29667    85101   109461    15649    59609    37359    59609    41066    15649   107734    85277    29667   102501   109461    59609    63250 
  115884    14013    43068    23847     6945    95203    91225    23847    50096    21414    21003    95369    75198    47448   131826    59383   103643    43068    61289    34363    29328    75560    75198    71333    10272    65679    28017    91713    28147    71333    71333    14013    40192    64248    55507    29328    14742   111471    92633    93099        0    23354    67279    80861    13642    40286    28636    49352    59383    91713    22489    64248    43068    30602    51296    43875    55175    75198    77600    43875    99856    61289    33391    77600    28147    13642    21003    40192    26425    95203    21003    55507    98142    95981    30602    23847    84748    95981    84748    52790    14742    13642    80861    30602    98142    30602    40286    80861     7969    18518    52790    47448    13642    30602    17555 
   89909     9576    19984     6377    26700    71034    65249     6377    27643    13819    33525    72377    49222    37650    93040    42809    77668    19984    38163    15934     6244    40993    49222    44414    27248    54935    27805    65700    45173    44414    44414     9576    56523    38272    71703     6244    28245    80626    69641    67124    23354        0    34158    54849    38845    21852    10203    25350    42809    65700    45811    38272    19984     7515    27295    60054    32092    49222    50680    60054    73844    38163    24812    50680    45173    38845    33525    56523     7991    71034    33525    71703    75151    69968     7515     6377    58367    69968    58367    29707    28245    38845    54849     7515    75151     7515    21852    54849    31292    20414    29707    37650    38845     7515    12422 
   51503    44382    14679    36097    61506    50279    30538    36097    18888    53178    62858    51622    16752    77009    72285    16222    56913    14679    26334    26628    30640     9256    16752    23659    65408    94712    67588    33396    82348    23659    23659    44382    89470    11483   104051    30640    59430    63874    48886    28968    67279    34158        0    26393    84524    14624    29886     9229    16222    33396    84987    11483    14679    26682     6597    92402    19351    16752    29925    92402    25751    26334    45379    29925    82348    84524    62858    89470    31735    50279    62858   104051    54396    24373    26682    36097    21804    24373    21804    16746    59430    84524    26393    26682    54396    26682    14624    26393    82853    58524    16746    77009    84524    26682    40013 
   30967    64196    41427    57644    81321    43820    13609    57644    35298    66760    76440    45164     7567    90591    65826    35731    42839    41427    33984    51058    52187    25213     7567    31309    78990   108294    81170    13871    95930    31309    31309    64196   103053    21442   117633    52187    73012    48200    42428    15649    80861    54849    26393        0    98107    41489    54317    34676    35731    13871    98570    21442    41427    47373    37963   105984    35761     7567    27813   105984    15627    33984    66926    27813    95930    98107    76440   103053    56165    43820    76440   117633    47937    11109    47373    57644    11141    11109    11141    33156    73012    98107        0    47373    47937    47373    41489        0    96435    72107    33156    90591    98107    47373    67043 
  132245    29505    68081    38050    12969    92953   107586    38050    73045    39936    19731    94297    91559    41808   125711    93546   120005    68081    84238    49814    50365    92805    91559    88579    15590    59510    25767   108958    21978    88579    88579    29505    34023    80609    49339    50365    22716   128717    91361   109461    13642    38845    84524    98107        0    55777    44128    83341    93546   108958     5575    80609    68081    46093    86628    37706    82443    91559    94846    37706   117102    84238    52101    94846    21978        0    19731    34023    41916    92953    19731    49339    96871   113226    46093    38050   101994   113226   101994    79838    22716        0    98107    46093    96871    46093    55777    98107    14184    29834    79838    41808        0    46093    33046 
   76919    26508    14485    30385    43633    55909    52259    30385    18886    46290    50458    57252    36232    70121    77915    22607    62543    14485    31964     8754    25481    26787    36232    29289    44181    87824    60700    53156    75460    29289    29289    26508    82582    22973    97163    25481    45178    69504    54516    41066    40286    21852    14624    41489    55777        0    12012     9066    22607    53156    78100    22973    14485    18793     8146    85514    22417    36232    35555    85514    41912    31964    40394    35555    75460    55777    50458    82582    13861    55909    50458    97163    60026    40534    18793    30385    37965    40534    37965    19812    45178    55777    41489    18793    60026    18793        0    41489    48225    51636    19812    70121    55777    18793    22139 
   88976    14858    19920    17222    31983    67966    64317    17222    27578    24664    38808    69310    48289    48495    89972    31114    74600    19920    44260     6094    16163    38845    48289    41584    32531    65757    48951    65168    50456    41584    41584    14858    63270    35031    77838    16163    33528    81722    66573    53123    28636    10203    29886    54317    44128    12012        0    21078    31114    65168    51094    35031    19920    13135    23023    66189    34474    48289    47851    66189    54092    44260    35657    47851    50456    44128    38808    63270     2211    67966    38808    77838    72083    52730    13135    17222    50023    52730    50023    31869    33528    44128    54317    13135    72083    13135    12012    54317    36575    32044    31869    48495    44128    13135    10127 
   70106    35574    13488    29466    52699    49096    45446    29466    13416    51995    61675    50439    29419    75826    71102    17874    55730    13488    25151    17820    24563    19974    29419    22476    64225    93529    66405    46227    81165    22476    22476    35574    88287    16160   102868    24563    58247    62691    47703    34253    49352    25350     9229    34676    83341     9066    21078        0    17874    46227    83804    16160    13488    17874     2366    91219    16946    29419    28742    91219    35099    25151    39397    28742    81165    83341    61675    88287    22927    49096    61675   102868    53213    33721    17874    29466    31152    33721    31152    15563    58247    83341    34676    17874    53213    17874     9066    34676    57290    57341    15563    75826    83341    17874    31205 
   64858    45607    30943    46896    61180    68283    36122    46896    30721    62767    80472    69627    30107    86587    89899        0    74527    30943    44478    26301    41990    13001    30107    41802    63204   104290    77161    41054    90929    41802    41802    45607    99630    24838   114946    41990    69186    81940    66501    42323    59383    42809    16222    35731    93546    22607    31114    17874        0    41054   102602    24838    30943    35293    15748   103313    34401    30107    48069   103313    27980    44478    56817    48069    90929    93546    80472    99630    32962    68283    80472   114946    72010    33456    35293    46896    32876    33456    32876    31796    69186    93546    35731    35293    72010    35293    22607    35731    91820    76139    31796    86587    93546    35293    41241 
   28156    75048    52278    68495    92172    57490     4716    68495    46149    77611    87292    58834    20135   101443    84480    41054    47802    52278    53595    61910    63038    35321    20135    50919    89842   119146    92021        0   106781    50919    50919    75048   113904    35988   128484    63038    83864    53163    56098    29319    91713    65700    33396    13871   108958    53156    65168    46227    41054        0   109421    35988    52278    58224    49878   116836    46612    20135    41483   116836    13074    53595    77777    41483   106781   108958    87292   113904    67016    57490    87292   128484    61607    10214    58224    68495    13728    10214    13728    44007    83864   108958    13871    58224    61607    58224    53156    13871   107286    82958    44007   101443   108958    58224    77894 
  132691    36471    68527    38513    18090    93416   108032    38513    73508    40399    20177    94760    92005    42270   126157   102602   120451    68527    84701    54373    50828    93268    92005    89042    16053    59973    26230   109421    22441    89042    89042    36471    34486    81055    49802    50828    23179   129180    91807   109907    22489    45811    84987    98570     5575    78100    51094    83804   102602   109421        0    81055    68527    53059    87091    38169    82889    92005    95309    38169   117565    84701    52564    95309    22441     5575    20177    34486    48883    93416    20177    49802    97317   113689    53059    38513   102457   113689   102457    80284    23179     5575    98570    53059    97317    53059    78100    98570    14647    30280    80284    42270     5575    53059    40013 
   45547    47579    18177    41051    64694    39544    34975    41051    15886    49830    59677    40887    16515    73650    61590    24838    46240    18177    17320    31604    35606    17109    16515    14644    62078    91353    64223    35988    77991    14644    14644    47579    86693        0   102008    35606    56249    53201    38151    18514    64248    38272    11483    21442    80609    22973    35031    16160    24838    35988    81055        0    18177    30757    19447    90376    16301    16515    20911    90376    30178    17320    50561    20911    77991    80609    59677    86693    36879    39544    59677   102008    43643    28815    30757    41051    26490    28815    26490    13623    56249    80609    21442    30757    43643    30757    22973    21442    78883    56425    13623    73650    80609    30757    45158 
   74192    29291        0    22764    46877    49178    52229    22764     9178    37302    47149    50521    36366    61122    71257    30943    55874        0    20371    23116    17319    22960    36366    19468    49550    78825    51695    52278    65464    19468    19468    29291    74165    18177    89480    17319    43721    62835    47785    51407    43068    19984    14679    41427    68081    14485    19920    13488    30943    52278    68527    18177        0    12469    15432    77848    13733    36366    28963    77848    60422    20371    32273    28963    65464    68081    47149    74165    21840    49178    47149    89480    53277    56546    12469    22764    45314    56546    45314    11056    43721    68081    41427    12469    53277    12469    14485    41427    66355    43897    11056    61122    68081    12469    30692 
   82393    16824    12469    11933    33948    59494    57734    11933    19494    19365    33897    64862    41707    43196    85525    35293    70153    12469    30687    15273     6688    35781    41707    29784    32933    60897    33768    58224    53784    29784    29784    16824    62486    30757    77249     6688    30146    73151    62126    59609    30602     7515    26682    47373    46093    18793    13135    17874    35293    58224    53059    30757    12469        0    19819    66169    24577    41707    39279    66169    66368    30687    28128    39279    53784    46093    33897    62486    15223    59494    33897    77249    67636    62492        0    11933    50851    62492    50851    22192    30146    46093    47373        0    67636        0    18793    47373    38540    25960    22192    43196    46093        0    18223 
   73392    37518    15432    31411    54643    52383    37136    31411    15360    55281    64962    53726    23349    79113    74389    15748    59017    15432    28438    19764    26507    15967    23349    25763    67512    96816    69691    49878    84451    25763    25763    37518    91574    19447   106154    26507    61534    65978    50990    37540    51296    27295     6597    37963    86628     8146    23023     2366    15748    49878    87091    19447    15432    19819        0    94506    18890    23349    32029    94506    32348    28438    41341    32029    84451    86628    64962    91574    24871    52383    64962   106154    56500    30970    19819    31411    28401    30970    28401    16286    61534    86628    37963    19819    56500    19819     8146    37963    59235    60628    16286    79113    86628    19819    33149 
  142012    52415    77848    54236    47230    90169   117353    54236    80922    48425    38488    91513   101326    29773   101788   103313   129772    77848    92115    72684    58801   101510   101326    96457    36380    49632    30140   116836    17672    96457    96457    52415     8455    90376    21508    58801    40396   136594    88777   119228    43875    60054    92402   105984    37706    85514    66189    91219   103313   116836    38169    90376    77848    66169    94506        0    92210   101326   102723        0   124979    92115    60086   102723    17672    37706    38488     8455    63978    90169    38488    21508    94286   121104    66169    54236   110470   121104   110470    89605    40396    37706   105984    66169    94286    66169    85514   105984    36035    34651    89605    29773    37706    66169    56560 
   70822    41399    13733    34871    57997    34468    46163    34871     9276    51664    55933    35812    30136    75484    56752    34401    41380    13733     8084    33805    29426    27632    30136     5899    63912    71607    66057    46612    79825     5899     5899    41399    88527    16301   103842    29426    58083    48126    33076    26576    55175    32092    19351    35761    82443    22417    34474    16946    34401    46612    82889    16301    13733    24577    18890    92210        0    30136    12779    92210    54756     8084    37793    12779    79825    82443    55933    88527    36322    34468    55933   103842    38863    50880    24577    34871    39648    50880    39648     2728    58083    82443    35761    24577    38863    24577    22417    35761    80717    51600     2728    75484    82443    24577    42800 
   35134    58529    36366    52001    76260    47935    20086    52001    29721    60780    71379    49279        0    84600    69993    30107    41931    36366    37332    44863    46556    15598        0    34657    73028   102303    75173    20135    88941    34657    34657    58529    97643    16515   112958    46556    67199    48892    46543    19815    75198    49222    16752     7567    91559    36232    48289    29419    30107    20135    92005    16515    36366    41707    23349   101326    30136        0    32043   101326    14785    37332    61511    32043    88941    91559    71379    97643    50138    47935    71379   112958    52034    13254    41707    52001    10247    13254    10247    27458    67199    91559     7567    41707    52034    41707    36232     7567    89833    67046    27458    84600    91559    41707    59930 
   52093    56103    28963    49550    73228    22208    41267    49550    26695    63499    73179    23552    32043    87330    44214    48069    28842    28963     9713    44592    44093    38595    32043     7115    75729    69049    76631    41483    92669     7115     7115    56103    99101    20911   114372    44093    69751    35761    20815    17367    77600    50680    29925    27813    94846    35555    47851    28742    48069    41483    95309    20911    28963    39279    32029   102723    12779    32043        0   102723    43819     9713    46783        0    92669    94846    73179    99101    49461    22208    73179   114372    26325    38721    39279    49550    38800    38721    38800    15796    69751    94846    27813    39279    26325    39279    35555    27813    93174    68845    15796    87330    94846    39279    58949 
  142012    52415    77848    54236    47230    90169   117353    54236    80922    48425    38488    91513   101326    29773   101788   103313   129772    77848    92115    72684    58801   101510   101326    96457    36380    49632    30140   116836    17672    96457    96457    52415     8455    90376    21508    58801    40396   136594    88777   119228    43875    60054    92402   105984    37706    85514    66189    91219   103313   116836    38169    90376    77848    66169    94506        0    92210   101326   102723        0   124979    92115    60086   102723    17672    37706    38488     8455    63978    90169    38488    21508    94286   121104    66169    54236   110470   121104   110470    89605    40396    37706   105984    66169    94286    66169    85514   105984    36035    34651    89605    29773    37706    66169    56560 
   39297    83191    60422    76639   100316    59826     8165    76639    54293    85755    95435    61170    14785   109586    81832    27980    58943    60422    61739    50834    71182    22247    14785    59063    97985   126410   100165    13074   114925    59063    59063    83191   121750    30178   136628    71182    92007    64304    58433    31654    99856    73844    25751    15627   117102    41912    54092    35099    27980    13074   117565    30178    60422    66368    32348   124979    54756    14785    43819   124979        0    61739    85921    43819   114925   117102    95435   121750    55941    59826    95435   136628    63943     6056    66368    76639     4896     6056     4896    52151    92007   117102    15627    66368    63943    66368    41912    15627   115430    91102    52151   109586   117102    66368    64219 
   58206    47511    20371    40958    64635    31056    53360    40958    20354    52891    62571    32400    37332    67981    53062    44478    37690    20371        0    41001    35501    35004    37332     3375    65121    63564    58560    53595    82061     3375     3375    47511    95510    17320   103764    35501    59143    44651    29664    23481    61289    38163    26334    33984    84238    31964    44260    25151    44478    53595    84701    17320    20371    30687    28438    92115     8084    37332     9713    92115    61739        0    38025     9713    82061    84238    62571    95510    46108    31056    62571   103764    35173    57863    30687    40958    46477    57863    46477     9820    59143    84238    33984    30687    35173    30687    31964    33984    82566    58238     9820    67981    84238    30687    50357 
  102197    29339    32273    18435    43886    56366    77538    18435    33368    13714    28687    57707    61511    33924    78369    56817    75788    32273    38025    49174    22484    53660    61511    39903    30906    37130    24501    77777    40706    39903    39903    29339    44661    50561    71718    22484    24996    80537    54971    79412    33391    24812    45379    66926    52101    40394    35657    39397    56817    77777    52564    50561    32273    28128    41341    60086    37793    61511    46783    60086    85921    38025        0    46783    40706    52101    28687    44661    33446    56366    28687    71718    60481    82045    28128    18435    70813    82045    70813    38553    24996    52101    66926    28128    60481    28128    40394    66926    33244    20309    38553    33924    52101    28128    33691 
   52093    56103    28963    49550    73228    22208    41267    49550    26695    63499    73179    23552    32043    87330    44214    48069    28842    28963     9713    44592    44093    38595    32043     7115    75729    69049    76631    41483    92669     7115     7115    56103    99101    20911   114372    44093    69751    35761    20815    17367    77600    50680    29925    27813    94846    35555    47851    28742    48069    41483    95309    20911    28963    39279    32029   102723    12779    32043        0   102723    43819     9713    46783        0    92669    94846    73179    99101    49461    22208    73179   114372    26325    38721    39279    49550    38800    38721    38800    15796    69751    94846    27813    39279    26325    39279    35555    27813    93174    68845    15796    87330    94846    39279    58949 
  129628    36686    65464    41851    31502    80726   104969    41851    70151    30598    22760    82070    88941    20330    90653    90929   117387    65464    82061    56956    46416    89126    88941    86402    20651    38087    18595   106781        0    86402    86402    36686     9934    77991    27791    46416    25414   126540    79333   106843    28147    45173    82348    95930    21978    75460    50456    81165    90929   106781    22441    77991    65464    53784    84451    17672    79825    88941    92669    17672   114925    82061    40706    92669        0    21978    22760     9934    48244    80726    22760    27791    84843   111049    53784    41851    98086   111049    98086    77221    25414    21978    95930    53784    84843    53784    75460    95930    20306    25208    77221    20330    21978    53784    41598 
  132245    29505    68081    38050    12969    92953   107586    38050    73045    39936    19731    94297    91559    41808   125711    93546   120005    68081    84238    49814    50365    92805    91559    88579    15590    59510    25767   108958    21978    88579    88579    29505    34023    80609    49339    50365    22716   128717    91361   109461    13642    38845    84524    98107        0    55777    44128    83341    93546   108958     5575    80609    68081    46093    86628    37706    82443    91559    94846    37706   117102    84238    52101    94846    21978        0    19731    34023    41916    92953    19731    49339    96871   113226    46093    38050   101994   113226   101994    79838    22716        0    98107    46093    96871    46093    55777    98107    14184    29834    79838    41808        0    46093    33046 
  111313    24185    47149    23002    24166    73815    87242    23002    51378    15170        0    75159    71379    25139    95820    80472   100089    47149    62571    44544    28557    71139    71379    66912     7306    42842     6762    87292    22760    66912    66912    24185    34805    59677    50121    28557     3486   107050    72423    88529    21003    33525    62858    76440    19731    50458    38808    61675    80472    87292    20177    59677    47149    33897    64962    38488    55933    71379    73179    38488    95435    62571    28687    73179    22760    19731        0    34805    36597    73815        0    50121    77914    91560    33897    23002    80327    91560    80327    53255     3486    19731    76440    33897    77914    33897    50458    76440    13161    10195    53255    25139    19731    33897    29179 
  138329    48732    74165    50553    43547    84681   113670    50553    78852    34553    34805    86024    97643    24284   102048    99630   126088    74165    95510    69001    55118    97827    97643    92834    32697    43935    22490   113904     9934    92834    92834    48732        0    86693    22754    55118    37459   133050    83288   115544    40192    56523    89470   103053    34023    82582    63270    88287    99630   113904    34486    86693    74165    62486    91574     8455    88527    97643    99101     8455   121750    95510    44661    99101     9934    34023    34805        0    61059    84681    34805    22754    88798   117704    62486    50553   106787   117704   106787    85922    37459    34023   103053    62486    88798    62486    82582   103053    32351    29163    85922    24284    34023    62486    53644 
   90824    12647    21840    15011    29772    69814    66165    15011    29498    22453    36597    71158    50138    46284    91820    32962    76449    21840    46108     7942    13952    40693    50138    43194    30320    63546    46740    67016    48244    43194    43194    12647    61059    36879    75627    13952    31317    83570    68422    54971    26425     7991    31735    56165    41916    13861     2211    22927    32962    67016    48883    36879    21840    15223    24871    63978    36322    50138    49461    63978    55941    46108    33446    49461    48244    41916    36597    61059        0    69814    36597    75627    73932    54578    15223    15011    51871    54578    51871    33718    31317    41916    56165    15223    73932    15223    13861    56165    34364    29833    33718    46284    41916    15223     9446 
   67984    76317    49178    71772    97397        0    57159    71772    46960    65449    73815     2347    47935    62222    24148    68283    26296    49178    31056    64806    64308    58560    47935    28976    85474    57540    69630    57490    80726    28976    28976    76317    84681    39544   101676    64308    73651    33257     1478    33259    95203    71034    50279    43820    92953    55909    67966    49096    68283    57490    93416    39544    49178    59494    52383    90169    34468    47935    22208    90169    59826    31056    56366    22208    80726    92953    73815    84681    69814        0    73815   101676     6259    54728    59494    71772    54692    54728    54692    37486    73651    92953    43820    59494     6259    59494    55909    43820    86201    71270    37486    62222    92953    59494    81741 
  111313    24185    47149    23002    24166    73815    87242    23002    51378    15170        0    75159    71379    25139    95820    80472   100089    47149    62571    44544    28557    71139    71379    66912     7306    42842     6762    87292    22760    66912    66912    24185    34805    59677    50121    28557     3486   107050    72423    88529    21003    33525    62858    76440    19731    50458    38808    61675    80472    87292    20177    59677    47149    33897    64962    38488    55933    71379    73179    38488    95435    62571    28687    73179    22760    19731        0    34805    36597    73815        0    50121    77914    91560    33897    23002    80327    91560    80327    53255     3486    19731    76440    33897    77914    33897    50458    76440    13161    10195    53255    25139    19731    33897    29179 
  153645    64047    89480    65326    58863   101676   128985    65326    92571    60057    50121   102399   112958    40659    95276   114946   141404    89480   103764    84317    70433   112331   112958   108105    47218    45518    39490   128484    27791   108105   108105    64047    22754   102008        0    70433    52045   148243    99663   130860    55507    71703   104051   117633    49339    97163    77838   102868   114946   128484    49802   102008    89480    77249   106154    21508   103842   112958   114372    21508   136628   103764    71718   114372    27791    49339    50121    22754    75627   101676    50121        0   105172   132752    77249    65326   122103   132752   122103   101237    52045    49339   117633    77249   105172    77249    97163   117633    47274    60223   101237    40659    49339    77249    68208 
   69542    84458    53277    75889   101496     6259    61471    75889    51077    69545    77914     3759    52034    66339    18079    72010    27620    53277    35173    68657    72485    62677    52034    33093    89591    61657    73747    61607    84843    33093    33093    84458    88798    43643   105172    72485    77768    28714     5787    37359    98142    75151    54396    47937    96871    60026    72083    53213    72010    61607    97317    43643    53277    67636    56500    94286    38863    52034    26325    94286    63943    35173    60481    26325    84843    96871    77914    88798    73932     6259    77914   105172        0    58845    67636    75889    58877    58845    58877    41955    77768    96871    47937    67636        0    67636    60026    47937    90301    75369    41955    66339    96871    67636    85858 
   35421    79316    56546    72763    96440    54728     7336    72763    50417    81879    91560    56072    13254   105711    76734    33456    53747    56546    57863    49471    67306    23222    13254    55187    94110   122364    96289    10214   111049    55187    55187    79316   117704    28815   132752    67306    88132    59108    53336    26557    95981    69968    24373    11109   113226    40534    52730    33721    33456    10214   113689    28815    56546    62492    30970   121104    50880    13254    38721   121104     6056    57863    82045    38721   111049   113226    91560   117704    54578    54728    91560   132752    58845        0    62492    72763     2119        0     2119    48275    88132   113226    11109    62492    58845    62492    40534    11109   111554    87226    48275   105711   113226    62492    62857 
   82393    16824    12469    11933    33948    59494    57734    11933    19494    19365    33897    64862    41707    43196    85525    35293    70153    12469    30687    15273     6688    35781    41707    29784    32933    60897    33768    58224    53784    29784    29784    16824    62486    30757    77249     6688    30146    73151    62126    59609    30602     7515    26682    47373    46093    18793    13135    17874    35293    58224    53059    30757    12469        0    19819    66169    24577    41707    39279    66169    66368    30687    28128    39279    53784    46093    33897    62486    15223    59494    33897    77249    67636    62492        0    11933    50851    62492    50851    22192    30146    46093    47373        0    67636        0    18793    47373    38540    25960    22192    43196    46093        0    18223 
   92688    15660    22764        0    29083    71772    68029        0    29765     7442    23002    73116    52001    31274    93778    46896    80447    22764    40958    22938     4857    43773    52001    40054    22057    48964    21835    68495    41851    40054    40054    15660    50553    41051    65326     4857    19269    83422    70379    69903    23847     6377    36097    57644    38050    30385    17222    29466    46896    68495    38513    41051    22764    11933    31411    54236    34871    52001    49550    54236    76639    40958    18435    49550    41851    38050    23002    50553    15011    71772    23002    65326    75889    72763    11933        0    61146    72763    61146    32486    19269    38050    57644    11933    75889    11933    30385    57644    24410    14037    32486    31274    38050    11933    17051 
   37325    68084    45314    61146    85208    54692     9239    61146    38865    70647    80327    56104    10247    94479    76766    32876    53779    45314    46477    47147    56074    20650    10247    43801    82172   111447    84318    13728    98086    43801    43801    68084   106787    26490   122103    56074    76343    55648    53367    26588    84748    58367    21804    11141   101994    37965    50023    31152    32876    13728   102457    26490    45314    50851    28401   110470    39648    10247    38800   110470     4896    46477    70813    38800    98086   101994    80327   106787    51871    54692    80327   122103    58877     2119    50851    61146        0     2119        0    37043    76343   101994    11141    50851    58877    50851    37965    11141    98977    75994    37043    94479   101994    50851    60150 
   35421    79316    56546    72763    96440    54728     7336    72763    50417    81879    91560    56072    13254   105711    76734    33456    53747    56546    57863    49471    67306    23222    13254    55187    94110   122364    96289    10214   111049    55187    55187    79316   117704    28815   132752    67306    88132    59108    53336    26557    95981    69968    24373    11109   113226    40534    52730    33721    33456    10214   113689    28815    56546    62492    30970   121104    50880    13254    38721   121104     6056    57863    82045    38721   111049   113226    91560   117704    54578    54728    91560   132752    58845        0    62492    72763     2119        0     2119    48275    88132   113226    11109    62492    58845    62492    40534    11109   111554    87226    48275   105711   113226    62492    62857 
   37325    68084    45314    61146    85208    54692     9239    61146    38865    70647    80327    56104    10247    94479    76766    32876    53779    45314    46477    47147    56074    20650    10247    43801    82172   111447    84318    13728    98086    43801    43801    68084   106787    26490   122103    56074    76343    55648    53367    26588    84748    58367    21804    11141   101994    37965    50023    31152    32876    13728   102457    26490    45314    50851    28401   110470    39648    10247    38800   110470     4896    46477    70813    38800    98086   101994    80327   106787    51871    54692    80327   122103    58877     2119    50851    61146        0     2119        0    37043    76343   101994    11141    50851    58877    50851    37965    11141    98977    75994    37043    94479   101994    50851    60150 
   68145    39014    11056    32486    55320    37486    43486    32486     6350    49059    53255    38830    27458    72879    59844    31796    44182    11056     9820    31127    27041    25027    27458     8916    61307    90582    63452    44007    77221     8916     8916    39014    85922    13623   101237    27041    55478    51143    36093    29667    52790    29707    16746    33156    79838    19812    31869    15563    31796    44007    80284    13623    11056    22192    16286    89605     2728    27458    15796    89605    52151     9820    38553    15796    77221    79838    53255    85922    33718    37486    53255   101237    41955    48275    22192    32486    37043    48275    37043        0    55478    79838    33156    22192    41955    22192    19812    33156    78112    48922        0    72879    79838    22192    40414 
  107885    21138    43721    19269    21025    73651    83226    19269    47950    11742     3486    74995    67199    24976    95657    69186    95645    43721    59143    41407    24808    67383    67199    63485     7479    42679     9092    83864    25414    63485    63485    21138    37459    56249    52045    24808        0   103622    72258    85101    14742    28245    59430    73012    22716    45178    33528    58247    69186    83864    23179    56249    43721    30146    61534    40396    58083    67199    69751    40396    92007    59143    24996    69751    25414    22716     3486    37459    31317    73651     3486    52045    77768    88132    30146    19269    76343    88132    76343    55478        0    22716    73012    30146    77768    30146    45178    73012     9817     6125    55478    24976    22716    30146    23899 
  132245    29505    68081    38050    12969    92953   107586    38050    73045    39936    19731    94297    91559    41808   125711    93546   120005    68081    84238    49814    50365    92805    91559    88579    15590    59510    25767   108958    21978    88579    88579    29505    34023    80609    49339    50365    22716   128717    91361   109461    13642    38845    84524    98107        0    55777    44128    83341    93546   108958     5575    80609    68081    46093    86628    37706    82443    91559    94846    37706   117102    84238    52101    94846    21978        0    19731    34023    41916    92953    19731    49339    96871   113226    46093    38050   101994   113226   101994    79838    22716        0    98107    46093    96871    46093    55777    98107    14184    29834    79838    41808        0    46093    33046 
   30967    64196    41427    57644    81321    43820    13609    57644    35298    66760    76440    45164     7567    90591    65826    35731    42839    41427    33984    51058    52187    25213     7567    31309    78990   108294    81170    13871    95930    31309    31309    64196   103053    21442   117633    52187    73012    48200    42428    15649    80861    54849    26393        0    98107    41489    54317    34676    35731    13871    98570    21442    41427    47373    37963   105984    35761     7567    27813   105984    15627    33984    66926    27813    95930    98107    76440   103053    56165    43820    76440   117633    47937    11109    47373    57644    11141    11109    11141    33156    73012    98107        0    47373    47937    47373    41489        0    96435    72107    33156    90591    98107    47373    67043 
   82393    16824    12469    11933    33948    59494    57734    11933    19494    19365    33897    64862    41707    43196    85525    35293    70153    12469    30687    15273     6688    35781    41707    29784    32933    60897    33768    58224    53784    29784    29784    16824    62486    30757    77249     6688    30146    73151    62126    59609    30602     7515    26682    47373    46093    18793    13135    17874    35293    58224    53059    30757    12469        0    19819    66169    24577    41707    39279    66169    66368    30687    28128    39279    53784    46093    33897    62486    15223    59494    33897    77249    67636    62492        0    11933    50851    62492    50851    22192    30146    46093    47373        0    67636        0    18793    47373    38540    25960    22192    43196    46093        0    18223 
   69542    84458    53277    75889   101496     6259    61471    75889    51077    69545    77914     3759    52034    66339    18079    72010    27620    53277    35173    68657    72485    62677    52034    33093    89591    61657    73747    61607    84843    33093    33093    84458    88798    43643   105172    72485    77768    28714     5787    37359    98142    75151    54396    47937    96871    60026    72083    53213    72010    61607    97317    43643    53277    67636    56500    94286    38863    52034    26325    94286    63943    35173    60481    26325    84843    96871    77914    88798    73932     6259    77914   105172        0    58845    67636    75889    58877    58845    58877    41955    77768    96871    47937    67636        0    67636    60026    47937    90301    75369    41955    66339    96871    67636    85858 
   82393    16824    12469    11933    33948    59494    57734    11933    19494    19365    33897    64862    41707    43196    85525    35293    70153    12469    30687    15273     6688    35781    41707    29784    32933    60897    33768    58224    53784    29784    29784    16824    62486    30757    77249     6688    30146    73151    62126    59609    30602     7515    26682    47373    46093    18793    13135    17874    35293    58224    53059    30757    12469        0    19819    66169    24577    41707    39279    66169    66368    30687    28128    39279    53784    46093    33897    62486    15223    59494    33897    77249    67636    62492        0    11933    50851    62492    50851    22192    30146    46093    47373        0    67636        0    18793    47373    38540    25960    22192    43196    46093        0    18223 
   76919    26508    14485    30385    43633    55909    52259    30385    18886    46290    50458    57252    36232    70121    77915    22607    62543    14485    31964     8754    25481    26787    36232    29289    44181    87824    60700    53156    75460    29289    29289    26508    82582    22973    97163    25481    45178    69504    54516    41066    40286    21852    14624    41489    55777        0    12012     9066    22607    53156    78100    22973    14485    18793     8146    85514    22417    36232    35555    85514    41912    31964    40394    35555    75460    55777    50458    82582    13861    55909    50458    97163    60026    40534    18793    30385    37965    40534    37965    19812    45178    55777    41489    18793    60026    18793        0    41489    48225    51636    19812    70121    55777    18793    22139 
   30967    64196    41427    57644    81321    43820    13609    57644    35298    66760    76440    45164     7567    90591    65826    35731    42839    41427    33984    51058    52187    25213     7567    31309    78990   108294    81170    13871    95930    31309    31309    64196   103053    21442   117633    52187    73012    48200    42428    15649    80861    54849    26393        0    98107    41489    54317    34676    35731    13871    98570    21442    41427    47373    37963   105984    35761     7567    27813   105984    15627    33984    66926    27813    95930    98107    76440   103053    56165    43820    76440   117633    47937    11109    47373    57644    11141    11109    11141    33156    73012    98107        0    47373    47937    47373    41489        0    96435    72107    33156    90591    98107    47373    67043 
  130519    22178    66355    24410    11324    86201   105860    24410    71373    21485    13161    87527    89833    39607   123984    91820   118278    66355    82566    42447    29935    91134    89833    86907     2419    57839    19015   107286    20306    86907    86907    22178    32351    78883    47274    29935     9817   127045    84791   107734     7969    31292    82853    96435    14184    48225    36575    57290    91820   107286    14647    78883    66355    38540    59235    36035    80717    89833    93174    36035   115430    82566    33244    93174    20306    14184    13161    32351    34364    86201    13161    47274    90301   111554    38540    24410    98977   111554    98977    78112     9817    14184    96435    38540    90301    38540    48225    96435        0    15868    78112    39607    14184    38540    25494 
  108062    17422    43897    14037    28441    71270    82909    14037    47045     6595    10195    72613    67046    22593    93274    76139    95756    43897    58238    37781    18602    66805    67046    62579    13529    40296     6710    82958    25208    62579    62579    17422    29163    56425    60223    18602     6125   102717    69877    85277    18518    20414    58524    72107    29834    51636    32044    57341    76139    82958    30280    56425    43897    25960    60628    34651    51600    67046    68845    34651    91102    58238    20309    68845    25208    29834    10195    29163    29833    71270    10195    60223    75369    87226    25960    14037    75994    87226    75994    48922     6125    29834    72107    25960    75369    25960    51636    72107    15868        0    48922    22593    29834    25960    22415 
   68145    39014    11056    32486    55320    37486    43486    32486     6350    49059    53255    38830    27458    72879    59844    31796    44182    11056     9820    31127    27041    25027    27458     8916    61307    90582    63452    44007    77221     8916     8916    39014    85922    13623   101237    27041    55478    51143    36093    29667    52790    29707    16746    33156    79838    19812    31869    15563    31796    44007    80284    13623    11056    22192    16286    89605     2728    27458    15796    89605    52151     9820    38553    15796    77221    79838    53255    85922    33718    37486    53255   101237    41955    48275    22192    32486    37043    48275    37043        0    55478    79838    33156    22192    41955    22192    19812    33156    78112    48922        0    72879    79838    22192    40414 
  125286    40868    61122    31274    51332    62222   100627    31274    65529    23831    25139    63565    84600        0    70323    86587    87514    61122    67981    53785    35826    85290    84600    81064    36799    17703    17849   101443    20330    81064    81064    40868    24284    73650    40659    35826    24976    94677    60829   102501    47448    37650    77009    90591    41808    70121    48495    75826    86587   101443    42270    73650    61122    43196    79113    29773    75484    84600    87330    29773   109586    67981    33924    87330    20330    41808    25139    24284    46284    62222    25139    40659    66339   105711    43196    31274    94479   105711    94479    72879    24976    41808    90591    43196    66339    43196    70121    90591    39607    22593    72879        0    41808    43196    45861 
  132245    29505    68081    38050    12969    92953   107586    38050    73045    39936    19731    94297    91559    41808   125711    93546   120005    68081    84238    49814    50365    92805    91559    88579    15590    59510    25767   108958    21978    88579    88579    29505    34023    80609    49339    50365    22716   128717    91361   109461    13642    38845    84524    98107        0    55777    44128    83341    93546   108958     5575    80609    68081    46093    86628    37706    82443    91559    94846    37706   117102    84238    52101    94846    21978        0    19731    34023    41916    92953    19731    49339    96871   113226    46093    38050   101994   113226   101994    79838    22716        0    98107    46093    96871    46093    55777    98107    14184    29834    79838    41808        0    46093    33046 
   82393    16824    12469    11933    33948    59494    57734    11933    19494    19365    33897    64862    41707    43196    85525    35293    70153    12469    30687    15273     6688    35781    41707    29784    32933    60897    33768    58224    53784    29784    29784    16824    62486    30757    77249     6688    30146    73151    62126    59609    30602     7515    26682    47373    46093    18793    13135    17874    35293    58224    53059    30757    12469        0    19819    66169    24577    41707    39279    66169    66368    30687    28128    39279    53784    46093    33897    62486    15223    59494    33897    77249    67636    62492        0    11933    50851    62492    50851    22192    30146    46093    47373        0    67636        0    18793    47373    38540    25960    22192    43196    46093        0    18223 
  100616     5328    30692    17051    20902    81741    75957    17051    38350    22030    29179    83085    59930    45861   103747    41241    88375    30692    50357    13678    16952    48972    59930    49453    22901    63610    39324    77894    41598    49453    49453     5328    53644    45158    68208    16952    23899    92821    80349    63250    17555    12422    40013    67043    33046    22139    10127    31205    41241    77894    40013    45158    30692    18223    33149    56560    42800    59930    58949    56560    64219    50357    33691    58949    41598    33046    29179    53644     9446    81741    29179    68208    85858    62857    18223    17051    60150    62857    60150    40414    23899    33046    67043    18223    85858    18223    22139    67043    25494    22415    40414    45861    33046    18223        0 
**************************************TimeWindows
  0 0  0     0  1440 480
  1 4 4   960  1080 137
  2 3 3   960  1200 105
  3 1 1   240   480 78
  4 4 4   480   720 130
  5 4 4   720   960 148
  6 2 2   720   960 116
  7 2 2   780   960 126
  8 1 1   480   660 162
  9 2 2   480   720 104
 10 2 2   780   960 143
 11 1 1   720   960 48
 12 4 4   780   900 304
 13 1 1   720   960 220
 14 3 3   240   480 107
 15 3 3   720   960 114
 16 3 3   480   660 58
 17 1 1   720   900 131
 18 3 3   240   420 169
 19 1 1   780   960 90
 20 1 1   240   480 111
 21 4 4  1020  1200 82
 22 1 1   480   660 96
 23 1 1   780   960 134
 24 3 3   240   300 95
 25 4 4   240   480 124
 26 3 3   720   960 289
 27 3 3   720   960 117
 28 1 1   240   420 84
 29 2 2   240   420 66
 30 1 1   300   480 111
 31 1 1   240   480 137
 32 3 3   300   480 172
 33 1 1   480   720 113
 34 1 1   480   720 99
 35 3 3   780   960 105
 36 3 3   540   660 61
 37 3 3   240   480 58
 38 1 1   240   480 125
 39 4 4   240   480 83
 40 2 2   240   420 162
 41 4 4   960  1140 47
 42 2 2   360   480 118
 43 1 1   780   960 67
 44 1 1   720   960 63
 45 1 1   720   960 112
 46 4 4   300   480 27
 47 2 2   780   960 94
 48 4 -4   994  1234 137
 49 3 -3  1041  1281 105
 50 1 -1   328   508 78
 51 4 -4   580   820 130
 52 4 -4   822  1062 148
 53 2 -2   838  1018 116
 54 2 -2   830  1070 126
 55 1 -1   661   721 162
 56 2 -2   559   799 104
 57 2 -2   858  1098 143
 58 1 -1   756   996 48
 59 4 -4   926  1166 304
 60 1 -1   915  1095 220
 61 3 -3   322   562 107
 62 3 -3   837  1017 114
 63 3 -3   525   705 58
 64 1 -1   788  1028 131
 65 3 -3   429   489 169
 66 1 -1   817  1057 90
 67 1 -1   353   533 111
 68 4 -4  1054  1294 82
 69 1 -1   522   762 96
 70 1 -1   850  1090 134
 71 3 -3   283   403 95
 72 4 -4   336   576 124
 73 3 -3   915  1155 289
 74 3 -3   810  1050 117
 75 1 -1   273   513 84
 76 2 -2   326   446 66
 77 1 -1   383   563 111
 78 1 -1   343   583 137
 79 3 -3   431   611 172
 80 1 -1   655   715 113
 81 1 -1   554   794 99
 82 3 -3   891  1011 105
 83 3 -3   528   768 61
 84 3 -3   345   465 58
 85 1 -1   364   544 125
 86 4 -4   305   545 83
 87 2 -2   332   572 162
 88 4 -4  1032  1152 47
 89 2 -2   419   599 118
 90 1 -1   800  1040 67
 91 1 -1   772  1012 63
 92 1 -1   834  1014 112
 93 4 -4   383   443 27
 94 2 -2   844  1024 94
