53 96
  0       42.697283        9.450881    20200                        BASTIA 
  1       42.732800        9.366100    20253                      FARINOLE
  2       42.408935        8.648228    20245                       GALERIA
  3       42.475817        9.430044    20215             LORETO-DI-CASINCA
  4       42.233893        9.173558    20231                        VENACO
  5       42.477028        9.324222    20235                      BISINCHI
  6       42.467512        9.473267    20213         CASTELLARE-DI-CASINCA
  7       42.946700        9.443300    20248                        TOMINO
  8       42.328199        8.984590    20224                    ALBERTACCE
  9       42.876100        9.430600    20228                       CAGNANO
 10       42.492576        9.439183    20215                     VESCOVATO
 11       42.525905        9.356120    20290                     VOLPAJOLA
 12       42.613144        9.419263    20620                      BIGUGLIA
 13       42.345418        9.496391    20221            SANTA-MARIA-POGGIO
 14       42.335965        9.016017    20224                    CALACUCCIA
 15       42.572321        8.891858    20225                        CATERI
 16       42.468731        9.389142    20290                         MONTE
 17       42.291486        9.476002    20230                       CHIATRA
 18       42.408935        8.648228    20245                       GALERIA
 19       42.001380        9.281061    20243         ISOLACCIO-DI-FIUMORBO
 20       42.434980        9.298622    20218                    MOROSAGLIA
 21       42.631849        9.358393    20232                        OLETTA
 22       42.554742        9.424047    20290                         BORGO
 23       42.331070        9.490362    20221                      CERVIONE
 24       42.397834        9.492342    20230                POGGIO-MEZZANA
 25       42.373295        9.144295    20236                      CASTIRLA
 26       42.594946        9.164439    20218                        URTACA
 27       42.581137        8.894855    20220                        AREGNO
 28       42.335965        9.016017    20224                    CALACUCCIA
 29       42.423175        9.352623    20237                      LA PORTA
 30       42.010314        9.325429    20243          PRUNELLI-DI-FIUMORBO
 31       42.104248        9.512429    20270                        ALERIA
 32       42.636510        8.937046    20220                  L'ILE-ROUSSE
 33       42.961100        9.369700    20238                       CENTURI
 34       42.706531        9.369554    20253                    PATRIMONIO
 35       42.104248        9.512429    20270                        ALERIA
 36       42.434980        9.298622    20218                    MOROSAGLIA
 37       42.336700        9.494700    20221            VALLE-DI-CAMPOLORO
 38       42.408935        8.648228    20245                       GALERIA
 39       42.622488        8.914301    20264                         PRUNO
 40       42.943638        9.450599    20248                      ROGLIANO
 41       42.545394        8.913746    20225                          MURO
 42       42.467145        9.459962    20213              PENTA-DI-CASINCA
 43       42.245950        9.171192    20250        SANTO-PIETRO-DI-VENACO
 44       42.613144        9.419263    20620                      BIGUGLIA
 45       42.585840        9.017958    20226                     BELGODERE
 46       42.578049        9.326341    20239                        MURATO
 47       42.488908        9.116310    20218                      MOLTIFAO
 48       42.464400        9.315600    20235           CASTELLO-DI-ROSTINO
 49       42.157058        9.270775    20242                      PIETROSO
 50       42.386400        9.530300    20230        SANTA-LUCIA-DI-MORIANI
 51       42.529682        8.903229    20214                         ZILIA
 52       41.904731        9.326794    20240                        SOLARO
 53       42.577588        8.832884    20260                         LUMIO
 54       42.254707        9.175371    20250                      CASANOVA
 55       42.509554        8.836702    20214                       MONCALE
 56       42.946700        9.443300    20248                        TOMINO
 57       42.277097        9.474762    20230               CANALE-DI-VERDE
 58       42.251764        9.182387    20250                     RIVENTOSA
 59       42.577588        8.832884    20260                         LUMIO
 60       42.497159        9.409227    20290                          OLMO
 61       42.507540        8.855557    20214                     CALENZANA
 62       42.315300        9.491400    20230                  SAN-GIULIANO
 63       42.657985        9.414215    20600                       FURIANI
 64       42.056885        9.298080    20240               POGGIO-DI-NAZZA
 65       42.608528        8.862287    20220                      ALGAJOLA
 66       42.567651        8.757222    20260                         CALVI
 67       42.585840        9.017958    20226                     BELGODERE
 68       42.684700        9.373500    20253                     BARBAGGIO
 69       42.371064        9.198454    20236                        OMESSA
 70       42.578049        9.326341    20239                        MURATO
 71       42.581137        8.894855    20220                        AREGNO
 72       42.336700        9.494700    20221            VALLE-DI-CAMPOLORO
 73       42.657985        9.414215    20600                       FURIANI
 74       42.175538        9.246758    20242                       VEZZANI
 75       42.103512        9.213772    20227                       GHISONI
 76       42.547134        9.417275    20290                      LUCCIANA
 77       42.314200        9.480000    20221         SANT'ANDREA-DI-COTONE
 78       42.604200        8.929852    20220     SANTA-REPARATA-DI-BALAGNA
 79       42.723900        9.455800    20200           SAN-MARTINO-DI-LOTA
 80       42.544049        8.934371    20225                      FELICETO
 81       42.488908        9.116310    20218                      MOLTIFAO
 82       42.492576        9.439183    20215                     VESCOVATO
 83       42.315300        9.491400    20230                  SAN-GIULIANO
 84       42.484237        9.454082    20215                    VENZOLASCA
 85       42.681846        9.303704    20217                 SAINT-FLORENT
 86       42.749323        9.423398    20200           SANTA-MARIA-DI-LOTA
 87       42.492576        9.439183    20215                     VESCOVATO
 88       42.423175        9.352623    20237                      LA PORTA
 89       42.723900        9.455800    20200           SAN-MARTINO-DI-LOTA
 90       42.016837        9.403981    20240                   GHISONACCIA
 91       42.636510        8.937046    20220                  L'ILE-ROUSSE
 92       42.885566        9.406566    20228                          LURI
 93       42.578049        9.326341    20239                        MURATO
 94       42.464400        9.315600    20235           CASTELLO-DI-ROSTINO
 95       42.335965        9.016017    20224                    CALACUCCIA
 96       42.475817        9.430044    20215             LORETO-DI-CASINCA
 97       42.585840        9.017958    20226                     BELGODERE
 98       42.732800        9.366100    20253                      FARINOLE
 99       42.331070        9.490362    20221                      CERVIONE
100       42.397834        9.492342    20230                POGGIO-MEZZANA
101       42.580045        9.364509    20239                        RUTALI
102       42.371064        9.198454    20236                        OMESSA
103       42.314200        9.480000    20221         SANT'ANDREA-DI-COTONE
104       42.594946        9.164439    20218                        URTACA
105       42.315300        9.491400    20230                  SAN-GIULIANO
106       42.706531        9.369554    20253                    PATRIMONIO
