75 66
  0       42.681677        2.738007    66170           SAINT-FELIU-D'AVALL 
  1       42.486153        2.837918    66480                    LES CLUSES
  2       42.696862        2.729333    66550          CORNEILLA-LA-RIVIERE
  3       42.518487        3.106592    66660                  PORT-VENDRES
  4       42.484665        1.941223    66760                        DORRES
  5       42.587281        2.119207    66210                      MATEMALE
  6       42.696862        2.729333    66550          CORNEILLA-LA-RIVIERE
  7       42.648741        2.586557    66130                  BOULETERNERE
  8       42.613960        2.102634    66210                   FORMIGUERES
  9       42.543113        2.696445    66400                           OMS
 10       42.833829        2.919303    66600             SALSES-LE-CHATEAU
 11       42.619039        2.703348    66300                     CASTELNOU
 12       42.466095        2.578342    66150                       CORSAVY
 13       42.562800        2.363300    66820                        FUILLA
 14       42.543113        2.696445    66400                           OMS
 15       42.634427        2.420523    66500                       CATLLAR
 16       42.581262        2.425440    66500                      TAURINYA
 17       42.655430        2.559932    66320                         RODES
 18       42.848738        2.776811    66600                       VINGRAU
 19       42.617830        3.004182    66750                 SAINT-CYPRIEN
 20       42.668676        2.991185    66140                 SAINT-NAZAIRE
 21       42.749683        2.809621    66390                        BAIXAS
 22       42.651183        2.835096    66680                       CANOHES
 23       42.740230        2.610735    66720                     CASSAGNES
 24       42.619867        2.769887    66300                        LLUPIA
 25       42.476616        2.706733    66400                        REYNES
 26       42.563815        2.829745    66300                     TRESSERRE
 27       42.813233        2.374764    66220       CAUDIES-DE-FENOUILLEDES
 28       42.637769        2.914551    66180         VILLENEUVE-DE-LA-RAHO
 29       42.787730        3.036565    66420                   LE BARCARES
 30       42.768565        2.653424    66720              LATOUR-DE-FRANCE
 31       42.754440        2.993641    66440                    TORREILLES
 32       42.434397        1.944595    66760                  BOURG-MADAME
 33       42.500429        2.112830    66210                  LA CABANASSE
 34       42.624695        2.534057    66320                       RIGARDA
 35       42.517596        2.882030    66740       MONTESQUIEU-DES-ALBERES
 36       42.534245        2.359505    66360                       SAHORRE
 37       42.777754        2.836271    66600              ESPIRA-DE-L'AGLY
 38       42.476616        2.706733    66400                        REYNES
 39       42.465035        1.890716    66760               LATOUR-DE-CAROL
 40       42.517596        2.882030    66740       MONTESQUIEU-DES-ALBERES
 41       42.687391        2.722855    66170           SAINT-FELIU-D'AMONT
 42       42.703601        2.819669    66540                          BAHO
 43       42.619039        2.703348    66300                     CASTELNOU
 44       42.717789        2.606768    66720                       BELESTA
 45       42.466095        2.578342    66150                       CORSAVY
 46       42.658220        2.676110    66130           CORBERE-LES-CABANES
 47       42.584739        2.443393    66500                         CLARA
 48       42.534245        2.359505    66360                       SAHORRE
 49       42.566186        2.903537    66620                      BROUILLA
 50       42.587909        2.839014    66300                  VILLEMOLAQUE
 51       42.692470        2.695643    66170                        MILLAS
 52       42.571929        2.960707    66690               PALAU-DEL-VIDRE
 53       42.632430        2.756348    66300                         THUIR
 54       42.472914        2.669719    66110      AMELIE-LES-BAINS-PALALDA
 55       42.613960        2.102634    66210                   FORMIGUERES
 56       42.698684        2.895872    66000                     PERPIGNAN
 57       42.754440        2.993641    66440                    TORREILLES
 58       42.732425        2.934218    66430                        BOMPAS
 59       42.717789        2.606768    66720                       BELESTA
 60       42.613960        2.102634    66210                   FORMIGUERES
 61       42.640211        2.485020    66320                   MARQUIXANES
 62       42.485952        2.748826    66400                         CERET
 63       42.526752        3.084631    66190                     COLLIOURE
 64       42.610653        2.399375    66500                    RIA-SIRACH
 65       42.555543        2.271120    66360                        OLETTE
 66       42.768583        2.871763    66600                    RIVESALTES
 67       42.833829        2.919303    66600             SALSES-LE-CHATEAU
 68       42.502505        2.077917    66210                      BOLQUERE
 69       42.630149        2.684021    66300                       CAMELAS
 70       42.415139        1.967031    66340             PALAU-DE-CERDAGNE
 71       42.692470        2.695643    66170                        MILLAS
 72       42.607650        2.932438    66200                     MONTESCOT
 73       42.648741        2.586557    66130                  BOULETERNERE
 74       42.658220        2.676110    66130           CORBERE-LES-CABANES
 75       42.610407        2.416476    66500                       CODALET
 76       42.784466        2.966496    66510               SAINT-HIPPOLYTE
 77       42.486153        2.837918    66480                    LES CLUSES
 78       42.749683        2.809621    66390                        BAIXAS
 79       42.613960        2.102634    66210                   FORMIGUERES
 80       42.617830        3.004182    66750                 SAINT-CYPRIEN
 81       42.455122        2.635402    66150                ARLES-SUR-TECH
 82       42.610407        2.416476    66500                       CODALET
 83       42.813233        2.374764    66220       CAUDIES-DE-FENOUILLEDES
 84       42.848738        2.776811    66600                       VINGRAU
 85       42.551997        2.970853    66690                   SAINT-ANDRE
 86       42.465035        1.890716    66760               LATOUR-DE-CAROL
 87       42.476616        2.706733    66400                        REYNES
 88       42.566686        2.865981    66300           BANYULS-DELS-ASPRES
 89       42.768583        2.871763    66600                    RIVESALTES
 90       42.567936        2.318944    66360                      SERDINYA
 91       42.587909        2.839014    66300                  VILLEMOLAQUE
 92       42.442521        2.031357    66800                           ERR
 93       42.727363        2.441925    66730                       SOURNIA
 94       42.636960        2.868191    66450                    POLLESTRES
 95       42.551997        2.970853    66690                   SAINT-ANDRE
 96       42.415139        1.967031    66340             PALAU-DE-CERDAGNE
 97       42.727363        2.441925    66730                       SOURNIA
 98       42.500429        2.112830    66210                  LA CABANASSE
 99       42.610653        2.399375    66500                    RIA-SIRACH
100       42.472914        2.669719    66110      AMELIE-LES-BAINS-PALALDA
101       42.476616        2.706733    66400                        REYNES
102       42.619867        2.769887    66300                        LLUPIA
103       42.523836        2.832635    66160                     LE BOULOU
104       42.607650        2.932438    66200                     MONTESCOT
105       42.607650        2.932438    66200                     MONTESCOT
106       42.563815        2.829745    66300                     TRESSERRE
107       42.562800        2.363300    66820                        FUILLA
108       42.644800        2.456519    66500                           EUS
109       42.498300        2.034700    66120        FONT-ROMEU-ODEILLO-VIA
110       42.682392        2.795395    66270                      LE SOLER
111       42.494723        2.119106    66210     SAINT-PIERRE-DELS-FORCATS
112       42.810758        2.502815    66220      SAINT-PAUL-DE-FENOUILLET
113       42.706091        3.009898    66140           CANET-EN-ROUSSILLON
114       42.773217        2.989793    66250  SAINT-LAURENT-DE-LA-SALANQUE
115       42.779116        2.786586    66600                 CASES-DE-PENE
116       42.565710        2.379620    66820         CORNEILLA-DE-CONFLENT
117       42.727363        2.441925    66730                       SOURNIA
118       42.526752        3.084631    66190                     COLLIOURE
119       42.518487        3.106592    66660                  PORT-VENDRES
120       42.658220        2.676110    66130           CORBERE-LES-CABANES
121       42.483430        3.128874    66650               BANYULS-SUR-MER
122       42.555543        2.271120    66360                        OLETTE
123       42.848738        2.776811    66600                       VINGRAU
124       42.548951        2.390793    66820              VERNET-LES-BAINS
125       42.619039        2.703348    66300                     CASTELNOU
126       42.565710        2.379620    66820         CORNEILLA-DE-CONFLENT
127       42.811253        2.593028    66460                         MAURY
128       42.465035        1.890716    66760               LATOUR-DE-CAROL
129       42.735080        2.570433    66720                      CARAMANY
130       42.698684        2.895872    66000                     PERPIGNAN
131       42.617718        2.423231    66500                        PRADES
132       42.624695        2.534057    66320                       RIGARDA
133       42.694020        2.666397    66170                       NEFIACH
134       42.617830        3.004182    66750                 SAINT-CYPRIEN
135       42.525550        2.120459    66210                   LA LLAGONNE
136       42.658220        2.676110    66130           CORBERE-LES-CABANES
137       42.525550        2.120459    66210                   LA LLAGONNE
138       42.639455        2.980724    66200                        ALENYA
139       42.517596        2.882030    66740       MONTESQUIEU-DES-ALBERES
140       42.658220        2.676110    66130           CORBERE-LES-CABANES
141       42.566186        2.903537    66620                      BROUILLA
142       42.485952        2.748826    66400                         CERET
143       42.698684        2.895872    66000                     PERPIGNAN
144       42.485952        2.748826    66400                         CERET
145       42.534245        2.359505    66360                       SAHORRE
146       42.483430        3.128874    66650               BANYULS-SUR-MER
147       42.768565        2.653424    66720              LATOUR-DE-FRANCE
148       42.610407        2.416476    66500                       CODALET
149       42.543113        2.696445    66400                           OMS
150       42.434397        1.944595    66760                  BOURG-MADAME
