62 68
  0       47.821749        7.358434    68270                    RUELISHEIM 
  1       47.760549        7.281793    68460                    LUTTERBACH
  2       47.694765        7.294676    68720                    ZILLISHEIM
  3       47.718651        7.151238    68520              BURNHAUPT-LE-BAS
  4       48.015865        7.555864    68600                   VOLGELSHEIM
  5       47.748050        7.096303    68116                    GUEWENHEIM
  6       48.194668        7.319091    68150                   RIBEAUVILLE
  7       47.806476        7.130944    68800                   VIEUX-THANN
  8       48.064561        7.417285    68280                    ANDOLSHEIM
  9       47.717881        7.302876    68350                     DIDENHEIM
 10       47.827731        7.070548    68620        BITSCHWILLER-LES-THANN
 11       47.809194        7.240593    68310                   WITTELSHEIM
 12       47.695610        7.314939    68720                    FLAXLANDEN
 13       48.245718        7.182224    68160        SAINTE-MARIE-AUX-MINES
 14       47.909895        6.975635    68830                        ODEREN
 15       47.728415        7.415866    68440                      HABSHEIM
 16       48.126213        7.378695    68125                       HOUSSEN
 17       48.194668        7.319091    68150                   RIBEAUVILLE
 18       47.760549        7.281793    68460                    LUTTERBACH
 19       48.019020        7.326126    68420       HERRLISHEIM-PRES-COLMAR
 20       47.768574        7.302206    68120                      PFASTATT
 21       47.835925        7.176868    68700                    WATTWILLER
 22       47.941195        7.159360    68610                    LAUTENBACH
 23       47.886349        7.229983    68360              SOULTZ-HAUT-RHIN
 24       48.080000        7.395300    68180                 HORBOURG-WIHR
 25       48.187613        7.397678    68970                        GUEMAR
 26       48.064561        7.417285    68280                    ANDOLSHEIM
 27       47.809194        7.240593    68310                   WITTELSHEIM
 28       47.911586        7.209336    68500                    GUEBWILLER
 29       47.896058        6.986731    68470                     FELLERING
 30       47.810770        7.339439    68270                    WITTENHEIM
 31       47.865930        7.351814    68190                     ENSISHEIM
 32       48.262460        7.226140    68160        SAINTE-CROIX-AUX-MINES
 33       47.718651        7.151238    68520              BURNHAUPT-LE-BAS
 34       48.057347        7.298012    68920                   WETTOLSHEIM
 35       47.761264        7.150570    68700                 ASPACH-LE-BAS
 36       48.008941        7.384458    68127        SAINTE-CROIX-EN-PLAINE
 37       47.695610        7.314939    68720                    FLAXLANDEN
 38       47.941195        7.159360    68610                    LAUTENBACH
 39       47.728415        7.415866    68440                      HABSHEIM
 40       47.789641        7.334499    68260                   KINGERSHEIM
 41       47.801896        7.378661    68390                   BALDERSHEIM
 42       47.728251        7.225287    68990                    HEIMSBRUNN
 43       47.748050        7.096303    68116                    GUEWENHEIM
 44       47.877896        7.304005    68190                    UNGERSHEIM
 45       47.593723        7.581459    68330                      HUNINGUE
 46       47.844024        7.071553    68760               WILLER-SUR-THUR
 47       47.585995        7.563934    68300                   SAINT-LOUIS
 48       47.749709        7.368599    68400                    RIEDISHEIM
 49       47.886520        7.536149    68740                   BLODELSHEIM
 50       47.774558        6.996478    68290                      MASEVAUX
 51       47.886349        7.229983    68360              SOULTZ-HAUT-RHIN
 52       48.054261        7.104478    68140                     STOSSWIHR
 53       48.138890        7.264023    68240                   KAYSERSBERG
 54       47.774742        7.130275    68700                ASPACH-LE-HAUT
 55       48.073122        7.289782    68920                   WINTZENHEIM
 56       47.851142        7.219292    68500                    BERRWILLER
 57       48.233309        7.367953    68590               SAINT-HIPPOLYTE
 58       47.886349        7.229983    68360              SOULTZ-HAUT-RHIN
 59       47.744376        7.396834    68170                       RIXHEIM
 60       48.126213        7.378695    68125                       HOUSSEN
 61       47.779024        7.285138    68120                    RICHWILLER
 62       47.694765        7.294676    68720                    ZILLISHEIM
 63       48.087320        7.278087    68230                     TURCKHEIM
 64       48.040216        7.545766    68600                      BIESHEIM
 65       48.145019        7.324695    68630                      BENNWIHR
 66       47.654959        7.455722    68510                      SIERENTZ
 67       48.052464        7.203148    68230                   WIHR-AU-VAL
 68       47.886520        7.536149    68740                   BLODELSHEIM
 69       47.914709        7.537626    68740                    FESSENHEIM
 70       47.860018        7.049451    68690                        MOOSCH
 71       47.873919        7.031154    68550                  SAINT-AMARIN
 72       47.865930        7.351814    68190                     ENSISHEIM
 73       48.187613        7.397678    68970                        GUEMAR
 74       48.019020        7.326126    68420       HERRLISHEIM-PRES-COLMAR
 75       48.054261        7.104478    68140                     STOSSWIHR
 76       47.886520        7.536149    68740                   BLODELSHEIM
 77       48.126275        7.160260    68370                         ORBEY
 78       47.692085        7.409221    68440                    DIETWILLER
 79       47.787190        7.506512    68490                   OTTMARSHEIM
 80       48.262460        7.226140    68160        SAINTE-CROIX-AUX-MINES
 81       47.807124        7.176532    68700                        CERNAY
 82       47.638638        7.540460    68128                       ROSENAU
 83       48.064499        7.481460    68320                    WIDENSOLEN
 84       47.695610        7.314939    68720                    FLAXLANDEN
 85       48.113921        7.419620    68320                     HOLTZWIHR
 86       48.126275        7.160260    68370                         ORBEY
 87       47.928012        7.186830    68530                          BUHL
 88       48.160127        7.369480    68150                       OSTHEIM
 89       47.806476        7.130944    68800                   VIEUX-THANN
 90       48.052464        7.203148    68230                   WIHR-AU-VAL
 91       47.821751        7.152506    68700                     STEINBACH
 92       48.054261        7.104478    68140                     STOSSWIHR
 93       47.747939        7.233490    68950                     REININGUE
 94       48.126275        7.160260    68370                         ORBEY
 95       47.928012        7.186830    68530                          BUHL
 96       47.712665        7.398799    68440                ESCHENTZWILLER
 97       48.262460        7.226140    68160        SAINTE-CROIX-AUX-MINES
 98       47.550750        7.316332    68640                   WALDIGHOFEN
 99       47.886520        7.536149    68740                   BLODELSHEIM
100       48.271035        7.282129    68660                       LIEPVRE
101       48.077397        7.534467    68320                       KUNHEIM
102       48.271035        7.282129    68660                       LIEPVRE
103       47.917131        7.438648    68250                  OBERHERGHEIM
104       48.063899        7.102529    68140                    SOULTZEREN
105       47.686897        7.385140    68440                       LANDSER
106       47.575824        7.521625    68220                      HESINGUE
107       47.865930        7.351814    68190                     ENSISHEIM
108       47.825925        7.516324    68490                   BANTZENHEIM
109       47.615994        7.210710    68130                      CARSPACH
110       48.064499        7.481460    68320                    WIDENSOLEN
111       48.245718        7.182224    68160        SAINTE-MARIE-AUX-MINES
112       47.686897        7.385140    68440                       LANDSER
113       47.688362        7.503799    68680                         KEMBS
114       47.851142        7.219292    68500                    BERRWILLER
115       47.695610        7.314939    68720                    FLAXLANDEN
116       48.008941        7.384458    68127        SAINTE-CROIX-EN-PLAINE
117       47.779024        7.285138    68120                    RICHWILLER
118       47.615994        7.210710    68130                      CARSPACH
119       48.262460        7.226140    68160        SAINTE-CROIX-AUX-MINES
120       47.654959        7.455722    68510                      SIERENTZ
121       48.262460        7.226140    68160        SAINTE-CROIX-AUX-MINES
122       47.634335        7.477188    68870                    BARTENHEIM
123       48.057347        7.298012    68920                   WETTOLSHEIM
124       48.194668        7.319091    68150                   RIBEAUVILLE
