56 20
  0       41.941579        9.123091    20134                       SAMPOLO 
  1       41.414841        9.167757    20169                     BONIFACIO
  2       41.959038        8.934721    20117                         OCANA
  3       41.717471        9.069808    20112                          ZOZA
  4       41.935373        9.155218    20148                       COZZANO
  5       41.872200        8.964200    20128               GROSSETO-PRUGNA
  6       41.863340        8.941896    20128                   ALBITRECCIA
  7       42.092985        8.812000    20151                          ARRO
  8       41.754039        9.100876    20127            SERRA-DI-SCOPAMENE
  9       41.785303        8.980413    20140            PETRETO-BICCHISANO
 10       42.117664        8.924921    20121                        AZZANA
 11       42.047012        8.807658    20151          SANT'ANDREA-D'ORCINO
 12       41.699470        9.001941    20143                       FOZZANO
 13       41.708100        9.005600    20143        SANTA-MARIA-FIGANIELLA
 14       42.088189        8.848424    20139                       LOPIGNA
 15       41.751866        8.937281    20140                   CASALABRIVA
 16       42.047012        8.807658    20151          SANT'ANDREA-D'ORCINO
 17       42.043023        8.976629    20133                       UCCIANI
 18       41.751888        9.111029    20152                    SORBOLLANO
 19       41.846408        9.057460    20140                       OLIVESE
 20       42.134855        8.595838    20130                       CARGESE
 21       42.000921        9.050197    20119                     BASTELICA
 22       41.935373        9.155218    20148                       COZZANO
 23       42.134855        8.595838    20130                       CARGESE
 24       42.117664        8.924921    20121                        AZZANA
 25       41.545190        9.194434    20146                         SOTTA
 26       41.772597        8.771765    20138                 COTI-CHIAVARI
 27       41.891327        9.065288    20168                       CORRANO
 28       41.772597        8.771765    20138                 COTI-CHIAVARI
 29       41.891327        9.065288    20168                       CORRANO
 30       41.491867        9.055084    20131         PIANOTTOLI-CALDARELLO
 31       42.112139        8.753637    20160                        COGGIA
 32       41.708100        9.005600    20143        SANTA-MARIA-FIGANIELLA
 33       41.591369        9.278311    20137                 PORTO-VECCHIO
 34       42.026400        8.825600    20167              VALLE-DI-MEZZANA
 35       42.168826        8.949455    20160                        GUAGNO
 36       41.676150        8.903952    20110                     PROPRIANO
 37       41.815631        9.025083    20140             ARGIUSTA-MORICCIO
 38       42.168763        8.827421    20160                         MURZO
 39       41.959568        8.667807    20167                     VILLANOVA
 40       42.068496        9.015424    20163                        TAVERA
 41       41.491867        9.055084    20131         PIANOTTOLI-CALDARELLO
 42       42.176225        8.908917    20160                      POGGIOLO
 43       41.900076        9.009087    20142                     QUASQUARA
 44       41.908070        9.130012    20132                        ZICAVO
 45       41.487340        9.130112    20114                        FIGARI
 46       42.166567        8.797796    20160                          VICO
 47       42.040811        8.953411    20133                     CARBUCCIA
 48       41.853950        9.009437    20190                      FORCIOLO
 49       41.728709        8.798511    20140                SERRA-DI-FERRO
 50       41.545190        9.194434    20146                         SOTTA
 51       41.959038        8.934721    20117                         OCANA
 52       42.233748        8.800360    20141                     MARIGNANA
 53       41.908070        9.130012    20132                        ZICAVO
 54       42.168763        8.827421    20160                         MURZO
 55       41.624277        9.011792    20100                          FOCE
 56       42.301625        8.708999    20147                      SERRIERA
 57       41.765240        9.137995    20122                        QUENZA
 58       42.015114        8.766915    20167                      APPIETTO
 59       41.853950        9.009437    20190                      FORCIOLO
 60       41.728709        8.798511    20140                SERRA-DI-FERRO
 61       41.749608        9.171863    20124                         ZONZA
 62       41.699470        9.001941    20143                       FOZZANO
 63       42.088189        8.848424    20139                       LOPIGNA
 64       41.896207        9.021626    20157                      FRASSETO
 65       41.983884        8.796828    20167                           AFA
 66       42.211400        8.827200    20160                         RENNO
 67       41.892539        9.049036    20173                        ZEVACO
 68       41.624277        9.011792    20100                          FOCE
 69       41.591369        9.278311    20137                 PORTO-VECCHIO
 70       41.975932        8.742111    20167                         ALATA
 71       41.751888        9.111029    20152                    SORBOLLANO
 72       42.238584        8.841998    20126                   CRISTINACCE
 73       41.975932        8.742111    20167                         ALATA
 74       41.680509        8.952492    20110                   VIGGIANELLO
 75       41.717471        9.069808    20112                          ZOZA
 76       42.310597        8.682936    20147                    PARTINELLO
 77       42.063640        8.931908    20172                          VERO
 78       41.978130        8.907440    20167          CUTTOLI-CORTICCHIATO
 79       41.863340        8.941896    20128                   ALBITRECCIA
 80       41.983884        8.796828    20167                           AFA
 81       41.680509        8.952492    20110                   VIGGIANELLO
 82       41.845925        8.993604    20190                      ZIGLIARA
 83       41.968225        9.170258    20134                       PALNECA
 84       42.168763        8.827421    20160                         MURZO
 85       41.679192        9.146942    20170                       CARBINI
 86       41.717471        9.069808    20112                          ZOZA
 87       41.918489        8.671060    20000                       AJACCIO
 88       41.812736        8.911024    20123                   PILA-CANALE
 89       41.863340        8.941896    20128                   ALBITRECCIA
 90       41.721469        9.146605    20170         SAN-GAVINO-DI-CARBINI
 91       42.258200        8.745860    20150                           OTA
 92       41.892539        9.049036    20173                        ZEVACO
 93       41.697037        9.063443    20112       SAINTE-LUCIE-DE-TALLANO
 94       41.865000        9.014700    20190                AZILONE-AMPAZA
 95       41.796396        9.010126    20140                    MOCA-CROCE
 96       41.892041        9.004159    20142                         CAMPO
 97       41.699470        9.001941    20143                       FOZZANO
 98       42.301625        8.708999    20147                      SERRIERA
 99       42.228742        8.635815    20115                         PIANA
100       41.892539        9.049036    20173                        ZEVACO
101       41.721469        9.146605    20170         SAN-GAVINO-DI-CARBINI
102       41.974745        8.972865    20117                         TOLLA
103       41.900076        9.009087    20142                     QUASQUARA
104       41.751888        9.111029    20152                    SORBOLLANO
105       42.034855        8.899247    20167                        TAVACO
106       41.697037        9.063443    20112       SAINTE-LUCIE-DE-TALLANO
107       42.092985        8.812000    20151                          ARRO
108       42.142800        8.797500    20160                        ARBORI
109       41.863340        8.941896    20128                   ALBITRECCIA
110       42.040811        8.953411    20133                     CARBUCCIA
111       41.900076        9.009087    20142                     QUASQUARA
112       42.134855        8.595838    20130                       CARGESE
