91 4
  0       44.156368        5.983809     4290                      SALIGNAC 
  1       44.294941        6.316205     4140                         AUZET
  2       44.419221        6.175881     4250                   BELLAFFAIRE
  3       43.786049        5.765478     4220                  SAINTE-TULLE
  4       44.065767        5.898133     4230           MALLEFOUGASSE-AUGES
  5       43.934703        5.591348     4110                     OPPEDETTE
  6       43.943112        6.557875     4170                        ANGLES
  7       43.913311        6.540290     4170        SAINT-JULIEN-DU-VERDON
  8       44.009763        5.793066     4230                     FONTIENNE
  9       44.085146        6.022833     4160                      L'ESCALE
 10       43.856135        6.649515     4120                     SOLEILHAS
 11       43.943112        6.557875     4170                        ANGLES
 12       44.009371        5.916874     4310                     GANAGOBIE
 13       43.990543        6.223501     4270                        BEYNES
 14       44.094209        6.161609     4660                  CHAMPTERCIER
 15       43.722702        6.066225     4550            ESPARRON-DE-VERDON
 16       43.908600        5.617717     4110          SAINTE-CROIX-A-LAUZE
 17       43.967066        6.725109     4240                  SAINT-BENOIT
 18       44.047800        5.845300     4230                      MONTLAUX
 19       44.047800        5.845300     4230                      MONTLAUX
 20       43.855529        5.593019     4280                       CERESTE
 21       44.350285        6.354495     4140                         SEYNE
 22       44.024400        6.383900     4330                       CLUMANC
 23       43.994565        6.762673     4320         CASTELLET-LES-SAUSSES
 24       44.094209        6.161609     4660                  CHAMPTERCIER
 25       44.134228        6.342950     4420                         DRAIX
 26       44.263251        6.268404     4140                        BARLES
 27       43.985575        5.731306     4300                        LIMANS
 28       44.294941        6.316205     4140                         AUZET
 29       44.024400        6.383900     4330                       CLUMANC
 30       44.083171        5.548266     4150                REVEST-DU-BION
 31       43.904688        5.798557     4300                   SAINT-MAIME
 32       43.996811        5.841006     4300                       SIGONCE
 33       44.105058        6.113772     4380                        BARRAS
 34       44.062119        5.836584     4230                         CRUIS
 35       43.786049        5.765478     4220                  SAINTE-TULLE
 36       43.779498        6.341844     4120           LA PALUD-SUR-VERDON
 37       44.049358        6.124422     4510                  MALLEMOISSON
 38       43.847502        5.643371     4110                    MONTJUSTIN
 39       43.724391        6.069215     4500       SAINT-LAURENT-DU-VERDON
 40       44.419576        6.733329     4850                      JAUSIERS
 41       43.959933        5.780712     4300                   FORCALQUIER
 42       43.996811        5.841006     4300                       SIGONCE
 43       44.008331        6.781065     4320                       SAUSSES
 44       44.143249        6.591834     4370                     BEAUVEZER
 45       44.174477        6.349906     4420                      LA JAVIE
 46       43.724391        6.069215     4500       SAINT-LAURENT-DU-VERDON
 47       44.372306        5.956177     5110                        CLARET
 48       43.855529        5.593019     4280                       CERESTE
 49       43.847502        5.643371     4110                    MONTJUSTIN
 50       43.760822        5.750508     4220                     CORBIERES
 51       43.972521        5.683276     4150           REVEST-DES-BROUSSES
 52       44.369543        6.691090     4400                  ENCHASTRAYES
 53       44.429715        6.432235     4340               LE LAUZET-UBAYE
 54       43.724391        6.069215     4500       SAINT-LAURENT-DU-VERDON
 55       43.786049        5.765478     4220                  SAINTE-TULLE
 56       43.935629        5.838351     4300                     NIOZELLES
 57       44.386300        6.650463     4400                 BARCELONNETTE
 58       43.837064        5.983242     4210                     VALENSOLE
 59       43.845682        6.221481     4360        MOUSTIERS-SAINTE-MARIE
 60       43.891489        5.775892     4300                       DAUPHIN
 61       44.458205        6.745126     4530        LA CONDAMINE-CHATELARD
 62       43.925525        6.125701     4270                   BRAS-D'ASSE
 63       44.065767        5.898133     4230           MALLEFOUGASSE-AUGES
 64       44.105300        5.618900     4150                    REDORTIERS
 65       44.078412        5.657901     4150                 LA ROCHEGIRON
 66       47.553003        0.312019     4540                        LARCHE
 67       43.891489        5.775892     4300                       DAUPHIN
 68       44.094209        6.161609     4660                  CHAMPTERCIER
 69       43.869637        6.579406     4120                     DEMANDOLX
 70       44.397845        6.338288     4140                      MONTCLAR
 71       43.968662        6.508841     4170         SAINT-ANDRE-LES-ALPES
 72       44.009763        5.793066     4230                     FONTIENNE
 73       43.722702        6.066225     4550            ESPARRON-DE-VERDON
 74       50.882165        5.873307     4550         ALLEMAGNE-EN-PROVENCE
 75       44.009763        5.793066     4230                     FONTIENNE
 76       44.088996        5.699825     4150                  L'HOSPITALET
 77       43.996969        6.195462     4270                         MEZEL
 78       44.397845        6.338288     4140                      MONTCLAR
 79       43.872705        6.371197     4330                        BLIEUX
 80       44.068012        6.134501     4510                        AIGLUN
 81       44.393330        6.571144     4400                   LES THUILES
 82       43.966368        6.666861     4240                         ANNOT
 83       44.026322        5.938589     4310                       PEYRUIS
 84       43.912546        6.924309     6260                  SAINT-PIERRE
 85       43.869637        6.579406     4120                     DEMANDOLX
 86       44.263251        6.268404     4140                        BARLES
 87       44.162659        6.314172     4420                   LE BRUSQUET
 88       43.891489        5.775892     4300                       DAUPHIN
 89       44.088996        5.699825     4150                  L'HOSPITALET
 90       44.182011        6.627112     4370                       COLMARS
 91       44.163100        5.727200     4200          CHATEAUNEUF-MIRAVAIL
 92       44.028941        5.975404     4190                      LES MEES
 93       44.245166        6.052753     4200                  SAINT-GENIEZ
 94       44.264551        5.840844     4200                         MISON
 95       44.044841        6.029483     4350                       MALIJAI
 96       43.786049        5.765478     4220                  SAINTE-TULLE
 97       43.967066        6.725109     4240                  SAINT-BENOIT
 98       44.131286        6.280157     4420                       MARCOUX
 99       44.092193        6.235976     4000               DIGNE-LES-BAINS
100       44.370584        6.061000     4250                      LE CAIRE
101       43.914274        6.406926     4330                         SENEZ
102       43.917204        6.093956     4270           SAINT-JULIEN-D'ASSE
103       44.337687        6.162300     4250                        BAYONS
104       43.892323        6.030041     4210                        BRUNET
105       44.245166        6.052753     4200                  SAINT-GENIEZ
106       43.954541        6.369714     4330                       BARREME
107       43.837064        5.983242     4210                     VALENSOLE
108       43.981708        6.523139     4170                LA MURE-ARGENS
109       43.769956        5.945465     4800        SAINT-MARTIN-DE-BROMES
110       44.288618        5.957790     4200                      VAUMEILH
111       43.830045        6.557476     4120                      LA GARDE
112       43.961827        6.469849     4170                        MORIEZ
113       44.009371        5.916874     4310                     GANAGOBIE
114       43.954541        6.369714     4330                       BARREME
115       43.724391        6.069215     4500       SAINT-LAURENT-DU-VERDON
116       44.105058        6.113772     4380                        BARRAS
117       43.996969        6.195462     4270                         MEZEL
118       44.026322        5.938589     4310                       PEYRUIS
119       44.026322        5.938589     4310                       PEYRUIS
120       43.987235        6.699382     4240                         BRAUX
121       43.811832        5.748411     4860                    PIERREVERT
122       44.009371        5.916874     4310                     GANAGOBIE
123       44.012154        5.609483     4150                    MONTSALIER
124       44.369543        6.691090     4400                  ENCHASTRAYES
125       44.197219        5.991007     4200                  ENTREPIERRES
126       44.062119        5.836584     4230                         CRUIS
127       43.935629        5.838351     4300                     NIOZELLES
128       43.943112        6.557875     4170                        ANGLES
129       43.862813        6.127701     4410                    PUIMOISSON
130       44.044841        6.029483     4350                       MALIJAI
131       44.239887        6.628679     4260                         ALLOS
132       44.013965        6.214680     4270                  CHATEAUREDON
133       44.105058        6.113772     4380                        BARRAS
134       43.968662        6.508841     4170         SAINT-ANDRE-LES-ALPES
135       44.318951        5.958358     4200                       SIGOYER
136       44.049358        6.124422     4510                  MALLEMOISSON
137       44.171505        5.607029     4200                  LES OMERGUES
138       43.913311        6.540290     4170        SAINT-JULIEN-DU-VERDON
139       43.934703        5.591348     4110                     OPPEDETTE
140       44.105300        5.618900     4150                    REDORTIERS
141       44.068012        6.134501     4510                        AIGLUN
142       43.825536        6.130040     4500                     ROUMOULES
143       44.143249        6.591834     4370                     BEAUVEZER
144       44.131286        6.280157     4420                       MARCOUX
145       44.088996        5.699825     4150                  L'HOSPITALET
146       43.845682        6.221481     4360        MOUSTIERS-SAINTE-MARIE
147       43.758877        6.151275     4500        SAINTE-CROIX-DE-VERDON
148       44.143249        6.591834     4370                     BEAUVEZER
149       43.925525        6.125701     4270                   BRAS-D'ASSE
150       43.996811        5.841006     4300                       SIGONCE
151       43.722702        6.066225     4550            ESPARRON-DE-VERDON
152       44.288618        5.957790     4200                      VAUMEILH
153       44.111198        6.013711     4290                       VOLONNE
154       44.177727        5.663486     4200                         CUREL
155       44.044841        6.029483     4350                       MALIJAI
156       43.872705        6.371197     4330                        BLIEUX
157       44.457354        6.294379     4340                     LA BREOLE
158       44.012154        5.609483     4150                    MONTSALIER
159       43.990543        6.223501     4270                        BEYNES
160       44.008331        6.781065     4320                       SAUSSES
161       44.401171        6.168421     4250                      TURRIERS
162       44.094209        6.161609     4660                  CHAMPTERCIER
163       44.245166        6.052753     4200                  SAINT-GENIEZ
164       43.937826        5.766930     4300                          MANE
165       43.912546        6.924309     6260                  SAINT-PIERRE
166       43.908839        6.696658     4240                        UBRAYE
167       43.938561        5.980010     4700                  LE CASTELLET
168       44.392978        6.677679     4400       FAUCON-DE-BARCELONNETTE
169       44.337687        6.162300     4250                        BAYONS
170       44.009371        5.916874     4310                     GANAGOBIE
171       44.178652        5.884651     4200                        BEVONS
172       44.369543        6.691090     4400                  ENCHASTRAYES
173       43.779498        6.341844     4120           LA PALUD-SUR-VERDON
174       44.090749        6.501077     4170                 THORAME-BASSE
175       44.047796        6.443669     4170                    LAMBRUISSE
176       44.105058        6.113772     4380                        BARRAS
177       44.047796        6.443669     4170                    LAMBRUISSE
178       43.937826        5.766930     4300                          MANE
179       50.882165        5.873307     4550         ALLEMAGNE-EN-PROVENCE
180       43.914706        5.921487     4700                       ORAISON
181       43.976779        6.594492     4170                        ALLONS
182       44.092193        6.235976     4000               DIGNE-LES-BAINS
