62 83
  0       43.114688        5.948897    83000                        TOULON 
  1       43.245106        5.999776    83210                    BELGENTIER
  2       43.319890        6.287617    83590                      GONFARON
  3       43.606476        5.756593    83560                         RIANS
  4       43.533498        6.708191    83600              BAGNOLS-EN-FORET
  5       43.496495        5.883536    83470      SEILLONS-SOURCE-D'ARGENS
  6       43.557156        6.007750    83670                       BARJOLS
  7       43.622739        6.753182    83440                       CALLIAN
  8       43.305978        6.083557    83136                      ROCBARON
  9       43.264848        6.679851    83990                  SAINT-TROPEZ
 10       43.726075        5.812820    83560              VINON-SUR-VERDON
 11       43.301915        6.188657    83660                     CARNOULES
 12       43.128777        6.017199    83130                      LA GARDE
 13       43.228355        6.585578    83580                        GASSIN
 14       43.311013        6.013519    83136                       NEOULES
 15       43.452116        6.302194    83340                   LE THORONET
 16       43.433152        6.737034    83600                        FREJUS
 17       43.553433        6.030373    83670                      PONTEVES
 18       43.313960        6.357837    83340                    LES MAYONS
 19       43.393994        6.041015    83170                      LA CELLE
 20       43.310184        6.640482    83120                 SAINTE-MAXIME
 21       43.311013        6.013519    83136                       NEOULES
 22       43.136418        5.754186    83150                        BANDOL
 23       43.534572        6.394899    83780                       FLAYOSC
 24       43.493077        6.535977    83920                      LA MOTTE
 25       43.690922        6.713804    83440                          MONS
 26       43.504093        6.495985    83720             TRANS-EN-PROVENCE
 27       43.163114        6.479653    83820         RAYOL-CANADEL-SUR-MER
 28       43.182433        6.038751    83210                 SOLLIES-VILLE
 29       43.474362        6.121853    83570           MONTFORT-SUR-ARGENS
 30       43.567595        6.691291    83440           SAINT-PAUL-EN-FORET
 31       43.433953        6.142095    83170               VINS-SUR-CARAMY
 32       43.349520        6.176963    83890              BESSE-SUR-ISSOLE
 33       43.137871        5.983561    83160             LA VALETTE-DU-VAR
 34       43.329229        6.045799    83136                      GAREOULT
 35       43.390954        6.341427    83340          LE CANNET-DES-MAURES
 36       43.274308        6.521865    83310                       GRIMAUD
 37       43.582010        6.275452    83690                    VILLECROZE
 38       43.493236        6.361557    83510                       LORGUES
 39       43.207176        6.465117    83310                       LA MOLE
 40       43.305978        6.083557    83136                      ROCBARON
 41       43.338073        5.978565    83136             LA ROQUEBRUSSANNE
 42       43.385168        5.706584    83640                SAINT-ZACHARIE
 43       43.329229        6.045799    83136                      GAREOULT
 44       43.393994        6.041015    83170                      LA CELLE
 45       43.606476        5.756593    83560                         RIANS
 46       43.569404        6.496756    83830                    FIGANIERES
 47       43.118021        5.801435    83110                SANARY-SUR-MER
 48       43.582010        6.275452    83690                    VILLECROZE
 49       43.428192        6.230598    83340                       CABASSE
 50       43.425190        6.768370    83700                 SAINT-RAPHAEL
 51       43.191199        6.041984    83210                  SOLLIES-PONT
 52       43.385168        5.706584    83640                SAINT-ZACHARIE
 53       43.607276        6.383250    83111                         AMPUS
 54       43.527478        5.944686    83119                   BRUE-AURIAC
 55       43.369358        6.222370    83340           FLASSANS-SUR-ISSOLE
 56       43.407932        5.923409    83170                       TOURVES
 57       43.207176        6.465117    83310                       LA MOLE
 58       43.118021        5.801435    83110                SANARY-SUR-MER
 59       43.452116        6.302194    83340                   LE THORONET
 60       43.138622        6.235208    83250           LA LONDE-LES-MAURES
 61       43.557156        6.007750    83670                       BARJOLS
 62       43.207176        6.465117    83310                       LA MOLE
 63       43.606476        5.756593    83560                         RIANS
 64       43.102976        5.878219    83500              LA SEYNE-SUR-MER
 65       43.349520        6.176963    83890              BESSE-SUR-ISSOLE
 66       43.569404        6.496756    83830                    FIGANIERES
 67       43.305978        6.083557    83136                      ROCBARON
 68       43.618776        6.764278    83440                    MONTAUROUX
 69       43.537727        6.464993    83300                    DRAGUIGNAN
 70       43.496495        5.883536    83470      SEILLONS-SOURCE-D'ARGENS
 71       43.151682        6.342202    83230            BORMES-LES-MIMOSAS
 72       43.428192        6.230598    83340                       CABASSE
 73       43.139901        5.847652    83190                     OLLIOULES
 74       43.151682        6.342202    83230            BORMES-LES-MIMOSAS
 75       43.289209        6.135894    83390                   PUGET-VILLE
 76       43.137871        5.983561    83160             LA VALETTE-DU-VAR
 77       43.636246        5.936363    83560                   LA VERDIERE
 78       43.319890        6.287617    83590                      GONFARON
 79       43.493236        6.361557    83510                       LORGUES
 80       43.175976        5.926476    83200            LE REVEST-LES-EAUX
 81       43.237875        6.072200    83390                         CUERS
 82       43.342220        6.125011    83136   SAINTE-ANASTASIE-SUR-ISSOLE
 83       43.137871        5.983561    83160             LA VALETTE-DU-VAR
 84       43.138042        6.368436    83980                   LE LAVANDOU
 85       43.472952        5.953427    83149                          BRAS
 86       43.622739        6.753182    83440                       CALLIAN
 87       43.455329        6.684080    83480              PUGET-SUR-ARGENS
 88       43.433953        6.142095    83170               VINS-SUR-CARAMY
 89       43.310184        6.640482    83120                 SAINTE-MAXIME
 90       43.369358        6.222370    83340           FLASSANS-SUR-ISSOLE
 91       43.251843        6.532649    83310                       COGOLIN
 92       43.390954        6.341427    83340          LE CANNET-DES-MAURES
 93       43.310184        6.640482    83120                 SAINTE-MAXIME
 94       43.138042        6.368436    83980                   LE LAVANDOU
 95       43.274308        6.521865    83310                       GRIMAUD
 96       43.596359        5.960527    83670                       VARAGES
 97       43.106657        6.022100    83220                     LE PRADET
 98       43.567595        6.691291    83440           SAINT-PAUL-EN-FORET
 99       43.472952        5.953427    83149                          BRAS
100       43.369358        6.222370    83340           FLASSANS-SUR-ISSOLE
101       43.394509        6.313234    83340                        LE LUC
102       43.369358        6.222370    83340           FLASSANS-SUR-ISSOLE
103       43.342220        6.125011    83136   SAINTE-ANASTASIE-SUR-ISSOLE
104       43.336112        6.088545    83136                 FORCALQUEIRET
105       43.474106        6.176679    83570                        CARCES
106       43.138622        6.235208    83250           LA LONDE-LES-MAURES
107       43.582010        6.275452    83690                    VILLECROZE
108       43.207176        6.465117    83310                       LA MOLE
109       43.393994        6.041015    83170                      LA CELLE
110       43.206521        6.568811    83420               LA CROIX-VALMER
111       43.601738        6.564805    83830                      CLAVIERS
112       43.623491        6.701680    83440                    TOURRETTES
113       43.472952        5.953427    83149                          BRAS
114       43.563768        6.231328    83690                      SALERNES
115       43.474106        6.176679    83570                        CARCES
116       43.563768        6.231328    83690                      SALERNES
117       43.224305        6.631746    83350                    RAMATUELLE
118       43.339419        6.548079    83120               PLAN-DE-LA-TOUR
119       43.311013        6.013519    83136                       NEOULES
120       43.452116        6.302194    83340                   LE THORONET
121       43.128777        6.017199    83130                      LA GARDE
122       43.163114        6.479653    83820         RAYOL-CANADEL-SUR-MER
123       43.349520        6.176963    83890              BESSE-SUR-ISSOLE
124       43.504093        6.495985    83720             TRANS-EN-PROVENCE
