80 64
  0       42.987644       -0.426274    64440                        LARUNS 
  1       43.457416       -1.326464    64240                      BRISCOUS
  2       43.176619       -0.262552    64800                           NAY
  3       43.388162       -1.430502    64480                        JATXOU
  4       43.253063       -0.051702    64530                           GER
  5       43.388162       -1.430502    64480                        JATXOU
  6       43.439236       -1.590062    64210                        BIDART
  7       43.267379       -0.209713    64420                        NOUSTY
  8       43.476141       -0.348073    64450                         THEZE
  9       43.264625       -0.313604    64510                       MEILLON
 10       43.413443       -0.341720    64450               NAVAILLES-ANGOS
 11       43.334289       -0.506222    64230                         ARBUS
 12       43.478905       -1.459398    64990          SAINT-PIERRE-D'IRUBE
 13       43.440675       -0.259945    64160                     SEVIGNACQ
 14       43.523153       -1.485858    64340                        BOUCAU
 15       43.536618       -0.412989    64410             ARZACQ-ARRAZIGUET
 16       43.334289       -0.506222    64230                         ARBUS
 17       43.241807       -0.881579    64130          VIODOS-ABENSE-DE-BAS
 18       43.432253       -1.551382    64210                       ARBONNE
 19       43.334289       -0.506222    64230                         ARBUS
 20       43.473208       -1.110524    64520                          CAME
 21       43.130354       -0.200506    64800                       MONTAUT
 22       43.487560       -0.773928    64300                        ORTHEZ
 23       43.359399       -1.766148    64700                       HENDAYE
 24       43.536618       -0.412989    64410             ARZACQ-ARRAZIGUET
 25       43.468415       -0.712415    64300                      CASTETIS
 26       43.245724       -0.168367    64420                        ESPOEY
 27       43.325189       -0.261601    64160                SERRES-MORLAAS
 28       43.316768       -0.475651    64230                  ARTIGUELOUVE
 29       43.316768       -0.475651    64230                  ARTIGUELOUVE
 30       43.359197       -0.243846    64160                  SAINT-JAMMES
 31       43.120852       -0.728464    64570                       ARAMITS
 32       43.288931       -0.355226    64320                       BIZANOS
 33       43.511262       -1.204658    64520                        GUICHE
 34       43.245724       -0.168367    64420                        ESPOEY
 35       43.257468       -1.232541    64780                     IRISSARRY
 36       43.466936       -1.415368    64990                     MOUGUERRE
 37       43.169745       -0.231104    64800                      COARRAZE
 38       43.354149       -0.617214    64150                    LAHOURCADE
 39       43.234419       -0.281299    64510                        BORDES
 40       43.524015       -0.714047    64300                   SALLESPISSE
 41       43.548470       -0.673001    64300            SAULT-DE-NAVAILLES
 42       43.478905       -1.459398    64990          SAINT-PIERRE-D'IRUBE
 43       43.327408       -1.032999    64120                  SAINT-PALAIS
 44       43.320123       -0.579609    64360                        MONEIN
 45       43.339728       -1.025609    64120         AICIRITS-CAMOU-SUHAST
 46       43.105543       -0.428476    64260                         ARUDY
 47       43.261946       -0.191968    64420                     SOUMOULOU
 48       43.315739       -0.411051    64140                          LONS
 49       43.339728       -1.025609    64120         AICIRITS-CAMOU-SUHAST
 50       43.433921       -0.651540    64300                          MONT
 51       43.403093       -0.387285    64230                     SAUVAGNON
 52       43.164135       -1.243898    64220                    UHART-CIZE
 53       43.399259       -0.432582    64230                         UZEIN
 54       43.216520       -0.620427    64400                       LEDEUIX
 55       43.392112       -1.253503    64240                       AYHERRE
 56       43.251674       -0.299957    64510                         ASSAT
 57       43.267379       -0.209713    64420                        NOUSTY
 58       43.191936       -0.212854    64800                      BENEJACQ
 59       43.189004       -0.769507    64130                        BARCUS
 60       43.276305       -0.354824    64110                MAZERES-LEZONS
 61       43.276305       -0.354824    64110                MAZERES-LEZONS
 62       43.200197       -0.288182    64800                  ARROS-DE-NAY
 63       43.341230       -1.473589    64250                      SOURAIDE
 64       43.524015       -0.714047    64300                   SALLESPISSE
 65       43.511262       -1.204658    64520                        GUICHE
 66       43.360586       -0.207767    64160                      GABASTON
 67       43.120852       -0.728464    64570                       ARAMITS
 68       43.345302       -0.262660    64160                       MORLAAS
 69       43.359197       -0.243846    64160                  SAINT-JAMMES
 70       43.377470       -0.305954    64160                  SAINT-CASTIN
 71       43.333204       -1.743022    64700                      BIRIATOU
 72       43.241807       -0.881579    64130          VIODOS-ABENSE-DE-BAS
 73       43.483403       -1.141554    64520                       BIDACHE
 74       43.436771       -1.452333    64990                  VILLEFRANQUE
 75       43.320123       -0.579609    64360                        MONEIN
 76       43.316192       -1.350509    64250                     LOUHOSSOA
 77       43.302207       -0.397420    64140                       BILLERE
 78       43.293247       -0.296679    64320                           LEE
 79       43.387537       -1.675432    64500                       CIBOURE
 80       43.340759       -1.448720    64250                     ESPELETTE
 81       43.133414       -0.455788    64260                          BUZY
 82       43.387059       -0.356255    64121                 SERRES-CASTET
 83       43.257468       -1.232541    64780                     IRISSARRY
 84       43.455516       -0.682123    64300                      ARGAGNON
 85       43.339728       -1.025609    64120         AICIRITS-CAMOU-SUHAST
 86       43.525238       -0.911905    64270                         PUYOO
 87       43.449572       -0.112597    64350                       LEMBEYE
 88       43.095245       -0.716220    64570                        ARETTE
 89       43.547989       -0.764085    64300                        BONNUT
 90       43.139157       -0.588079    64400                         EYSUS
 91       43.327408       -1.032999    64120                  SAINT-PALAIS
 92       43.241629       -1.284165    64780                         OSSES
 93       42.999166       -0.600511    64490                        BEDOUS
 94       43.164135       -1.243898    64220                    UHART-CIZE
 95       43.517309       -0.918030    64270                       BELLOCQ
 96       43.261946       -0.191968    64420                     SOUMOULOU
 97       43.525238       -0.911905    64270                         PUYOO
 98       43.473208       -1.110524    64520                          CAME
 99       43.139157       -0.588079    64400                         EYSUS
100       43.269320       -0.344025    64110                          UZOS
101       43.105543       -0.428476    64260                         ARUDY
102       43.295100       -0.370797    64000                           PAU
103       43.511262       -1.204658    64520                        GUICHE
104       43.261946       -0.191968    64420                     SOUMOULOU
105       43.288931       -0.355226    64320                       BIZANOS
106       43.354149       -0.617214    64150                    LAHOURCADE
107       43.392365       -0.652134    64150                         LAGOR
108       43.128300       -0.301900    64800         BRUGES-CAPBIS-MIFAGET
109       43.440675       -0.259945    64160                     SEVIGNACQ
110       43.392112       -1.253503    64240                       AYHERRE
111       43.224636       -0.482107    64290                      LASSEUBE
112       43.524015       -0.714047    64300                   SALLESPISSE
113       43.165286       -1.194221    64220           SAINT-JEAN-LE-VIEUX
114       43.476141       -0.348073    64450                         THEZE
115       43.189004       -0.769507    64130                        BARCUS
116       43.333204       -1.743022    64700                      BIRIATOU
117       43.433921       -0.651540    64300                          MONT
118       43.095245       -0.716220    64570                        ARETTE
119       43.440675       -0.259945    64160                     SEVIGNACQ
120       43.440170       -0.694755    64300                       MASLACQ
121       43.440675       -0.259945    64160                     SEVIGNACQ
122       43.220131       -0.889500    64130              MAULEON-LICHARRE
123       43.322255       -0.761008    64190                     NAVARRENX
124       43.343898       -0.482390    64230                         SIROS
125       43.163351       -0.620591    64400                         AGNOS
126       43.276305       -0.354824    64110                MAZERES-LEZONS
127       43.320123       -0.579609    64360                        MONEIN
128       43.423484       -1.515114    64200                     ARCANGUES
129       43.155258       -0.595406    64400                     GURMENCON
130       43.547989       -0.764085    64300                        BONNUT
131       43.473208       -1.110524    64520                          CAME
132       43.302207       -0.397420    64140                       BILLERE
133       43.322255       -0.761008    64190                     NAVARRENX
134       43.287723       -0.390892    64110                      JURANCON
135       43.487336       -1.348732    64990                        URCUIT
136       43.524015       -0.714047    64300                   SALLESPISSE
137       43.117317       -0.864183    64470              TARDETS-SORHOLUS
138       43.216520       -0.620427    64400                       LEDEUIX
139       43.524015       -0.714047    64300                   SALLESPISSE
140       43.561399       -0.271640    64330                        GARLIN
141       43.230807       -0.869623    64130                      CHERAUTE
142       43.224636       -0.482107    64290                      LASSEUBE
143       43.095245       -0.716220    64570                        ARETTE
144       43.351130       -0.469217    64230                POEY-DE-LESCAR
145       43.432253       -1.551382    64210                       ARBONNE
146       43.105543       -0.428476    64260                         ARUDY
147       43.345302       -0.262660    64160                       MORLAAS
148       43.354149       -0.617214    64150                    LAHOURCADE
149       43.470556       -0.924854    64270               SALIES-DE-BEARN
150       43.547989       -0.764085    64300                        BONNUT
151       43.170938       -1.234565    64220                       ISPOURE
152       43.367790       -0.586227    64150                       PARDIES
153       43.316768       -0.475651    64230                  ARTIGUELOUVE
154       43.333204       -1.743022    64700                      BIRIATOU
155       43.339728       -1.025609    64120         AICIRITS-CAMOU-SUHAST
156       43.339728       -1.025609    64120         AICIRITS-CAMOU-SUHAST
157       43.483403       -1.141554    64520                       BIDACHE
158       43.095245       -0.716220    64570                        ARETTE
159       43.359399       -1.766148    64700                       HENDAYE
160       43.524015       -0.714047    64300                   SALLESPISSE
