119 22
  0       48.558565       -2.063660    22490                     TREMEREUC 
  1       48.238916       -2.441980    22230                    SAINT-VRAN
  2       48.518170       -3.240054    22200                      MOUSTERU
  3       48.511160       -2.126754    22130                     LANGUENAN
  4       48.718261       -3.504444    22300                     PLOULEC'H
  5       48.446014       -2.745903    22960                       PLEDRAN
  6       48.390828       -2.127353    22100                      BRUSVILY
  7       48.672870       -3.346952    22140                         CAVAN
  8       48.236004       -3.443735    22340                         PAULE
  9       48.251816       -2.293648    22250                      LANRELAS
 10       48.347060       -2.263150    22250                       TREMEUR
 11       48.428880       -2.915288    22800                      LE FOEIL
 12       48.544935       -2.214172    22130                        CREHEN
 13       48.544512       -3.131867    22970                    PLOUMAGOAR
 14       48.557172       -2.532964    22400                   SAINT-ALBAN
 15       48.561366       -3.148352    22200                      GUINGAMP
 16       48.499682       -2.839572    22440                    LA MEAUGON
 17       48.797401       -3.238286    22220                     PLOUGUIEL
 18       48.508601       -2.915100    22170                      PLOUVARA
 19       48.354963       -2.554078    22510                        TREBRY
 20       48.197736       -2.290291    22230                      TREMOREL
 21       48.417795       -1.970011    22630             LES CHAMPS-GERAUX
 22       48.786424       -3.104900    22740                   LEZARDRIEUX
 23       48.367218       -3.519534    22160                       CARNOET
 24       48.704230       -3.107395    22260             QUEMPER-GUEZENNEC
 25       48.572821       -2.437634    22240                   LA BOUILLIE
 26       48.448351       -2.387548    22270                     PLEDELIAC
 27       48.352959       -2.044897    22630                   SAINT-JUVAT
 28       48.675860       -2.932150    22580                        PLOUHA
 29       48.676294       -3.298499    22140                          PRAT
 30       48.547070       -2.230959    22130                  SAINT-LORMEL
 31       48.423464       -2.446598    22640                       PLESTAN
 32       48.415430       -2.065039    22100                   SAINT-CARNE
 33       48.267811       -2.568681    22330                  SAINT-GOUENO
 34       48.191270       -2.850344    22600                 SAINT-CARADEC
 35       48.628222       -2.364998    22240                        FREHEL
 36       48.698649       -3.566985    22300            TREDREZ-LOCQUEMEAU
 37       48.359616       -2.618613    22510                     TREDANIEL
 38       48.332838       -2.339285    22250                      SEVIGNAC
 39       48.704230       -3.107395    22260             QUEMPER-GUEZENNEC
 40       48.197736       -2.290291    22230                      TREMOREL
 41       48.611355       -3.473584    22420                      PLOUARET
 42       48.747357       -3.263309    22450              LA ROCHE-DERRIEN
 43       48.517218       -3.031264    22170                      LANRODEC
 44       48.527538       -2.003270    22490              PLOUER-SUR-RANCE
 45       48.714514       -3.204577    22260                       PLOEZAL
 46       48.839485       -3.244739    22820                  PLOUGRESCANT
 47       48.444828       -2.855042    22800                  PLAINE-HAUTE
 48       48.775183       -3.228646    22220               MINIHY-TREGUIER
 49       48.284310       -2.414984    22330                     LANGOURLA
 50       48.603010       -3.017289    22290                      GOUDELIN
 51       48.423464       -2.446598    22640                       PLESTAN
 52       48.642084       -3.371275    22140                      PLUZUNET
 53       48.481148       -2.167597    22130                       CORSEUL
 54       48.388231       -3.002346    22800                LE VIEUX-BOURG
 55       48.566063       -2.883199    22590                     TREGOMEUR
 56       48.648028       -2.828941    22410          SAINT-QUAY-PORTRIEUX
 57       48.417795       -1.970011    22630             LES CHAMPS-GERAUX
 58       48.465906       -2.085787    22100                       QUEVERT
 59       48.714514       -3.204577    22260                       PLOEZAL
 60       48.237294       -3.254708    22110                 PLOUGUERNEVEL
 61       48.481148       -2.167597    22130                       CORSEUL
 62       48.317174       -2.262281    22250                        BROONS
 63       48.491468       -2.568365    22400                         ANDEL
 64       48.819340       -3.503446    22730                     TREGASTEL
 65       48.555871       -2.946128    22170                         PLELO
 66       48.776462       -3.506769    22560                PLEUMEUR-BODOU
 67       48.361272       -2.631490    22510                    MONCONTOUR
 68       48.491206       -2.601459    22400                     COETMIEUX
 69       48.452411       -2.124034    22100                      AUCALEUC
 70       48.555871       -2.946128    22170                         PLELO
 71       48.179895       -2.243117    22230              LOSCOUET-SUR-MEU
 72       48.146052       -2.347249    22230                      ILLIFAUT
 73       48.101608       -2.580733    22210                      PLUMIEUX
 74       48.555360       -3.443262    22810              PLOUNEVEZ-MOEDEC
 75       48.347772       -2.175382    22350               YVIGNAC-LA-TOUR
 76       48.629037       -2.465645    22430                         ERQUY
 77       48.543647       -3.395606    22810           BELLE-ISLE-EN-TERRE
 78       48.732232       -3.241789    22450                POMMERIT-JAUDY
 79       48.227216       -3.504148    22340                        PLEVIN
 80       48.510875       -1.952353    22690           PLEUDIHEN-SUR-RANCE
 81       48.236004       -3.443735    22340                         PAULE
 82       48.566063       -2.883199    22590                     TREGOMEUR
 83       48.347060       -2.263150    22250                       TREMEUR
 84       48.510875       -1.952353    22690           PLEUDIHEN-SUR-RANCE
 85       48.558375       -3.103892    22200                 SAINT-AGATHON
 86       48.336124       -2.682962    22150                         PLEMY
 87       48.488991       -2.318975    22130                        PLEVEN
 88       48.609433       -2.149071    22770                      LANCIEUX
 89       48.531512       -2.057719    22490              PLESLIN-TRIGAVOU
 90       48.403048       -2.577883    22510                       BREHAND
 91       48.417795       -1.970011    22630             LES CHAMPS-GERAUX
 92       48.421287       -2.661532    22120                       QUESSOY
 93       48.207415       -3.210566    22570                      PLELAUFF
 94       48.842374       -3.139565    22610                      PLEUBIAN
 95       48.236004       -3.443735    22340                         PAULE
 96       48.223252       -3.394891    22110                        GLOMEL
 97       48.485876       -3.377446    22810                    PLOUGONVER
 98       48.698649       -3.566985    22300            TREDREZ-LOCQUEMEAU
 99       48.363531       -2.400230    22640                  PLENEE-JUGON
100       48.527538       -2.003270    22490              PLOUER-SUR-RANCE
101       48.454366       -2.047327    22100                         DINAN
102       48.488781       -2.794373    22440                    PLOUFRAGAN
103       48.664274       -3.132714    22260                    SAINT-CLET
104       48.317174       -2.262281    22250                        BROONS
105       48.310403       -3.317758    22110               KERGRIST-MOELOU
106       48.226166       -3.179338    22570                       GOUAREC
107       48.359616       -2.618613    22510                     TREDANIEL
108       48.283128       -2.481886    22330           SAINT-JACUT-DU-MENE
109       48.745426       -3.071897    22860                      PLOURIVO
110       48.403411       -2.908722    22800                       QUINTIN
111       48.611355       -3.473584    22420                      PLOUARET
112       48.601417       -2.829043    22520                         BINIC
113       48.580502       -2.140581    22650                     PLOUBALAY
114       48.488781       -2.794373    22440                    PLOUFRAGAN
115       48.543588       -2.967909    22170                  CHATELAUDREN
116       48.444828       -2.855042    22800                  PLAINE-HAUTE
117       48.227216       -3.504148    22340                        PLEVIN
118       48.801855       -3.029698    22620                  PLOUBAZLANEC
119       48.446014       -2.745903    22960                       PLEDRAN
120       48.607282       -3.450567    22420               LE VIEUX-MARCHE
121       48.769093       -3.142240    22740                    PLEUDANIEL
122       48.238916       -2.441980    22230                    SAINT-VRAN
123       48.448052       -3.122331    22720                       PLESIDY
124       48.255483       -2.239335    22250                     PLUMAUGAT
125       48.697250       -3.162961    22260                     PONTRIEUX
126       48.403411       -2.908722    22800                       QUINTIN
127       48.611355       -3.473584    22420                      PLOUARET
128       48.428880       -2.915288    22800                      LE FOEIL
129       48.648028       -2.828941    22410          SAINT-QUAY-PORTRIEUX
130       48.794593       -3.413004    22700                      LOUANNEC
131       48.329697       -2.487672    22330                     LE GOURAY
132       48.747357       -3.263309    22450              LA ROCHE-DERRIEN
133       48.737362       -3.028245    22500                        KERFOT
134       48.235447       -3.318145    22110                     ROSTRENEN
135       48.817796       -3.299499    22710                      PENVENAN
136       48.607282       -3.450567    22420               LE VIEUX-MARCHE
137       48.642084       -3.371275    22140                      PLUZUNET
138       48.508601       -2.915100    22170                      PLOUVARA
139       48.490088       -2.016342    22100        SAINT-SAMSON-SUR-RANCE
140       48.191270       -2.850344    22600                 SAINT-CARADEC
141       48.769253       -3.566092    22560                    TREBEURDEN
142       48.576369       -3.066949    22200                     LE MERZER
143       48.242477       -3.122101    22570                      LANISCAT
144       48.197736       -2.290291    22230                      TREMOREL
145       48.737362       -3.028245    22500                        KERFOT
146       48.494183       -2.714449    22360                      LANGUEUX
147       48.351252       -2.914293    22800                      LANFAINS
148       48.310403       -3.317758    22110               KERGRIST-MOELOU
149       48.571991       -2.814177    22590                        PORDIC
150       48.176274       -2.752021    22600                       LOUDEAC
151       48.363531       -2.400230    22640                  PLENEE-JUGON
152       48.491206       -2.601459    22400                     COETMIEUX
153       48.630508       -2.869441    22410                      PLOURHAN
154       48.606233       -2.882445    22410                        LANTIC
155       48.556562       -3.271099    22540                     TREGLAMUS
156       48.586641       -3.136524    22200                          PABU
157       48.284310       -2.414984    22330                     LANGOURLA
158       48.675860       -2.932150    22580                        PLOUHA
159       48.388231       -3.002346    22800                LE VIEUX-BOURG
160       48.632011       -2.985939    22290                     LANVOLLON
161       48.648028       -2.828941    22410          SAINT-QUAY-PORTRIEUX
162       48.791874       -3.446925    22700             SAINT-QUAY-PERROS
163       48.557568       -2.292394    22550                   SAINT-POTAN
164       48.359616       -2.618613    22510                     TREDANIEL
165       48.704840       -3.375926    22300           CAOUENNEC-LANVEZEAC
166       48.585676       -2.540870    22370             PLENEUF-VAL-ANDRE
167       48.611355       -3.473584    22420                      PLOUARET
168       48.606233       -2.882445    22410                        LANTIC
169       48.540553       -2.434734    22400                      HENANSAL
170       48.601417       -2.829043    22520                         BINIC
171       48.314561       -3.163941    22480        SAINT-NICOLAS-DU-PELEM
172       48.515772       -2.885432    22170                      PLERNEUF
173       48.595815       -2.293690    22550                      MATIGNON
174       48.704020       -3.447828    22300                     PLOUBEZRE
175       48.465412       -1.963447    22100                   SAINT-HELEN
176       48.626493       -2.403856    22240                       PLURIEN
177       48.632091       -2.259804    22380          SAINT-CAST-LE-GUILDO
178       48.403411       -2.908722    22800                       QUINTIN
179       48.390828       -2.127353    22100                      BRUSVILY
180       48.407940       -2.817707    22940                      PLAINTEL
181       48.491468       -2.568365    22400                         ANDEL
182       48.698649       -3.566985    22300            TREDREZ-LOCQUEMEAU
183       48.499682       -2.839572    22440                    LA MEAUGON
184       48.283128       -2.481886    22330           SAINT-JACUT-DU-MENE
185       48.561366       -3.148352    22200                      GUINGAMP
186       48.568092       -3.542956    22780                     PLOUNERIN
187       48.523689       -2.848058    22440                      TREMUSON
188       48.494183       -2.714449    22360                      LANGUEUX
189       48.455240       -2.028408    22100                     LANVALLAY
190       48.329697       -2.487672    22330                     LE GOURAY
191       48.557172       -2.532964    22400                   SAINT-ALBAN
192       48.284310       -2.414984    22330                     LANGOURLA
193       48.791874       -3.446925    22700             SAINT-QUAY-PERROS
194       48.603010       -3.017289    22290                      GOUDELIN
195       48.433293       -2.118575    22100                      TRELIVAN
196       48.601417       -2.829043    22520                         BINIC
197       48.543588       -2.967909    22170                  CHATELAUDREN
198       48.514180       -2.765835    22000                  SAINT-BRIEUC
199       48.513879       -2.668645    22120                       HILLION
200       48.388231       -3.002346    22800                LE VIEUX-BOURG
201       48.732084       -3.459144    22300                       LANNION
202       48.603010       -3.017289    22290                      GOUDELIN
203       48.521599       -2.609614    22400                       MORIEUX
204       48.448052       -3.122331    22720                       PLESIDY
205       48.698649       -3.566985    22300            TREDREZ-LOCQUEMEAU
206       48.488586       -1.980986    22690          LA VICOMTE-SUR-RANCE
207       48.403048       -2.577883    22510                       BREHAND
208       48.288475       -2.155687    22350                       CAULNES
209       48.557568       -2.292394    22550                   SAINT-POTAN
210       48.446902       -2.485705    22400                         NOYAL
211       48.389542       -2.064565    22100                       TREVRON
212       48.300503       -2.519167    22330                      COLLINEE
213       48.556562       -3.271099    22540                     TREGLAMUS
214       48.630456       -3.300603    22140                        BEGARD
215       48.515772       -2.885432    22170                      PLERNEUF
216       48.769253       -3.566092    22560                    TREBEURDEN
217       48.630508       -2.869441    22410                      PLOURHAN
218       48.280292       -2.703433    22150                   PLOUGUENAST
219       48.267811       -2.568681    22330                  SAINT-GOUENO
220       48.300503       -2.519167    22330                      COLLINEE
221       48.769093       -3.142240    22740                    PLEUDANIEL
222       48.388231       -3.002346    22800                LE VIEUX-BOURG
223       48.557568       -2.292394    22550                   SAINT-POTAN
224       48.543588       -2.967909    22170                  CHATELAUDREN
225       48.642084       -3.371275    22140                      PLUZUNET
226       48.235447       -3.318145    22110                     ROSTRENEN
227       48.236004       -3.443735    22340                         PAULE
228       48.359616       -2.618613    22510                     TREDANIEL
229       48.732084       -3.459144    22300                       LANNION
230       48.390828       -2.127353    22100                      BRUSVILY
231       48.698649       -3.566985    22300            TREDREZ-LOCQUEMEAU
232       48.346781       -2.756832    22150                PLOEUC-SUR-LIE
233       48.160465       -2.830652    22600                    HEMONSTOIR
234       48.776924       -3.305331    22450                        CAMLEZ
235       48.801855       -3.029698    22620                  PLOUBAZLANEC
236       48.513879       -2.668645    22120                       HILLION
237       48.397172       -2.733427    22150                 SAINT-CARREUC
238       48.521727       -2.235734    22130                      PLANCOET
