51 90
  0       47.606345        6.970578    90340                     NOVILLARD 
  1       47.522756        6.991109    90100                    THIANCOURT
  2       47.521446        7.036048    90100                      FAVEROIS
  3       47.705437        6.976638    90110                         FELON
  4       47.575033        7.016861    90100                     VELLESCOT
  5       47.699522        6.958198    90110     SAINT-GERMAIN-LE-CHATELET
  6       47.633967        6.895279    90160                       PEROUSE
  7       47.671424        6.934668    90150                     EGUENIGUE
  8       47.529165        7.012304    90100                     JONCHEREY
  9       47.721234        7.007637    90360                PETITEFONTAINE
 10       47.509513        7.068896    90100                     FLORIMONT
 11       47.613991        6.972672    90130                   PETIT-CROIX
 12       47.741786        6.825333    90200                     GIROMAGNY
 13       47.735976        6.968349    90110          ROUGEMONT-LE-CHATEAU
 14       47.591716        6.814636    90800                    BANVILLARS
 15       47.662643        6.964813    90150                    LACOLLONGE
 16       47.588727        7.000578    90130                      BRETAGNE
 17       47.669455        6.893874    90300                      VETRIGNE
 18       47.606353        6.992229    90130              MONTREUX-CHATEAU
 19       47.515283        7.079836    90100                  COURTELEVANT
 20       47.659640        6.936305    90150                      PHAFFANS
 21       47.472685        6.918758    90500                    MONTBOUTON
 22       47.562008        6.916755    90140                      BOUROGNE
 23       47.659640        6.936305    90150                      PHAFFANS
 24       47.613861        6.785553    90800                           BUC
 25       47.595462        6.849820    90400                        BOTANS
 26       47.743490        6.845592    90200                     VESCEMONT
 27       47.606353        6.992229    90130              MONTREUX-CHATEAU
 28       47.613861        6.785553    90800                           BUC
 29       47.719123        6.965756    90110        ROMAGNY-SOUS-ROUGEMONT
 30       47.659640        6.936305    90150                      PHAFFANS
 31       47.734444        6.780978    90200                  AUXELLES-BAS
 32       47.672379        6.846855    90300                       VALDOIE
 33       47.684999        7.032371    90150                  VAUTHIERMONT
 34       47.587794        6.839180    90400                        DORANS
 35       47.620773        6.955113    90340                    FONTENELLE
 36       47.684405        6.966326    90150                BETHONVILLIERS
 37       47.620773        6.955113    90340                    FONTENELLE
 38       47.539745        7.100595    90100                   LEPUIX-NEUF
 39       47.655646        6.836472    90300                     CRAVANCHE
 40       47.573259        6.980727    90140                   RECOUVRANCE
 41       47.604183        6.861126    90400                     ANDELNANS
 42       47.759332        6.818150    90200                        LEPUIX
 43       47.606353        6.992229    90130              MONTREUX-CHATEAU
 44       47.576483        6.852975    90400                       BERMONT
 45       47.573886        6.938576    90140                      CHARMOIS
 46       47.632651        6.816756    90850                        ESSERT
 47       47.574466        6.999608    90100                        GROSNE
 48       47.590134        7.051595    90100          CHAVANNES-LES-GRANDS
 49       47.672379        6.846855    90300                       VALDOIE
 50       47.553456        7.016997    90100                         BORON
 51       47.659640        6.936305    90150                      PHAFFANS
 52       47.589013        6.868955    90400                      SEVENANS
 53       47.728899        6.982273    90110                         LEVAL
 54       47.521446        7.036048    90100                      FAVEROIS
 55       47.734444        6.780978    90200                  AUXELLES-BAS
 56       47.484145        6.923811    90500                     BEAUCOURT
 57       47.499072        7.076981    90100                    COURCELLES
 58       47.470284        6.962854    90100         SAINT-DIZIER-L'EVEQUE
 59       47.675800        6.798900    90350                EVETTE-SALBERT
 60       47.538646        6.972968    90600                  GRANDVILLARS
 61       47.743490        6.845592    90200                     VESCEMONT
 62       47.769125        6.880434    90200                 RIERVESCEMONT
 63       47.509513        7.068896    90100                     FLORIMONT
 64       47.509513        7.068896    90100                     FLORIMONT
 65       47.499072        7.076981    90100                    COURCELLES
 66       47.470284        6.962854    90100         SAINT-DIZIER-L'EVEQUE
 67       47.759332        6.818150    90200                        LEPUIX
 68       47.456288        6.990335    90100                VILLARS-LE-SEC
 69       47.769125        6.880434    90200                 RIERVESCEMONT
 70       47.741786        6.825333    90200                     GIROMAGNY
 71       47.470284        6.962854    90100         SAINT-DIZIER-L'EVEQUE
 72       47.613861        6.785553    90800                           BUC
 73       47.769125        6.880434    90200                 RIERVESCEMONT
 74       47.456288        6.990335    90100                VILLARS-LE-SEC
 75       47.539745        7.100595    90100                   LEPUIX-NEUF
 76       47.759332        6.818150    90200                        LEPUIX
 77       47.515283        7.079836    90100                  COURTELEVANT
 78       47.769125        6.880434    90200                 RIERVESCEMONT
 79       47.472685        6.918758    90500                    MONTBOUTON
 80       47.545704        6.935124    90120                    MORVILLARS
 81       47.470284        6.962854    90100         SAINT-DIZIER-L'EVEQUE
 82       47.545704        6.935124    90120                    MORVILLARS
 83       47.499072        7.076981    90100                    COURCELLES
 84       47.487056        6.978736    90100                      LEBETAIN
 85       47.759332        6.818150    90200                        LEPUIX
 86       47.769125        6.880434    90200                 RIERVESCEMONT
 87       47.484145        6.923811    90500                     BEAUCOURT
 88       47.759332        6.818150    90200                        LEPUIX
 89       47.762187        6.906961    90170     LAMADELEINE-VAL-DES-ANGES
 90       47.538646        6.972968    90600                  GRANDVILLARS
 91       47.762187        6.906961    90170     LAMADELEINE-VAL-DES-ANGES
 92       47.759332        6.818150    90200                        LEPUIX
 93       47.579501        6.976492    90140                      BREBOTTE
 94       47.759332        6.818150    90200                        LEPUIX
 95       47.762187        6.906961    90170     LAMADELEINE-VAL-DES-ANGES
 96       47.762187        6.906961    90170     LAMADELEINE-VAL-DES-ANGES
 97       47.508476        7.110655    90370                       RECHESY
 98       47.728899        6.982273    90110                         LEVAL
 99       47.741786        6.825333    90200                     GIROMAGNY
100       47.445704        6.954504    90100                         CROIX
101       47.508476        7.110655    90370                       RECHESY
102       47.522756        6.991109    90100                    THIANCOURT
