62 74
  0       45.897172        6.125161    74000                        ANNECY 
  1       46.060390        6.580582    74300                        CLUSES
  2       46.190206        6.317927    74380                      LUCINGES
  3       46.379455        6.630401    74500        SAINT-PAUL-EN-CHABLAIS
  4       45.938130        6.090965    74330                        EPAGNY
  5       45.992755        6.057958    74330                        CHOISY
  6       46.159466        6.342990    74250                     FILLINGES
  7       46.401488        6.590949    74500               EVIAN-LES-BAINS
  8       46.299054        6.328939    74140                     BALLAISON
  9       46.158488        6.213829    74560              MONNETIER-MORNEX
 10       46.159466        6.342990    74250                     FILLINGES
 11       46.394984        6.612114    74500                    NEUVECELLE
 12       46.106375        6.333500    74800                      ARENTHON
 13       46.304869        6.299197    74140                      DOUVAINE
 14       45.938130        6.090965    74330                        EPAGNY
 15       46.084044        6.728173    74340                       SAMOENS
 16       45.936661        6.630557    74700                    SALLANCHES
 17       46.325449        6.267459    74140               CHENS-SUR-LEMAN
 18       46.318068        6.330479    74140                      MASSONGY
 19       45.837751        6.571761    74120                 PRAZ-SUR-ARLY
 20       45.881707        6.178000    74290                VEYRIER-DU-LAC
 21       46.120361        6.104318    74160                       NEYDENS
 22       46.037690        6.224625    74570                        EVIRES
 23       46.335146        6.463345    74200                      ALLINGES
 24       46.351234        6.292793    74140                       MESSERY
 25       46.137715        6.457955    74490                  SAINT-JEOIRE
 26       46.159466        6.342990    74250                     FILLINGES
 27       46.109625        6.264521    74930                    PERS-JUSSY
 28       46.288307        6.309102    74140                        LOISIN
 29       46.084489        6.542144    74300                         THYEZ
 30       45.882031        6.324761    74230                        THONES
 31       45.867137        5.942357    74150                       RUMILLY
 32       45.892013        6.712187    74170       SAINT-GERVAIS-LES-BAINS
 33       45.923392        6.684919    74190                         PASSY
 34       46.128077        6.342510    74130            CONTAMINE-SUR-ARVE
 35       45.873778        6.000750    74150            MARCELLAZ-ALBANAIS
 36       46.132179        6.374968    74250                    PEILLONNEX
 37       45.882031        6.324761    74230                        THONES
 38       46.078025        6.409053    74130                    BONNEVILLE
 39       46.033760        6.106631    74350                    CRUSEILLES
 40       45.946463        6.121892    74370                        PRINGY
 41       45.941400        6.107200    74370                    METZ-TESSY
 42       45.946463        6.121892    74370                        PRINGY
 43       45.923392        6.684919    74190                         PASSY
 44       46.373565        6.477635    74200              THONON-LES-BAINS
 45       46.325449        6.267459    74140               CHENS-SUR-LEMAN
 46       46.144516        6.081338    74160      SAINT-JULIEN-EN-GENEVOIS
 47       45.747020        6.293547    74210                      FAVERGES
 48       46.109625        6.264521    74930                    PERS-JUSSY
 49       46.020286        6.620139    74300                       MAGLAND
 50       45.833642        6.864594    74400           CHAMONIX-MONT-BLANC
 51       45.882031        6.324761    74230                        THONES
 52       45.833642        6.864594    74400           CHAMONIX-MONT-BLANC
 53       45.941400        6.107200    74370                    METZ-TESSY
 54       46.060600        6.373100    74800      SAINT-PIERRE-EN-FAUCIGNY
 55       46.176350        6.224039    74100                   ETREMBIERES
 56       46.402497        6.665832    74500                        LUGRIN
 57       45.839395        6.215119    74290                     TALLOIRES
 58       45.766390        6.026948    74540                          CUSY
 59       46.087254        6.582824    74300          CHATILLON-SUR-CLUSES
 60       46.194109        6.223001    74100                       AMBILLY
 61       46.037690        6.224625    74570                        EVIRES
 62       46.087254        6.582824    74300          CHATILLON-SUR-CLUSES
 63       45.873752        5.959888    74150                         SALES
 64       45.923392        6.684919    74190                         PASSY
 65       46.147824        6.410931    74250                VIUZ-EN-SALLAZ
 66       46.184685        6.208959    74240                      GAILLARD
 67       46.194109        6.223001    74100                       AMBILLY
 68       45.921423        6.063557    74330                         POISY
 69       46.115447        6.037474    74580                          VIRY
 70       45.936661        6.630557    74700                    SALLANCHES
 71       45.890388        6.798735    74310                   LES HOUCHES
 72       46.176350        6.224039    74100                   ETREMBIERES
 73       46.060390        6.580582    74300                        CLUSES
 74       45.856876        6.617750    74120                        MEGEVE
 75       45.936661        6.630557    74700                    SALLANCHES
 76       45.888892        6.102170    74600                        SEYNOD
 77       46.394984        6.612114    74500                    NEUVECELLE
 78       46.288307        6.309102    74140                        LOISIN
 79       45.941400        6.107200    74370                    METZ-TESSY
 80       46.094375        6.101822    74160                      BEAUMONT
 81       46.136920        6.270228    74930                      REIGNIER
 82       46.159310        6.270326    74380        ARTHAZ-PONT-NOTRE-DAME
 83       45.873778        6.000750    74150            MARCELLAZ-ALBANAIS
 84       46.280704        6.720362    74360                     ABONDANCE
 85       46.090822        6.500845    74970                     MARIGNIER
 86       45.882031        6.324761    74230                        THONES
 87       46.267395        6.841152    74390                        CHATEL
 88       46.379455        6.630401    74500        SAINT-PAUL-EN-CHABLAIS
 89       46.109630        6.077316    74160                      FEIGERES
 90       45.946611        6.035302    74330                      SILLINGY
 91       46.060600        6.373100    74800      SAINT-PIERRE-EN-FAUCIGNY
 92       46.187642        6.292593    74380                 CRANVES-SALES
 93       45.996435        6.249536    74570               THORENS-GLIERES
 94       45.960930        6.041668    74330          LA BALME-DE-SILLINGY
 95       46.159466        6.342990    74250                     FILLINGES
 96       46.094375        6.101822    74160                      BEAUMONT
 97       46.128077        6.342510    74130            CONTAMINE-SUR-ARVE
 98       46.043322        6.632759    74300             ARACHES-LA-FRASSE
 99       46.054448        6.484514    74130                 MONT-SAXONNEX
100       46.337915        6.432466    74200                     MARGENCEL
101       46.280704        6.720362    74360                     ABONDANCE
102       46.193253        6.234158    74100                     ANNEMASSE
103       45.942027        6.426699    74450              LE GRAND-BORNAND
104       46.136920        6.270228    74930                      REIGNIER
105       46.201615        6.247144    74100                VILLE-LA-GRAND
106       46.082621        6.437595    74130                          AYSE
107       46.060390        6.580582    74300                        CLUSES
108       46.054448        6.484514    74130                 MONT-SAXONNEX
109       45.890388        6.798735    74310                   LES HOUCHES
110       46.106794        6.591052    74440                      TANINGES
111       45.996435        6.249536    74570               THORENS-GLIERES
112       46.264451        6.370310    74890              BONS-EN-CHABLAIS
113       45.960930        6.041668    74330          LA BALME-DE-SILLINGY
114       46.065605        6.294144    74800                         ETAUX
115       46.335146        6.463345    74200                      ALLINGES
116       45.837751        6.571761    74120                 PRAZ-SUR-ARLY
117       46.373565        6.477635    74200              THONON-LES-BAINS
118       46.109630        6.077316    74160                      FEIGERES
119       45.766390        6.026948    74540                          CUSY
120       46.201615        6.247144    74100                VILLE-LA-GRAND
121       46.133933        6.524324    74440                       MIEUSSY
122       46.375563        6.527181    74200                         MARIN
123       45.833642        6.864594    74400           CHAMONIX-MONT-BLANC
124       46.256606        6.530689    74470                     BELLEVAUX
