82 29
  0       48.596207       -4.113679    29440                    PLOUZEVEDE 
  1       47.795818       -3.584910    29360               CLOHARS-CARNOET
  2       48.192492       -3.716430    29540                        SPEZET
  3       48.451535       -4.465601    29850                      GOUESNOU
  4       48.157507       -4.139079    29150                          CAST
  5       48.521249       -3.946849    29410               SAINT-THEGONNEC
  6       48.572080       -4.322290    29260                      LESNEVEN
  7       47.797213       -4.284075    29730                     GUILVINEC
  8       47.875568       -4.106373    29950                       BENODET
  9       47.886788       -4.155261    29120                       COMBRIT
 10       48.510131       -4.073265    29400                   LANDIVISIAU
 11       48.521249       -3.946849    29410               SAINT-THEGONNEC
 12       48.491844       -4.042888    29400             LAMPAUL-GUIMILIAU
 13       48.657172       -4.174263    29430                     PLOUESCAT
 14       48.628417       -3.992425    29420                      PLOUENAN
 15       48.657172       -4.174263    29430                     PLOUESCAT
 16       48.294468       -4.179609    29590                       LE FAOU
 17       48.608328       -4.299032    29260                      PLOUIDER
 18       47.954963       -4.360672    29710                   POULDREUZIC
 19       47.886788       -4.155261    29120                       COMBRIT
 20       48.328109       -4.241708    29460              HOPITAL-CAMFROUT
 21       48.186198       -3.812634    29520           CHATEAUNEUF-DU-FAOU
 22       48.435977       -4.400707    29490                      GUIPAVAS
 23       48.328109       -4.241708    29460              HOPITAL-CAMFROUT
 24       47.860125       -3.462004    29300                        REDENE
 25       48.617236       -4.211584    29430            PLOUNEVEZ-LOCHRIST
 26       48.554061       -4.084000    29400                  PLOUGOURVEST
 27       48.102390       -3.999891    29510                         BRIEC
 28       48.036674       -4.666499    29770                       PLOGOFF
 29       48.424843       -4.558241    29820                       GUILERS
 30       47.959547       -3.536501    29310                      QUERRIEN
 31       48.231671       -4.357271    29560               TELGRUC-SUR-MER
 32       48.524971       -4.598660    29830                      PLOUGUIN
 33       47.840853       -4.283584    29120                       PLOMEUR
 34       48.043074       -4.327254    29100                    POULDERGAT
 35       48.473845       -4.638995    29290                    LANRIVOARE
 36       48.432337       -4.628738    29290                   SAINT-RENAN
 37       47.830440       -4.168061    29750                       LOCTUDY
 38       48.473499       -4.328123    29800                  SAINT-THONAN
 39       48.403196       -4.723239    29810                    PLOUMOGUER
 40       48.024744       -4.562468    29770                     ESQUIBIEN
 41       47.807191       -4.261599    29730                    TREFFIAGAT
 42       48.587021       -4.572328    29870                       LANDEDA
 43       48.657904       -3.911560    29660                      CARANTEC
 44       48.405806       -4.077555    29450                         SIZUN
 45       48.381438       -4.620404    29280                      PLOUZANE
 46       48.398824       -4.222491    29800                  SAINT-URBAIN
 47       47.911044       -4.114936    29950                     GOUESNACH
 48       48.603443       -3.900323    29670                         TAULE
 49       48.534814       -3.790486    29600           PLOURIN-LES-MORLAIX
 50       48.451535       -4.465601    29850                      GOUESNOU
 51       47.997542       -4.097899    29000                       QUIMPER
 52       47.843293       -3.693639    29340                RIEC-SUR-BELON
 53       48.536682       -4.311663    29260                    PLOUDANIEL
 54       48.439388       -3.891231    29410               PLOUNEOUR-MENEZ
 55       48.078141       -4.191586    29180                     PLOGONNEC
 56       48.628417       -3.992425    29420                      PLOUENAN
 57       47.872834       -3.920734    29900                    CONCARNEAU
 58       48.498961       -4.418542    29860                     PLABENNEC
 59       48.226345       -3.969829    29190                       PLEYBEN
 60       48.016154       -4.208438    29710                       PLONEIS
 61       48.435977       -4.400707    29490                      GUIPAVAS
 62       48.473845       -4.638995    29290                    LANRIVOARE
 63       48.472329       -4.203383    29800              LA ROCHE-MAURICE
 64       48.432337       -4.628738    29290                   SAINT-RENAN
 65       48.563464       -4.597181    29830                    SAINT-PABU
 66       48.192492       -3.716430    29540                        SPEZET
 67       47.843293       -3.693639    29340                RIEC-SUR-BELON
 68       48.504686       -3.875395    29410                PLEYBER-CHRIST
 69       48.275584       -3.574188    29270              CARHAIX-PLOUGUER
 70       48.514843       -4.212034    29400                  PLOUNEVENTER
 71       47.894728       -3.640978    29380                    LE TREVOUX
 72       47.907888       -3.979562    29940            LA FORET-FOUESNANT
 73       47.907888       -3.979562    29940            LA FORET-FOUESNANT
 74       48.090908       -4.058564    29510                  LANDREVARZEC
 75       47.797213       -4.284075    29730                     GUILVINEC
 76       48.226345       -3.969829    29190                       PLEYBEN
 77       48.541462       -4.657761    29830                 PLOUDALMEZEAU
 78       48.666774       -4.044465    29250                     PLOUGOULM
 79       48.531033       -4.116581    29400                       BODILIS
 80       48.381438       -4.620404    29280                      PLOUZANE
 81       48.650208       -4.318079    29890                PLOUNEOUR-TREZ
 82       48.508034       -4.765895    29840                     PORSPODER
 83       47.936883       -4.021477    29170                 SAINT-EVARZEC
 84       47.811697       -4.338469    29760                      PENMARCH
 85       48.726199       -3.985325    29680                       ROSCOFF
 86       48.617236       -4.211584    29430            PLOUNEVEZ-LOCHRIST
 87       48.254392       -4.089647    29590     PONT-DE-BUIS-LES-QUIMERCH
 88       48.534814       -3.790486    29600           PLOURIN-LES-MORLAIX
 89       48.226345       -3.969829    29190                       PLEYBEN
 90       47.872586       -3.547546    29300                     QUIMPERLE
 91       48.102390       -3.999891    29510                         BRIEC
 92       48.435977       -4.400707    29490                      GUIPAVAS
 93       48.181485       -4.232745    29550                    PLOMODIERN
 94       48.640169       -3.822184    29252                     PLOUEZOCH
 95       48.466883       -4.566678    29290                       MILIZAC
 96       48.381438       -4.620404    29280                      PLOUZANE
 97       48.374051       -4.369108    29470            PLOUGASTEL-DAOULAS
 98       47.967118       -3.937054    29140                     SAINT-YVY
 99       48.275836       -4.597114    29570               CAMARET-SUR-MER
100       47.843293       -3.693639    29340                RIEC-SUR-BELON
101       47.898795       -3.532822    29300                      TREMEVEN
102       48.405806       -4.077555    29450                         SIZUN
103       48.657904       -3.911560    29660                      CARANTEC
104       48.695548       -3.790033    29630                    PLOUGASNOU
105       47.860125       -3.462004    29300                        REDENE
106       48.253243       -3.825407    29530              PLONEVEZ-DU-FAOU
107       48.521249       -3.946849    29410               SAINT-THEGONNEC
108       48.192492       -3.716430    29540                        SPEZET
109       48.375978       -4.306161    29470                      LOPERHET
110       47.811697       -4.338469    29760                      PENMARCH
111       48.628417       -3.992425    29420                      PLOUENAN
112       47.872586       -3.547546    29300                     QUIMPERLE
113       48.364725       -3.745646    29690                      HUELGOAT
114       48.514843       -4.212034    29400                  PLOUNEVENTER
115       47.980989       -4.179216    29700                     PLUGUFFAN
116       48.294468       -4.179609    29590                       LE FAOU
117       48.437489       -4.234836    29800                       PENCRAN
118       48.294468       -4.179609    29590                       LE FAOU
119       48.181485       -4.232745    29550                    PLOMODIERN
120       48.447681       -4.760930    29810             LAMPAUL-PLOUARZEL
121       48.521249       -3.946849    29410               SAINT-THEGONNEC
122       47.996387       -4.027388    29500                 ERGUE-GABERIC
123       47.941573       -4.152638    29700                      PLOMELIN
124       48.657904       -3.911560    29660                      CARANTEC
125       48.617236       -4.211584    29430            PLOUNEVEZ-LOCHRIST
126       48.195389       -4.094207    29150                    CHATEAULIN
127       48.510131       -4.073265    29400                   LANDIVISIAU
128       48.647003       -3.715409    29620                       LANMEUR
129       48.181485       -4.232745    29550                    PLOMODIERN
130       48.340119       -3.642829    29246                    POULLAOUEN
131       48.041694       -4.204849    29180                       GUENGAT
132       48.632457       -3.927531    29670                        HENVIC
133       48.080275       -4.414156    29100               POULLAN-SUR-MER
134       47.907046       -4.044595    29170                       PLEUVEN
135       47.894728       -3.640978    29380                    LE TREVOUX
136       47.898795       -3.532822    29300                      TREMEVEN
137       48.450821       -4.248437    29800                    LANDERNEAU
138       48.437489       -4.234836    29800                       PENCRAN
139       47.954963       -4.360672    29710                   POULDREUZIC
140       48.102390       -3.999891    29510                         BRIEC
141       47.872834       -3.920734    29900                    CONCARNEAU
142       48.287047       -4.461252    29160                       LANVEOC
143       48.024744       -4.562468    29770                     ESQUIBIEN
144       48.294468       -4.179609    29590                       LE FAOU
145       48.534814       -3.790486    29600           PLOURIN-LES-MORLAIX
146       48.531033       -4.116581    29400                       BODILIS
147       48.328109       -4.241708    29460              HOPITAL-CAMFROUT
148       47.897364       -4.067481    29950             CLOHARS-FOUESNANT
149       47.902874       -4.282634    29720              PLONEOUR-LANVERN
150       48.427791       -4.315536    29800          LA FOREST-LANDERNEAU
151       48.195389       -4.094207    29150                    CHATEAULIN
152       48.125787       -4.220437    29550               PLONEVEZ-PORZAY
153       47.840853       -4.283584    29120                       PLOMEUR
154       47.901504       -3.440441    29300                        ARZANO
155       47.872586       -3.547546    29300                     QUIMPERLE
156       48.390394       -4.486076    29200                         BREST
157       48.014409       -4.487751    29780                     PLOUHINEC
158       48.657172       -4.174263    29430                     PLOUESCAT
159       48.572080       -4.322290    29260                      LESNEVEN
160       48.554061       -4.084000    29400                  PLOUGOURVEST
161       48.195389       -4.094207    29150                    CHATEAULIN
162       48.504686       -3.875395    29410                PLEYBER-CHRIST
163       48.564019       -4.337081    29260                    LE FOLGOET
164       48.390394       -4.486076    29200                         BREST
