34 10
  0       48.251390        4.193293    10270                     Montaulin 
  1       48.278801        3.873735    10190                    Fontvannes
  2       48.239366        4.008093    10120         St-André-les-Vergers
  3       48.380777        3.959350    10600                     Savières
  4       48.492624        3.498165    10400              Nogent-sur-Seine
  5       48.519036        3.638379    10100                       Crancey
  6       48.239366        4.008093    10120         St-André-les-Vergers
  7       48.480552        3.664071    10100                     Gélannes
  8       48.193294        3.998064    10320                       Bouilly
  9       48.337392        4.332028    10220                    Brévonnes
 10       48.384956        4.006912    10600                        Mergey
 11       48.215525        4.118853    10800                     Buchères
 12       48.273427        4.098905    10800          St-Julien-les-Villas
 13       48.347169        3.632991    10290             Marcilly-le-Hayer
 14       48.517732        3.726275    10100             Pars-lès-Romilly
 15       48.239366        4.008093    10120         St-André-les-Vergers
 16       48.480552        3.664071    10100                     Gélannes
 17       48.519036        3.638379    10100                       Crancey
 18       48.239366        4.008093    10120         St-André-les-Vergers
 19       48.239366        4.008093    10120         St-André-les-Vergers
 20       48.172719        3.799723    10160              St-Mards-en-Othe
 21       48.384956        4.006912    10600                        Mergey
 22       48.336422        4.032719    10600           Barberey-St-Sulpice
 23       48.464169        3.548004    10400                      Traînel
 24       48.296592        4.074735    10150           Creney-près-Troyes
 25       48.263242        4.149574    10800               Rouilly-St-Loup
 26       48.172719        3.799723    10160              St-Mards-en-Othe
 27       48.215525        4.118853    10800                     Buchères
 28       48.519036        3.638379    10100                       Crancey
 29       48.384956        4.006912    10600                        Mergey
 30       48.380777        3.959350    10600                     Savières
 31       48.383144        3.976519    10600                         Payns
 32       48.537751        4.143492    10700                Arcis-sur-Aube
 33       47.979390        4.498015    10250               Mussy-sur-Seine
 34       48.393104        4.526154    10500           Brienne-le-Château
 35       48.296592        4.074735    10800        St-Léger-près-Troyes
 36       48.518529        3.596331    10400                Pont-sur-Seine
 37       48.172719        3.799723    10160              St-Mards-en-Othe
 38       48.213064        4.187093    10390                       Clérey
 39       43.593003        6.877714    10280            Fontaine-les-Grès
 40       48.537751        4.143492    10700                Arcis-sur-Aube
 41       48.319107        4.098646    10150                Pont-Ste-Marie
 42       43.593003        6.877714    10280            Fontaine-les-Grès
 43       48.296592        4.074735    10800        St-Léger-près-Troyes
 44       48.236678        4.464523    10140           Vendeuvre-sur-Barse
 45       48.222513        3.730914    10160                   Aix-en-Othe
 46       48.517732        3.726275    10100             Pars-lès-Romilly
 47       48.292627        3.914934    10300                         Macey
 48       48.363978        4.333162    10220                         Piney
 49       48.347169        3.632991    10290             Marcilly-le-Hayer
 50       48.444221        3.926467    10280                     St-Mesmin
 51       48.296592        4.074735    10000                        Troyes
 52       48.507684        4.573659    10330                     Chavanges
 53       48.150629        4.833037    10310           Longchamp-sur-Aujon
 54       48.215525        4.118853    10800                   Bréviandes
 55       48.213064        4.187093    10390                       Clérey
 56       48.294064        4.153174    10410                  Villechétif
 57       48.444221        3.926467    10280                     St-Mesmin
 58       48.119775        4.789707    10310          Ville-sous-la-Ferté
 59       48.041155        3.909751    10130               Ervy-le-Châtel
 60       48.517732        3.726275    10100             Romilly-sur-Seine
 61       48.464169        3.548004    10400                      Traînel
 62       48.275080        3.984585    10440            Rivière-de-Corps 
 63       48.266030        3.809154    10190                      Estissac
 64       48.363978        4.333162    10220                         Piney
 65       48.114154        4.373386    10110                 Bar-sur-Seine
 66       48.480552        3.664071    10100                     Gélannes
 67       48.383144        3.976519    10600                         Payns
 68       48.363978        4.333162    10220                         Piney
