46 1
  0       46.177482        4.814596     1140      St-Didier-sur-Chalaronne 
  1       45.832313        4.976422     1700         St-Maurice-de-Beynost
  2       46.198271        5.950070     1630                        Péron
  3       46.171740        4.801003     1140                      Thoissey
  4       46.315994        6.114234     1220                      Sauverny
  5       46.081637        5.371802     1160              Neuville-sur-Ain
  6       46.238976        4.888707     1290                      Grièges
  7       46.248904        5.125706     1310                       Polliat
  8       46.289428        5.158728     1340                      Attignat
  9       46.334191        6.058036     1170                           Gex
 10       45.877016        4.968351     1390                      Tramoyes
 11       46.257773        5.655335     1100                       Oyonnax
 12       46.184685        6.208959     1500             Château-Gaillard
 13       46.049360        5.341124     1160                    Pont-d'Ain
 14       46.245743        5.351351     1370                    Meillonnas
 15       46.219641        5.554472     1580                      Izernore
 16       46.315994        6.114234     1220                      Sauverny
 17       46.120192        5.195637     1240                          Lent
 18       46.177455        5.403416     1250                    Ceyzériat
 19       45.905088        5.195594     1800                     Meximieux
 20       45.996513        5.172362     1320                     Chalamont
 21       46.368677        5.174323     1340                      Foissiat
 22       46.003470        5.021911     1330          Ambérieux-en-Dombes
 23       45.909850        4.832652     1600                      Massieux
 24       46.289428        5.158728     1340                      Attignat
 25       46.081637        5.371802     1160              Neuville-sur-Ain
 26       46.171740        4.801003     1140                      Thoissey
 27       46.171740        4.801003     1140                      Thoissey
 28       45.991974        4.773597     1480                         Frans
 29       46.049360        5.341124     1160                    Pont-d'Ain
 30       46.209374        5.134839     1310                       Buellas
 31       46.269647        6.098655     1210                         Ornex
 32       45.839812        5.001999     1700                       Beynost
 33       46.248904        5.125706     1310                       Polliat
 34       46.081637        5.371802     1160              Neuville-sur-Ain
 35       46.170397        5.283910     1250                     Montagnat
 36       45.909850        4.832652     1600                      Massieux
 37       46.319031        5.659445     1590                        Dortan
 38       46.342014        5.256506     1851                        Marboz
 39       46.319031        5.659445     1590                        Dortan
 40       45.833160        5.096755     1360                         Balan
 41       46.147915        4.866148     1140     St-Etienne-sur-Chalaronne
 42       46.198271        5.950070     1630                        Péron
 43       46.245743        5.351351     1370                    Meillonnas
 44       45.903996        5.348627     1150                       Lagnieu
 45       45.820647        5.193994     1800        St-Maurice-de-Gourdans
 46       46.039038        5.410126     1640                     Jujurieux
 47       45.918236        5.509023     1230                         Tenay
 48       46.358168        6.136040     1220             Divonne-les-Bains
 49       45.784093        1.543682     1000           St-Denis-lès-Bourg
 50       46.120212        5.789613     1200       Châtillon-en-Michaille
 51       45.833160        5.096755     1360                         Balan
 52       46.253209        5.216721     1440                        Viriat
 53       46.049360        5.341124     1160                    Pont-d'Ain
 54       46.171740        4.801003     1140                      Thoissey
 55       46.120212        5.789613     1200       Châtillon-en-Michaille
 56       45.984091        4.758901     1480              Jassans-Riottier
 57       46.269647        6.098655     1210                         Ornex
 58       46.039038        5.410126     1640                     Jujurieux
 59       46.315994        6.114234     1220                      Sauverny
 60       46.002114        5.029107     1330            Villars-les-Dombes
 61       45.905088        5.195594     1800                     Meximieux
 62       46.120212        5.789613     1200       Châtillon-en-Michaille
 63       45.832313        4.976422     1700         St-Maurice-de-Beynost
 64       46.071955        4.897866     1990       St-Trivier-sur-Moignans
 65       45.945927        4.806432     1600                    Misérieux
 66       46.289428        5.158728     1340                      Attignat
 67       46.020781        4.761791     1480                       Fareins
 68       45.987764        5.367626     1500            Ambérieu-en-Bugey
 69       46.158523        5.191360     1960                     Péronnas
 70       46.219641        5.554472     1580                      Izernore
 71       45.839812        5.001999     1700                       Beynost
 72       46.248904        5.125706     1310                       Polliat
 73       45.903996        5.348627     1150                       Lagnieu
 74       46.222393        5.049626     1660                    Mézériat
 75       46.315994        6.114234     1220                      Sauverny
 76       45.774134        5.203387     1360                      Loyettes
 77       46.257773        5.655335     1100                       Oyonnax
 78       46.184685        6.208959     1500             Château-Gaillard
 79       45.935098        4.823704     1600                      Reyrieux
 80       45.887998        5.044911     1120                      Niévroz
 81       46.289428        5.158728     1340                      Attignat
 82       45.976986        5.601785     1110            Hauteville-Lompnes
 83       46.039038        5.410126     1640                     Jujurieux
 84       45.951291        5.327332     1500             St-Denis-en-Bugey
 85       45.951291        5.327332     1500             St-Denis-en-Bugey
 86       45.945927        4.806432     1600                      Trévoux
 87       45.820647        5.193994     1800        St-Maurice-de-Gourdans
 88       46.295409        5.681870     1100                        Arbent
 89       46.147915        4.866148     1140     St-Etienne-sur-Chalaronne
 90       46.157231        5.005391     1400     Châtillon-sur-Chalaronne
 91       46.289428        5.158728     1340                      Attignat
 92       46.079318        4.759725     1090          Montmerle-sur-Saône
