68 34
  0       43.446089        3.378641    34120                       TOURBES 
  1       43.382125        3.462905    34510                     FLORENSAC
  2       43.657266        3.887951    34830                      CLAPIERS
  3       43.383092        3.171837    34490                LIGNAN-SUR-ORB
  4       43.449894        3.051341    34460              CESSENON-SUR-ORB
  5       43.733889        3.981963    34160                 SAINT-DREZERY
  6       43.661204        4.112052    34400                    SAINT-JUST
  7       43.644825        3.936612    34920                       LE CRES
  8       43.444815        3.755999    34110                    FRONTIGNAN
  9       43.684400        3.847200    34980      SAINT-CLEMENT-DE-RIVIERE
 10       43.692080        3.804436    34980            SAINT-GELY-DU-FESC
 11       43.671824        3.859265    34980           MONTFERRIER-SUR-LEZ
 12       43.368625        3.157423    34370                     MARAUSSAN
 13       43.442598        3.679241    34540             BALARUC-LES-BAINS
 14       43.666292        4.037616    34670                    SAINT-BRES
 15       43.692080        3.804436    34980            SAINT-GELY-DU-FESC
 16       43.770600        3.869400    34270     SAINT-MATHIEU-DE-TREVIERS
 17       43.344233        3.215795    34500                       BEZIERS
 18       43.470887        3.222528    34480                       MAGALAS
 19       43.368077        3.039063    34620                  PUISSERGUIER
 20       43.398640        3.412055    34630                 SAINT-THIBERY
 21       43.361409        3.427011    34550                        BESSAN
 22       43.449894        3.051341    34460              CESSENON-SUR-ORB
 23       43.470887        3.222528    34480                       MAGALAS
 24       43.418646        2.945129    34360                 SAINT-CHINIAN
 25       43.566134        3.449853    34800                       ASPIRAN
 26       43.615441        4.010165    34130                       MAUGUIO
 27       43.661204        4.112052    34400                    SAINT-JUST
 28       43.402150        3.696624    34200                          SETE
 29       43.634868        3.860440    34090                   MONTPELLIER
 30       43.677936        4.092158    34400                    LUNEL-VIEL
 31       43.728716        4.020757    34160                      BEAULIEU
 32       43.444815        3.755999    34110                    FRONTIGNAN
 33       43.468139        3.178395    34480      SAINT-GENIES-DE-FONTEDIT
 34       43.284351        2.730113    34210                       OLONZAC
 35       43.371443        3.249584    34760             BOUJAN-SUR-LIBRON
 36       43.504942        3.311143    34320                        ROUJAN
 37       43.558067        3.719578    34660                 COURNONTERRAL
 38       43.440076        3.143720    34490           MURVIEL-LES-BEZIERS
 39       43.371443        3.249584    34760             BOUJAN-SUR-LIBRON
 40       43.760170        4.083055    34160                     BOISSERON
 41       43.615441        4.010165    34130                       MAUGUIO
 42       43.421409        3.169755    34490            THEZAN-LES-BEZIERS
 43       43.420958        3.358234    34290                        VALROS
 44       43.503448        3.368448    34720                          CAUX
 45       43.610206        3.781252    34680        SAINT-GEORGES-D'ORQUES
 46       43.504942        3.311143    34320                        ROUJAN
 47       43.712819        4.003988    34160                    SUSSARGUES
 48       43.560704        4.086072    34280               LA GRANDE-MOTTE
 49       43.314885        3.139111    34440                    COLOMBIERS
 50       43.660593        4.013409    34670                   BAILLARGUES
 51       43.593054        3.115754    34600                      HEREPIAN
 52       43.696616        4.035980    34160     SAINT-GENIES-DES-MOURGUES
 53       43.383092        3.171837    34490                LIGNAN-SUR-ORB
 54       43.444815        3.755999    34110                    FRONTIGNAN
 55       43.922073        3.703035    34190                      CAZILHAC
 56       43.357298        3.525620    34340                    MARSEILLAN
 57       43.636932        3.966221    34130                   SAINT-AUNES
 58       43.284351        2.730113    34210                       OLONZAC
 59       43.701947        3.899178    34820                         ASSAS
 60       43.305333        3.490239    34300                          AGDE
 61       43.730637        3.809893    34270                  LES MATELLES
 62       43.684373        3.586748    34150                        ANIANE
 63       43.656681        3.969300    34740                    VENDARGUES
 64       43.667285        4.061846    34130                     VALERGUES
 65       43.726285        4.045183    34160                 RESTINCLIERES
 66       43.677936        4.092158    34400                    LUNEL-VIEL
 67       43.611297        3.812357    34990                      JUVIGNAC
 68       43.597083        3.084903    34240             LAMALOU-LES-BAINS
 69       43.294632        3.262536    34410                       SAUVIAN
 70       43.398640        3.412055    34630                 SAINT-THIBERY
 71       43.305333        3.490239    34300                          AGDE
 72       43.610206        3.781252    34680        SAINT-GEORGES-D'ORQUES
 73       43.402150        3.696624    34200                          SETE
 74       43.508417        3.802455    34110                       MIREVAL
 75       43.861995        3.905999    34270                        CLARET
 76       43.611297        3.812357    34990                      JUVIGNAC
 77       43.592466        3.523704    34230                     LE POUGET
 78       43.566134        3.449853    34800                       ASPIRAN
 79       43.488777        3.669152    34560                       POUSSAN
 80       43.655629        3.149230    34260               LA TOUR-SUR-ORB
 81       43.420958        3.358234    34290                        VALROS
 82       43.770600        3.869400    34270     SAINT-MATHIEU-DE-TREVIERS
 83       43.528019        3.518761    34230                SAINT-PARGOIRE
 84       43.390291        3.498706    34810                      POMEROLS
 85       43.593054        3.115754    34600                      HEREPIAN
 86       43.500598        3.712008    34770                        GIGEAN
 87       43.461531        3.423193    34120                       PEZENAS
 88       43.671824        3.859265    34980           MONTFERRIER-SUR-LEZ
 89       43.610054        3.167373    34600                     BEDARIEUX
 90       43.402150        3.696624    34200                          SETE
 91       43.564608        3.952138    34470                        PEROLS
 92       43.528019        3.518761    34230                SAINT-PARGOIRE
 93       43.294632        3.262536    34410                       SAUVIAN
 94       43.357298        3.525620    34340                    MARSEILLAN
 95       43.499587        3.606049    34560                   VILLEVEYRAC
 96       43.539645        3.459371    34230                       PAULHAN
 97       43.327762        3.117645    34310                       MONTADY
 98       43.567296        3.896473    34970                        LATTES
 99       43.649322        3.697970    34570                    MONTARNAUD
100       43.666292        4.037616    34670                    SAINT-BRES
101       43.575267        3.826215    34430           SAINT-JEAN-DE-VEDAS
102       43.610206        3.781252    34680        SAINT-GEORGES-D'ORQUES
103       43.733660        3.313975    34700                        LODEVE
104       43.934614        3.708787    34190                        GANGES
105       43.357298        3.525620    34340                    MARSEILLAN
106       43.504942        3.311143    34320                        ROUJAN
107       43.597083        3.084903    34240             LAMALOU-LES-BAINS
108       43.449359        3.613867    34140                       LOUPIAN
109       43.344233        3.215795    34500                       BEZIERS
110       43.382125        3.462905    34510                     FLORENSAC
111       43.543483        3.699367    34660                    COURNONSEC
112       43.728716        4.020757    34160                      BEAULIEU
113       43.382125        3.462905    34510                     FLORENSAC
114       43.488222        2.760026    34220       SAINT-PONS-DE-THOMIERES
115       43.449477        3.654138    34140                     BOUZIGUES
116       43.499587        3.606049    34560                   VILLEVEYRAC
117       43.361409        3.427011    34550                        BESSAN
118       43.499587        3.606049    34560                   VILLEVEYRAC
119       43.592466        3.523704    34230                     LE POUGET
120       43.528906        3.933493    34250             PALAVAS-LES-FLOTS
121       43.444815        3.755999    34110                    FRONTIGNAN
122       43.539645        3.459371    34230                       PAULHAN
123       43.543483        3.699367    34660                    COURNONSEC
124       43.480287        3.484114    34530                     MONTAGNAC
125       43.652984        3.508645    34725       SAINT-ANDRE-DE-SANGONIS
126       43.269435        3.225202    34350                       VENDRES
127       43.500598        3.712008    34770                        GIGEAN
128       43.468139        3.178395    34480      SAINT-GENIES-DE-FONTEDIT
129       43.516132        3.694195    34560                     MONTBAZIN
130       43.627590        3.429495    34800            CLERMONT-L'HERAULT
131       43.480287        3.484114    34530                     MONTAGNAC
132       43.361409        3.427011    34550                        BESSAN
133       43.604431        3.736497    34570       MURVIEL-LES-MONTPELLIER
134       43.508417        3.802455    34110                       MIREVAL
135       43.449359        3.613867    34140                       LOUPIAN
136       43.712819        4.003988    34160                    SUSSARGUES
