67 89
  0       47.526638        3.539368    89480           COULANGES-SUR-YONNE 
  1       47.703323        3.633347    89290                     VINCELLES
  2       48.212277        3.257730    89100        SAINT-MARTIN-DU-TERTRE
  3       47.780015        3.071369    89350                 CHAMPIGNELLES
  4       33.603402     -116.472408    89370                      CHAUMONT
  5       47.991832        3.617134    89210          BRIENON-SUR-ARMANCON
  6       47.974376        3.288699    89116            LA CELLE-SAINT-CYR
  7       48.351961        3.134650    89140                       VINNEUF
  8       47.701028        2.948457    89220                       BLENEAU
  9       47.641578        3.070853    89170                 SAINT-FARGEAU
 10       47.735063        3.294350    89130                         TOUCY
 11       47.903571        3.626405    89550                          HERY
 12       47.664224        3.734992    89270                     VERMENTON
 13       47.927244        3.520034    89400                       BONNARD
 14       48.223181        3.221697    89100                        NAILLY
 15       47.869435        3.764332    89800                       MALIGNY
 16       47.883446        3.096484    89120                        CHARNY
 17       48.091158        3.598084    89320                    ARCES-DILO
 18       48.287803        3.203991    89140                PONT-SUR-YONNE
 19       48.258624        3.264168    89140                           CUY
 20       47.991832        3.617134    89210          BRIENON-SUR-ARMANCON
 21       47.764546        3.348805    89240                         PARLY
 22       48.303227        3.054536    89720                   VILLEBLEVIN
 23       47.883446        3.096484    89120                        CHARNY
 24       47.774047        4.165437    89160                 ANCY-LE-FRANC
 25       47.952633        3.573046    89400                         ORMOY
 26       47.924808        3.515404    89400                        BASSOU
 27       47.774047        4.165437    89160                 ANCY-LE-FRANC
 28       48.041218        3.792050    89570                 NEUVY-SAUTOUR
 29       47.729269        3.471756    89240                       ESCAMPS
 30       48.131865        3.487301    89320                     CERISIERS
 31       48.287803        3.203991    89140                PONT-SUR-YONNE
 32       47.800807        4.089466    89160                      LEZINNES
 33       48.227288        3.255921    89100            COURTOIS-SUR-YONNE
 34       48.178053        3.250624    89100                         PARON
 35       48.353600        3.408300    89260                    PERCENEIGE
 36       47.869435        3.764332    89800                       MALIGNY
 37       47.735063        3.294350    89130                         TOUCY
 38       47.621292        3.262792    89520                        SAINTS
 39       48.351961        3.134650    89140                       VINNEUF
 40       48.110707        3.257714    89500                      MARSANGY
 41       47.719646        3.605965    89290      ESCOLIVES-SAINTE-CAMILLE
 42       47.924808        3.515404    89400                        BASSOU
 43       47.815269        3.800451    89800                       CHABLIS
 44       47.664224        3.734992    89270                     VERMENTON
 45       48.131865        3.487301    89320                     CERISIERS
 46       47.908669        3.711037    89230                      PONTIGNY
 47       47.883446        3.096484    89120                        CHARNY
 48       48.200802        2.995186    89690                        CHEROY
 49       48.054872        3.146585    89330                      PIFFONDS
 50       48.340258        3.066041    89340          VILLENEUVE-LA-GUYARD
 51       47.981432        3.398961    89300                        JOIGNY
 52       48.343655        3.260160    89140                      SERGINES
 53       47.964072        3.484034    89400        LAROCHE-SAINT-CYDROINE
 54       48.200650        3.282680    89100                          SENS
 55       48.041218        3.792050    89570                 NEUVY-SAUTOUR
 56       47.974376        3.288699    89116            LA CELLE-SAINT-CYR
 57       47.719646        3.605965    89290      ESCOLIVES-SAINTE-CAMILLE
 58       48.082755        3.701231    89770                      CHAILLEY
 59       47.824215        3.465444    89113                       CHARBUY
 60       47.550894        3.183003    89520                       TREIGNY
 61       47.865868        3.393340    89110             POILLY-SUR-THOLON
 62       48.041218        3.792050    89570                 NEUVY-SAUTOUR
 63       33.603402     -116.472408    89370                      CHAUMONT
 64       48.305472        3.051016    89340                   SAINT-AGNAN
 65       48.178053        3.250624    89100                         PARON
 66       47.798202        3.573781    89000                       AUXERRE
 67       48.031108        3.296131    89330         SAINT-JULIEN-DU-SAULT
 68       48.134061        3.288187    89510                        ETIGNY
 69       47.621292        3.262792    89520                        SAINTS
 70       47.940292        3.490504    89400                       CHARMOY
 71       47.951686        3.625853    89250            MONT-SAINT-SULPICE
 72       48.353600        3.408300    89260                    PERCENEIGE
 73       47.596428        3.636898    89660             MAILLY-LE-CHATEAU
 74       48.214302        3.351704    89100                       SALIGNY
 75       47.735063        3.294350    89130                         TOUCY
 76       48.082755        3.701231    89770                      CHAILLEY
 77       47.596428        3.636898    89660             MAILLY-LE-CHATEAU
 78       48.214302        3.351704    89100                       SALIGNY
 79       47.874593        3.980885    89700                      EPINEUIL
 80       48.031108        3.296131    89330         SAINT-JULIEN-DU-SAULT
 81       47.874813        3.350125    89110            AILLANT-SUR-THOLON
 82       48.041218        3.792050    89570                 NEUVY-SAUTOUR
 83       47.513863        3.940428    89200              SAUVIGNY-LE-BOIS
 84       47.849945        3.579253    89470                      MONETEAU
 85       47.897497        3.234247    89110             LA FERTE-LOUPIERE
 86       47.684082        3.691077    89460                       CRAVANT
 87       47.800807        4.089466    89160                      LEZINNES
 88       48.019915        3.513038    89400                 BUSSY-EN-OTHE
 89       47.964727        3.513134    89400                      MIGENNES
 90       48.305472        3.051016    89340                   SAINT-AGNAN
 91       47.744005        3.647396    89530          SAINT-BRIS-LE-VINEUX
 92       47.598366        3.679212    89270               MAILLY-LA-VILLE
 93       47.664224        3.734992    89270                     VERMENTON
 94       48.293507        3.401156    89260           THORIGNY-SUR-OREUSE
 95       47.952633        3.573046    89400                         ORMOY
 96       48.233825        3.556888    89190       VILLENEUVE-L'ARCHEVEQUE
 97       47.531207        3.634653    89660                CHATEL-CENSOIR
 98       47.874593        3.980885    89700                      EPINEUIL
 99       47.964072        3.484034    89400        LAROCHE-SAINT-CYDROINE
100       47.952633        3.573046    89400                         ORMOY
101       48.054872        3.146585    89330                      PIFFONDS
102       47.900252        3.758985    89144               LIGNY-LE-CHATEL
103       48.214302        3.351704    89100                       SALIGNY
104       47.902676        3.600501    89250                     SEIGNELAY
105       47.700614        3.172918    89130                      MEZILLES
106       47.951103        3.439077    89300                      CHAMPLAY
107       47.863756        3.560008    89250                         GURGY
108       47.504082        3.343141    89480               ETAIS-LA-SAUVIN
109       47.745936        2.881205    89220        ROGNY-LES-SEPT-ECLUSES
110       47.940292        3.490504    89400                       CHARMOY
111       47.863756        3.560008    89250                         GURGY
112       48.176740        3.306801    89100                       MAILLOT
113       47.661826        3.418814    89560                        OUANNE
114       47.804899        3.532801    89000     SAINT-GEORGES-SUR-BAULCHE
115       48.019915        3.513038    89400                 BUSSY-EN-OTHE
116       47.743834        3.537252    89580                        VALLAN
117       48.082446        3.414635    89500                       DIXMONT
118       47.745936        2.881205    89220        ROGNY-LES-SEPT-ECLUSES
119       48.218338        3.291422    89100                 SAINT-CLEMENT
120       47.815269        3.800451    89800                       CHABLIS
121       47.951686        3.625853    89250            MONT-SAINT-SULPICE
122       47.756010        3.412092    89240                      POURRAIN
123       33.603402     -116.472408    89370                      CHAUMONT
124       48.353600        3.408300    89260                    PERCENEIGE
125       48.287803        3.203991    89140                PONT-SUR-YONNE
126       48.200650        3.282680    89100                          SENS
127       47.734646        4.228382    89390                      RAVIERES
128       47.729224        3.398390    89240                         DIGES
129       47.745936        2.881205    89220        ROGNY-LES-SEPT-ECLUSES
130       47.618107        3.194848    89520      SAINT-SAUVEUR-EN-PUISAYE
131       48.287803        3.203991    89140                PONT-SUR-YONNE
132       47.951103        3.439077    89300                      CHAMPLAY
133       47.774047        4.165437    89160                 ANCY-LE-FRANC
134       47.699813        3.580854    89580          COULANGES-LA-VINEUSE
