64 51
  0       49.270535        3.987645    51370        SAINT-BRICE-COURCELLES 
  1       48.759109        4.543434    51300               LOISY-SUR-MARNE
  2       49.130610        4.314118    51400            MOURMELON-LE-PETIT
  3       49.370142        3.895249    51220                       CORMICY
  4       48.755058        3.991107    51230              FERE-CHAMPENOISE
  5       49.053345        4.004499    51160                            AY
  6       49.223311        3.987756    51430                      BEZANNES
  7       49.349330        4.069592    51110                     BOURGOGNE
  8       49.159525        3.982321    51500                      SERMIERS
  9       48.993874        4.243977    51510                     MATOUGUES
 10       48.628726        4.645208    51290 SAINT-REMY-EN-BOUZEMONT-SAINT-GENEST-ET-ISSON
 11       48.755058        3.991107    51230              FERE-CHAMPENOISE
 12       48.755058        3.991107    51230              FERE-CHAMPENOISE
 13       49.099271        3.757199    51700           CHATILLON-SUR-MARNE
 14       49.082349        3.841013    51480                      VENTEUIL
 15       49.365917        4.167937    51110                    BAZANCOURT
 16       49.159525        3.982321    51500                      SERMIERS
 17       49.072064        3.926746    51480                      CUMIERES
 18       48.905188        3.999226    51130                        VERTUS
 19       49.010155        4.186586    51150                        JALONS
 20       49.130729        4.530815    51600                       SUIPPES
 21       48.924571        3.808101    51270                 MONTMORT-LUCY
 22       48.963374        4.318406    51510                     FAGNIERES
 23       49.322580        4.002156    51220                        COURCY
 24       48.746204        4.626169    51300             VITRY-EN-PERTHOIS
 25       49.068769        4.047061    51160               AVENAY-VAL-D'OR
 26       49.295466        3.946307    51220                         MERFY
 27       48.956682        4.363073    51520          CHALONS-EN-CHAMPAGNE
 28       48.755058        3.991107    51230              FERE-CHAMPENOISE
 29       49.017241        3.921820    51200                        MOUSSY
 30       48.956682        4.363073    51520          CHALONS-EN-CHAMPAGNE
 31       49.256671        3.737079    51170                        CRUGNY
 32       48.726087        4.585745    51300             VITRY-LE-FRANCOIS
 33       49.285437        4.064101    51450                       BETHENY
 34       49.307323        3.680304    51170                        FISMES
 35       49.248466        3.909930    51390                         GUEUX
 36       48.689111        3.870751    51230                        PLEURS
 37       49.043411        3.956242    51530                       EPERNAY
 38       49.159525        3.982321    51500                      SERMIERS
 39       49.159842        4.146080    51360                      VERZENAY
 40       48.759109        4.543434    51300               LOISY-SUR-MARNE
 41       48.784453        4.912025    51250            SERMAIZE-LES-BAINS
 42       48.905188        3.999226    51130                        VERTUS
 43       49.083488        3.945541    51160                   HAUTVILLERS
 44       49.155226        4.112438    51500              MAILLY-CHAMPAGNE
 45       49.335500        3.908621    51220                   HERMONVILLE
 46       49.164237        4.048227    51500             RILLY-LA-MONTAGNE
 47       49.295466        3.946307    51220                         MERFY
 48       49.295466        3.946307    51220                         MERFY
 49       49.104122        3.671497    51700                      VERNEUIL
 50       49.347014        3.981673    51220                        LOIVRE
 51       48.993874        4.243977    51510                     MATOUGUES
 52       49.303616        4.152483    51110                        CAUREL
 53       49.053345        4.004499    51160                            AY
 54       48.857666        4.483645    51240                         POGNY
 55       48.952917        4.029682    51200                          OIRY
 56       49.268383        3.972869    51370                     CHAMPIGNY
 57       49.054359        3.930111    51200                      MARDEUIL
 58       48.905188        3.999226    51130                        VERTUS
 59       48.905188        3.999226    51130                        VERTUS
 60       49.190024        4.887983    51800             VIENNE-LE-CHATEAU
 61       48.758552        4.571769    51300                       COUVROT
 62       49.079748        4.146403    51150                         BOUZY
 63       49.295466        3.946307    51220                         MERFY
 64       49.079748        4.146403    51150                         BOUZY
 65       48.857666        4.483645    51240                         POGNY
 66       49.072064        3.926746    51480                      CUMIERES
 67       49.043941        4.042328    51160                MAREUIL-SUR-AY
 68       49.349647        4.221234    51110                  WARMERIVILLE
 69       49.268383        3.972869    51370                     CHAMPIGNY
 70       49.073765        3.793706    51480                       OEUILLY
 71       49.082349        3.841013    51480                      VENTEUIL
 72       48.977007        4.468398    51460                       L'EPINE
 73       49.190024        4.887983    51800             VIENNE-LE-CHATEAU
 74       48.976072        4.337546    51520       SAINT-MARTIN-SUR-LE-PRE
 75       49.054359        3.930111    51200                      MARDEUIL
 76       48.939441        4.021379    51190            LE MESNIL-SUR-OGER
 77       49.079748        4.146403    51150                         BOUZY
 78       49.370142        3.895249    51220                       CORMICY
 79       49.080932        3.709082    51700                       TROISSY
 80       49.349647        4.221234    51110                  WARMERIVILLE
 81       48.870165        3.535925    51210                    MONTMIRAIL
 82       49.140298        4.365274    51400            MOURMELON-LE-GRAND
 83       49.159525        3.982321    51500                      SERMIERS
 84       49.074640        3.638479    51700                       DORMANS
 85       49.090822        4.892978    51800              SAINTE-MENEHOULD
 86       48.834340        4.521439    51240         LA CHAUSSEE-SUR-MARNE
 87       49.081776        3.743992    51700               MAREUIL-LE-PORT
 88       49.140298        4.365274    51400            MOURMELON-LE-GRAND
 89       48.784453        4.912025    51250            SERMAIZE-LES-BAINS
 90       49.166361        4.025162    51500              VILLERS-ALLERAND
 91       49.285437        4.064101    51450                       BETHENY
 92       48.689727        4.733498    51300          THIEBLEMONT-FAREMONT
 93       48.736028        4.902854    51250                      CHEMINON
 94       49.104122        3.671497    51700                      VERNEUIL
 95       49.010155        4.186586    51150                        JALONS
 96       49.190024        4.887983    51800             VIENNE-LE-CHATEAU
 97       49.068769        4.047061    51160               AVENAY-VAL-D'OR
 98       49.182002        3.800535    51170            VILLE-EN-TARDENOIS
 99       49.074640        3.638479    51700                       DORMANS
100       48.993874        4.243977    51510                     MATOUGUES
101       49.256671        3.737079    51170                        CRUGNY
102       49.268383        3.972869    51370                     CHAMPIGNY
103       49.287571        3.813746    51140            JONCHERY-SUR-VESLE
104       48.736028        4.902854    51250                      CHEMINON
105       48.976072        4.337546    51520       SAINT-MARTIN-SUR-LE-PRE
106       48.702476        4.588977    51300                   FRIGNICOURT
107       48.551724        3.682828    51260            CONFLANS-SUR-SEINE
108       48.553823        3.783820    51260            SAINT-JUST-SAUVAGE
109       49.182002        3.800535    51170            VILLE-EN-TARDENOIS
110       49.130729        4.530815    51600                       SUIPPES
111       49.263944        4.104794    51420              CERNAY-LES-REIMS
112       49.298141        4.317746    51490    PONTFAVERGER-MORONVILLIERS
113       49.247224        3.999442    51430                      TINQUEUX
114       49.010155        4.186586    51150                        JALONS
115       49.164237        4.048227    51500             RILLY-LA-MONTAGNE
116       49.056547        3.966543    51200                       MAGENTA
117       48.784453        4.912025    51250            SERMAIZE-LES-BAINS
118       48.971209        3.964209    51190                       GRAUVES
119       49.223311        3.987756    51430                      BEZANNES
120       49.099271        3.757199    51700           CHATILLON-SUR-MARNE
121       49.256671        3.737079    51170                        CRUGNY
122       49.019565        4.261285    51150                       JUVIGNY
123       48.834340        4.521439    51240         LA CHAUSSEE-SUR-MARNE
124       49.130610        4.314118    51400            MOURMELON-LE-PETIT
125       49.083488        3.945541    51160                   HAUTVILLERS
126       48.768975        4.834992    51340              PARGNY-SUR-SAULX
127       49.017241        3.921820    51200                        MOUSSY
128       48.758552        4.571769    51300                       COUVROT
