125 46
  0       44.666590        1.193576    46250                     MARMINIAC 
  1       45.020345        1.521561    46600                    CRESSENSAC
  2       44.575760        1.195827    46250                     GOUJOUNAC
  3       44.620174        1.415535    46310                     PEYRILLES
  4       44.328719        1.404674    46170                          PERN
  5       44.582506        1.165096    46250           FRAYSSINET-LE-GELAT
  6       44.338620        1.209646    46800                       MONTCUQ
  7       44.564270        1.392612    46150             SAINT-DENIS-CATUS
  8       44.892176        1.849047    46130         SAINT-MICHEL-LOUBEJOU
  9       44.581087        1.946368    46100                        BEDUER
 10       44.641324        2.075762    46100                        VIAZAC
 11       44.964099        1.539083    46600                       CUZANCE
 12       44.337544        1.643749    46230                       VAYLATS
 13       44.311381        1.498028    46230                      FONTANES
 14       44.872481        2.036327    46190                    SOUSCEYRAC
 15       44.553827        1.771069    46160            MARCILHAC-SUR-CELE
 16       44.607465        1.898094    46100                          CORN
 17       44.355047        1.108929    46800                    VALPRIONDE
 18       44.621068        1.642689    46240              CANIAC-DU-CAUSSE
 19       44.285856        1.520077    46230                   MONTDOUMERC
 20       44.666410        2.158041    46270               BAGNAC-SUR-CELE
 21       44.406355        1.499606    46090               FLAUJAC-POUJOLS
 22       44.267640        1.353370    46170          CASTELNAU-MONTRATIER
 23       44.722933        1.615602    46500                      CARLUCET
 24       44.581087        1.946368    46100                        BEDUER
 25       44.400708        1.763529    46260             LIMOGNE-EN-QUERCY
 26       44.674942        1.878026    46320                        ASSIER
 27       44.875600        1.899700    46400       SAINT-LAURENT-LES-TOURS
 28       44.468444        1.236561    46140                         ALBAS
 29       44.813950        1.806071    46500             MAYRINHAC-LENTOUR
 30       44.491899        1.086064    46700                  VIRE-SUR-LOT
 31       44.664432        1.951394    46100                          FONS
 32       44.455336        1.046279    46700                       MAUROUX
 33       44.797655        1.349054    46300                        MILHAC
 34       44.989934        1.665312    46110                        CONDAT
 35       44.455336        1.046279    46700                       MAUROUX
 36       44.748100        1.846529    46120                       RUEYRES
 37       44.543556        1.489519    46090                    FRANCOULES
 38       44.476278        1.777568    46160                      LARNAGOL
 39       44.880255        1.564520    46200                    SAINT-SOZY
 40       44.475478        1.468173    46090              LAROQUE-DES-ARCS
 41       44.637437        1.317838    46340                 LAVERCANTIERE
 42       44.688266        1.561013    46240                    MONTFAUCON
 43       44.784550        1.984477    46120                        TERROU
 44       44.516383        1.081483    46700                       DURAVEL
 45       44.739640        1.905598    46120                       ANGLARS
 46       44.806191        1.695138    46500                        RIGNAC
 47       44.742854        1.786780    46500                    ISSENDOLUS
 48       44.833241        1.390319    46350                       MASCLAT
 49       44.339505        1.307646    46800                    LASCABANES
 50       44.505921        1.653864    46330                     CABRERETS
 51       44.917775        1.732480    46110                      CARENNAC
 52       44.748100        1.846529    46120                       RUEYRES
 53       44.813950        1.806071    46500             MAYRINHAC-LENTOUR
 54       44.756246        1.350646    46300                     PAYRIGNAC
 55       44.417969        1.254337    46140                        SAUZET
 56       44.464672        1.669032    46330            SAINT-CIRQ-LAPOPIE
 57       44.989934        1.665312    46110                        CONDAT
 58       44.512513        1.260963    46150             LABASTIDE-DU-VERT
 59       44.627534        1.987375    46100              LISSAC-ET-MOURET
 60       44.400708        1.763529    46260             LIMOGNE-EN-QUERCY
 61       44.721733        1.309088    46300                       LEOBARD
 62       44.638197        1.772438    46320                   ESPEDAILLAC
 63       44.581087        1.946368    46100                        BEDUER
 64       44.598868        1.584807    46360                  SAINT-CERNIN
 65       44.678458        1.460766    46310               SAINT-CHAMARAND
 66       44.646963        1.842726    46320                      LIVERNON
 67       44.936783        1.608582    46600                        MARTEL
 68       44.616027        1.941239    46100                        CAMBES
 69       44.919777        1.875151    46130                        GLANES
 70       44.796528        1.471993    46350                        PAYRAC
 71       44.503852        1.188124    46220                      PRAYSSAC
 72       44.590341        1.395445    46310                         UZECH
 73       44.665203        1.315002    46340                      DEGAGNAC
 74       44.375708        1.815553    46260                   PROMILHANES
 75       44.638197        1.772438    46320                   ESPEDAILLAC
 76       44.267640        1.353370    46170          CASTELNAU-MONTRATIER
 77       44.541684        1.073650    46700                   MONTCABRIER
 78       44.952781        1.702939    46110                        VAYRAC
 79       44.583280        1.433998    46150                      GIGOUZAC
 80       44.797655        1.349054    46300                        MILHAC
 81       44.654594        1.915098    46320                   REYREVIGNES
 82       44.877630        1.938107    46400                   FRAYSSINHES
 83       44.509795        1.328032    46150                      CRAYSSAC
 84       44.604088        2.134713    46270                       FELZINS
 85       44.590341        1.395445    46310                         UZECH
 86       44.497337        1.386222    46090                       MERCUES
 87       44.621068        1.642689    46240              CANIAC-DU-CAUSSE
 88       44.940694        1.989113    46190                        COMIAC
 89       44.391728        1.316300    46090                    VILLESEQUE
 90       44.880255        1.564520    46200                    SAINT-SOZY
 91       44.766657        2.122901    46210                     LAURESSES
 92       44.543554        1.400581    46150                    BOISSIERES
 93       44.664432        1.951394    46100                          FONS
 94       44.826841        1.690199    46500                      ALVIGNAC
 95       44.975248        1.688313    46110     SAINT-MICHEL-DE-BANNIERES
 96       44.375708        1.815553    46260                   PROMILHANES
 97       44.867398        1.441373    46200                        LE ROC
 98       44.501080        1.222790    46140                   CASTELFRANC
 99       44.267640        1.353370    46170          CASTELNAU-MONTRATIER
100       44.833241        1.390319    46350                       MASCLAT
101       44.688266        1.561013    46240                    MONTFAUCON
102       44.877366        1.577262    46200                      MEYRONNE
103       44.688266        1.561013    46240                    MONTFAUCON
104       44.752587        1.988074    46120                     LABATHUDE
105       44.475478        1.468173    46090              LAROQUE-DES-ARCS
106       45.020345        1.521561    46600                    CRESSENSAC
107       45.007558        1.643645    46110                      CAVAGNAC
108       44.478515        1.582058    46330                    SAINT-GERY
109       44.742854        1.786780    46500                    ISSENDOLUS
110       44.853514        1.707859    46500                         MIERS
111       44.497337        1.386222    46090                       MERCUES
112       44.547580        1.262631    46150                      PONTCIRQ
113       44.838148        1.901160    46400       SAINT-VINCENT-DU-PENDIT
114       44.664432        1.951394    46100                          FONS
115       44.722839        1.878781    46120                       RUDELLE
116       44.603413        2.078812    46100                         LUNAN
117       44.631472        1.250117    46250                        GINDOU
118       44.297154        1.447891    46170      SAINT-PAUL-DE-LOUBRESSAC
119       44.496788        1.054526    46700                        TOUZAC
120       44.646963        1.842726    46320                      LIVERNON
121       44.833241        1.390319    46350                       MASCLAT
122       44.375708        1.815553    46260                   PROMILHANES
123       44.535907        1.885899    46160                       GREALOU
124       44.839867        1.937289    46400            SAINT-PAUL-DE-VERN
125       44.465203        1.193095    46140                        BELAYE
126       44.643517        1.226715    46250                        CAZALS
127       44.877366        1.577262    46200                      MEYRONNE
128       44.853672        1.819831    46400                       AUTOIRE
129       44.567666        1.245539    46150                         LHERM
130       44.400708        1.763529    46260             LIMOGNE-EN-QUERCY
131       44.643517        1.226715    46250                        CAZALS
132       44.782440        1.785468    46500                           BIO
133       44.867398        1.441373    46200                        LE ROC
134       44.678458        1.460766    46310               SAINT-CHAMARAND
135       44.917306        1.787149    46130                       PUYBRUN
136       44.742854        1.786780    46500                    ISSENDOLUS
137       44.867398        1.441373    46200                        LE ROC
138       44.659077        1.395527    46310                      CONCORES
139       44.579899        2.141695    46270                         CUZAC
140       44.915694        1.654496    46600                       FLOIRAC
141       44.475478        1.468173    46090              LAROQUE-DES-ARCS
142       44.530435        1.043083    46700         SAINT-MARTIN-LE-REDON
143       44.538641        1.378493    46150                     NUZEJOULS
144       44.602121        1.251592    46250                    LES ARQUES
145       44.841613        1.753443    46500                       PADIRAC
146       44.579640        1.295845    46150                     MONTGESTY
147       44.604088        2.134713    46270                       FELZINS
148       44.783104        1.852031    46120                         AYNAC
149       44.523964        1.392082    46150                      CALAMANE
150       44.386833        1.398621    46090             LABASTIDE-MARNHAC
151       44.797655        1.349054    46300                        MILHAC
152       44.602121        1.251592    46250                    LES ARQUES
153       44.434770        1.103575    46700                      SERIGNAC
154       44.666410        2.158041    46270               BAGNAC-SUR-CELE
155       44.940694        1.989113    46190                        COMIAC
156       44.915694        1.654496    46600                       FLOIRAC
157       44.359532        1.406208    46170                   LHOSPITALET
158       44.412798        1.377938    46090             TRESPOUX-RASSIELS
159       44.853672        1.819831    46400                       AUTOIRE
160       44.267640        1.353370    46170          CASTELNAU-MONTRATIER
161       44.659077        1.395527    46310                      CONCORES
162       44.806191        1.695138    46500                        RIGNAC
163       44.475478        1.468173    46090              LAROQUE-DES-ARCS
164       44.727840        1.925505    46120             LACAPELLE-MARIVAL
165       44.722933        1.615602    46500                      CARLUCET
166       44.782440        1.785468    46500                           BIO
167       44.862817        1.846862    46400       SAINT-MEDARD-DE-PRESQUE
168       44.899072        1.815805    46130                     PRUDHOMAT
169       44.367824        1.508170    46230                       CIEURAC
170       44.646174        1.439248    46310      SAINT-GERMAIN-DU-BEL-AIR
171       44.505921        1.653864    46330                     CABRERETS
172       44.783104        1.852031    46120                         AYNAC
173       44.497337        1.386222    46090                       MERCUES
174       44.736788        1.381867    46300                       GOURDON
175       44.674764        1.925950    46320                       ISSEPTS
176       44.417969        1.254337    46140                        SAUZET
177       44.989934        1.665312    46110                        CONDAT
178       44.799383        1.617901    46500                    ROCAMADOUR
179       44.826841        1.690199    46500                      ALVIGNAC
180       44.456258        1.510961    46090                      ARCAMBAL
181       44.813950        1.806071    46500             MAYRINHAC-LENTOUR
182       44.802745        1.396192    46300                       FAJOLES
183       44.621068        1.642689    46240              CANIAC-DU-CAUSSE
184       44.455336        1.046279    46700                       MAUROUX
185       44.877366        1.577262    46200                      MEYRONNE
186       44.357473        1.723886    46260                       VARAIRE
187       44.688266        1.561013    46240                    MONTFAUCON
188       44.793763        1.935156    46120                      MOLIERES
189       44.674942        1.878026    46320                        ASSIER
190       44.794143        2.024965    46210                        GORSES
191       44.398203        1.645649    46260                       CONCOTS
192       44.799383        1.617901    46500                    ROCAMADOUR
193       44.826841        1.690199    46500                      ALVIGNAC
194       44.638197        1.772438    46320                   ESPEDAILLAC
195       44.406355        1.499606    46090               FLAUJAC-POUJOLS
196       44.725855        1.538527    46300                    GINOUILLAC
197       44.893626        1.478613    46200                      SOUILLAC
198       44.859511        1.862093    46400         SAINT-JEAN-LESPINASSE
199       44.484830        1.843271    46160                        CAJARC
200       44.724944        2.009983    46120                SAINTE-COLOMBE
201       44.465563        1.299902    46140      SAINT-VINCENT-RIVE-D'OLT
202       44.389802        1.540718    46230                     LABURGADE
203       44.859439        1.892482    46400                    SAINT-CERE
204       44.680074        1.995634    46100                    CARDAILLAC
205       44.997096        1.645017    46110      LES QUATRE-ROUTES-DU-LOT
206       44.637437        1.317838    46340                 LAVERCANTIERE
207       44.509795        1.328032    46150                      CRAYSSAC
208       44.646963        1.842726    46320                      LIVERNON
209       44.391728        1.316300    46090                    VILLESEQUE
210       44.388462        1.598514    46230                        CREMPS
211       44.766657        2.122901    46210                     LAURESSES
212       44.833241        1.390319    46350                       MASCLAT
213       44.743304        1.947519    46120       SAINT-MAURICE-EN-QUERCY
214       44.408224        1.548726    46090                        AUJOLS
215       44.674942        1.878026    46320                        ASSIER
216       44.917775        1.732480    46110                      CARENNAC
217       44.806191        1.695138    46500                        RIGNAC
218       44.464430        1.734437    46330         SAINT-MARTIN-LABOUVAL
219       44.509795        1.328032    46150                      CRAYSSAC
220       44.621574        2.108368    46270            SAINT-JEAN-MIRABEL
221       44.824192        1.857821    46400          SAINT-JEAN-LAGINESTE
222       44.559254        1.138194    46700                     CASSAGNES
223       44.267640        1.353370    46170          CASTELNAU-MONTRATIER
224       44.400708        1.763529    46260             LIMOGNE-EN-QUERCY
225       44.476911        1.289267    46140                        LUZECH
226       44.559254        1.138194    46700                     CASSAGNES
227       44.680074        1.995634    46100                    CARDAILLAC
228       44.535907        1.885899    46160                       GREALOU
229       44.919091        1.954597    46190                      TEYSSIEU
230       44.674942        1.878026    46320                        ASSIER
231       44.824192        1.857821    46400          SAINT-JEAN-LAGINESTE
232       44.617562        2.192838    46270                     MONTREDON
233       44.921941        1.555955    46600                       BALADOU
234       44.468444        1.236561    46140                         ALBAS
235       44.503852        1.188124    46220                      PRAYSSAC
236       44.541684        1.073650    46700                   MONTCABRIER
237       44.464672        1.669032    46330            SAINT-CIRQ-LAPOPIE
238       44.957265        1.919675    46130                         CAHUS
239       44.536493        1.443615    46090                         MAXOU
240       44.406355        1.499606    46090               FLAUJAC-POUJOLS
241       44.547580        1.262631    46150                      PONTCIRQ
242       44.523534        1.453829    46090        SAINT-PIERRE-LAFEUILLE
243       44.462189        1.747383    46330                    CENEVIERES
244       44.359532        1.406208    46170                   LHOSPITALET
245       44.802745        1.396192    46300                       FAJOLES
246       44.577935        1.830562    46320                      BRENGUES
247       44.497337        1.386222    46090                       MERCUES
248       44.923750        2.045852    46190                       CALVIAC
249       44.577935        1.830562    46320                      BRENGUES
250       44.836065        1.413695    46350               LAMOTHE-FENELON
