76 86
  0       46.277763        0.530708    86350               USSON-DU-POITOU 
  1       46.319735        0.323631    86160       CHAMPAGNE-SAINT-HILAIRE
  2       46.518012        0.564561    86800                         TERCE
  3       47.025621        0.239794    86200               CEAUX-EN-LOUDUN
  4       46.224154        0.647081    86150                    LE VIGEANT
  5       46.971613        0.087575    86200                       CHALAIS
  6       46.811594        0.164011    86110                      CHOUPPES
  7       46.298842        0.181005    86700                         COUHE
  8       46.638748        0.125191    86190            CHIRE-EN-MONTREUIL
  9       46.270202        0.302212    86700                       ROMAGNE
 10       46.778302        0.613635    86100                       SENILLE
 11       46.737294        0.428907    86490                      BEAUMONT
 12       46.786474        0.812671    86270                LA ROCHE-POSAY
 13       46.206155        0.163433    86510                       CHAUNAY
 14       46.564652        0.871422    86310                 SAINT-GERMAIN
 15       46.270202        0.302212    86700                       ROMAGNE
 16       46.543425        0.414171    86550            MIGNALOUX-BEAUVOIR
 17       46.463125        0.230524    86370                        MARCAY
 18       46.426291        0.258491    86370                       VIVONNE
 19       46.975054        0.678875    37160                       BUXEUIL
 20       46.745201        0.376862    86380                MARIGNY-BRIZAY
 21       46.160124        0.321364    86400                       SAVIGNE
 22       46.745201        0.376862    86380                MARIGNY-BRIZAY
 23       46.493916       -0.004810    86600                        SANXAY
 24       46.973784        0.605058    86220                     LES ORMES
 25       46.441016        0.476754    86340                        VERNON
 26       46.597823        0.353031    86180                    BUXEROLLES
 27       46.550135        0.140327    86470              MONTREUIL-BONNIN
 28       46.577206        0.305090    86000                         BIARD
 29       46.333355        0.959051    86390             LATHUS-SAINT-REMY
 30       46.297334        0.220914    86700                          VAUX
 31       46.577206        0.305090    86000                         BIARD
 32       46.535709        0.287122    86240                     CROUTELLE
 33       46.412685        0.592910    86410                     VERRIERES
 34       46.813696        0.326778    86140                    LENCLOITRE
 35       46.340364        0.211289    86700                         PAYRE
 36       46.455783        0.367687    86340         LA VILLEDIEU-DU-CLAIN
 37       46.813696        0.326778    86140                    LENCLOITRE
 38       46.714523        0.156568    86170              CHAMPIGNY-LE-SEC
 39       46.607899        0.235784    86190                       QUINCAY
 40       46.732939        0.617780    86210                    MONTHOIRON
 41       46.778302        0.613635    86100                       SENILLE
 42       46.672901        0.652936    86210                      ARCHIGNY
 43       46.482611        0.453755    86340               NIEUIL-L'ESPOIR
 44       47.124985        0.053685    86120                        ROIFFE
 45       46.604648        0.597928    86300                        BONNES
 46       46.975278        0.043146    86200                MOUTERRE-SILLY
 47       46.567633        0.204809    86190                       BERUGES
 48       46.270202        0.302212    86700                       ROMAGNE
 49       46.235481        0.191512    86510                          BRUX
 50       46.772114        0.537789    86530              CENON-SUR-VIENNE
 51       46.443481        0.333684    86340                      ASLONNES
 52       46.359557        0.055266    86600                 SAINT-SAUVANT
 53       46.975278        0.043146    86200                MOUTERRE-SILLY
 54       46.705869        0.147943    86170                  LE ROCHEREAU
 55       46.465293        0.068081    86600                     JAZENEUIL
 56       46.818725        0.367266    86140        SAINT-GENEST-D'AMBIERE
 57       46.535709        0.287122    86240                     CROUTELLE
 58       46.818725        0.367266    86140        SAINT-GENEST-D'AMBIERE
 59       46.595396        0.529625    86800                        LAVOUX
 60       46.786452        0.181821    86110                      MIREBEAU
 61       46.971613        0.087575    86200                       CHALAIS
 62       46.786452        0.181821    86110                      MIREBEAU
 63       46.236319        0.688192    86150               L'ISLE-JOURDAIN
 64       46.434672        0.597230    86410                     LHOMMAIZE
 65       46.297334        0.220914    86700                          VAUX
 66       46.597823        0.353031    86180                    BUXEROLLES
 67       46.570092        0.465095    86800              SEVRES-ANXAUMONT
 68       46.319735        0.323631    86160       CHAMPAGNE-SAINT-HILAIRE
 69       46.808278        0.623871    86100                 SAINT-SAUVEUR
 70       46.720872        0.860827    86260             VICQ-SUR-GARTEMPE
 71       46.144503        0.402332    86250                      CHARROUX
 72       46.812229        0.413805    86140              SCORBE-CLAIRVAUX
 73       46.732939        0.617780    86210                    MONTHOIRON
 74       46.745201        0.376862    86380                MARIGNY-BRIZAY
 75       46.975278        0.043146    86200                MOUTERRE-SILLY
 76       46.778302        0.613635    86100                       SENILLE
 77       46.550135        0.140327    86470              MONTREUIL-BONNIN
 78       46.333355        0.959051    86390             LATHUS-SAINT-REMY
 79       46.813696        0.326778    86140                    LENCLOITRE
 80       46.484243        0.315528    86240                        ITEUIL
 81       46.526910        0.263893    86240             FONTAINE-LE-COMTE
 82       47.062069        0.017271    86120            LES TROIS-MOUTIERS
 83       46.705869        0.147943    86170                  LE ROCHEREAU
 84       46.580224        0.340375    86000                      POITIERS
 85       46.973784        0.605058    86220                     LES ORMES
 86       46.737294        0.428907    86490                      BEAUMONT
 87       46.297334        0.220914    86700                          VAUX
 88       46.628608        0.308831    86440                MIGNE-AUXANCES
 89       46.559123        0.045547    86470                      BENASSAY
 90       46.319735        0.323631    86160       CHAMPAGNE-SAINT-HILAIRE
 91       46.971613        0.087575    86200                       CHALAIS
 92       46.971613        0.087575    86200                       CHALAIS
 93       46.737294        0.428907    86490                      BEAUMONT
 94       46.643089        0.752847    86260                       LA PUYE
 95       46.620536        0.421398    86360                     MONTAMISE
 96       46.559080        0.071775    86470                    LAVAUSSEAU
 97       46.298842        0.181005    86700                         COUHE
 98       46.535709        0.287122    86240                     CROUTELLE
 99       46.975278        0.043146    86200                MOUTERRE-SILLY
100       46.565319        0.865195    86310                   SAINT-SAVIN
101       46.875436        0.509774    86230                        USSEAU
102       46.148901        0.295258    86400                        CIVRAY
103       46.737042        0.765208    86450                    PLEUMARTIN
104       46.775858        0.361734    86380                       OUZILLY
105       46.201534        0.254754    86400                       BLANZAY
106       46.426291        0.258491    86370                       VIVONNE
107       46.812229        0.413805    86140              SCORBE-CLAIRVAUX
108       46.853363        0.542635    86100                        ANTRAN
109       46.235481        0.191512    86510                          BRUX
110       46.672901        0.652936    86210                      ARCHIGNY
111       46.120556        0.657986    86460            AVAILLES-LIMOUZINE
112       46.812229        0.413805    86140              SCORBE-CLAIRVAUX
113       46.577206        0.305090    86000                         BIARD
114       46.444209        0.664866    86320                        CIVAUX
115       46.813696        0.326778    86140                    LENCLOITRE
116       46.418536        0.768409    86320                       SILLARS
117       46.559123        0.045547    86470                      BENASSAY
118       46.918291        0.209878    86420             MONTS-SUR-GUESNES
119       46.206155        0.163433    86510                       CHAUNAY
120       46.663044        0.303501    86170                       AVANTON
121       46.378122        0.876548    86500                        SAULGE
122       46.705869        0.147943    86170                  LE ROCHEREAU
123       46.257473        0.424763    86350               CHATEAU-GARNIER
124       46.678446        0.842037    86260        SAINT-PIERRE-DE-MAILLE
125       46.663044        0.303501    86170                       AVANTON
126       47.008967        0.083183    86200                        LOUDUN
127       46.853363        0.542635    86100                        ANTRAN
128       46.568882        0.564932    86800                       JARDRES
129       46.685934        0.246918    86170            NEUVILLE-DE-POITOU
130       46.478495        0.519944    86340                        FLEURE
131       46.678446        0.842037    86260        SAINT-PIERRE-DE-MAILLE
132       46.148901        0.295258    86400                        CIVRAY
133       46.236319        0.688192    86150               L'ISLE-JOURDAIN
134       46.120556        0.657986    86460            AVAILLES-LIMOUZINE
135       46.831987        0.459635    86540                         THURE
136       46.938193        0.604999    86220            DANGE-SAINT-ROMAIN
137       46.786452        0.181821    86110                      MIREBEAU
138       46.378786        0.416236    86160      SAINT-MAURICE-LA-CLOUERE
139       46.508100        0.637800    86300                   VALDIVIENNE
140       46.643089        0.752847    86260                       LA PUYE
141       46.534792        0.114942    86470         LA CHAPELLE-MONTREUIL
142       46.564652        0.871422    86310                 SAINT-GERMAIN
143       46.534792        0.114942    86470         LA CHAPELLE-MONTREUIL
144       46.745201        0.376862    86380                MARIGNY-BRIZAY
145       46.567633        0.204809    86190                       BERUGES
146       46.374538        0.403719    86160                        GENCAY
147       46.478495        0.519944    86340                        FLEURE
148       47.062069        0.017271    86120            LES TROIS-MOUTIERS
149       46.508100        0.637800    86300                   VALDIVIENNE
150       46.737042        0.765208    86450                    PLEUMARTIN
151       46.326461        0.670548    86150                        QUEAUX
152       46.971613        0.087575    86200                       CHALAIS
