56 12
  0       44.711007        2.590959    12140                  St-Hippolyte 
  1       44.198170        2.341865    12800                      Naucelle
  2       43.954841        2.580374    12550                       Coupiac
  3       44.230940        2.040994    12270                    Fouillade 
  4       44.494711        2.624936    12340                       Rodelle
  5       44.590005        2.205469    12300                Boisse-Penchot
  6       44.406058        2.746820    12630                    Montrozier
  7       44.465640        2.972570    12130               St-Geniez-d'Olt
  8       44.059432        2.660941    12430           Lestrade-et-Thouels
  9       44.494711        2.624936    12340                       Rodelle
 10       44.306225        2.236322    12240                   Rieupeyroux
 11       44.230077        2.566201    12120          Comps-la-Grand-Ville
 12       44.359153        1.965567    12200                      Savignac
 13       44.200363        2.559421    12120          Cassagnes-Bégonhès
 14       44.520564        2.761317    12500                      Espalion
 15       44.324988        2.007732    12200            Bastide-l'Evêque 
 16       43.974566        2.992022    12250         Roquefort-sur-Soulzon
 17       44.324988        2.007732    12200            Bastide-l'Evêque 
 18       43.974566        2.992022    12250         Roquefort-sur-Soulzon
 19       44.220081        2.317747    12800        Sauveterre-de-Rouergue
 20       43.974566        2.992022    12250         Roquefort-sur-Soulzon
 21       43.960223        2.853987    12360                      Camarès
 22       44.828803        2.641697    12600                       Taussac
 23       44.427185        2.410904    12330           Clairvaux-d'Aveyron
 24       44.304852        1.907258    12200                   Vailhourles
 25       43.958190        2.887126    12400                   St-Affrique
 26       44.048106        2.896000    12490               St-Rome-de-Tarn
 27       43.997906        2.688447    12480                     Broquiès
 28       44.306225        2.236322    12240                   Rieupeyroux
 29       44.085410        3.059877    12100                     Creissels
 30       43.926440        1.988153    12640             Rivière-sur-Tarn
 31       44.278737        2.440639    12160                     Moyrazès
 32       44.346748        2.574291    12000                   Monastère 
 33       44.192881        2.661056    12120                        Arvieu
 34       44.292233        2.045867    12200                      Sanvensa
 35       44.324988        2.007732    12200            Bastide-l'Evêque 
 36       44.397462        2.628852    12740           Sébazac-Concourès
 37       44.828803        2.641697    12600                       Taussac
 38       55.670257       21.183693    12120                      Centrès
 39       44.049315        2.519793    12170                     Réquista
 40       44.336703        2.627038    12850                 Ste-Radegonde
 41       44.644928        2.563986    12140       Entraygues-sur-Truyère
 42       44.153314        3.098187    12520                      Aguessac
 43       43.882249        2.602313    12380           St-Sernin-sur-Rance
 44       44.085410        3.059877    12100                     Creissels
 45       44.437739        2.513681    12330              Salles-la-Source
 46       44.219530        1.978425    12270                         Najac
 47       43.997906        2.688447    12480                     Broquiès
 48       44.380910        2.822103    12310                       Laissac
 49       44.683579        2.845605    12210                      Laguiole
 50       44.555304        2.217348    12110                        Viviez
 51       44.129029        2.489497    12120                Rullac-St-Cirq
 52       44.304852        1.907258    12200                   Vailhourles
 53       44.049315        2.519793    12170                    Lédergues
 54       44.568478        2.957561    12470            St-Chély-d'Aubrac
 55       44.549310        2.125385    12700                    Asprières
 56       44.357827        2.679826    12630                Agen-d'Aveyron
 57       44.409510        2.287737    12390                        Rignac
 58       44.085410        3.059877    12100                     Creissels
 59       44.432404        2.322162    12390             Anglars-St-Félix
 60       59.342291       18.074918    12240                    Colombiès
 61       44.580662        2.440639    12320                    Sénergues
 62       44.277967        2.431974    12160                  Baraqueville
 63       44.280575        2.728135    12290                Pont-de-Salars
 64       44.830629        2.684100    12600                       Brommat
 65       44.590005        2.205469    12300                Boisse-Penchot
 66       44.289231        2.603146    12450                        Flavin
 67       44.437382        2.033331    12260                    Villeneuve
 68       44.397462        2.628852    12740           Sébazac-Concourès
 69       44.085410        3.059877    12100                     Creissels
 70       44.546638        2.410066    12320        St-Cyprien-sur-Dourdou
 71       44.280575        2.728135    12290                Pont-de-Salars
 72       44.088174        2.704341    12430         Villefranche-de-Panat
 73       44.604390        2.246437    12300                       Flagnac
 74       44.088174        2.704341    12430         Villefranche-de-Panat
 75       44.200797       24.502298    12500                St-Côme-d'Olt
 76       44.198170        2.341865    12800                      Naucelle
 77       44.110868        2.616211    12170                      Durenque
 78       44.200797       24.502298    12500                St-Côme-d'Olt
 79       44.324988        2.007732    12200            Bastide-l'Evêque 
 80       44.207752        2.203993    12440           Salvetat-Peyralès 
 81       44.049315        2.519793    12170                     Réquista
 82       44.336703        2.627038    12850                 Ste-Radegonde
 83       44.324988        2.007732    12200            Bastide-l'Evêque 
 84       44.049315        2.519793    12170                     Réquista
 85       44.110868        2.616211    12170                      Durenque
 86       44.253078        2.738167    12290                        Ségur
 87       44.568478        2.957561    12470            St-Chély-d'Aubrac
 88       44.200363        2.559421    12120          Cassagnes-Bégonhès
 89       43.954841        2.580374    12550                       Coupiac
 90       44.198170        2.341865    12800                      Naucelle
 91       44.129029        2.489497    12120                Rullac-St-Cirq
 92       44.383035        2.837766    12310                   Bertholène
 93       44.613800        2.663636    12190                       Nayrac 
 94       44.383035        2.837766    12310                   Bertholène
 95       44.071869        2.878091    12490                 Viala-du-Tarn
 96       44.381040        2.001485    12200                     Toulonjac
 97       44.277967        2.431974    12160                  Baraqueville
 98       44.357827        2.679826    12630                Agen-d'Aveyron
 99       44.180441        2.571162    12120                      Salmiech
100       44.314058        2.535384    12450                           Luc
101       44.527578        2.246460    12110                         Aubin
102       44.277967        2.431974    12160                  Baraqueville
103       44.289231        2.603146    12450                        Flavin
104       44.181744        2.379123    12800                        Camjac
105       44.314058        2.535384    12450                           Luc
106       44.469832        2.720333    12340                       Bozouls
107       44.843968        2.660188    12600                 Mur-de-Barrez
108       44.555304        2.217348    12110                        Viviez
109       44.192881        2.661056    12120                        Arvieu
110       44.613800        2.663636    12190                       Nayrac 
111       44.230077        2.566201    12120          Comps-la-Grand-Ville
112       44.837942        2.678509    12600                   Thérondels
