88 14
  0       49.140254       -0.350503    14123                           Ifs 
  1       49.181861        0.224005    14100             Ouilly-le-Vicomte
  2       49.148776       -0.375235    14123               Fleury-sur-Orne
  3       48.980315        0.322789    14290                    Vespière 
  4       49.111664       -0.291751    14540                   Bourguébus
  5       48.852945       -0.676814    14410                         Vassy
  6       48.892530       -0.882644    14350                     Graverie 
  7       49.140995       -0.502270    14210            Tourville-sur-Odon
  8       48.940013       -0.254030    14420               Villers-Canivet
  9       49.125643       -0.212398    14370                Bellengreville
 10       49.321744       -0.005321    14640               Villers-sur-Mer
 11       49.341523       -0.899287    14710                   Trévières
 12       49.206845       -0.431860    14280                        Authie
 13       48.892530       -0.882644    14350                     Graverie 
 14       49.295238       -0.376078    14440        Douvres-la-Délivrande
 15       49.155543       -0.451351    14790                        Verson
 16       49.232760       -0.385674    14610              Cambes-en-Plaine
 17       49.348763        0.185642    14130            St-Gatien-des-Bois
 18       49.199734        0.211023    14130               Coquainvilliers
 19       49.101073       -0.151407    14370                         Airan
 20       49.024545       -0.292914    14190                       Urville
 21       49.145922        0.227849    14100                       Lisieux
 22       49.295238       -0.376078    14440        Douvres-la-Délivrande
 23       49.168274       -0.415144    14760          Bretteville-sur-Odon
 24       48.638857        0.084820    14320            St-André-sur-Orne
 25       49.189733       -0.264633    14840                    Cuverville
 26       49.076921       -0.620664    14310               Epinay-sur-Odon
 27       48.924612       -0.075164    14620           Morteaux-Couliboeuf
 28       49.317766       -0.355681    14530                   Luc-sur-Mer
 29       49.131523       -0.426349    14930                        Maltot
 30       49.294923       -0.779223    14400                Tour-en-Bessin
 31       49.260186       -0.489181    14480               Fresne-Camilly 
 32       49.126825       -0.484761    14210                Baron-sur-Odon
 33       49.150643        0.048774    14340                     Cambremer
 34       49.300913       -0.075126    14510                      Houlgate
 35       48.638857        0.084820    14320            St-André-sur-Orne
 36       49.168274       -0.415144    14760          Bretteville-sur-Odon
 37       49.094296       -0.322193    14540                  Rocquancourt
 38       49.395512        0.250909    14600          Rivière-St-Sauveur 
 39       49.353976        0.075122    14800                     Deauville
 40       48.909104       -0.505481    14570                        Clécy
 41       48.937365       -0.842899    14350                 Bény-Bocage 
 42       49.180033       -0.806153    14490                     Tronquay 
 43       49.275783        0.339881    14130          Bonneville-la-Louvet
 44       49.150643        0.048774    14340                     Cambremer
 45       49.229894       -0.189165    14860                        Bavent
 46       49.229894       -0.189165    14860                        Bavent
 47       49.135004       -0.295881    14540                       Soliers
 48       49.036525       -0.681535    14260            St-Georges-d'Aunay
 49       49.223321       -0.064923    14430                       Dozulé
 50       49.101073       -0.151407    14370                         Airan
 51       49.051192        0.297472    14290            St-Cyr-du-Ronceray
 52       49.175517       -0.626060    14250             Tilly-sur-Seulles
 53       49.267765       -0.518076    14480                     Lantheuil
 54       49.128432        0.247958    14100                    Beuvillers
 55       49.395512        0.250909    14600          Rivière-St-Sauveur 
 56       48.892530       -0.882644    14350                     Graverie 
 57       48.782602       -0.817499    14500            Truttemer-le-Grand
 58       49.069446        0.084485    14140           St-Julien-le-Faucon
 59       49.189733       -0.264633    14840                    Cuverville
 60       49.287981       -0.116292    14390                       Cabourg
 61       49.203900       -0.297232    14460                   Colombelles
 62       49.010248       -0.845381    14350         St-Martin-des-Besaces
 63       48.888788       -0.998354    14380         Landelles-et-Coupigny
 64       49.343419        0.101277    14800                       Touques
 65       48.852945       -0.676814    14410                         Vassy
 66       49.392704        0.207405    14600                  Equemauville
 67       49.179249       -0.224747    14940                   Sannerville
 68       49.253850        0.173869    14130                      St-Hymer
 69       49.255496       -0.373351    14920                       Mathieu
 70       48.909104       -0.505481    14570                        Clécy
 71       49.205338       -0.689251    14250                 Juaye-Mondaye
 72       49.223321       -0.064923    14430                       Dozulé
 73       49.138967       -0.528509    14210           Grainville-sur-Odon
 74       49.239375       -0.750041    14400                        Subles
 75       49.394019        0.295625    14600                         Ablon
 76       49.252448       -0.391605    14610                         Anisy
 77       49.203900       -0.297232    14460                   Colombelles
 78       48.837781       -0.888482    14500                          Vire
 79       49.240595       -0.409897    14610          Villons-les-Buissons
 80       49.284862       -0.539984    14480                       Creully
 81       49.145385       -0.455489    14790           Fontaine-Etoupefour
 82       49.276656       -0.258658    14150                    Ouistreham
 83       48.852945       -0.676814    14410                         Vassy
 84       49.207676       -0.330830    14200          Hérouville-St-Clair
 85       49.175517       -0.626060    14250             Tilly-sur-Seulles
 86       49.207868       -0.254686    14850                Hérouvillette
 87       49.065625        0.335601    14290                Chapelle-Yvon 
 88       49.083333       -0.800000    14240             Caumont-l'Eventé
 89       49.135004       -0.295881    14540                       Soliers
 90       49.036525       -0.681535    14260            St-Georges-d'Aunay
 91       49.101073       -0.151407    14370                         Airan
 92       48.952085       -0.931499    14350                      Campeaux
 93       49.156373       -0.391493    14111                      Louvigny
 94       48.921531       -0.765886    14350                     Montchamp
 95       49.348763        0.185642    14130            St-Gatien-des-Bois
 96       49.228056       -0.300062    14550           Blainville-sur-Orne
 97       49.075300        0.191900    14100           St-Germain-de-Livet
 98       49.276656       -0.258658    14150                    Ouistreham
 99       48.878687       -0.160617    14700                     Hoguette 
100       49.279143       -0.688198    14400             St-Vigor-le-Grand
101       49.121835       -0.566683    14210                 Noyers-Bocage
102       48.937365       -0.842899    14350                 Bény-Bocage 
103       49.353976        0.075122    14800                     Deauville
104       49.232102       -0.257152    14860                      Ranville
105       48.980315        0.322789    14290                    Vespière 
106       49.229894       -0.189165    14860                        Bavent
107       49.199734        0.211023    14130               Coquainvilliers
108       49.276437       -0.703140    14400                        Bayeux
109       49.384995        0.244241    14600       Gonneville-sur-Honfleur
110       49.203577        0.076695    14340                     Bonnebosq
111       49.180033       -0.806153    14490                     Tronquay 
112       49.287981       -0.116292    14390                       Cabourg
113       48.856875       -0.605635    14110         St-Germain-du-Crioult
114       49.203577        0.076695    14340                     Bonnebosq
115       49.116666       -0.169237    14370                         Moult
116       49.044835       -0.324735    14680         Bretteville-sur-Laize
117       49.320257       -1.102929    14230                Isigny-sur-Mer
118       49.207676       -0.330830    14200          Hérouville-St-Clair
119       49.024545       -0.292914    14190                       Urville
120       49.130479       -0.158730    14370                      Argences
121       49.099010       -0.502835    14210                        Evrecy
122       49.135004       -0.295881    14540                       Soliers
123       49.125565        0.319813    14100         Courtonne-la-Meurdrac
124       49.181459       -0.181947    14670                        Troarn
125       49.083333       -0.800000    14240             Caumont-l'Eventé
126       49.182820        0.064830    14340                  Pré-d'Auge 
127       48.909104       -0.505481    14570                        Clécy
128       49.276437       -0.703140    14400                        Bayeux
129       49.175517       -0.626060    14250             Tilly-sur-Seulles
130       49.149779       -0.287434    14540                  Grentheville
131       49.149779       -0.287434    14540                  Grentheville
132       49.144383       -0.425421    14930                     Eterville
133       49.322327       -0.372710    14830              Langrune-sur-Mer
134       49.181861        0.224005    14100             Ouilly-le-Vicomte
135       48.985531       -0.478593    14220                Thury-Harcourt
136       49.101101       -0.374753    14320                  May-sur-Orne
137       49.107619        0.290874    14100             Mesnil-Guillaume 
138       49.394019        0.295625    14600                         Ablon
139       49.182820        0.064830    14340                  Pré-d'Auge 
140       49.094296       -0.322193    14540                  Rocquancourt
141       49.051192        0.297472    14290            St-Cyr-du-Ronceray
142       49.189733       -0.264633    14840                    Cuverville
143       49.116666       -0.169237    14370                         Moult
144       49.180033       -0.806153    14490                     Tronquay 
145       49.036525       -0.681535    14260            St-Georges-d'Aunay
146       48.985531       -0.478593    14220                Thury-Harcourt
147       49.203577        0.076695    14340                     Bonnebosq
148       49.232102       -0.257152    14860                      Ranville
149       49.311440       -0.489830    14480                      Banville
150       49.135004       -0.295881    14540                       Soliers
151       49.213999       -0.400256    14280                    St-Contest
152       49.347664       -1.014191    14230                        Cambe 
153       49.341523       -0.899287    14710                   Trévières
154       49.222732       -0.370320    14610                         Epron
155       49.392704        0.207405    14600                  Equemauville
156       48.852945       -0.676814    14410                         Vassy
157       48.638857        0.084820    14210               Amayé-sur-Orne
158       49.020469       -0.630703    14260                Aunay-sur-Odon
159       49.232102       -0.257152    14860                      Ranville
160       49.301146       -0.313627    14780                  Lion-sur-Mer
161       48.782602       -0.817499    14500            Truttemer-le-Grand
162       49.145922        0.227849    14100                       Lisieux
163       49.287981       -0.116292    14390                       Cabourg
164       48.878687       -0.160617    14700                     Hoguette 
165       49.126825       -0.484761    14210                Baron-sur-Odon
166       49.037229       -0.305634    14680                        Gouvix
167       49.181035       -0.838184    14490                      Balleroy
168       49.010248       -0.845381    14350         St-Martin-des-Besaces
169       49.051192        0.297472    14290            St-Cyr-du-Ronceray
170       49.263622        0.238856    14130                Pont-l'Evêque
171       49.279480       -0.424259    14610                         Basly
172       49.394019        0.295625    14600                         Ablon
173       49.130479       -0.158730    14370                      Argences
174       49.024545       -0.292914    14190                       Urville
175       49.125565        0.319813    14100         Courtonne-la-Meurdrac
176       49.148776       -0.375235    14123               Fleury-sur-Orne
