60 6
  0       43.974448        7.311804     6450                     Lantosque 
  1       44.002722        7.554131     6540                        Fontan
  2       44.284231        6.865922     6660          St-Dalmas-le-Selvage
  3       43.741767        7.423019     6240                    Beausoleil
  4       43.817693        7.114404     6510                    Gattières
  5       44.052197        7.308457     6450            Bollène-Vésubie 
  6       43.872510        6.965260     6910                        Sigale
  7       43.937465        7.513929     6540                Breil-sur-Roya
  8       43.722080        7.405839     6320                     Cap-d'Ail
  9       43.849929        7.164172     6830                       Gilette
 10       43.763826        7.222264     6670                      Colomars
 11       43.936961        7.097188     6710               Villars-sur-Var
 12       43.940512        7.412716     6380                      Moulinet
 13       43.974138        6.918880     6260                 Puget-Rostang
 14       43.707078        7.333130     6310              Beaulieu-sur-Mer
 15       43.779112        6.729822     6750                        Caille
 16       43.560315        7.033714     6400                        Cannes
 17       43.641520        7.009186     6560                      Valbonne
 18       44.094224        6.990253     6470                         Beuil
 19       43.929051        7.157478     6710                   Malaussène
 20       44.089224        6.853764     6470                    Guillaumes
 21       44.052197        7.308457     6450            St-Martin-Vésubie
 22       43.689530        7.332984     6230            St-Jean-Cap-Ferrat
 23       43.942917        7.125609     6710                      Massoins
 24       44.052197        7.308457     6450                Roquebillière
 25       43.894249        7.258264     6670                       Duranus
 26       43.974138        6.918880     6260                 Puget-Rostang
 27       43.848109        7.384073     6440                      Lucéram
 28       44.089097        7.593454     6430                         Tende
 29       44.052197        7.308457     6450                   Belvédère
 30       43.774481        7.497540     6500                        Menton
 31       43.657892        7.122337     6270             Villeneuve-Loubet
 32       43.626851        7.098080     6410                          Biot
 33       44.159782        6.792236     6470                        Péone
 34       43.747128        7.289566     6730                     St-André
 35       43.737617        7.400287     6320                       Turbie 
 36       43.848109        7.384073     6440                    Escarène 
 37       43.860346        7.298586     6390                       Coaraze
 38       43.894249        7.258264     6670                       Duranus
 39       43.860346        7.298586     6390                       Coaraze
 40       43.849929        7.164172     6830                       Gilette
 41       44.188001        6.747914     6470                     Entraunes
 42       43.749318        7.279002     6950                       Falicon
 43       43.761632        7.318299     6340                      Cantaron
 44       43.789745        7.228893     6670                   Castagniers
 45       43.574089        7.004153     6110                       Cannet 
 46       43.866335        6.942384     6910                          Mas 
 47       43.792389        7.187120     6510                        Carros
 48       43.727580        7.259891     6100                          Nice
 49       44.052197        7.308457     6450                Roquebillière
 50       43.698521        6.847956     6460           St-Vallier-de-Thiey
 51       43.936961        7.097188     6710               Villars-sur-Var
 52       43.980300        6.942384     6260                        Penne 
 53       43.727819        7.361792     6360                           Eze
 54       43.578117        7.055222     6220                     Vallauris
 55       44.094224        6.990253     6470                         Beuil
 56       43.860346        7.298586     6390                       Coaraze
 57       44.052197        7.308457     6450                Roquebillière
 58       43.875404        7.081321     6910                     Pierrefeu
 59       43.730907        6.783065     6460                  Escragnolles
 60       43.722322        7.111703     6140                         Vence
 61       43.707078        7.333130     6310              Beaulieu-sur-Mer
 62       43.936961        7.097188     6710               Villars-sur-Var
 63       43.937465        7.513929     6540                Breil-sur-Roya
 64       43.754365        7.320831     6340                          Drap
 65       43.675300        7.006400     6650                       Rouret 
 66       43.862660        7.189897     6830                        Bonson
 67       43.783334        7.243992     6790                     Aspremont
 68       43.866335        6.942384     6910                          Mas 
 69       43.929051        7.157478     6710                         Tour 
 70       43.757808        7.473754     6190         Roquebrune-Cap-Martin
 71       43.901691        7.114222     6830                        Toudon
 72       43.859184        7.225960     6670                        Levens
 73       43.657892        7.122337     6270             Villeneuve-Loubet
 74       43.894249        7.258264     6670                       Duranus
 75       43.860346        7.298586     6390                       Coaraze
 76       43.715688        7.058927     6140           Tourrettes-sur-Loup
 77       43.727580        7.259891     6100                          Nice
 78       43.859184        7.225960     6670                        Levens
 79       43.875404        7.081321     6910                     Pierrefeu
 80       43.881582        7.156748     6830             Revest-les-Roches
 81       43.929051        7.157478     6710                   Malaussène
 82       43.546232        6.938309     6210          Mandelieu-la-Napoule
 83       43.689530        7.332984     6230            St-Jean-Cap-Ferrat
 84       43.872510        6.965260     6910                        Sigale
 85       43.749318        7.279002     6950                       Falicon
 86       43.747295        7.143277     6640                    St-Jeannet
 87       43.643116        6.875682     6530                    Peymeinade
 88       43.940512        7.412716     6380                      Moulinet
 89       43.783334        7.243992     6790                     Aspremont
 90       43.675300        7.006400     6650                       Rouret 
 91       44.188001        6.747914     6470                     Entraunes
 92       43.995124        7.146578     6420                         Clans
 93       43.942917        7.125609     6710                      Massoins
 94       43.774481        7.497540     6500                        Menton
 95       43.988452        7.551995     6540                        Saorge
 96       43.757808        7.473754     6190         Roquebrune-Cap-Martin
 97       43.597772        6.956710     6550          Roquette-sur-Siagne 
 98       43.574089        7.004153     6110                       Cannet 
 99       43.566768        7.122478     6160                       Antibes
100       51.081915        6.395843     6260               Puget-Théniers
101       44.093048        7.051131     6420                       Roubion
102       43.772573        6.760106     6750                      Séranon
103       43.715688        7.058927     6140           Tourrettes-sur-Loup
104       44.089224        6.853764     6470                    Guillaumes
105       44.089224        6.853764     6470                    Guillaumes
106       43.796181        6.707351     6750                    Valderoure
107       43.866335        6.942384     6910                      Cuébris
108       43.942917        7.125609     6710                      Massoins
109       43.848109        7.384073     6440                      Lucéram
110       43.626851        7.098080     6410                          Biot
111       43.722080        7.405839     6320                     Cap-d'Ail
112       44.093048        7.051131     6420                       Roubion
113       43.574089        7.004153     6110                       Cannet 
114       43.944186        7.130540     6710                Touët-sur-Var
115       43.719923        6.979338     6620                       Gourdon
116       43.817693        7.114404     6510                         Broc 
117       43.560315        7.033714     6400                        Cannes
118       43.792389        7.187120     6510                        Carros
119       43.673417        7.189811     6700             St-Laurent-du-Var
120       43.849929        7.164172     6830                       Gilette
