42 8
  0       49.909904        4.530929     8230                 Bourg-Fidèle 
  1       49.863075        4.358217     8260          Auvillers-les-Forges
  2       49.478191        4.577652     8130                       Attigny
  3       49.912462        4.693408     8800                       Laifour
  4       49.396846        4.383280     8310                     Juniville
  5       49.941893        4.637199     8500                         Revin
  6       49.478191        4.577652     8130                       Attigny
  7       49.680349        5.153287     8110                   Messincourt
  8       49.683037        4.937946     8200                  Wadelincourt
  9       49.838427        4.602322     8150                        Renwez
 10       49.737911        4.750580     8000               Villers-Semeuse
 11       49.838427        4.602322     8150                        Renwez
 12       49.719717        4.987588     8200                       Givonne
 13       49.900187        4.773289     8800                    Monthermé
 14       49.809673        4.796256     8700                     Neufmanil
 15       49.867932        4.428444     8260              Maubert-Fontaine
 16       49.542902        4.220704     8360              Château-Porcien
 17       49.838427        4.602322     8150                        Renwez
 18       49.507576        4.132069     8190                St-Germainmont
 19       49.691755        4.697900     8410                   Boulzicourt
 20       49.478191        4.577652     8130                       Attigny
 21       49.469139        4.116935     8190                        Asfeld
 22       49.487360        4.343806     8300              Novy-Chevrières
 23       49.769136        4.340077     8290                         Liart
 24       49.606115        5.077257     8210                        Mouzon
 25       50.102368        4.807117     8600                         Chooz
 26       49.676651        4.976835     8140                     Bazeilles
 27       49.887970        4.626513     8500                      Mazures 
 28       49.517107        4.504982     8300                        Amagne
 29       49.693333        4.962530     8200                         Balan
 30       49.606115        5.077257     8210                        Mouzon
 31       49.728970        4.712943     8000                 Francheville 
 32       49.648874        4.641824     8430                   Poix-Terron
 33       49.691755        4.697900     8410                   Boulzicourt
 34       49.797875        4.637346     8090                       Tournes
 35       49.863075        4.358217     8260          Auvillers-les-Forges
 36       49.689743        4.249100     8220                     Rocquigny
 37       49.691755        4.697900     8410                   Boulzicourt
 38       49.438335        4.290728     8300                        Tagnon
 39       49.620191        5.190925     8110                        Blagny
 40       49.689743        4.249100     8220                     Rocquigny
 41       49.478191        4.577652     8130                       Attigny
 42       49.748888        4.711262     8000          Prix-lès-Mézières
 43       49.994464        4.705971     8170                         Fumay
 44       49.797875        4.637346     8090                       Tournes
 45       49.542902        4.220704     8360              Château-Porcien
 46       49.737911        4.750580     8000               Villers-Semeuse
 47       49.784449        4.801474     8700                   Grandville 
 48       49.670682        5.042097     8140                         Douzy
 49       49.863075        4.358217     8260          Auvillers-les-Forges
 50       49.909904        4.530929     8230                 Gué-d'Hossus
 51       49.672089        5.173809     8110                          Pure
 52       49.583695        5.259399     8370                        Margut
 53       49.438335        4.290728     8300                        Tagnon
 54       49.769104        4.680389     8000                         Warcq
 55       49.680349        5.153287     8110                   Messincourt
 56       50.020083        4.791574     8170                      Hargnies
 57       49.601561        4.957549     8450             Raucourt-et-Flaba
 58       49.507576        4.132069     8190                St-Germainmont
 59       49.728970        4.712943     8000                 Francheville 
 60       49.728970        4.712943     8000                 Francheville 
 61       50.020083        4.791574     8170                      Hargnies
 62       49.900187        4.773289     8800             Hautes-Rivières 
 63       49.693333        4.962530     8200                         Balan
 64       49.838427        4.602322     8150                        Renwez
 65       49.735251        4.784151     8440                         Lumes
 66       49.764210        4.772020     8090                    St-Laurent
 67       49.735251        4.784151     8440                         Lumes
 68       49.517107        4.504982     8300                        Amagne
 69       49.398265        4.700375     8400                      Vouziers
 70       49.651833        4.994441     8450            Remilly-Aillicourt
 71       49.478191        4.577652     8130                       Attigny
 72       49.691755        4.697900     8410                   Boulzicourt
 73       49.478191        4.577652     8130                       Attigny
 74       49.651833        4.994441     8450            Remilly-Aillicourt
 75       49.679372        5.081540     8140                 Pouru-St-Remy
 76       49.438335        4.290728     8300                        Tagnon
 77       49.733206        4.830856     8440               Vivier-au-Court
 78       49.784449        4.801474     8700                   Grandville 
 79       49.797875        4.637346     8090                       Tournes
 80       49.784449        4.801474     8700                   Grandville 
 81       49.622541        4.959388     8450                    Haraucourt
 82       49.850800        4.767800     8120               Bogny-sur-Meuse
 83       49.900187        4.773289     8800             Hautes-Rivières 
 84       49.508868        4.365349     8300                        Rethel
