94 33
  0       44.847789       -0.464050    33370                       TRESSES 
  1       44.605389       -0.939625    33380                          MIOS
  2       45.073918       -0.793207    33480                 LISTRAC-MEDOC
  3       44.842793       -0.397310    33370                    SALLEBOEUF
  4       44.926494       -0.490401    33440            AMBARES-ET-LAGRAVE
  5       44.857676       -0.258297    33420                      GENISSAC
  6       45.234073       -0.507826    33860                       REIGNAC
  7       45.009296       -0.611681    33460                         MACAU
  8       44.691837       -0.854150    33380                   MARCHEPRIME
  9       44.555419       -0.245126    33210                        LANGON
 10       44.992185       -0.205139    33910           SAINT-DENIS-DE-PILE
 11       44.558706       -0.261587    33210                      TOULENNE
 12       44.992185       -0.205139    33910           SAINT-DENIS-DE-PILE
 13       44.894387       -0.155729    33330                 SAINT-EMILION
 14       45.108274       -0.585249    33390                        BERSON
 15       44.649813       -0.503321    33650                SAINT-MORILLON
 16       44.872338       -1.092135    33680                      LE PORGE
 17       44.894387       -0.155729    33330                 SAINT-EMILION
 18       45.039168       -0.559610    33710                         BOURG
 19       44.566833       -0.415168    33720                      LANDIRAS
 20       44.650882       -0.597753    33650                       SAUCATS
 21       44.769478       -0.311523    33670                      LA SAUVE
 22       44.581109       -0.041319    33190                      LA REOLE
 23       45.027155       -0.798488    33480            CASTELNAU-DE-MEDOC
 24       44.605623       -0.770629    33114                       LE BARP
 25       44.835009       -0.587269    33000                      BORDEAUX
 26       45.126841       -0.662941    33390                         BLAYE
 27       44.696540       -0.445107    33640               CASTRES-GIRONDE
 28       44.428094       -0.489757    33113              SAINT-SYMPHORIEN
 29       44.829542        0.227280    33220                      PINEUILH
 30       44.994560       -0.445865    33240         SAINT-ANDRE-DE-CUBZAC
 31       44.664947       -0.352609    33410                         RIONS
 32       45.234073       -0.507826    33860                       REIGNAC
 33       45.029626       -0.655162    33460                      CANTENAC
 34       45.016861       -0.464529    33240                 SAINT-GERVAIS
 35       45.091170       -0.419324    33620                         CEZAC
 36       44.578811       -0.259798    33490                 SAINT-MAIXANT
 37       45.029626       -0.655162    33460                      CANTENAC
 38       44.865164       -0.599440    33110                    LE BOUSCAT
 39       44.650882       -0.597753    33650                       SAUCATS
 40       44.811257       -0.782209    33127            SAINT-JEAN-D'ILLAC
 41       44.881793       -0.612747    33520                        BRUGES
 42       44.788171       -1.192911    33950               LEGE-CAP-FERRET
 43       45.151241       -0.822092    33112           SAINT-LAURENT-MEDOC
 44       44.707992       -0.400762    33550                     LANGOIRAN
 45       45.034305       -0.757465    33480                       AVENSAN
 46       45.108061       -0.341585    33620                     LARUSCADE
 47       45.305814       -0.935190    33340                LESPARRE-MEDOC
 48       45.015554       -0.379659    33240                      SALIGNAC
 49       44.981576       -0.603733    33290                   LUDON-MEDOC
 50       44.952751       -0.535018    33440    SAINT-LOUIS-DE-MONTFERRAND
 51       44.881733       -0.428520    33450                     MONTUSSAN
 52       44.881733       -0.428520    33450                     MONTUSSAN
 53       45.039168       -0.559610    33710                         BOURG
 54       44.998640       -0.688407    33460                         ARSAC
 55       44.904651       -0.669405    33320              LE TAILLAN-MEDOC
 56       44.954999       -0.670218    33290                 LE PIAN-MEDOC
 57       45.014104       -0.001502    33660       SAINT-SEURIN-SUR-L'ISLE
 58       44.844877       -0.656358    33700                      MERIGNAC
 59       44.581109       -0.041319    33190                      LA REOLE
 60       44.811257       -0.782209    33127            SAINT-JEAN-D'ILLAC
 61       44.603635       -0.551910    33650        CABANAC-ET-VILLAGRAINS
 62       44.603635       -0.551910    33650        CABANAC-ET-VILLAGRAINS
 63       44.584143       -0.090259    33190             GIRONDE-SUR-DROPT
 64       44.880543       -0.461489    33370                         YVRAC
 65       44.765102       -1.139335    33740                          ARES
 66       44.894144       -0.500588    33560                  CARBON-BLANC
 67       45.070010       -0.097906    33230                 LES PEINTURES
 68       44.949033       -0.096263    33570                        LUSSAC
 69       44.981576       -0.603733    33290                   LUDON-MEDOC
 70       45.129955       -0.508183    33920      SAINT-CHRISTOLY-DE-BLAYE
 71       45.060237       -0.767542    33480               MOULIS-EN-MEDOC
 72       44.741163       -0.684355    33610                        CESTAS
 73       44.899835       -0.516238    33530                       BASSENS
 74       45.291521       -0.614662    33820       SAINT-CIERS-SUR-GIRONDE
 75       44.755627       -1.063549    33510            ANDERNOS-LES-BAINS
 76       44.692314       -0.086631    33540         SAUVETERRE-DE-GUYENNE
 77       44.585453       -0.295690    33210                      PREIGNAC
 78       45.073918       -0.793207    33480                 LISTRAC-MEDOC
 79       44.865164       -0.599440    33110                    LE BOUSCAT
 80       47.753791       -1.706853    33148                        LANTON
 81       45.041699       -0.185577    33230                       GUITRES
 82       45.430846       -1.035981    33590         SAINT-VIVIEN-DE-MEDOC
 83       45.037010       -0.439265    33240                       PEUJARD
 84       44.664947       -0.352609    33410                         RIONS
 85       45.049379       -0.502442    33710                       TAURIAC
 86       45.055982       -0.699828    33460                      SOUSSANS
 87       45.025748       -0.194385    33910                       SABLONS
 88       44.642114       -0.976619    33380                       BIGANOS
 89       45.224311       -0.572709    33820                     ETAULIERS
 90       44.732496       -0.462423    33880                        CAMBES
 91       44.649813       -0.503321    33650                SAINT-MORILLON
 92       44.782532       -0.405586    33670                       SADIRAC
 93       45.126841       -0.662941    33390                         BLAYE
 94       44.428094       -0.489757    33113              SAINT-SYMPHORIEN
 95       44.774325       -0.348516    33670                         CREON
 96       44.649956        0.080319    33580                      MONSEGUR
 97       44.885793       -0.648815    33320                       EYSINES
 98       45.229446       -0.832658    33250                  CISSAC-MEDOC
 99       44.291534       -0.261723    33840                      CAPTIEUX
100       45.128937       -0.619715    33390                          CARS
101       44.971536       -0.453351    33240              CUBZAC-LES-PONTS
102       44.840366       -0.774901    33127           MARTIGNAS-SUR-JALLE
103       44.910084       -0.635244    33290                   BLANQUEFORT
104       44.755627       -1.063549    33510            ANDERNOS-LES-BAINS
105       44.860451       -0.490935    33370        ARTIGUES-PRES-BORDEAUX
106       44.650882       -0.597753    33650                       SAUCATS
107       44.637022       -0.320481    33410                      CADILLAC
108       45.070010       -0.097906    33230                 LES PEINTURES
109       45.362530       -0.976860    33340                       QUEYRAC
110       44.784806       -0.496863    33360                      LATRESNE
111       45.039168       -0.559610    33710                         BOURG
112       45.322796       -0.957188    33340              GAILLAN-EN-MEDOC
113       44.762324       -0.654621    33610                       CANEJAN
114       44.998640       -0.688407    33460                         ARSAC
115       45.081868       -0.495917    33710                        PUGNAC
116       44.920034       -0.361672    33450                          IZON
117       44.750378       -0.436507    33880     SAINT-CAPRAIS-DE-BORDEAUX
118       44.895295       -0.718100    33160        SAINT-MEDARD-EN-JALLES
119       44.607906       -0.317094    33720                        BARSAC
120       44.754501       -0.487497    33360                       QUINSAC
121       44.994560       -0.445865    33240         SAINT-ANDRE-DE-CUBZAC
122       44.741163       -0.684355    33610                        CESTAS
123       44.565289       -0.226334    33490                 SAINT-MACAIRE
124       45.199585       -0.746212    33250                      PAUILLAC
125       44.964653       -0.884992    33480                 SAINTE-HELENE
126       45.126841       -0.662941    33390                         BLAYE
127       44.755835       -0.529588    33140                      CADAUJAC
128       44.998640       -0.688407    33460                         ARSAC
129       44.734510       -0.264216    33760                        TARGON
130       44.813113       -0.474995    33360          CARIGNAN-DE-BORDEAUX
131       45.070304       -0.138679    33230                       LAGORCE
132       44.555419       -0.245126    33210                        LANGON
133       45.041699       -0.185577    33230                       GUITRES
134       44.865164       -0.599440    33110                    LE BOUSCAT
135       44.712698       -0.543056    33650                     MARTILLAC
136       45.234073       -0.507826    33860                       REIGNAC
137       44.896480       -0.319015    33870                        VAYRES
138       45.037010       -0.439265    33240                       PEUJARD
139       44.696540       -0.445107    33640               CASTRES-GIRONDE
140       45.014416       -0.056869    33230     SAINT-MEDARD-DE-GUIZIERES
141       44.913130       -0.723511    33160          SAINT-AUBIN-DE-MEDOC
142       44.805830       -0.630386    33600                        PESSAC
143       44.860451       -0.490935    33370        ARTIGUES-PRES-BORDEAUX
144       44.691837       -0.854150    33380                   MARCHEPRIME
145       45.264810       -0.771782    33180                 SAINT-ESTEPHE
146       44.635606       -1.020876    33470                      LE TEICH
147       44.850991       -0.439564    33370                     POMPIGNAC
148       45.546371       -1.061701    33123             LE VERDON-SUR-MER
149       45.016861       -0.464529    33240                 SAINT-GERVAIS
150       45.025748       -0.194385    33910                       SABLONS
151       44.754501       -0.487497    33360                       QUINSAC
152       44.971536       -0.453351    33240              CUBZAC-LES-PONTS
153       44.572329       -0.190465    33490       SAINT-PIERRE-D'AURILLAC
154       45.114400       -0.730771    33460             CUSSAC-FORT-MEDOC
155       44.652800       -1.169200    33120                      ARCACHON
156       44.979238       -0.381466    33240           LA LANDE-DE-FRONSAC
157       44.992185       -0.205139    33910           SAINT-DENIS-DE-PILE
158       45.040670       -0.129361    33230                       COUTRAS
159       44.835009       -0.587269    33000                      BORDEAUX
160       44.649813       -0.503321    33650                SAINT-MORILLON
161       44.875478       -0.189930    33330    SAINT-SULPICE-DE-FALEYRENS
162       44.769478       -0.311523    33670                      LA SAUVE
163       45.029978       -0.492785    33710           PRIGNAC-ET-MARCAMPS
164       44.784806       -0.496863    33360                      LATRESNE
165       44.850991       -0.439564    33370                     POMPIGNAC
166       44.875478       -0.189930    33330    SAINT-SULPICE-DE-FALEYRENS
167       45.430846       -1.035981    33590         SAINT-VIVIEN-DE-MEDOC
168       44.910800       -0.389400    33450     SAINT-SULPICE-ET-CAMEYRAC
169       45.042035       -0.677519    33460                       MARGAUX
170       45.037010       -0.439265    33240                       PEUJARD
171       44.774325       -0.348516    33670                         CREON
172       44.830555       -0.527552    33270                       FLOIRAC
173       44.755627       -1.063549    33510            ANDERNOS-LES-BAINS
174       44.873167       -0.677914    33185                    LE HAILLAN
175       47.753791       -1.706853    33148                        LANTON
176       45.264810       -0.771782    33180                 SAINT-ESTEPHE
177       44.910084       -0.635244    33290                   BLANQUEFORT
178       44.912998       -0.243985    33500                      LIBOURNE
179       45.009296       -0.611681    33460                         MACAU
180       44.762324       -0.654621    33610                       CANEJAN
181       44.964653       -0.884992    33480                 SAINTE-HELENE
182       44.920034       -0.361672    33450                          IZON
183       45.070010       -0.097906    33230                 LES PEINTURES
184       44.952751       -0.535018    33440    SAINT-LOUIS-DE-MONTFERRAND
185       45.108061       -0.341585    33620                     LARUSCADE
186       44.967462       -0.307726    33141                    VILLEGOUGE
187       44.880163       -0.523108    33310                       LORMONT
188       44.782532       -0.405586    33670                       SADIRAC
