81 57
  0       49.304436        6.102592    57290                        FAMECK 
  1       50.700774        2.850462    57110                     BASSE-HAM
  2       49.251254        6.093352    57120                        ROMBAS
  3       49.321374        6.118282    57190                      FLORANGE
  4       49.128401        6.893721    57450                       THEDING
  5       49.050415        7.427276    57230                        BITCHE
  6       48.820138        6.507137    57170                CHATEAU-SALINS
  7       49.117400        6.650588    57740    LONGEVILLE-LES-SAINT-AVOLD
  8       48.668822        6.994674    57790                       LORQUIN
  9       48.637028        7.095904    57560                 ABRESCHVILLER
 10       49.275379        6.205451    57310                        BOUSSE
 11       49.203825        6.297588    57640                          VIGY
 12       49.225906        6.638257    57550                         FALCK
 13       46.825545        3.425204    57157                         MARLY
 14       49.159718        6.105481    57140                        SAULNY
 15       49.111330        7.100510    57115                  SARREINSMING
 16       48.767453        7.258613    57370                    PHALSBOURG
 17       49.321374        6.118282    57190                      FLORANGE
 18       49.140458        7.010272    57520                      ROUHLING
 19       49.471959        5.957249    57390                AUDUN-LE-TICHE
 20       49.218195        6.025674    57860           MONTOIS-LA-MONTAGNE
 21       49.115020        6.145779    57050           LONGEVILLE-LES-METZ
 22       49.115020        6.145779    57050           LONGEVILLE-LES-METZ
 23       49.201512        6.932073    57350                STIRING-WENDEL
 24       49.099860        6.152578    57158             MONTIGNY-LES-METZ
 25       49.146061        6.857303    57800                      COCHEREN
 26       49.067687        7.219511    57410               GROS-REDERCHING
 27       49.229178        6.012681    57118       SAINTE-MARIE-AUX-CHENES
 28       49.041197        6.194281    57420                        FLEURY
 29       49.272195        6.135310    57175                     GANDRANGE
 30       49.194832        6.970698    57350                     SPICHEREN
 31       49.014440        7.338044    57410                    ENCHENBERG
 32       49.441228        6.017698    57840                       OTTANGE
 33       48.810313        6.717570    57260                        DIEUZE
 34       49.186515        6.895295    57600                       FORBACH
 35       49.321374        6.118282    57190                      FLORANGE
 36       48.820138        6.507137    57170                CHATEAU-SALINS
 37       49.272195        6.135310    57175                     GANDRANGE
 38       49.177385        6.677247    57890                        DIESEN
 39       49.224203        6.608125    57550           HARGARTEN-AUX-MINES
 40       48.820138        6.507137    57170                CHATEAU-SALINS
 41       49.034966        6.059435    57680             CORNY-SUR-MOSELLE
 42       49.099860        6.152578    57158             MONTIGNY-LES-METZ
 43       49.321374        6.118282    57190                      FLORANGE
 44       49.298760        6.202837    57310                      GUENANGE
 45       49.201512        6.932073    57350                STIRING-WENDEL
 46       49.056093        6.574506    57690                      CREHANGE
 47       49.143489        6.116347    57050                LORRY-LES-METZ
 48       48.999639        7.029931    57430                      SARRALBE
 49       49.140458        7.010272    57520                      ROUHLING
 50       49.115020        6.145779    57050           LONGEVILLE-LES-METZ
 51       48.999639        7.029931    57430                      SARRALBE
 52       49.220507        6.923948    57350                     SCHOENECK
 53       49.218195        6.025674    57860           MONTOIS-LA-MONTAGNE
 54       49.106031        7.070862    57200                 SARREGUEMINES
 55       49.271040        6.232809    57310        RURANGE-LES-THIONVILLE
 56       49.121560        6.287628    57117              MONTOY-FLANVILLE
 57       49.352946        6.264421    57134                      DISTROFF
 58       49.242948        6.206404    57300                AY-SUR-MOSELLE
 59       48.810313        6.717570    57260                        DIEUZE
 60       49.351628        6.208508    57110                       KUNTZIG
 61       49.083513        6.697845    57730                       VALMONT
 62       49.130706        6.844523    57800        BENING-LES-SAINT-AVOLD
 63       49.115020        6.145779    57050           LONGEVILLE-LES-METZ
 64       49.182685        6.992618    57520                       ALSTING
 65       49.235000        6.168168    57525                       TALANGE
 66       49.167409        6.714006    57490                       CARLING
 67       49.146198        6.811347    57800            FREYMING-MERLEBACH
 68       49.108900        6.404660    57530            COURCELLES-CHAUSSY
 69       49.313348        6.022289    57700                      NEUFCHEF
 70       49.102414        6.777021    57730                      MACHEREN
 71       49.294778        6.138459    57120                VITRY-SUR-ORNE
 72       49.357571        6.168426    57100                    THIONVILLE
 73       49.178079        6.963674    57460                       ETZLING
 74       49.090204        7.089722    57200                     REMELFING
 75       49.038345        7.252424    57410                        BINING
 76       49.203825        6.297588    57640                          VIGY
 77       49.108900        6.404660    57530            COURCELLES-CHAUSSY
 78       49.407626        6.151378    57330               HETTANGE-GRANDE
 79       46.825545        3.425204    57157                         MARLY
 80       49.194832        6.970698    57350                     SPICHEREN
 81       49.111330        7.100510    57115                  SARREINSMING
 82       46.825545        3.425204    57157                         MARLY
 83       49.146061        6.857303    57800                      COCHEREN
 84       49.056093        6.574506    57690                      CREHANGE
 85       48.782266        6.529863    57630                VIC-SUR-SEILLE
 86       48.732663        7.052587    57400                    SARREBOURG
 87       49.146198        6.811347    57800            FREYMING-MERLEBACH
 88       49.194832        6.970698    57350                     SPICHEREN
 89       49.113710        6.831219    57450                    SEINGBOUSE
 90       49.026621        7.036271    57430                    WILLERWALD
 91       49.251254        6.093352    57120                        ROMBAS
 92       49.356178        5.996259    57650                        FONTOY
 93       49.321374        6.118282    57190                      FLORANGE
 94       49.209857        6.135184    57159              MARANGE-SILVANGE
 95       49.093158        6.896006    57450                  FARSCHVILLER
 96       49.146198        6.811347    57800            FREYMING-MERLEBACH
 97       48.958324        7.335214    57960                        SOUCHT
 98       49.244734        6.666165    57550                        MERTEN
 99       49.224203        6.608125    57550           HARGARTEN-AUX-MINES
100       49.053754        5.998718    57680                         GORZE
101       48.992927        7.307034    57410                     MONTBRONN
102       49.067687        7.219511    57410               GROS-REDERCHING
103       49.109561        6.940781    57980                      DIEBLING
104       49.125212        6.775558    57470                 HOMBOURG-HAUT
105       49.026621        7.036271    57430                    WILLERWALD
106       43.470480        0.929237    57117                      RETONFEY
107       49.178079        6.963674    57460                       ETZLING
108       49.115020        6.145779    57050           LONGEVILLE-LES-METZ
109       49.417778        5.942697    57710                        AUMETZ
110       49.006689        6.204163    57420                         VERNY
111       49.109561        6.940781    57980                      DIEBLING
112       48.810313        6.717570    57260                        DIEUZE
113       49.275379        6.205451    57310                        BOUSSE
114       48.922901        6.635795    57340                      MORHANGE
115       49.090204        7.089722    57200                     REMELFING
116       49.106506        6.108703    57160              MOULINS-LES-METZ
117       49.156407        6.655159    57890                    PORCELETTE
118       49.073076        6.184517    57000                          METZ
119       49.251330        6.045199    57250               MOYEUVRE-GRANDE
120       49.125212        6.775558    57470                 HOMBOURG-HAUT
121       48.810313        6.717570    57260                        DIEUZE
122       49.283180        6.161036    57270                     RICHEMONT
123       49.057810        6.660408    57114               TETING-SUR-NIED
124       49.074610        6.222360    57245                        PELTRE
125       48.820138        6.507137    57170                CHATEAU-SALINS
126       49.224203        6.608125    57550           HARGARTEN-AUX-MINES
127       49.109561        6.940781    57980                      DIEBLING
128       49.352946        6.264421    57134                      DISTROFF
129       49.076031        6.683375    57730                  FOLSCHVILLER
130       49.057810        6.660408    57114               TETING-SUR-NIED
131       49.290564        6.536161    57320                   BOUZONVILLE
132       49.057810        6.660408    57114               TETING-SUR-NIED
133       49.290564        6.536161    57320                   BOUZONVILLE
134       49.200071        6.213503    57640                       ARGANCY
135       48.725255        7.089715    57116                   NIDERVILLER
136       49.405292        5.981066    57710                     TRESSANGE
137       48.782266        6.529863    57630                VIC-SUR-SEILLE
138       49.154942        7.027738    57520             GROSBLIEDERSTROFF
139       49.143489        6.116347    57050                LORRY-LES-METZ
140       49.106591        7.043208    57145                   WOUSTVILLER
141       49.090204        7.089722    57200                     REMELFING
142       49.038345        7.252424    57410                        BINING
143       49.036100        6.102004    57176                         AUGNY
144       49.147768        6.894008    57600                      FOLKLING
145       49.117400        6.650588    57740    LONGEVILLE-LES-SAINT-AVOLD
146       49.102414        6.777021    57730                      MACHEREN
147       49.146198        6.811347    57800            FREYMING-MERLEBACH
148       49.053230        6.929866    57510           PUTTELANGE-AUX-LACS
149       49.218195        6.025674    57860           MONTOIS-LA-MONTAGNE
150       49.041197        6.194281    57420                        FLEURY
151       49.056093        6.574506    57690                      CREHANGE
152       49.076031        6.683375    57730                  FOLSCHVILLER
153       49.148503        6.005609    57111                   AMANVILLERS
154       49.244734        6.666165    57550                        MERTEN
155       49.229178        6.012681    57118       SAINTE-MARIE-AUX-CHENES
156       49.109561        6.940781    57980                      DIEBLING
157       49.244734        6.666165    57550                        MERTEN
158       49.045390        7.266751    57410           ROHRBACH-LES-BITCHE
159       49.244734        6.666165    57550                        MERTEN
160       49.340238        6.040735    57240                      KNUTANGE
161       49.356178        5.996259    57650                        FONTOY
162       49.015366        6.970005    57510                       HOLVING
