128 18
  0       47.430376        2.384100    18380                     ENNORDRES 
  1       47.116644        2.824892    18140                          COUY
  2       46.931939        2.783819    18350        OUROUER-LES-BOURDELINS
  3       47.277909        2.698899    18250           NEUVY-DEUX-CLOCHERS
  4       46.975220        2.584302    18130                        VORNAY
  5       47.559322        2.444462    18410            ARGENT-SUR-SAULDRE
  6       47.363586        2.433502    18380        LA CHAPELLE-D'ANGILLON
  7       47.567606        2.253050    18410            BRINON-SUR-SAULDRE
  8       46.435863        2.250444    18370                   PREVERANGES
  9       47.215668        2.951815    18140                         HERRY
 10       46.916592        2.898247    18150             GERMIGNY-L'EXEMPT
 11       47.428834        2.756762    18260                       ASSIGNY
 12       47.186696        2.517544    18220                     SOULANGIS
 13       46.653293        2.387464    18170                LOYE-SUR-ARNON
 14       46.800109        2.714471    18210                      BANNEGON
 15       46.576569        2.353197    18270                        REIGNY
 16       46.750499        2.176182    18160                     LIGNIERES
 17       47.474495        2.515626    18700                         OIZON
 18       47.098864        2.570721    18390                NOHANT-EN-GOUT
 19       46.650466        2.370530    18170                      ARDENAIS
 20       46.934450        2.653513    18130                        OSMERY
 21       47.389206        2.357626    18380                        PRESLY
 22       46.664616        2.279402    18170         SAINT-PIERRE-LES-BOIS
 23       46.784568        2.371424    18190                      VALLENAY
 24       47.043864        2.560507    18390           SAVIGNY-EN-SEPTAINE
 25       47.046117        2.768158    18800                SALIGNY-LE-VIF
 26       47.165870        2.227867    18500                       ALLOUIS
 27       46.936179        2.269614    18400                        LUNERY
 28       47.132235        2.156712    18120                        QUINCY
 29       46.664616        2.279402    18170         SAINT-PIERRE-LES-BOIS
 30       47.225419        1.937537    18100     SAINT-GEORGES-SUR-LA-PREE
 31       47.099859        2.928251    18140                         PRECY
 32       46.857453        2.317307    18190          CHATEAUNEUF-SUR-CHER
 33       47.095633        2.176292    18120                      PREUILLY
 34       47.128718        2.057747    18120                LURY-SUR-ARNON
 35       47.062388        2.322142    18570       LA CHAPELLE-SAINT-URSIN
 36       46.992162        2.509740    18340                    SAINT-JUST
 37       47.152232        1.991003    18120                        MASSAY
 38       47.394114        2.816789    18240    SAINTE-GEMME-EN-SANCERROIS
 39       47.010805        2.294142    18570                    LE SUBDRAY
 40       47.425633        2.605382    18260                    VILLEGENON
 41       47.025535        3.032303    18320              COURS-LES-BARRES
 42       47.161858        2.728228    18800                       ETRECHY
 43       46.651061        2.520397    18360                    LA CELETTE
 44       47.010805        2.294142    18570                    LE SUBDRAY
 45       47.284317        2.885262    18300                  SAINT-BOUIZE
 46       47.062388        2.322142    18570       LA CHAPELLE-SAINT-URSIN
 47       47.499067        2.769474    18240                    SANTRANGES
 48       47.043864        2.560507    18390           SAVIGNY-EN-SEPTAINE
 49       46.768196        2.432664    18200             BRUERE-ALLICHAMPS
 50       47.190655        2.423613    18110      SAINT-GEORGES-SUR-MOULON
 51       46.831017        2.919734    18600                      SANCOINS
 52       46.782523        2.559230    18200                   ARPHEUILLES
 53       47.531694        2.531449    18410                    BLANCAFORT
 54       47.134273        2.546990    18220                SAINTE-SOLANGE
 55       47.137070        1.892884    18310              NOHANT-EN-GRACAY
 56       46.700066        2.541513    18200                    COLOMBIERS
 57       47.032319        2.131956    18290                          PLOU
 58       46.642365        2.576342    18200                     LA PERCHE
 59       46.930946        2.119643    18290                 SAINT-AMBROIX
 60       47.145637        2.217346    18500               MEHUN-SUR-YEVRE
 61       46.969018        2.292217    18400                 SAINT-CAPRAIS
 62       47.156950        2.922760    18140       SAINT-MARTIN-DES-CHAMPS
 63       47.157698        2.388912    18110                      VASSELAY
 64       47.185184        2.613415    18220                         RIANS
 65       46.997948        2.818766    18350                      NERONDES
 66       46.880691        2.160494    18290             MAREUIL-SUR-ARNON
 67       46.704534        2.477710    18200                       BOUZAIS
 68       46.697735        2.367775    18170                       MARCAIS
 69       46.970658        2.685650    18130                       RAYMOND
 70       47.343741        2.484830    18380                   IVOY-LE-PRE
 71       46.546844        2.350164    18270                         CULAN
 72       46.745172        2.759463    18210          BESSAIS-LE-FROMENTAL
 73       46.880691        2.160494    18290             MAREUIL-SUR-ARNON
 74       47.059424        2.368934    18000                       BOURGES
 75       46.704534        2.477710    18200                       BOUZAIS
 76       47.029225        2.222435    18400           VILLENEUVE-SUR-CHER
 77       46.969018        2.292217    18400                 SAINT-CAPRAIS
 78       46.925337        2.406943    18340                         LEVET
 79       47.109380        2.099182    18120                       CERBOIS
 80       46.546844        2.350164    18270                         CULAN
 81       47.277803        2.447003    18250                       ACHERES
 82       46.765460        2.712972    18210                       VERNAIS
 83       47.425633        2.605382    18260                    VILLEGENON
 84       47.073052        2.522614    18390                         OSMOY
 85       46.966644        2.174432    18290                        CIVRAY
 86       46.997948        2.818766    18350                      NERONDES
 87       47.248274        1.992231    18100                 MERY-SUR-CHER
 88       47.389206        2.357626    18380                        PRESLY
 89       46.651061        2.520397    18360                    LA CELETTE
 90       47.067507        3.013609    18320        MARSEILLES-LES-AUBIGNY
 91       46.985593        2.643848    18130               JUSSY-CHAMPAGNE
 92       46.726535        2.481495    18200                         ORVAL
 93       47.134273        2.546990    18220                SAINTE-SOLANGE
 94       47.128718        2.057747    18120                LURY-SUR-ARNON
 95       46.819610        3.029571    18600             MORNAY-SUR-ALLIER
 96       47.567579        2.304547    18410                       CLEMONT
 97       46.507869        2.318269    18270                    SIDIAILLES
 98       46.827140        2.112264    18160                 CHEZAL-BENOIT
 99       47.073261        2.650499    18800            FARGES-EN-SEPTAINE
100       47.488816        2.630104    18260                       BARLIEU
101       47.326278        2.709771    18300                  SENS-BEAUJEU
102       47.178127        2.159408    18500                         FOECY
103       47.081030        2.728245    18800                         BAUGY
104       46.650466        2.370530    18170                      ARDENAIS
105       47.073052        2.522614    18390                         OSMOY
106       46.729633        2.644202    18210             CHARENTON-DU-CHER
107       46.961733        3.052384    18150                         CUFFY
108       47.423678        2.874951    18240                     BOULLERET
109       46.849143        2.825895    18600                       SAGONNE
110       47.026932        2.490604    18340              SOYE-EN-SEPTAINE
111       47.183147        2.707786    18220                           AZY
112       47.086401        2.886679    18140                       GARIGNY
113       47.197817        2.571073    18220            LES AIX-D'ANGILLON
114       47.233018        2.420128    18110                  SAINT-PALAIS
115       46.823337        2.388094    18190        SAINT-LOUP-DES-CHAUMES
116       47.353113        2.589941    18250                 LA CHAPELOTTE
117       46.960251        2.532895    18340                        ANNOIX
118       47.156161        2.341660    18110              SAINT-ELOY-DE-GY
119       47.137070        1.892884    18310              NOHANT-EN-GRACAY
120       47.284317        2.885262    18300                  SAINT-BOUIZE
121       46.949343        2.341287    18340                         ARCAY
122       47.122645        3.002746    18140          SAINT-LEGER-LE-PETIT
123       46.905047        2.945080    18150             LA CHAPELLE-HUGON
124       47.310751        2.793093    18300                           BUE
125       47.277803        2.447003    18250                       ACHERES
126       46.887605        2.572022    18130                 DUN-SUR-AURON
127       47.482490        2.862991    18240                SURY-PRES-LERE
128       46.715845        2.421977    18200                      ORCENAIS
129       47.425633        2.605382    18260                    VILLEGENON
130       46.664616        2.279402    18170         SAINT-PIERRE-LES-BOIS
131       47.225518        2.319772    18110                       ALLOGNY
132       46.896855        2.728956    18350                          BLET
133       47.488779        2.440923    18700              AUBIGNY-SUR-NERE
134       46.949343        2.341287    18340                         ARCAY
135       47.182007        1.942862    18310           DAMPIERRE-EN-GRACAY
136       46.759015        2.402041    18200             FARGES-ALLICHAMPS
137       47.353113        2.589941    18250                 LA CHAPELOTTE
138       47.471202        2.872511    18240                          LERE
139       47.046119        2.987662    18320            JOUET-SUR-L'AUBOIS
140       46.800109        2.714471    18210                      BANNEGON
141       46.792703        2.184675    18160                LA CELLE-CONDE
142       47.489410        2.321900    18700               SAINTE-MONTAINE
143       46.799084        2.781960    18600                NEUILLY-EN-DUN
144       47.204324        2.417284    18110        SAINT-MARTIN-D'AUXIGNY
145       47.156117        2.916790    18140                    SANCERGUES
146       46.857453        2.317307    18190          CHATEAUNEUF-SUR-CHER
147       46.865609        3.038504    18600              NEUVY-LE-BARROIS
148       46.562103        2.201875    18370               CHATEAUMEILLANT
149       47.284317        2.885262    18300                  SAINT-BOUIZE
150       47.036725        2.278304    18570                   MORTHOMIERS
151       47.028080        2.097372    18290                      POISIEUX
152       46.994097        2.244033    18400        SAINT-FLORENT-SUR-CHER
153       47.225518        2.319772    18110                       ALLOGNY
154       47.129045        2.933265    18140            JUSSY-LE-CHAUDRIER
155       47.028080        2.097372    18290                      POISIEUX
156       46.827140        2.112264    18160                 CHEZAL-BENOIT
157       46.994097        2.244033    18400        SAINT-FLORENT-SUR-CHER
158       47.447671        2.307326    18700         MENETREOL-SUR-SAULDRE
159       46.507385        2.237117    18370                SAINT-SATURNIN
160       46.961733        3.052384    18150                         CUFFY
161       46.715845        2.421977    18200                      ORCENAIS
162       46.823337        2.388094    18190        SAINT-LOUP-DES-CHAUMES
163       47.350603        2.195829    18330                        NANCAY
164       47.142242        1.846102    18310                        GRACAY
165       46.940393        2.539522    18130          SAINT-DENIS-DE-PALIN
166       47.326278        2.709771    18300                  SENS-BEAUJEU
167       46.676717        2.423694    18200                       ARCOMPS
168       47.062388        2.322142    18570       LA CHAPELLE-SAINT-URSIN
169       47.197817        2.571073    18220            LES AIX-D'ANGILLON
170       47.225419        1.937537    18100     SAINT-GEORGES-SUR-LA-PREE
171       46.985593        2.643848    18130               JUSSY-CHAMPAGNE
172       46.745172        2.759463    18210          BESSAIS-LE-FROMENTAL
173       47.043954        2.914607    18320               MENETOU-COUTURE
174       47.248274        1.992231    18100                 MERY-SUR-CHER
175       47.157698        2.388912    18110                      VASSELAY
176       46.879244        2.878308    18600                       VEREAUX
177       46.994097        2.244033    18400        SAINT-FLORENT-SUR-CHER
178       47.369208        2.803366    18300                  SURY-EN-VAUX
179       46.930946        2.119643    18290                 SAINT-AMBROIX
180       47.185184        2.613415    18220                         RIANS
181       47.178127        2.159408    18500                         FOECY
182       46.823337        2.388094    18190        SAINT-LOUP-DES-CHAUMES
183       46.949343        2.341287    18340                         ARCAY
184       46.768196        2.432664    18200             BRUERE-ALLICHAMPS
185       47.313501        2.362809    18380                  MERY-ES-BOIS
186       47.120940        2.740358    18800                          GRON
187       47.110992        2.289686    18500                    BERRY-BOUY
188       47.032962        2.652172    18520                         AVORD
189       47.226647        2.203366    18330                 SAINT-LAURENT
190       46.996674        2.455291    18340           PLAIMPIED-GIVAUDINS
191       46.841078        2.818244    18600                      GIVARDON
192       46.887605        2.572022    18130                 DUN-SUR-AURON
193       47.178127        2.159408    18500                         FOECY
194       46.896855        2.728956    18350                          BLET
195       47.010805        2.294142    18570                    LE SUBDRAY
196       47.098864        2.570721    18390                NOHANT-EN-GOUT
197       46.676717        2.423694    18200                       ARCOMPS
198       46.966008        2.799871    18350                      FLAVIGNY
199       47.363586        2.433502    18380        LA CHAPELLE-D'ANGILLON
200       46.994097        2.244033    18400        SAINT-FLORENT-SUR-CHER
201       47.142242        1.846102    18310                        GRACAY
202       47.161858        2.728228    18800                       ETRECHY
203       47.059424        2.368934    18000                       BOURGES
204       46.435863        2.250444    18370                   PREVERANGES
205       47.170204        2.447279    18110                         PIGNY
206       46.831017        2.919734    18600                      SANCOINS
207       47.285192        2.829019    18300                         VINON
208       46.852950        2.376937    18190                     CHAVANNES
209       46.865609        3.038504    18600              NEUVY-LE-BARROIS
210       46.985593        2.643848    18130               JUSSY-CHAMPAGNE
211       47.036725        2.278304    18570                   MORTHOMIERS
212       46.690857        2.593358    18210                         COUST
213       47.011437        2.580733    18340                       CROSSES
214       47.256460        2.758027    18300                      VEAUGUES
215       47.241277        2.596071    18220                      MOROGUES
216       47.248274        1.992231    18100                 MERY-SUR-CHER
217       46.727320        2.174157    18160    SAINT-HILAIRE-EN-LIGNIERES
218       47.059424        2.368934    18000                       BOURGES
219       46.823337        2.388094    18190        SAINT-LOUP-DES-CHAUMES
220       46.765460        2.712972    18210                       VERNAIS
221       47.025535        3.032303    18320              COURS-LES-BARRES
222       47.049296        2.885497    18320     SAINT-HILAIRE-DE-GONDILLY
223       46.734819        2.433469    18200                      NOZIERES
224       47.507221        2.849960    18240          BELLEVILLE-SUR-LOIRE
225       46.768196        2.432664    18200             BRUERE-ALLICHAMPS
226       46.822109        2.653995    18210                     THAUMIERS
227       47.488816        2.630104    18260                       BARLIEU
228       47.248274        1.992231    18100                 MERY-SUR-CHER
229       47.109380        2.099182    18120                       CERBOIS
230       46.672707        2.178165    18170                         REZAY
231       46.994318        2.116665    18290                       CHAROST
232       46.966008        2.799871    18350                      FLAVIGNY
233       46.672707        2.178165    18170                         REZAY
234       46.507385        2.237117    18370                SAINT-SATURNIN
235       46.960251        2.532895    18340                        ANNOIX
236       47.161858        2.728228    18800                       ETRECHY
237       47.315155        2.253738    18330           NEUVY-SUR-BARANGEON
238       47.363586        2.433502    18380        LA CHAPELLE-D'ANGILLON
239       46.975220        2.584302    18130                        VORNAY
240       46.960251        2.532895    18340                        ANNOIX
241       47.340123        2.852459    18300                   SAINT-SATUR
242       47.303789        2.524380    18250                  HENRICHEMONT
243       47.049296        2.885497    18320     SAINT-HILAIRE-DE-GONDILLY
244       47.095633        2.176292    18120                      PREUILLY
245       47.340123        2.852459    18300                   SAINT-SATUR
246       46.558401        2.583510    18360          EPINEUIL-LE-FLEURIEL
247       46.792703        2.184675    18160                LA CELLE-CONDE
248       46.672707        2.178165    18170                         REZAY
249       47.567606        2.253050    18410            BRINON-SUR-SAULDRE
250       46.977195        2.965574    18150                    LE CHAUTAY
251       47.081030        2.728245    18800                         BAUGY
252       47.132235        2.156712    18120                        QUINCY
253       47.441623        2.808783    18240           SAVIGNY-EN-SANCERRE
254       47.384511        2.883098    18300                        BANNAY
255       47.185184        2.613415    18220                         RIANS
256       46.878099        2.938349    18600                    GROSSOUVRE
