58 5
  0       44.037941        5.629559     4150                         Banon 
  1       43.845682        6.221481     4360           Moustiers-Ste-Marie
  2       44.342707        6.028186     4250               Motte-du-Caire 
  3       44.405943        6.450343     4340                      Bréole 
  4       44.263251        6.268404     4140                        Barles
  5       44.027240        5.733590     4230                        Ongles
  6       43.935629        5.838351     4300                     Niozelles
  7       44.063282        5.971469     4600                      Montfort
  8       43.891489        5.775892     4300                       Dauphin
  9       44.258466        4.558459     4110                     Vachères
 10       44.092193        6.235976     4000               Digne-les-Bains
 11       43.957531        6.004412     4700                    Castellet 
 12       43.878385        5.835122     4130                          Volx
 13       44.182011        6.627112     4370                       Colmars
 14       44.342707        6.028186     4250               Motte-du-Caire 
 15       44.096701        6.554687     4170                 Thorame-Haute
 16       44.068012        6.134501     4510                        Aiglun
 17       44.182011        6.627112     4370                       Colmars
 18       43.770089        5.761583     4220                    Corbières
 19       44.129002        5.969630     4200                     Aubignosc
 20       43.891489        5.775892     4300                       Dauphin
 21       43.942826        6.171102     4270                     Estoublon
 22       44.062226        6.090943     4510                      Mirabeau
 23       43.988794        5.951540     4190                        Mées 
 24       44.147374        5.881415     4200                      Valbelle
 25       43.972521        5.683276     4150           Revest-des-Brousses
 26       43.981046        5.562505     4150            Simiane-la-Rotonde
 27       43.815664        6.641162     4120                     Peyroules
 28       43.773722        5.877596     4800             Gréoux-les-Bains
 29       43.913752        6.588184     4170                       Vergons
 30       44.264551        5.840844     4200                         Mison
 31       44.258466        4.558459     4110                     Vachères
 32       43.908839        6.696658     4240                        Ubraye
 33       43.811832        5.748411     4860                    Pierrevert
 34       44.194713        5.943191     4200                      Sisteron
 35       43.968386        5.889965     4700                          Lurs
 36       43.981046        5.562505     4150            Simiane-la-Rotonde
 37       44.429715        6.432235     4340                 Lauzet-Ubaye 
 38       43.966368        6.666861     4240                         Annot
 39       44.397845        6.338288     4140                      Montclar
 40       44.096701        6.554687     4170                 Thorame-Haute
 41       44.068012        6.134501     4510                        Aiglun
 42       44.045675        5.778438     4230         St-Etienne-les-Orgues
 43       43.981046        5.562505     4150            Simiane-la-Rotonde
 44       43.914706        5.921487     4700                       Oraison
 45       44.131286        6.280157     4420                       Marcoux
 46       44.182011        6.627112     4370                       Colmars
 47       44.147374        5.881415     4200                      Valbelle
 48       44.194713        5.943191     4200                      Sisteron
 49       43.898323        6.197871     4410                       St-Jurs
 50       44.090749        6.501077     4170                 Thorame-Basse
 51       44.131286        6.280157     4420                       Marcoux
 52       44.393330        6.571144     4400                      Thuiles 
 53       43.925525        6.125701     4270                   Bras-d'Asse
 54       43.835652        5.693817     4110                     Montfuron
 55       44.150084        6.149186     4380                        Thoard
 56       44.258466        4.558459     4110                     Vachères
 57       43.770089        5.761583     4220                    Corbières
 58       43.942826        6.171102     4270                     Estoublon
 59       43.817387        6.093344     4500                          Riez
 60       44.068012        6.134501     4510                        Aiglun
 61       44.162659        6.314172     4420                     Brusquet 
 62       44.044841        6.029483     4350                       Malijai
 63       44.147374        5.881415     4200                      Valbelle
 64       44.062226        6.090943     4510                      Mirabeau
 65       43.878385        5.835122     4130                          Volx
 66       44.044841        6.029483     4350                       Malijai
 67       44.178652        5.884651     4200                        Bevons
 68       43.817387        6.093344     4500                          Riez
 69       44.111198        6.013711     4290                       Volonne
 70       43.972521        5.683276     4150           Revest-des-Brousses
 71       44.393330        6.571144     4400                      Thuiles 
 72       44.135840        5.956196     4200                        Peipin
 73       43.925525        6.125701     4270                   Bras-d'Asse
 74       43.878385        5.835122     4130                          Volx
 75       43.835652        5.693817     4110                     Montfuron
 76       43.700617        6.038878     4500                       Quinson
 77       43.835652        5.693817     4110                     Montfuron
 78       44.156368        5.983809     4290                      Salignac
 79       43.892323        6.030041     4210                        Brunet
 80       43.835744        5.790916     4100                      Manosque
 81       43.956997        6.365157     4330                      Barrême
 82       44.429715        6.432235     4340                 Lauzet-Ubaye 
 83       44.156368        5.983809     4290                      Salignac
 84       44.085146        6.022833     4160                       Escale 
 85       43.908839        6.696658     4240                        Ubraye
 86       44.171376        5.742199     4200         St-Vincent-sur-Jabron
 87       43.845682        6.221481     4360           Moustiers-Ste-Marie
 88       44.401171        6.168421     4250                      Turriers
 89       43.864677        1.878075     4800          St-Martin-de-Brômes
 90       44.090749        6.501077     4170                 Thorame-Basse
 91       44.419221        6.175881     4250                   Bellaffaire
 92       43.910292        5.715194     4870      St-Michel-l'Observatoire
 93       44.131286        6.280157     4420                       Marcoux
 94       44.027240        5.733590     4230                        Ongles
 95       44.262008        5.960542     4200                      Valernes
 96       43.914274        6.406926     4330                         Senez
 97       43.917204        6.093956     4270              St-Julien-d'Asse
 98       44.092193        6.235976     4000               Digne-les-Bains
 99       44.429715        6.432235     4340                 Lauzet-Ubaye 
100       44.096701        6.554687     4170                 Thorame-Haute
101       43.996811        5.841006     4300                       Sigonce
102       44.083171        5.548266     4150                Revest-du-Bion
103       43.925525        6.125701     4270                   Bras-d'Asse
104       43.815664        6.641162     4120                     Peyroules
105       43.835744        5.790916     4100                      Manosque
106       43.837064        5.983242     4210                     Valensole
107       44.386300        6.650463     4400                 Barcelonnette
108       44.105058        6.113772     4380                        Barras
109       44.024400        6.383900     4330                       Clumanc
110       44.445049        6.373002     4340          St-Vincent-les-Forts
111       43.897640        5.852461     4180                    Villeneuve
112       44.049358        6.124422     4510                  Mallemoisson
113       44.143249        6.591834     4370                     Beauvezer
114       44.156368        5.983809     4290                      Salignac
115       43.980300        6.312800     4330               Chaudon-Norante
116       43.904688        5.798557     4300                      St-Maime
