73 79
  0       46.696916       -0.619091    79320     MOUTIERS-SOUS-CHANTEMERLE 
  1       47.044748       -0.259818    79290             ARGENTON-L'EGLISE
  2       46.789200       -0.057800    79600            ASSAIS-LES-JUMEAUX
  3       46.830781       -0.355659    79350                FAYE-L'ABBESSE
  4       46.258947       -0.345221    79230                       PRAHECQ
  5       46.948593       -0.192809    79100                         MISSE
  6       46.984616       -0.248469    79100              SAINTE-RADEGONDE
  7       46.721247       -0.588834    79320                    MONCOUTANT
  8       46.258947       -0.345221    79230                       PRAHECQ
  9       46.923546       -0.476291    79300          SAINT-AUBIN-DU-PLAIN
 10       46.634673       -0.511393    79240             VERNOUX-EN-GATINE
 11       46.223852       -0.485367    79360                 GRANZAY-GRIPT
 12       46.992200       -0.116400    79100       SAINT-LEGER-DE-MONTBRUN
 13       47.044748       -0.259818    79290             ARGENTON-L'EGLISE
 14       46.373375       -0.187375    79800                      SOUVIGNE
 15       46.962245       -0.216089    79100         SAINT-JEAN-DE-THOUARS
 16       46.197161       -0.671085    79210           MAUZE-SUR-LE-MIGNON
 17       46.227615       -0.125129    79500  SAINT-LEGER-DE-LA-MARTINIERE
 18       46.286448       -0.416943    79230                       AIFFRES
 19       46.660336       -0.238838    79200          CHATILLON-SUR-THOUET
 20       46.401343       -0.249778    79400                 AZAY-LE-BRULE
 21       47.078260       -0.271678    79290                BOUILLE-LORETZ
 22       46.292890        0.115592    79120                           ROM
 23       46.186754       -0.253861    79170                       PERIGNE
 24       46.180050       -0.474637    79360            BEAUVOIR-SUR-NIORT
 25       46.372080       -0.345117    79260                      FRANCOIS
 26       46.543365       -0.493783    79160                       FENIOUX
 27       46.660336       -0.238838    79200          CHATILLON-SUR-THOUET
 28       46.882721       -0.742659    79700           LA PETITE-BOISSIERE
 29       46.609637       -0.235316    79200                      POMPAIRE
 30       46.173421       -0.579252    79210                        USSEAU
 31       46.367670       -0.258748    79260                SAINTE-NEOMAYE
 32       46.223852       -0.485367    79360                 GRANZAY-GRIPT
 33       46.317453       -0.362227    79230                       VOUILLE
 34       46.936265       -0.589656    79250                   LES AUBIERS
 35       46.456100       -0.420300    79220                GERMOND-ROUVRE
 36       46.204571       -0.189690    79500        SAINT-ROMANS-LES-MELLE
 37       46.692941       -0.499719    79240                     LARGEASSE
 38       46.632804       -0.578209    79240                       L'ABSIE
 39       46.363063       -0.298512    79260                     LA CRECHE
 40       46.922909       -0.750806    79700                       MAULEON
 41       46.890904       -0.234097    79330                  SAINT-VARENT
 42       46.363063       -0.298512    79260                     LA CRECHE
 43       46.223852       -0.485367    79360                 GRANZAY-GRIPT
 44       46.516050       -0.289556    79310                      VERRUYES
 45       46.411593       -0.172909    79400                      NANTEUIL
 46       46.800390       -0.161702    79600                         LOUIN
 47       46.292890        0.115592    79120                           ROM
 48       46.580502       -0.594863    79240                    LE BUSSEAU
 49       46.155143       -0.483511    79360           PRISSE-LA-CHARRIERE
 50       46.631523       -0.294741    79200                     LE TALLUD
 51       46.862830       -0.607232    79140                  BRETIGNOLLES
 52       46.922909       -0.750806    79700                       MAULEON
 53       46.948593       -0.192809    79100                         MISSE
 54       46.302629       -0.051206    79120                          CHEY
 55       46.820776       -0.669988    79140                       CERIZAY
 56       46.187987       -0.540287    79360              LA FOYE-MONJAULT
 57       46.474894       -0.557308    79160                         ARDIN
 58       46.727863       -0.166042    79200                        GOURGE
 59       46.951073       -0.080291    79100                         OIRON
 60       46.413165       -0.203410    79400         SAINT-MAIXENT-L'ECOLE
 61       46.543365       -0.493783    79160                       FENIOUX
 62       46.842460       -0.492866    79300                     BRESSUIRE
 63       46.923546       -0.476291    79300          SAINT-AUBIN-DU-PLAIN
 64       46.321946       -0.585534    79510                        COULON
 65       46.485000       -0.403900    79220      CHAMPDENIERS-SAINT-DENIS
 66       46.323716       -0.464777    79000                         NIORT
 67       46.862830       -0.607232    79140                  BRETIGNOLLES
 68       46.770393       -0.649781    79380            LA FORET-SUR-SEVRE
 69       46.923546       -0.476291    79300          SAINT-AUBIN-DU-PLAIN
 70       46.922909       -0.750806    79700                       MAULEON
 71       46.474894       -0.557308    79160                         ARDIN
 72       46.204571       -0.189690    79500        SAINT-ROMANS-LES-MELLE
 73       47.046180       -0.354107    79290                        CERSAY
 74       46.782636       -0.680694    79380         SAINT-ANDRE-SUR-SEVRE
 75       46.571379       -0.305421    79310                 SAINT-PARDOUX
 76       46.580502       -0.594863    79240                    LE BUSSEAU
 77       46.632804       -0.578209    79240                       L'ABSIE
 78       46.692941       -0.499719    79240                     LARGEASSE
 79       46.796336       -0.358881    79350                        CHICHE
 80       46.295151       -0.635090    79270             LE VANNEAU-IRLEAU
 81       46.470965       -0.506777    79160                      BECELEUF
 82       46.992200       -0.116400    79100       SAINT-LEGER-DE-MONTBRUN
 83       46.222442       -0.041638    79500       SAINT-VINCENT-LA-CHATRE
 84       46.220694       -0.165277    79500        SAINT-MARTIN-LES-MELLE
 85       46.782636       -0.680694    79380         SAINT-ANDRE-SUR-SEVRE
 86       46.976154       -0.216803    79100                       THOUARS
 87       46.800390       -0.161702    79600                         LOUIN
 88       46.491726       -0.255911    79400       SAINT-GEORGES-DE-NOISNE
 89       46.220694       -0.165277    79500        SAINT-MARTIN-LES-MELLE
 90       46.650913       -0.355739    79450          SAINT-AUBIN-LE-CLOUD
 91       46.580502       -0.594863    79240                    LE BUSSEAU
 92       46.398008       -0.137121    79800                  SAINTE-EANNE
 93       46.820776       -0.669988    79140                       CERIZAY
 94       46.773964       -0.435422    79300                        BOISME
 95       46.275133       -0.587151    79270                       SANSAIS
 96       46.456100       -0.420300    79220                GERMOND-ROUVRE
 97       46.381592       -0.388709    79410                  SAINT-GELAIS
 98       46.716915       -0.403792    79350                        CLESSE
 99       46.195949       -0.414228    79360                       MARIGNY
100       46.370808       -0.526171    79410                    SAINT-REMY
101       46.954741       -0.391193    79150        MOUTIERS-SOUS-ARGENTON
102       46.399229       -0.479391    79410                  SAINT-MAXIRE
103       46.399229       -0.479391    79410                  SAINT-MAXIRE
104       46.275133       -0.587151    79270                       SANSAIS
105       46.481744       -0.599510    79160        COULONGES-SUR-L'AUTIZE
106       46.237128       -0.348131    79230     SAINT-MARTIN-DE-BERNEGOUE
107       46.391519       -0.414941    79410                        ECHIRE
108       46.195949       -0.414228    79360                       MARIGNY
109       46.363063       -0.298512    79260                     LA CRECHE
110       46.922909       -0.750806    79700                       MAULEON
111       46.234752       -0.409674    79230                          FORS
112       46.302629       -0.051206    79120                          CHEY
113       46.675071       -0.149136    79200                   LA PEYRATTE
114       46.716915       -0.403792    79350                        CLESSE
115       46.824650       -0.138802    79600                      AIRVAULT
116       46.582368       -0.382400    79130                       ALLONNE
117       46.948593       -0.192809    79100                         MISSE
118       46.292890        0.115592    79120                           ROM
119       46.441299       -0.600332    79160                 SAINT-POMPAIN
120       46.314704       -0.543272    79460                         MAGNE
121       46.497168       -0.057722    79340                     MENIGOUTE
122       46.632804       -0.578209    79240                       L'ABSIE
123       46.842460       -0.492866    79300                     BRESSUIRE
124       46.924828       -0.117055    79100                         TAIZE
125       47.046180       -0.354107    79290                        CERSAY
126       46.692941       -0.499719    79240                     LARGEASSE
127       47.046180       -0.354107    79290                        CERSAY
128       46.890904       -0.234097    79330                  SAINT-VARENT
129       46.580502       -0.594863    79240                    LE BUSSEAU
130       46.580502       -0.594863    79240                    LE BUSSEAU
131       46.220694       -0.165277    79500        SAINT-MARTIN-LES-MELLE
132       46.372080       -0.345117    79260                      FRANCOIS
133       46.296803       -0.691424    79210                        ARCAIS
134       46.220694       -0.165277    79500        SAINT-MARTIN-LES-MELLE
135       47.078260       -0.271678    79290                BOUILLE-LORETZ
136       46.411593       -0.172909    79400                      NANTEUIL
137       46.204571       -0.189690    79500        SAINT-ROMANS-LES-MELLE
138       46.923546       -0.476291    79300          SAINT-AUBIN-DU-PLAIN
139       46.660336       -0.238838    79200          CHATILLON-SUR-THOUET
140       46.370808       -0.526171    79410                    SAINT-REMY
141       46.623269       -0.351830    79130               AZAY-SUR-THOUET
142       46.692941       -0.499719    79240                     LARGEASSE
143       46.286448       -0.416943    79230                       AIFFRES
144       46.292890        0.115592    79120                           ROM
145       46.433351       -0.192310    79400                      EXIREUIL
146       46.824650       -0.138802    79600                      AIRVAULT
