85 80
  0       49.818782        2.798675    80320                      CHAULNES 
  1       50.012310        2.197293    80650                    VIGNACOURT
  2       49.845461        2.390545    80440                         BOVES
  3       50.030131        1.541881    80570                    EMBREVILLE
  4       50.129727        1.881903    80132                        CAOURS
  5       50.183772        1.770734    80970           SAILLY-FLIBEAUCOURT
  6       49.808007        2.279703    80680                       RUMIGNY
  7       49.901187        2.448775    80800                        DAOURS
  8       49.916388        2.226283    80730             DREUIL-LES-AMIENS
  9       49.725672        2.329111    80250               CHAUSSOY-EPAGNY
 10       50.012310        2.197293    80650                    VIGNACOURT
 11       49.745918        2.647089    80910                     ARVILLERS
 12       49.997370        2.319457    80260                VILLERS-BOCAGE
 13       49.997370        2.319457    80260                VILLERS-BOCAGE
 14       49.738617        2.985799    80400                      HOMBLEUX
 15       49.993005        1.877686    80490                   HALLENCOURT
 16       50.212239        1.775855    80860                       NOUVION
 17       49.941594        2.441130    80115                 PONT-NOYELLES
 18       46.170359       -1.204755    80530           BETHENCOURT-SUR-MER
 19       50.052289        2.185681    80670                       PERNOIS
 20       50.183758        1.708922    80860              NOYELLES-SUR-MER
 21       49.825023        2.079570    80710                 QUEVAUVILLERS
 22       49.775459        2.173221    80160                      LOEUILLY
 23       50.252468        1.882892    80150             CRECY-EN-PONTHIEU
 24       50.068566        1.830544    80132               MAREUIL-CAUBERT
 25       50.012500        1.990754    80510      LONGPRE-LES-CORPS-SAINTS
 26       50.054755        1.903714    80580                     PONT-REMY
 27       49.911990        3.013818    80200                      CARTIGNY
 28       49.825023        2.079570    80710                 QUEVAUVILLERS
 29       49.997370        2.319457    80260                VILLERS-BOCAGE
 30       50.120030        1.567928    80960                 SAINT-BLIMONT
 31       50.104494        1.888828    80132        VAUCHELLES-LES-QUESNOY
 32       50.022850        2.034519    80830                      L'ETOILE
 33       49.816777        2.646465    80170                          CAIX
 34       50.067199        1.574337    80390                FRESSENNEVILLE
 35       49.862424        2.341769    80330                         CAGNY
 36       49.847326        2.669466    80131                  HARBONNIERES
 37       50.099534        1.587679    80390                         NIBAS
 38       49.970927        2.206718    80310       SAINT-VAAST-EN-CHAUSSEE
 39       49.843045        2.230429    80480               VERS-SUR-SELLES
 40       50.032163        2.280214    80260                        NAOURS
 41       49.816777        2.646465    80170                          CAIX
 42       49.938271        2.212312    80470                 SAINT-SAUVEUR
 43       49.775453        1.984630    80290              POIX-DE-PICARDIE
 44       50.031138        1.487610    80220       BOUVAINCOURT-SUR-BRESLE
 45       49.852138        3.045184    80200                MONCHY-LAGACHE
 46       50.212239        1.775855    80860                       NOUVION
 47       49.983913        3.160071    80740                       RONSSOY
 48       49.941594        2.441130    80115                 PONT-NOYELLES
 49       50.012500        1.990754    80510      LONGPRE-LES-CORPS-SAINTS
 50       50.105332        1.524270    80130                   BOURSEVILLE
 51       49.987992        2.964509    80760                     MOISLAINS
 52       49.852138        3.045184    80200                MONCHY-LAGACHE
 53       50.042421        1.525462    80570                      DARGNIES
 54       49.954986        1.765721    80140                      OISEMONT
 55       50.120030        1.567928    80960                 SAINT-BLIMONT
 56       50.101557        1.447391    80460                          AULT
 57       50.009652        2.864661    80360                       COMBLES
 58       50.142047        1.871331    80132                        DRUCAT
 59       50.009743        2.524432    80300                WARLOY-BAILLON
 60       49.740625        2.152483    80160                         CONTY
 61       49.947652        2.313408    80260                  POULAINVILLE
 62       49.987992        2.964509    80760                     MOISLAINS
 63       49.983913        3.160071    80740                       RONSSOY
 64       50.188648        1.629695    80230        SAINT-VALERY-SUR-SOMME
 65       50.099534        1.587679    80390                         NIBAS
 66       49.846762        1.902921    80640               HORNOY-LE-BOURG
 67       49.748450        3.072472    80400                           HAM
 68       50.060969        1.608248    80210           FEUQUIERES-EN-VIMEU
 69       49.980495        2.064342    80310             HANGEST-SUR-SOMME
 70       49.831492        2.223248    80480             BACOUEL-SUR-SELLE
 71       49.966225        2.136139    80310              BELLOY-SUR-SOMME
 72       50.075689        1.994269    80690         AILLY-LE-HAUT-CLOCHER
 73       50.188648        1.629695    80230        SAINT-VALERY-SUR-SOMME
 74       50.054755        1.903714    80580                     PONT-REMY
 75       50.101557        1.447391    80460                          AULT
 76       49.911990        3.013818    80200                      CARTIGNY
 77       49.906598        2.807036    80980        DOMPIERRE-BECQUINCOURT
 78       49.911990        3.013818    80200                      CARTIGNY
 79       49.971170        2.300104    80260                    BERTANGLES
 80       49.878900        3.007500    80200                  ESTREES-MONS
 81       50.018656        2.386115    80260                      RUBEMPRE
 82       50.018656        2.386115    80260                      RUBEMPRE
 83       50.105467        1.836833    80100                     ABBEVILLE
 84       49.944008        2.143113    80310                     PICQUIGNY
 85       50.212239        1.775855    80860                       NOUVION
 86       49.817681        2.319700    80680             SAINS-EN-AMIENOIS
 87       50.001357        2.651604    80300                        ALBERT
 88       50.054755        1.903714    80580                     PONT-REMY
 89       49.924529        2.283151    80080                        AMIENS
 90       50.110188        1.495075    80460                     WOIGNARUE
 91       50.009743        2.524432    80300                WARLOY-BAILLON
 92       49.592035        2.654225    80500                        ROLLOT
 93       49.775453        1.984630    80290              POIX-DE-PICARDIE
 94       50.067199        1.574337    80390                FRESSENNEVILLE
 95       50.099534        1.587679    80390                         NIBAS
 96       50.001357        2.651604    80300                        ALBERT
 97       50.092719        2.730405    80300                     MIRAUMONT
 98       50.097933        1.718334    80132                       MIANNAY
 99       49.976610        3.102665    80112                VILLERS-FAUCON
100       50.130552        2.164598    80370                    BERNAVILLE
101       50.014896        2.081070    80420                    FLIXECOURT
102       49.756772        2.362273    80250                AILLY-SUR-NOYE
103       50.052289        2.185681    80670                       PERNOIS
104       49.846762        1.902921    80640               HORNOY-LE-BOURG
105       50.065178        1.537761    80520                     WOINCOURT
106       50.001357        2.651604    80300                        ALBERT
107       50.341256        1.568835    80790              FORT-MAHON-PLAGE
108       50.090726        1.550066    80130           FRIVILLE-ESCARBOTIN
109       50.003120        2.260022    80260                    FLESSELLES
110       50.042421        1.525462    80570                      DARGNIES
111       49.880189        2.424026    80440              BLANGY-TRONVILLE
112       49.872722        2.355370    80330                      LONGUEAU
113       49.838889        2.315874    80680                 SAINT-FUSCIEN
114       50.097933        1.718334    80132                       MIANNAY
115       49.725672        2.329111    80250               CHAUSSOY-EPAGNY
116       50.034602        1.616963    80210                    AIGNEVILLE
117       50.031138        1.487610    80220       BOUVAINCOURT-SUR-BRESLE
118       50.012500        1.990754    80510      LONGPRE-LES-CORPS-SAINTS
119       49.846762        1.902921    80640               HORNOY-LE-BOURG
120       52.315649       -8.383260    80530                         TULLY
121       49.843982        1.778633    80430            BEAUCAMPS-LE-VIEUX
122       49.963120        1.897789    80270                        ALLERY
123       50.006489        3.130446    80740                         EPEHY
124       49.757425        2.910174    80190                         NESLE
125       49.946600        3.097787    80240                        ROISEL
126       49.881692        2.243270    80480                  PONT-DE-METZ
127       49.962336        2.617619    80810                       MEAULTE
128       49.838889        2.315874    80680                 SAINT-FUSCIEN
129       50.104494        1.888828    80132        VAUCHELLES-LES-QUESNOY
130       49.592035        2.654225    80500                        ROLLOT
131       49.767516        2.272968    80160                      ORESMAUX
132       49.899016        2.217329    80730                       SAVEUSE
133       50.197258        2.412337    80600                       LUCHEUX
134       49.592035        2.654225    80500                        ROLLOT
135       50.036949        2.121614    80610                    SAINT-OUEN
136       49.937555        2.430648    80115                      QUERRIEU
137       50.054755        1.903714    80580                     PONT-REMY
138       49.825023        2.079570    80710                 QUEVAUVILLERS
139       50.071840        1.749701    80870                  MOYENNEVILLE
140       49.843982        1.778633    80430            BEAUCAMPS-LE-VIEUX
141       49.888952        1.716449    80140                     SENARPONT
142       49.843045        2.230429    80480               VERS-SUR-SELLES
143       50.066878        1.396677    80350                MERS-LES-BAINS
144       49.775459        2.173221    80160                      LOEUILLY
145       49.924529        2.283151    80080                        AMIENS
146       49.853564        2.977433    80200                        ATHIES
147       49.966225        2.136139    80310              BELLOY-SUR-SOMME
148       50.197258        2.412337    80600                       LUCHEUX
149       50.046414        2.149844    80850        BERTEAUCOURT-LES-DAMES
150       50.052289        2.185681    80670                       PERNOIS
151       50.316400        1.635199    80120                         QUEND
152       49.881692        2.243270    80480                  PONT-DE-METZ
153       50.142047        1.871331    80132                        DRUCAT
154       49.741860        3.051204    80400                     EPPEVILLE
155       49.954986        1.765721    80140                      OISEMONT
156       49.906598        2.807036    80980        DOMPIERRE-BECQUINCOURT
157       50.105332        1.524270    80130                   BOURSEVILLE
158       49.944008        2.143113    80310                     PICQUIGNY
159       49.845461        2.390545    80440                         BOVES
160       50.106306        2.258762    80750                        CANDAS
161       49.847326        2.669466    80131                  HARBONNIERES
162       49.937555        2.430648    80115                      QUERRIEU
163       50.032163        2.280214    80260                        NAOURS
164       49.888952        1.716449    80140                     SENARPONT
165       49.757425        2.910174    80190                         NESLE
166       49.592035        2.654225    80500                        ROLLOT
167       49.976610        3.102665    80112                VILLERS-FAUCON
168       49.845461        2.390545    80440                         BOVES
169       49.808007        2.279703    80680                       RUMIGNY
170       49.884034        2.019908    80540               MOLLIENS-DREUIL
