54 7
  0       45.295621        4.729917     7340                    Serrières 
  1       44.832586        4.795889     7800                   Beauchastel
  2       44.967171        4.509349     7570                    Désaignes
  3       44.550610        4.683794     7400                         Teil 
  4       45.222464        4.725498     7430          Vernosc-lès-Annonay
  5       44.906100        4.423175     7160                     Cheylard 
  6       45.224762        4.587803     7690                  Villevocance
  7       45.100290        4.673736     7410                     St-Victor
  8       47.861823        2.191822     7210         St-Vincent-de-Barrès
  9       44.804084        3.970949     7470                     Coucouron
 10       44.340084        4.151281     7460              St-Paul-le-Jeune
 11       44.612075        4.472088     7170                        Lussas
 12       44.735589        4.562520     7000                        Veyras
 13       44.638454        4.315078     7380                        Prades
 14       44.344504        4.603723     7700              Bourg-St-Andéol
 15       45.239403        4.667349     7100                       Annonay
 16       44.452912        4.341765     7120                         Ruoms
 17       45.065734        4.694572     7410            Colombier-le-Vieux
 18       44.400794        4.289771     7120                   Grospierres
 19       44.699295        4.665703     7210                     Chomérac
 20       45.278472        4.680182     7430                      St-Clair
 21       44.458316        4.089991     7140                         Vans 
 22       44.600837        4.386069     7200      St-Etienne-de-Fontbellon
 23       44.949124        4.725060     7440                  Alboussière
 24       44.629353        4.410203     7200                     St-Privat
 25       44.867648        4.833496     7800            Charmes-sur-Rhône
 26       44.713936        4.762730     7210                          Baix
 27       44.937029        4.368376     7310          St-Martin-de-Valamas
 28       44.675752        4.221803     7330                       Thueyts
 29       44.416920        4.128731     7140                     Chambonas
 30       44.895927        4.646171     7240           Vernoux-en-Vivarais
 31       44.608462        4.722337     7400                        Meysse
 32       44.985132        4.579136     7270                      Lamastre
 33       44.552127        4.296439     7110                     Chassiers
 34       45.150590        4.613849     7290                     Satillieu
 35       44.552127        4.296439     7110                     Chassiers
 36       44.919465        4.701643     7440                       Boffres
 37       44.407452        4.395401     7150             Vallon-Pont-d'Arc
 38       44.651072        4.439654     7200                      Vesseaux
 39       44.821957        4.580015     7190        St-Sauveur-de-Montagut
 40       44.458316        4.089991     7140                         Vans 
 41       44.775223        4.737078     7250                        Rompon
 42       45.186896        4.637251     7790                 St-Alban-d'Ay
 43       44.665150        4.364870     7600                Vals-les-Bains
 44       45.001004        4.597973     7270                      Crestet 
 45       44.832586        4.795889     7800                   Beauchastel
 46       44.822166        4.634704     7360        Ollières-sur-Eyrieux 
 47       44.713936        4.762730     7210                          Baix
 48       44.815201        4.488095     7190                St-Pierreville
 49       44.699295        4.665703     7210                     Chomérac
 50       44.541917        4.120675     7260                     Rosières
 51       44.573052        4.391613     7200                     St-Sernin
 52       45.009127        4.391301     7320                    St-Agrève
 53       44.638454        4.315078     7380                        Prades
 54       44.895927        4.646171     7240           Vernoux-en-Vivarais
 55       44.636540        4.254997     7380                        Jaujac
 56       45.189345        4.686735     7290                     Quintenas
 57       44.464406        4.182096     7230                   Lablachère
 58       45.073657        4.651482     7410                  St-Félicien
 59       45.073657        4.651482     7410                  St-Félicien
 60       44.937029        4.368376     7310          St-Martin-de-Valamas
 61       44.937029        4.368376     7310          St-Martin-de-Valamas
 62       44.416920        4.128731     7140                     Chambonas
 63       45.157927        4.761649     7370                      Eclassan
 64       44.712350        4.205965     7560         Montpezat-sous-Bauzon
 65       44.620909        4.389863     7200                       Aubenas
 66       45.009127        4.391301     7320                    St-Agrève
 67       44.464406        4.182096     7230                   Lablachère
 68       44.508947        4.289290     7110            Laurac-en-Vivarais
 69       45.023847        4.608583     7270                      Empurany
 70       44.815201        4.488095     7190                St-Pierreville
 71       44.967171        4.509349     7570                    Désaignes
 72       44.937029        4.368376     7310          St-Martin-de-Valamas
 73       44.564412        4.363612     7200       Lachapelle-sous-Aubenas
 74       45.001004        4.597973     7270                      Crestet 
 75       44.665298        4.288454     7380              Pont-de-Labeaume
 76       45.023847        4.608583     7270                      Empurany
 77       44.714111        4.633164     7210                       Alissas
 78       44.888250        4.372442     7160                        Mariac
 79       45.023847        4.608583     7270                      Empurany
 80       45.239403        4.667349     7100        St-Marcel-lès-Annonay
 81       44.719401        4.704217     7210  St-Symphorien-sous-Chomérac
 82       44.364486        4.155665     7460                         Banne
 83       45.023847        4.608583     7270                      Empurany
 84       45.189345        4.686735     7290                     Quintenas
 85       44.758106        4.598572     7000                          Lyas
 86       44.620909        4.389863     7200                       Aubenas
 87       44.340084        4.151281     7460              St-Paul-le-Jeune
 88       44.832586        4.795889     7800                   Beauchastel
 89       44.804084        3.970949     7470                     Coucouron
 90       45.009127        4.391301     7320                    St-Agrève
 91       44.591757        4.535237     7580          St-Jean-le-Centenier
 92       44.919465        4.701643     7440                       Boffres
 93       44.775223        4.737078     7250                        Rompon
 94       44.638454        4.315078     7380                        Prades
 95       44.479359        4.240216     7260                       Joyeuse
 96       44.589165        4.704343     7400                    Rochemaure
 97       44.556738        4.500990     7170            Villeneuve-de-Berg
 98       45.239403        4.667349     7100                       Annonay
 99       45.100290        4.673736     7410                     St-Victor
100       44.638454        4.315078     7380                        Prades
101       44.963733        4.847392     7130                        Cornas
102       44.651072        4.439654     7200                      Vesseaux
103       44.815201        4.488095     7190                St-Pierreville
104       44.845518        4.748452     7800            Voulte-sur-Rhône 
105       44.747241        4.675999     7000                       Flaviac
106       45.073657        4.651482     7410                  St-Félicien
107       44.719401        4.704217     7210  St-Symphorien-sous-Chomérac
108       44.600837        4.386069     7200      St-Etienne-de-Fontbellon
