94 15
  0       44.717450        2.358987    15340                      CALVINET 
  1       44.963236        2.490114    15130                   SAINT-SIMON
  2       45.159466        2.452840    15140        SAINT-BONNET-DE-SALERS
  3       45.022237        2.575025    15590                      LASCELLE
  4       45.229086        2.934557    15160                      ALLANCHE
  5       45.357316        2.399522    15350                    CHAMPAGNAC
  6       45.119131        2.375750    15140                SAINTE-EULALIE
  7       45.225121        2.817273    15300              SEGUR-LES-VILLAS
  8       45.279092        2.788114    15190        SAINT-BONNET-DE-CONDAT
  9       45.018353        3.127424    15100                 SAINT-GEORGES
 10       45.027212        2.255858    15150         SAINT-SANTIN-CANTALES
 11       45.003816        2.481464    15250                     MARMANHAC
 12       45.107615        2.898740    15300         LA CHAPELLE-D'ALAGNON
 13       45.113313        2.500981    15140                     FONTANGES
 14       45.129200        2.976900    15170           NEUSSARGUES-MOISSAC
 15       44.685229        2.231077    15600                SAINT-CONSTANT
 16       45.091903        2.303093    15140         SAINT-MARTIN-CANTALES
 17       45.173729        2.317286    15700                          ALLY
 18       44.962042        3.086611    15100                       ALLEUZE
 19       45.119131        2.375750    15140                SAINTE-EULALIE
 20       45.001378        3.223658    15320           RUYNES-EN-MARGERIDE
 21       45.235374        2.657803    15400                    COLLANDRES
 22       45.208196        3.158886    15500                        BONNAC
 23       45.208196        3.158886    15500                        BONNAC
 24       45.255098        2.795179    15190                SAINT-SATURNIN
 25       45.172681        2.970616    15170              SAINTE-ANASTASIE
 26       45.053086        2.933052    15300                     VALUEJOLS
 27       45.297499        2.500301    15240                    LE MONTEIL
 28       44.717467        2.208739    15600        SAINT-ETIENNE-DE-MAURS
 29       45.052663        2.148107    15150              CROS-DE-MONTVERT
 30       44.979653        2.625171    15800                  VIC-SUR-CERE
 31       45.027212        2.255858    15150         SAINT-SANTIN-CANTALES
 32       45.091634        2.986954    15170                      COLTINES
 33       45.217889        2.332391    15200                       MAURIAC
 34       44.930956        2.512627    15130                 GIOU-DE-MAMOU
 35       44.888021        2.238903    15290                          PERS
 36       44.867358        2.137148    15290                   SAINT-SAURY
 37       45.177745        2.277654    15700                    CHAUSSENAC
 38       45.373744        2.674636    15270                    TREMOUILLE
 39       44.882550        2.346249    15130           SANSAC-DE-MARMIESSE
 40       45.317560        2.407968    15240                     BASSIGNAC
 41       44.948514        2.215376    15150                  SAINT-GERONS
 42       44.927801        2.984134    15260                    NEUVEGLISE
 43       45.022591        2.137200    15150                      ROUFFIAC
 44       45.159612        2.787603    15300                        DIENNE
 45       45.003816        2.481464    15250                     MARMANHAC
 46       45.250053        3.199649    15500                       MASSIAC
 47       45.335842        2.479089    15240                       SAIGNES
 48       45.177745        2.277654    15700                    CHAUSSENAC
 49       45.281605        2.660428    15400             RIOM-ES-MONTAGNES
 50       44.789911        2.460716    15130          LAFEUILLADE-EN-VEZIE
 51       45.091634        2.986954    15170                      COLTINES
 52       44.981334        3.153845    15100       ANGLARDS-DE-SAINT-FLOUR
 53       44.954128        2.126741    15150                         SIRAN
 54       45.340944        2.541849    15240                      ANTIGNAC
 55       44.889860        2.566060    15130                        CARLAT
 56       44.930956        2.512627    15130                 GIOU-DE-MAMOU
 57       44.779403        2.531638    15120                       LEUCAMP
 58       45.186298        3.160432    15500           SAINT-MARY-LE-PLAIN
 59       45.113702        3.047011    15170                       TALIZAT
 60       45.022237        2.575025    15590                      LASCELLE
 61       44.697010        3.004724    15110                  SAINT-URCIZE
 62       45.163677        3.187374    15500                   SAINT-PONCY
 63       45.052544        2.713554    15580       SAINT-JACQUES-DES-BLATS
 64       44.902240        2.182597    15150                        GLENAT
 65       44.888021        2.238903    15290                          PERS
 66       45.163677        3.187374    15500                   SAINT-PONCY
 67       44.858280        2.307308    15220       SAINT-MAMET-LA-SALVETAT
 68       44.691233        2.384521    15340                   CASSANIOUZE
 69       45.015680        2.511375    15250                LAROQUEVIEILLE
 70       44.782781        2.254066    15600                       BOISSET
 71       44.856760        2.389518    15220            ROANNES-SAINT-MARY
 72       45.305211        2.827605    15190                      MARCENAT
 73       45.154656        2.934329    15170                  CHALINARGUES
 74       44.927801        2.984134    15260                    NEUVEGLISE
 75       45.129200        2.976900    15170           NEUSSARGUES-MOISSAC
 76       45.033026        3.094862    15100                   SAINT-FLOUR
 77       45.378481        2.813776    15190                   CHANTERELLE
 78       45.264123        2.370743    15200                      JALEYRAC
 79       45.172681        2.970616    15170              SAINTE-ANASTASIE
 80       44.930953        2.444997    15000                      AURILLAC
 81       45.279092        2.788114    15190        SAINT-BONNET-DE-CONDAT
 82       44.959941        2.346337    15250                    CRANDELLES
 83       44.979653        2.625171    15800                  VIC-SUR-CERE
 84       45.020170        2.387121    15310                FREIX-ANGLARDS
 85       45.183135        3.058939    15170          FERRIERES-SAINT-MARY
 86       44.892025        2.518858    15130                         VEZAC
 87       44.935390        3.041881    15260                     LAVASTRIE
 88       44.858280        2.307308    15220       SAINT-MAMET-LA-SALVETAT
 89       44.999448        3.063686    15100                     VILLEDIEU
 90       45.279092        2.788114    15190        SAINT-BONNET-DE-CONDAT
 91       45.387953        2.388934    15350                  SAINT-PIERRE
 92       44.889336        3.208592    15390                    SAINT-JUST
 93       44.930953        2.444997    15000                      AURILLAC
 94       44.830758        2.233607    15290                       CAYROLS
 95       45.006613        2.904392    15430                       PAULHAC
 96       44.927560        2.430754    15000                         YTRAC
 97       44.789911        2.460716    15130          LAFEUILLADE-EN-VEZIE
 98       44.856760        2.389518    15220            ROANNES-SAINT-MARY
 99       45.059999        2.233803    15150                         ARNAC
100       45.347140        2.437323    15210                          YDES
101       44.697010        3.004724    15110                  SAINT-URCIZE
102       45.059873        3.060731    15100                       ANDELAT
103       44.979653        2.625171    15800                  VIC-SUR-CERE
104       45.436550        2.534919    15270                       LANOBRE
105       45.253367        2.538011    15400                        TRIZAC
106       45.173729        2.317286    15700                          ALLY
107       44.927560        2.430754    15000                         YTRAC
108       44.979653        2.625171    15800                  VIC-SUR-CERE
109       44.899745        2.656815    15800                       RAULHAC
110       45.191077        2.393051    15200                        SALINS
111       44.968108        2.188877    15150                   LAROQUEBROU
112       44.996504        3.013077    15100                    LES TERNES
113       44.967811        2.807532    15230                       BREZONS
114       45.120351        2.959627    15170                        CELLES
115       45.053086        2.933052    15300                     VALUEJOLS
116       45.268572        2.602031    15400                       VALETTE
117       44.985594        3.277850    15320                     CLAVIERES
118       45.057470        2.422043    15310                  SAINT-CERNIN
119       45.235374        2.657803    15400                    COLLANDRES
120       45.022237        2.575025    15590                      LASCELLE
121       45.254823        2.429948    15200                       MEALLET
122       45.074602        2.370679    15140      SAINT-CIRGUES-DE-MALBERT
123       44.930953        2.444997    15000                      AURILLAC
124       44.954128        2.126741    15150                         SIRAN
125       44.711069        2.198335    15600                         MAURS
126       44.685229        2.231077    15600                SAINT-CONSTANT
127       44.959941        2.346337    15250                    CRANDELLES
128       45.177745        2.277654    15700                    CHAUSSENAC
129       45.173729        2.317286    15700                          ALLY
130       44.840031        2.898176    15110                     LIEUTADES
131       45.137854        2.493809    15140                        SALERS
132       44.954128        2.126741    15150                         SIRAN
133       45.241963        2.248680    15200                    CHALVIGNAC
134       45.339290        2.520107    15240                        VEBRET
135       44.703107        2.413209    15340                   SENEZERGUES
136       44.779403        2.531638    15120                       LEUCAMP
137       45.183135        3.058939    15170          FERRIERES-SAINT-MARY
138       44.691890        2.329928    15340                       MOURJOU
139       45.225121        2.817273    15300              SEGUR-LES-VILLAS
140       45.159824        2.705608    15400                      LE CLAUX
141       45.191077        2.393051    15200                        SALINS
142       44.954128        2.126741    15150                         SIRAN
143       44.691233        2.384521    15340                   CASSANIOUZE
144       45.119131        2.375750    15140                SAINTE-EULALIE
145       44.979653        2.625171    15800                  VIC-SUR-CERE
146       44.697010        3.004724    15110                  SAINT-URCIZE
147       44.973348        2.421801    15250                       REILHAC
148       44.703107        2.413209    15340                   SENEZERGUES
149       45.378481        2.813776    15190                   CHANTERELLE
150       45.339290        2.520107    15240                        VEBRET
151       45.061791        2.314408    15310                  SAINT-ILLIDE
152       45.246602        2.692952    15400                        APCHON
153       45.342671        2.602078    15400      SAINT-ETIENNE-DE-CHOMEIL
154       45.373744        2.674636    15270                    TREMOUILLE
155       45.081006        2.934999    15300                         USSEL
156       44.984249        2.857040    15230                        CEZENS
157       44.789911        2.460716    15130          LAFEUILLADE-EN-VEZIE
158       45.246602        2.692952    15400                        APCHON
159       45.003816        2.481464    15250                     MARMANHAC
160       45.283252        2.724853    15400                    MARCHASTEL
161       45.159824        2.705608    15400                      LE CLAUX
162       45.238575        2.467368    15380                     MOUSSAGES
163       44.877758        2.276937    15290                          OMPS
164       45.145034        2.258533    15700          BARRIAC-LES-BOSQUETS
165       45.113313        2.500981    15140                     FONTANGES
166       45.014828        2.662495    15450                       THIEZAC
167       45.116424        2.807289    15300                   LAVEISSIERE
168       45.177517        3.242685    15500           LA CHAPELLE-LAURENT
169       45.163677        3.187374    15500                   SAINT-PONCY
170       44.967811        2.807532    15230                       BREZONS
171       48.097952        1.726933    15390                    FAVEROLLES
172       44.856760        2.389518    15220            ROANNES-SAINT-MARY
173       44.958081        3.272978    15320                     LORCIERES
174       44.691233        2.384521    15340                   CASSANIOUZE
175       45.342671        2.602078    15400      SAINT-ETIENNE-DE-CHOMEIL
176       44.828084        2.172628    15290                        PARLAN
177       45.296117        2.586141    15400                         MENET
178       44.703107        2.413209    15340                   SENEZERGUES
179       44.956164        3.222915    15320                      CHALIERS
180       45.091253        2.436127    15140                 SAINT-CHAMANT
181       44.922597        2.263733    15150            LACAPELLE-VIESCAMP
182       45.014828        2.662495    15450                       THIEZAC
183       44.808378        2.960352    15110                        JABRUN
184       45.028266        2.582268    15590     SAINT-CIRGUES-DE-JORDANNE
185       45.283252        2.724853    15400                    MARCHASTEL
186       45.076508        2.830959    15300            ALBEPIERRE-BREDONS
187       45.143148        3.007473    15170                       JOURSAC
188       44.743195        2.460955    15120                  LABESSERETTE
