86 44
  0       47.318789       -2.074694    44480                        DONGES 
  1       47.210999       -1.728850    44220                       COUERON
  2       47.176385       -1.619656    44340                    BOUGUENAIS
  3       47.150249       -1.533439    44840                LES SORINIERES
  4       47.112705       -1.735474    44680         SAINT-MARS-DE-COUTAIS
  5       47.237821       -1.348446    44430           LE LOROUX-BOTTEREAU
  6       47.429307       -2.390605    44410                       ASSERAC
  7       47.524938       -1.184397    44540          SAINT-MARS-LA-JAILLE
  8       47.210999       -1.728850    44220                       COUERON
  9       47.619979       -1.374449    44520            MOISDON-LA-RIVIERE
 10       47.317801       -2.189124    44570                       TRIGNAC
 11       47.734350       -1.589308    44590                SION-LES-MINES
 12       47.372339       -1.971835    44260            LA CHAPELLE-LAUNAY
 13       47.737474       -1.306842    44110                        SOUDAN
 14       47.358852       -1.944482    44260                       SAVENAY
 15       47.517319       -2.037288    44530         SAINT-GILDAS-DES-BOIS
 16       47.553774       -1.531659    44170                      ABBARETZ
 17       47.061117       -1.307291    44190      SAINT-HILAIRE-DE-CLISSON
 18       47.407115       -1.094770    44150                 SAINT-HERBLON
 19       47.042708       -1.186964    44190                       BOUSSAY
 20       47.083204       -1.337138    44190       SAINT-LUMINE-DE-CLISSON
 21       47.366576       -1.404858    44850          SAINT-MARS-DU-DESERT
 22       47.407115       -1.094770    44150                 SAINT-HERBLON
 23       47.317801       -2.189124    44570                       TRIGNAC
 24       47.313768       -2.310278    44117          SAINT-ANDRE-DES-EAUX
 25       47.340424       -1.526117    44240                SUCE-SUR-ERDRE
 26       47.098237       -1.490616    44140                     LE BIGNON
 27       47.372339       -1.971835    44260            LA CHAPELLE-LAUNAY
 28       47.598195       -1.678955    44170                MARSAC-SUR-DON
 29       47.386385       -2.203389    44720                 SAINT-JOACHIM
 30       47.623480       -1.450933    44520                          ISSE
 31       47.077693       -1.248687    44190                       GETIGNE
 32       47.122223       -1.915110    44680                       CHEMERE
 33       47.519430       -1.955267    44530                     GUENROUET
 34       47.395511       -1.456808    44390                    PETIT-MARS
 35       47.358852       -1.944482    44260                       SAVENAY
 36       47.058706       -1.374042    44140                     REMOUILLE
 37       47.448287       -1.348802    44850                       MOUZEIL
 38       47.169383       -1.722170    44830                        BRAINS
 39       47.098237       -1.490616    44140                     LE BIGNON
 40       47.075773       -1.398127    44140        AIGREFEUILLE-SUR-MAINE
 41       47.317801       -2.189124    44570                       TRIGNAC
 42       47.501170       -1.575718    44390                        SAFFRE
 43       47.294319       -2.511908    44490                    LE CROISIC
 44       47.256301       -2.018918    44320                   SAINT-VIAUD
 45       47.185482       -1.859641    44640                        ROUANS
 46       47.271643       -1.338910    44450         LA CHAPELLE-BASSE-MER
 47       47.328119       -1.791464    44360         LE TEMPLE-DE-BRETAGNE
 48       47.277641       -2.479422    44740                  BATZ-SUR-MER
 49       47.271643       -1.338910    44450         LA CHAPELLE-BASSE-MER
 50       47.190490       -1.685192    44620                   LA MONTAGNE
 51       47.414794       -1.652556    44810                         HERIC
 52       47.461595       -1.279735    44440                        TEILLE
 53       47.317801       -2.189124    44570                       TRIGNAC
 54       47.016260       -1.435536    44140                    LA PLANCHE
 55       47.274344       -1.619405    44700                       ORVAULT
 56       47.380251       -1.101910    44150                         ANETZ
 57       47.407115       -1.094770    44150                 SAINT-HERBLON
 58       47.412250       -1.967630    44750                       CAMPBON
 59       47.256301       -2.018918    44320                   SAINT-VIAUD
 60       47.328119       -1.791464    44360         LE TEMPLE-DE-BRETAGNE
 61       47.414042       -1.790437    44130               FAY-DE-BRETAGNE
 62       47.155600       -1.399547    44690            LA HAIE-FOUASSIERE
 63       47.598195       -1.678955    44170                MARSAC-SUR-DON
 64       47.366576       -1.404858    44850          SAINT-MARS-DU-DESERT
 65       47.365464       -1.177491    44150                       ANCENIS
 66       47.475279       -1.764935    44130                         BLAIN
 67       47.205376       -1.503103    44230     SAINT-SEBASTIEN-SUR-LOIRE
 68       47.340424       -1.526117    44240                SUCE-SUR-ERDRE
 69       47.386385       -2.203389    44720                 SAINT-JOACHIM
 70       47.174547       -1.547500    44400                          REZE
 71       47.383764       -2.399397    44350                    SAINT-MOLF
 72       47.399615       -2.460798    44420                       MESQUER
 73       47.155600       -1.399547    44690            LA HAIE-FOUASSIERE
 74       47.101840       -1.303899    44190                        GORGES
 75       47.623480       -1.450933    44520                          ISSE
 76       46.971735       -1.434897    44116                  VIEILLEVIGNE
 77       47.351268       -2.178931    44550         SAINT-MALO-DE-GUERSAC
 78       47.253399       -1.385788    44450     SAINT-JULIEN-DE-CONCELLES
 79       47.542414       -1.884766    44630                        PLESSE
 80       47.546822       -2.078183    44530                       SEVERAC
 81       47.347052       -1.284136    44521                         OUDON
 82       47.124398       -1.418828    44690               CHATEAU-THEBAUD
 83       47.101840       -1.303899    44190                        GORGES
 84       47.181097       -1.176009    44330                LA REGRIPPIERE
 85       47.430849       -1.226759    44522                      MESANGER
 86       47.143462       -1.694164    44830                        BOUAYE
 87       46.992283       -1.817202    44270                     MACHECOUL
 88       47.295493       -1.393817    44470              MAUVES-SUR-LOIRE
 89       47.362340       -2.014822    44260                     PRINQUIAU
 90       47.414042       -1.790437    44130               FAY-DE-BRETAGNE
 91       47.448287       -1.348802    44850                       MOUZEIL
 92       47.207685       -2.043902    44320            SAINT-PERE-EN-RETZ
 93       47.299576       -1.550638    44240         LA CHAPELLE-SUR-ERDRE
 94       47.467583       -1.028176    44370                      BELLIGNE
 95       47.174547       -1.547500    44400                          REZE
 96       47.340424       -1.526117    44240                SUCE-SUR-ERDRE
 97       47.340424       -1.526117    44240                SUCE-SUR-ERDRE
 98       47.285448       -2.393236    44500            LA BAULE-ESCOUBLAC
 99       47.461595       -1.279735    44440                        TEILLE
100       47.517894       -1.295710    44440                       RIAILLE
101       47.116028       -1.941726    44320                ARTHON-EN-RETZ
102       47.328119       -1.791464    44360         LE TEMPLE-DE-BRETAGNE
103       47.448287       -1.348802    44850                       MOUZEIL
104       47.381523       -1.711269    44130         NOTRE-DAME-DES-LANDES
105       47.364384       -1.605706    44119     GRANDCHAMPS-DES-FONTAINES
106       47.135077       -1.731736    44710        SAINT-LEGER-LES-VIGNES
107       47.098315       -1.385322    44690             MAISDON-SUR-SEVRE
108       47.619979       -1.374449    44520            MOISDON-LA-RIVIERE
109       47.296241       -1.486812    44470                     CARQUEFOU
110       47.081377       -2.038200    44760           LA BERNERIE-EN-RETZ
111       47.199400       -1.670000    44610                         INDRE
112       47.356041       -1.861734    44260                      MALVILLE
113       47.296241       -1.486812    44470                     CARQUEFOU
114       47.195556       -1.724199    44640         SAINT-JEAN-DE-BOISEAU
115       47.199400       -1.670000    44610                         INDRE
116       47.407115       -1.094770    44150                 SAINT-HERBLON
117       47.264106       -1.673345    44880                       SAUTRON
118       47.010128       -1.583388    44310                SAINT-COLOMBAN
119       47.461595       -1.279735    44440                        TEILLE
120       47.103143       -1.864344    44680     SAINT-HILAIRE-DE-CHALEONS
121       47.210999       -1.728850    44220                       COUERON
122       47.077693       -1.248687    44190                       GETIGNE
123       47.417683       -1.847798    44130                       BOUVRON
124       47.130595       -1.354204    44690                     MONNIERES
125       47.380007       -2.544721    44420                PIRIAC-SUR-MER
126       47.317739       -1.346876    44850                    LE CELLIER
127       47.467583       -1.028176    44370                      BELLIGNE
128       47.517319       -2.037288    44530         SAINT-GILDAS-DES-BOIS
129       47.328119       -1.791464    44360         LE TEMPLE-DE-BRETAGNE
130       47.057771       -1.487902    44140                      MONTBERT
131       47.181097       -1.176009    44330                LA REGRIPPIERE
132       47.199400       -1.670000    44610                         INDRE
133       47.313768       -2.310278    44117          SAINT-ANDRE-DES-EAUX
134       47.256301       -2.018918    44320                   SAINT-VIAUD
135       47.412250       -1.967630    44750                       CAMPBON
136       47.362340       -2.014822    44260                     PRINQUIAU
137       47.364384       -1.605706    44119     GRANDCHAMPS-DES-FONTAINES
138       47.057771       -1.487902    44140                      MONTBERT
139       47.348472       -2.511759    44420                   LA TURBALLE
140       47.391716       -1.291624    44521                        COUFFE
141       46.963608       -1.575904    44650             CORCOUE-SUR-LOGNE
142       47.237821       -1.348446    44430           LE LOROUX-BOTTEREAU
143       47.208035       -1.596360    44100                        NANTES
144       47.475279       -1.764935    44130                         BLAIN
145       47.564751       -1.626916    44170                         NOZAY
146       47.598195       -1.678955    44170                MARSAC-SUR-DON
147       46.971735       -1.434897    44116                  VIEILLEVIGNE
148       47.495855       -1.421533    44440                JOUE-SUR-ERDRE
149       47.644221       -2.068266    44460        SAINT-NICOLAS-DE-REDON
150       46.971735       -1.434897    44116                  VIEILLEVIGNE
151       46.971735       -1.434897    44116                  VIEILLEVIGNE
152       47.123277       -1.584433    44860             PONT-SAINT-MARTIN
153       47.365464       -1.177491    44150                       ANCENIS
154       47.783956       -1.450126    44660                         ROUGE
155       47.176385       -1.619656    44340                    BOUGUENAIS
156       47.317739       -1.346876    44850                    LE CELLIER
157       47.328119       -1.791464    44360         LE TEMPLE-DE-BRETAGNE
158       47.396561       -2.092261    44160                         BESNE
159       46.963608       -1.575904    44650             CORCOUE-SUR-LOGNE
160       46.962759       -1.754116    44270                         PAULX
161       47.274344       -1.619405    44700                       ORVAULT
162       47.112705       -1.735474    44680         SAINT-MARS-DE-COUTAIS
163       47.124134       -1.630217    44860        SAINT-AIGNAN-GRANDLIEU
164       47.429307       -2.390605    44410                       ASSERAC
165       47.449734       -2.317044    44410                     HERBIGNAC
166       47.327052       -2.150431    44550           MONTOIR-DE-BRETAGNE
167       47.077693       -1.248687    44190                       GETIGNE
168       47.364384       -1.605706    44119     GRANDCHAMPS-DES-FONTAINES
169       46.885184       -1.596310    44650                          LEGE
170       47.291429       -1.876729    44360                     CORDEMAIS
171       47.130595       -1.354204    44690                     MONNIERES
172       47.501170       -1.575718    44390                        SAFFRE
