64 16
  0       45.648377        0.156237    16000                     ANGOULEME 
  1       45.615995        0.009303    16440                       SIREUIL
  2       45.692293        0.438111    16220                  SAINT-SORNIN
  3       45.720098        0.121417    16430                      VINDELLE
  4       45.701061       -0.361256    16100                      JAVREZAC
  5       45.636083       -0.370355    16130                        GIMEUX
  6       45.750516        0.029349    16570         SAINT-GENIS-D'HIERSAC
  7       45.993532        0.645993    16500              ANSAC-SUR-VIENNE
  8       45.687537       -0.277083    16100                   SAINT-BRICE
  9       45.673944       -0.314267    16100                CHATEAUBERNARD
 10       45.824163        0.449541    16260     CHASSENEUIL-SUR-BONNIEURE
 11       45.824163        0.449541    16260     CHASSENEUIL-SUR-BONNIEURE
 12       45.687537       -0.277083    16100                   SAINT-BRICE
 13       46.009916        0.781097    16420                      LESTERPS
 14       45.687293        0.567054    16220                        ECURAS
 15       45.396234        0.130981    16190       MONTMOREAU-SAINT-CYBARD
 16       45.735561        0.427519    16110             MARILLAC-LE-FRANC
 17       45.383112       -0.236104    16360      BAIGNES-SAINTE-RADEGONDE
 18       45.701061       -0.361256    16100                      JAVREZAC
 19       45.944552        0.638003    16500                         MANOT
 20       45.735561        0.427519    16110             MARILLAC-LE-FRANC
 21       45.476616        0.033619    16250           BLANZAC-PORCHERESSE
 22       45.663854        0.199192    16340             L'ISLE-D'ESPAGNAC
 23       45.640246        0.054982    16730                   TROIS-PALIS
 24       45.944552        0.638003    16500                         MANOT
 25       45.796937        0.133541    16330          SAINT-AMANT-DE-BOIXE
 26       45.557865       -0.182404    16130          LIGNIERES-SONNEVILLE
 27       45.753744        0.360167    16110                      RIVIERES
 28       45.617721       -0.218194    16130                      SEGONZAC
 29       45.627702       -0.313890    16130                         GENTE
 30       46.013311        0.080097    16240                   VILLEFAGNAN
 31       45.687537       -0.277083    16100                   SAINT-BRICE
 32       45.487823       -0.204907    16300                        BARRET
 33       45.673477       -0.366595    16100                       MERPINS
 34       45.913930        0.654269    16150                        CHIRAC
 35       45.720098        0.121417    16430                      VINDELLE
 36       45.643026       -0.385442    16130                           ARS
 37       45.613490        0.181780    16400                      PUYMOYEN
 38       45.687537       -0.277083    16100                   SAINT-BRICE
 39       45.613490        0.181780    16400                      PUYMOYEN
 40       45.527258        0.209243    16410                   FOUQUEBRUNE
 41       45.944552        0.638003    16500                         MANOT
 42       45.608466        0.101397    16400                   LA COURONNE
 43       45.471894       -0.155689    16300      BARBEZIEUX-SAINT-HILAIRE
 44       45.714890        0.205213    16430                    CHAMPNIERS
 45       45.944552        0.638003    16500                         MANOT
 46       45.481595        0.277972    16320           VILLEBOIS-LAVALETTE
 47       45.697776       -0.081190    16200                      MERIGNAC
 48       45.527258        0.209243    16410                   FOUQUEBRUNE
 49       45.563864        0.214699    16410                        TORSAC
 50       45.713888       -0.412077    16100            LOUZAC-SAINT-ANDRE
 51       45.750516        0.029349    16570         SAINT-GENIS-D'HIERSAC
 52       45.876469        0.180265    16230                        MANSLE
 53       45.701061       -0.361256    16100                      JAVREZAC
 54       45.377768       -0.196283    16360                      TOUVERAC
 55       45.627702       -0.313890    16130                         GENTE
 56       45.687537       -0.277083    16100                   SAINT-BRICE
 57       45.584400        0.048300    16440         ROULLET-SAINT-ESTEPHE
 58       45.604268        0.247480    16410                         DIRAC
 59       45.687293        0.567054    16220                        ECURAS
 60       45.661485       -0.037777    16290                     MOULIDARS
 61       45.991004        0.411242    16350              CHAMPAGNE-MOUTON
 62       45.692293        0.438111    16220                  SAINT-SORNIN
 63       45.713605       -0.123940    16200                    FOUSSIGNAC
 64       45.615995        0.009303    16440                       SIREUIL
 65       45.851999        0.770763    16150                     CHASSENON
 66       45.876469        0.180265    16230                        MANSLE
 67       45.777137        0.552755    16310                   MONTEMBOEUF
 68       45.796937        0.133541    16330          SAINT-AMANT-DE-BOIXE
 69       45.272855        0.039542    16210                       CHALAIS
 70       45.665785        0.096323    16730                         FLEAC
 71       45.603100        0.356700    16410                        VOUZAN
 72       46.020477        0.145471    16700                       LA FAYE
 73       45.665785        0.096323    16730                         FLEAC
 74       45.476616        0.033619    16250           BLANZAC-PORCHERESSE
 75       45.563864        0.214699    16410                        TORSAC
 76       45.664575        0.255165    16600                        TOUVRE
 77       45.891886        0.116787    16230                          LUXE
 78       45.750516        0.029349    16570         SAINT-GENIS-D'HIERSAC
 79       45.691046       -0.328744    16100                        COGNAC
 80       45.739807        0.072667    16570                        MARSAC
 81       45.603100        0.356700    16410                        VOUZAN
 82       45.615618        0.317684    16410                         BOUEX
 83       45.691046       -0.328744    16100                        COGNAC
 84       45.527258        0.209243    16410                   FOUQUEBRUNE
 85       45.676762        0.219218    16600             RUELLE-SUR-TOUVRE
 86       45.396208        0.158982    16190                   SAINT-AMANT
 87       45.758265       -0.384872    16370       SAINT-SULPICE-DE-COGNAC
 88       45.796937        0.133541    16330          SAINT-AMANT-DE-BOIXE
 89       45.696331       -0.408491    16100       SAINT-LAURENT-DE-COGNAC
 90       45.612565        0.446396    16380                       MARTHON
 91       46.000584        0.321398    16700            NANTEUIL-EN-VALLEE
 92       45.775384        0.335583    16110                         AGRIS
 93       45.672622        0.126471    16710     SAINT-YRIEIX-SUR-CHARENTE
 94       45.680168        0.271986    16600                        MORNAC
 95       45.586900        0.155300    16400               VOEUIL-ET-GIGET
 96       45.664575        0.255165    16600                        TOUVRE
 97       45.599992       -0.054720    16120      CHATEAUNEUF-SUR-CHARENTE
 98       45.615995        0.009303    16440                       SIREUIL
 99       45.676762        0.219218    16600             RUELLE-SUR-TOUVRE
100       45.563864        0.214699    16410                        TORSAC
101       46.013311        0.080097    16240                   VILLEFAGNAN
102       45.527258        0.209243    16410                   FOUQUEBRUNE
103       45.775384        0.335583    16110                         AGRIS
104       45.982333        0.229441    16510         VERTEUIL-SUR-CHARENTE
105       45.737756        0.355577    16110   SAINT-PROJET-SAINT-CONSTANT
106       45.673477       -0.366595    16100                       MERPINS
107       45.617721       -0.218194    16130                      SEGONZAC
108       46.009916        0.781097    16420                      LESTERPS
109       45.597581        0.322550    16410                          SERS
110       45.886926        0.673743    16150                      EXIDEUIL
111       45.613490        0.181780    16400                      PUYMOYEN
112       45.744433       -0.356736    16370             CHERVES-RICHEMONT
113       45.886926        0.673743    16150                      EXIDEUIL
114       45.667865        0.161168    16160                GOND-PONTOUVRE
115       45.670354        0.349951    16110                       PRANZAC
116       45.669547        0.004934    16290                       HIERSAC
117       45.660448        0.044250    16290                SAINT-SATURNIN
118       45.713605       -0.123940    16200                    FOUSSIGNAC
119       45.638317        0.106688    16470                  SAINT-MICHEL
120       45.895800        0.576100    16270           ROUMAZIERES-LOUBERT
121       45.713888       -0.412077    16100            LOUZAC-SAINT-ANDRE
122       45.775479       -0.064054    16170                      ROUILLAC
123       45.797347        0.025465    16170                         GENAC
124       45.795772        0.192388    16560                     TOURRIERS
125       45.663854        0.199192    16340             L'ISLE-D'ESPAGNAC
126       45.312308        0.254516    16390                 SAINT-SEVERIN
127       45.991004        0.411242    16350              CHAMPAGNE-MOUTON
128       45.913930        0.654269    16150                        CHIRAC
