111 65
  0       43.580430       -0.026468    65700       CASTELNAU-RIVIERE-BASSE 
  1       42.992656       -0.126840    65400              ARRAS-EN-LAVEDAN
  2       43.102378        0.314151    65130                       CAPVERN
  3       42.966954        0.377581    65410                   SARRANCOLIN
  4       42.969728        0.613969    65370                       SIRADAN
  5       43.320721        0.370360    65220                TRIE-SUR-BAISE
  6       43.127240        0.350651    65300                      LAGRANGE
  7       43.012065       -0.111760    65400                           GEZ
  8       43.285003        0.195858    65350                  CASTELVIEILH
  9       43.035235       -0.071036    65400                  AGOS-VIDALOS
 10       43.184358        0.244349    65190                       TOURNAY
 11       42.966954        0.377581    65410                   SARRANCOLIN
 12       43.222203        0.407218    65330                         GALAN
 13       43.029236        0.166869    65710                      BEAUDEAN
 14       42.873148        0.337883    65440                       ANCIZAN
 15       43.119675        0.070717    65200                       LOUCRUP
 16       43.549639       -0.057621    65700                       MADIRAN
 17       43.071459       -0.067967    65100                         OSSEN
 18       43.267724        0.169975    65350                    POUYASTRUC
 19       43.215795        0.435518    65330                        RECURT
 20       43.328606        0.089453    65500                        MARSAC
 21       43.127240        0.350651    65300                      LAGRANGE
 22       43.322133       -0.098155    65320                         SERON
 23       42.977174       -0.061760    65400                      BEAUCENS
 24       43.356352        0.183989    65140                         SENAC
 25       43.055357        0.167551    65200                         GERDE
 26       43.249633        0.346922    65220                     BONNEFONT
 27       43.243846        0.232839    65190                        GOUDON
 28       43.139048        0.065719    65200                        VISKER
 29       43.187698        0.505067    65670                          ARNE
 30       42.956415       -0.215173    65400                ARRENS-MARSOUS
 31       43.156215        0.328229    65190                        BEGOLE
 32       43.163998        0.035777    65380                     HIBARETTE
 33       43.152230        0.376485    65300                   CAMPISTROUS
 34       43.339415        0.130878    65140                    ESCONDEAUX
 35       43.468467        0.035446    65700                   MAUBOURGUET
 36       42.981449       -0.091706    65400                   SAINT-SAVIN
 37       43.183270       -0.027784    65380                         OSSUN
 38       42.830382        0.325556    65170                   VIELLE-AURE
 39       43.475737        0.101499    65700                    SAUVETERRE
 40       43.042917        0.379262    65250                        LORTET
 41       43.000187        0.618397    65370                       BERTREN
 42       43.196854        0.118460    65690                BARBAZAN-DEBAT
 43       43.022062       -0.096678    65400                     AYZAC-OST
 44       43.313867        0.398893    65220                     SADOURNIN
 45       43.025201        0.605441    65370               LOURES-BAROUSSE
 46       43.071459       -0.067967    65100                         OSSEN
 47       43.119554       -0.077516    65100                    POUEYFERRE
 48       43.119675        0.070717    65200                       LOUCRUP
 49       42.862832        0.338801    65440                        GUCHEN
 50       43.354940        0.148670    65140                    LACASSAGNE
 51       42.993096       -0.072387    65400                       PRECHAC
 52       43.505351       -0.025194    65700                    LASCAZERES
 53       42.896546        0.064521    65120                       BAREGES
 54       43.232951        0.078082    65000                        TARBES
 55       43.272711        0.236155    65350                      AUBAREDE
 56       43.196854        0.118460    65690                BARBAZAN-DEBAT
 57       43.299162        0.592091    65230               THERMES-MAGNOAC
 58       42.896546        0.064521    65120                       BAREGES
 59       43.299162        0.592091    65230               THERMES-MAGNOAC
 60       43.035235       -0.071036    65400                  AGOS-VIDALOS
 61       43.061970        0.530509    65660                TIBIRAN-JAUNAC
 62       43.125299        0.170457    65200                       ORIGNAC
 63       43.125519        0.383960    65300                    LANNEMEZAN
 64       43.066473        0.415611    65250                     MONTOUSSE
 65       43.307997        0.042780    65320                         GAYAN
 66       43.445715        0.017901    65700                      LARREULE
 67       43.222203        0.407218    65330                         GALAN
 68       43.079024        0.384593    65250            LA BARTHE-DE-NESTE
 69       43.188829        0.326671    65190                          BURG
 70       43.152823        0.177172    65190                           LUC
 71       43.204434        0.099554    65430                         SOUES
 72       43.062038        0.479574    65150                       NESTIER
 73       43.313867        0.398893    65220                     SADOURNIN
 74       43.414037        0.098975    65140                          LIAC
 75       43.307997        0.042780    65320                         GAYAN
 76       43.035546        0.352267    65130                     LABASTIDE
 77       43.549639       -0.057621    65700                       MADIRAN
 78       43.319520        0.037439    65500                      SIARROUY
 79       43.156215        0.328229    65190                        BEGOLE
 80       43.125519        0.383960    65300                    LANNEMEZAN
 81       43.290152        0.075416    65460                         BAZET
 82       43.354940        0.148670    65140                    LACASSAGNE
 83       43.526848        0.033355    65700               LABATUT-RIVIERE
 84       43.124331       -0.047609    65100                       BARTRES
 85       43.221996        0.244813    65190                        CLARAC
 86       43.252055        0.517640    65670               MONLEON-MAGNOAC
 87       43.319520        0.037439    65500                      SIARROUY
 88       43.295596        0.138546    65350                         DOURS
 89       43.204434        0.099554    65430                         SOUES
 90       43.070865        0.543064    65660              MAZERES-DE-NESTE
 91       43.204971        0.162332    65190                     CALAVANTE
 92       43.029980       -0.106683    65400                        OUZOUS
 93       43.290152        0.075416    65460                         BAZET
 94       42.992656       -0.126840    65400              ARRAS-EN-LAVEDAN
 95       43.161622        0.086609    65360                  SAINT-MARTIN
 96       43.252055        0.517640    65670               MONLEON-MAGNOAC
 97       43.154192        0.025037    65380                         BENAC
 98       43.196854        0.118460    65690                BARBAZAN-DEBAT
 99       43.183270       -0.027784    65380                         OSSUN
100       43.136679        0.104202    65200                          HIIS
101       43.115951        0.281691    65130                      MAUVEZIN
102       42.896546        0.064521    65120                       BAREGES
103       43.187187        0.089269    65310                       HORGUES
104       43.219325        0.343452    65330                    MONTASTRUC
105       43.159193        0.448763    65300                     REJAUMONT
106       43.223836        0.551538    65670                      BAZORDAN
107       43.386016        0.054424    65500                VIC-EN-BIGORRE
108       42.862832        0.338801    65440                        GUCHEN
109       43.202054        0.022854    65290                       JUILLAN
110       42.969728        0.613969    65370                       SIRADAN
111       43.468467        0.035446    65700                   MAUBOURGUET
112       43.065093        0.149105    65200           BAGNERES-DE-BIGORRE
113       43.360483        0.074763    65500                       CAMALES
114       43.061563       -0.038361    65100                      LUGAGNAN
115       43.196854        0.118460    65690                BARBAZAN-DEBAT
116       43.079024        0.384593    65250            LA BARTHE-DE-NESTE
117       43.299162        0.592091    65230               THERMES-MAGNOAC
118       42.795702        0.412744    65510                  LOUDENVIELLE
119       43.279945       -0.111143    65320                      GARDERES
120       43.163359        0.414548    65300                       CLARENS
121       43.532218       -0.019845    65700                   SOUBLECAUSE
122       43.104171       -0.117467    65270                      PEYROUSE
123       43.354940        0.148670    65140                    LACASSAGNE
124       42.956317        0.628804    65370                      SALECHAN
125       43.130644        0.329552    65300                     LUTILHOUS
126       43.070865        0.543064    65660              MAZERES-DE-NESTE
127       43.414037        0.098975    65140                          LIAC
128       43.278762        0.119000    65800                        ORLEIX
129       43.070451       -0.075636    65100                         SEGUS
130       43.042917        0.379262    65250                        LORTET
131       43.029980       -0.106683    65400                        OUZOUS
132       43.093430        0.010791    65100             ARCIZAC-EZ-ANGLES
133       43.124882        0.108720    65200                  MONTGAILLARD
134       43.163998        0.035777    65380                     HIBARETTE
135       43.104171       -0.117467    65270                      PEYROUSE
136       42.969728        0.613969    65370                       SIRADAN
137       43.294247        0.121417    65800                          CHIS
138       42.904958        0.359260    65240                        ARREAU
139       43.193521        0.375312    65330                      BONREPOS
140       43.190000        0.171542    65190                      MASCARAS
141       43.186229        0.101099    65360                  SALLES-ADOUR
142       42.959003       -0.074917    65260          PIERREFITTE-NESTALAS
143       43.016105        0.600289    65370                       IZAOURT
144       43.494771        0.088097    65700                      AURIEBAT
145       43.285003        0.195858    65350                  CASTELVIEILH
146       43.012065       -0.111760    65400                           GEZ
147       43.455713       -0.015667    65700              LAHITTE-TOUPIERE
148       43.410717        0.023452    65500                        CAIXON
149       43.223836        0.551538    65670                      BAZORDAN
150       43.211356        0.169294    65190                      LESPOUEY
151       43.278762        0.119000    65800                        ORLEIX
152       43.042917        0.379262    65250                        LORTET
153       43.005028       -0.101087    65400                ARGELES-GAZOST
154       43.316493        0.063331    65390                       ANDREST
155       43.152823        0.177172    65190                           LUC
156       43.254581        0.134680    65350                        BOULIN
157       43.307997        0.042780    65320                         GAYAN
158       43.387361        0.150913    65140          RABASTENS-DE-BIGORRE
159       43.190000        0.171542    65190                      MASCARAS
160       42.784385        0.209460    65170                     ARAGNOUET
161       43.279945       -0.111143    65320                      GARDERES
162       43.414037        0.098975    65140                          LIAC
163       43.134866       -0.028708    65100                           ADE
164       43.055357        0.167551    65200                         GERDE
165       43.271268        0.230924    65350                       CABANAC
166       43.204434        0.099554    65430                         SOUES
167       42.875145        0.006315    65120                       ESTERRE
168       43.252055        0.517640    65670               MONLEON-MAGNOAC
169       42.732219       -0.009410    65120                      GAVARNIE
170       43.127916        0.039541    65380                      ORINCLES
171       43.121931        0.214336    65200                       CIEUTAT
172       43.186229        0.101099    65360                  SALLES-ADOUR
173       43.265150       -0.119738    65320                        LUQUET
174       43.178459       -0.114830    65380              LAMARQUE-PONTACQ
175       43.254581        0.134680    65350                        BOULIN
176       43.159193        0.448763    65300                     REJAUMONT
177       42.784385        0.209460    65170                     ARAGNOUET
178       43.306792        0.032240    65320                       LAGARDE
179       43.130644        0.329552    65300                     LUTILHOUS
180       43.478953        0.007478    65700                       SOMBRUN
181       43.494771        0.088097    65700                      AURIEBAT
182       42.873542       -0.002869    65120             LUZ-SAINT-SAUVEUR
183       43.335274        0.154132    65140                      LESCURRY
184       43.016115        0.371624    65250                        HECHES
185       43.455713       -0.015667    65700              LAHITTE-TOUPIERE
186       42.823770        0.316521    65170                        VIGNEC
187       43.205223        0.073567    65310                     LALOUBERE
188       43.091141        0.261351    65130              BOURG-DE-BIGORRE
189       43.017149        0.177098    65710                        CAMPAN
190       43.141612        0.434935    65300                         UGLAS
191       43.071459       -0.067967    65100                         OSSEN
192       43.219325        0.343452    65330                    MONTASTRUC
193       43.055357        0.167551    65200                         GERDE
194       43.161970        0.352962    65330                     HOUEYDETS
195       43.204434        0.099554    65430                         SOUES
196       43.133814       -0.080246    65100                      LOUBAJAC
197       42.823770        0.316521    65170                        VIGNEC
198       42.875101       -0.001884    65120                 ESQUIEZE-SERE
199       43.000187        0.618397    65370                       BERTREN
200       42.862832        0.338801    65440                        GUCHEN
201       43.160740        0.113048    65360                 BERNAC-DESSUS
202       42.784385        0.209460    65170                     ARAGNOUET
203       43.102378        0.314151    65130                       CAPVERN
204       43.022062       -0.096678    65400                     AYZAC-OST
205       43.368964        0.031752    65500                   SAINT-LEZER
206       43.445715        0.017901    65700                      LARREULE
207       43.254581        0.134680    65350                        BOULIN
208       42.993096       -0.072387    65400                       PRECHAC
209       42.904958        0.359260    65240                        ARREAU
210       43.125519        0.383960    65300                    LANNEMEZAN
211       42.973778       -0.192520    65400                         AUCUN
212       43.478953        0.007478    65700                       SOMBRUN
213       43.258786        0.050739    65320          BORDERES-SUR-L'ECHEZ
214       43.125299        0.170457    65200                       ORIGNAC
215       43.029980       -0.106683    65400                        OUZOUS
216       43.041737        0.169988    65200                          ASTE
217       43.061970        0.530509    65660                TIBIRAN-JAUNAC
218       43.058514        0.096470    65200                     LABASSERE
219       43.035546        0.352267    65130                     LABASTIDE
220       43.127240        0.350651    65300                      LAGRANGE
221       42.815835        0.320251    65170             SAINT-LARY-SOULAN
222       43.017149        0.177098    65710                        CAMPAN
