96 59
  0       51.014975        2.343224    59640                     DUNKERQUE 
  1       50.018301        4.046972    59610                      FOURMIES
  2       50.882814        2.468155    59470                      WORMHOUT
  3       50.514811        2.897245    59221                        BAUVIN
  4       50.611666        3.205330    59152                       CHERENG
  5       50.676350        3.131039    59290                     WASQUEHAL
  6       50.605934        3.078683    59790                       RONCHIN
  7       50.018301        4.046972    59610                      FOURMIES
  8       50.163214        3.209844    59267                      PROVILLE
  9       50.727480        2.542555    59190                    HAZEBROUCK
 10       50.602642        3.069530    59155              FACHES-THUMESNIL
 11       50.702318        3.132008    59420                       MOUVAUX
 12       51.070883        2.524825    59123                    BRAY-DUNES
 13       50.691652        2.884218    59280                   ARMENTIERES
 14       50.691652        2.884218    59280                   ARMENTIERES
 15       50.576013        3.053254    59175                    TEMPLEMARS
 16       50.448979        3.428713    59230          SAINT-AMAND-LES-EAUX
 17       50.642989        2.639274    59660                      MERVILLE
 18       50.375949        3.511127    59410                         ANZIN
 19       50.304247        3.449314    59224                        THIANT
 20       50.173538        3.236633    59400                       CAMBRAI
 21       50.674339        3.062324    59520           MARQUETTE-LEZ-LILLE
 22       50.201182        3.831173    59620              AULNOYE-AYMERIES
 23       50.306978        3.211214    59234                   MONCHECOURT
 24       50.609530        2.984736    59320                    HAUBOURDIN
 25       50.676350        3.131039    59290                     WASQUEHAL
 26       50.246997        3.917080    59330                      HAUTMONT
 27       50.318152        3.434594    59121                      HAULCHIN
 28       50.397664        3.537198    59860            BRUAY-SUR-L'ESCAUT
 29       50.670368        3.096267    59700              MARCQ-EN-BAROEUL
 30       50.448979        3.428713    59230          SAINT-AMAND-LES-EAUX
 31       50.692705        3.177847    59100                       ROUBAIX
 32       50.611666        3.205330    59152                       CHERENG
 33       51.026461        2.342470    59430             SAINT-POL-SUR-MER
 34       51.050913        2.438462    59495                LEFFRINCKOUCKE
 35       50.272577        4.000713    59131                       ROUSIES
 36       50.281524        3.319975    59111                      BOUCHAIN
 37       50.197766        3.378209    59129            AVESNES-LES-AUBERT
 38       50.356007        3.401768    59255                       HAVELUY
 39       50.714722        3.009636    59890             QUESNOY-SUR-DEULE
 40       51.070883        2.524825    59123                    BRAY-DUNES
 41       50.724993        3.162070    59200                     TOURCOING
 42       50.095148        4.010742    59177                 SAINS-DU-NORD
 43       50.018301        4.046972    59610                      FOURMIES
 44       50.283489        3.104093    59151                        ARLEUX
 45       50.418593        3.102195    59286                ROOST-WARENDIN
 46       51.015681        2.397046    59210           COUDEKERQUE-BRANCHE
 47       50.736482        2.735590    59270                      BAILLEUL
 48       50.418593        3.102195    59286                ROOST-WARENDIN
 49       50.537157        2.952225    59251           ALLENNES-LES-MARAIS
 50       50.356007        3.401768    59255                       HAVELUY
 51       50.118014        3.948163    59440                    AVESNELLES
 52       50.537157        2.952225    59251           ALLENNES-LES-MARAIS
 53       50.704851        2.838402    59850                        NIEPPE
 54       50.246997        3.917080    59330                      HAUTMONT
 55       51.026461        2.342470    59430             SAINT-POL-SUR-MER
 56       50.418593        3.102195    59286                ROOST-WARENDIN
 57       50.448651        3.593407    59163            CONDE-SUR-L'ESCAUT
 58       50.359201        3.281138    59490                        SOMAIN
 59       50.537157        2.952225    59251           ALLENNES-LES-MARAIS
 60       50.331488        3.251723    59580                        ANICHE
 61       50.329349        3.487903    59125             TRITH-SAINT-LEGER
 62       50.257870        3.416171    59198                       HASPRES
 63       50.299953        3.915898    59750                      FEIGNIES
 64       50.163214        3.209844    59267                      PROVILLE
 65       50.543009        2.983312    59147                    GONDECOURT
 66       50.329349        3.487903    59125             TRITH-SAINT-LEGER
 67       50.652468        3.026676    59130                    LAMBERSART
 68       50.374270        3.391335    59135                       WALLERS
 69       50.724993        3.162070    59200                     TOURCOING
 70       50.346445        3.547647    59770                         MARLY
 71       50.365851        3.114329    59450                  SIN-LE-NOBLE
 72       50.631662        3.239231    59780                       WILLEMS
 73       51.051858        2.526616    59254                      GHYVELDE
 74       50.357113        3.518332    59300                  VALENCIENNES
 75       50.426894        3.182975    59148             FLINES-LEZ-RACHES
 76       50.423730        3.386699    59178                        HASNON
 77       50.336684        3.168224    59287                       LEWARDE
 78       50.518161        3.017792    59133                     PHALEMPIN
 79       50.701174        3.215007    59150                     WATTRELOS
 80       50.296322        4.100791    59460                       JEUMONT
 81       51.051858        2.526616    59254                      GHYVELDE
 82       50.701174        3.215007    59150                     WATTRELOS
 83       50.424383        3.561396    59278                    ESCAUTPONT
 84       50.771688        3.078053    59166                    BOUSBECQUE
 85       50.562895        2.899697    59184            SAINGHIN-EN-WEPPES
 86       50.124269        3.410122    59540                        CAUDRY
 87       50.281524        3.319975    59111                      BOUCHAIN
 88       50.674520        3.216898    59390                LYS-LEZ-LANNOY
 89       50.724993        3.162070    59200                     TOURCOING
 90       50.538031        2.836113    59496                        SALOME
 91       50.679774        3.247033    59115                         LEERS
 92       50.336684        3.168224    59287                       LEWARDE
 93       50.352551        3.128736    59187                         DECHY
 94       50.187540        3.222064    59554           NEUVILLE-SAINT-REMY
 95       50.352551        3.128736    59187                         DECHY
 96       50.059367        4.103395    59132                        TRELON
 97       50.246997        3.917080    59330                      HAUTMONT
 98       50.678145        2.845982    59193                ERQUINGHEM-LYS
 99       50.349252        3.201430    59176                         MASNY
100       50.636133        2.706088    59253                     LA GORGUE
101       50.569280        2.930871    59136                        WAVRIN
102       50.334246        3.344325    59124                     ESCAUDAIN
103       50.125434        3.691623    59550                    LANDRECIES
104       50.334011        3.301937    59215                        ABSCON
105       50.609889        3.238176    59780                      BAISIEUX
106       50.385448        3.508683    59192                     BEUVRAGES
107       50.375949        3.511127    59410                         ANZIN
108       50.770320        3.048049    59117                   WERVICQ-SUD
109       50.545332        3.026566    59113                        SECLIN
110       50.567672        3.215868    59830                       CYSOING
111       50.693626        2.517717    59190                     MORBECQUE
112       50.365851        3.114329    59450                  SIN-LE-NOBLE
113       50.459349        3.286256    59310               BEUVRY-LA-FORET
114       50.652468        3.026676    59130                    LAMBERSART
115       50.418593        3.102195    59286                ROOST-WARENDIN
116       50.292071        4.079120    59164                       MARPENT
117       50.382014        3.044337    59553                        CUINCY
118       50.318152        3.434594    59121                      HAULCHIN
119       50.605934        3.078683    59790                       RONCHIN
120       50.294978        4.044793    59168                      BOUSSOIS
121       50.423730        3.386699    59178                        HASNON
122       50.304247        3.449314    59224                        THIANT
123       50.770320        3.048049    59117                   WERVICQ-SUD
124       50.375524        3.212056    59146                  PECQUENCOURT
125       50.299953        3.915898    59750                      FEIGNIES
126       50.678145        2.845982    59193                ERQUINGHEM-LYS
127       50.529722        2.931557    59112                    ANNOEULLIN
128       50.576013        3.053254    59175                    TEMPLEMARS
129       50.636133        2.706088    59253                     LA GORGUE
130       50.700116        2.777189    59181                    STEENWERCK
131       50.611666        3.205330    59152                       CHERENG
132       50.386711        3.600438    59264                       ONNAING
133       50.365592        3.299582    59179                        FENAIN
134       50.704851        2.838402    59850                        NIEPPE
135       50.331488        3.251723    59580                        ANICHE
136       51.026461        2.342470    59430             SAINT-POL-SUR-MER
137       50.486398        3.035740    59261                     WAHAGNIES
138       50.357113        3.518332    59300                  VALENCIENNES
139       50.299953        3.915898    59750                      FEIGNIES
140       50.529722        2.931557    59112                    ANNOEULLIN
141       50.296322        4.100791    59460                       JEUMONT
142       50.736482        2.735590    59270                      BAILLEUL
143       50.440028        3.100906    59283                 RAIMBEAUCOURT
144       50.545332        3.026566    59113                        SECLIN
145       50.306978        3.211214    59234                   MONCHECOURT
146       50.253626        3.993618    59680            FERRIERE-LA-GRANDE
147       50.257870        3.416171    59198                       HASPRES
148       50.968519        2.433324    59380                       BERGUES
149       50.272577        4.000713    59131                       ROUSIES
150       50.300082        3.352783    59293           NEUVILLE-SUR-ESCAUT
151       50.727480        2.542555    59190                    HAZEBROUCK
152       50.882814        2.468155    59470                      WORMHOUT
153       50.365592        3.299582    59179                        FENAIN
154       50.458671        3.568612    59690                   VIEUX-CONDE
155       50.701174        3.215007    59150                     WATTRELOS
156       50.770320        3.048049    59117                   WERVICQ-SUD
157       50.687520        3.052377    59118                   WAMBRECHIES
158       50.615139        3.017729    59120                          LOOS
159       50.375524        3.212056    59146                  PECQUENCOURT
160       50.459349        3.286256    59310               BEUVRY-LA-FORET
161       50.385448        3.508683    59192                     BEUVRAGES
162       50.382014        3.044337    59553                        CUINCY
163       50.348584        3.147943    59287                      GUESNAIN
164       50.257870        3.416171    59198                       HASPRES
165       50.407869        3.280580    59870                   MARCHIENNES
166       50.676350        3.131039    59290                     WASQUEHAL
167       50.294978        4.044793    59168                      BOUSSOIS
168       50.652468        3.026676    59130                    LAMBERSART
169       50.700116        2.777189    59181                    STEENWERCK
170       50.385754        3.109077    59119                       WAZIERS
171       50.247321        3.636668    59530                    LE QUESNOY
172       50.124269        3.410122    59540                        CAUDRY
173       50.123589        3.926864    59440             AVESNES-SUR-HELPE
174       50.306803        3.334308    59172                        ROEULX
175       50.356007        3.401768    59255                       HAVELUY
176       50.356007        3.401768    59255                       HAVELUY
177       50.987070        2.125537    59820                    GRAVELINES
178       50.529722        2.931557    59112                    ANNOEULLIN
179       50.118014        3.948163    59440                    AVESNELLES
180       50.385754        3.109077    59119                       WAZIERS
181       50.300082        3.352783    59293           NEUVILLE-SUR-ESCAUT
182       50.222336        3.847567    59138               PONT-SUR-SAMBRE
183       50.386711        3.600438    59264                       ONNAING
184       50.663362        2.898765    59930     LA CHAPELLE-D'ARMENTIERES
185       50.529722        2.931557    59112                    ANNOEULLIN
186       50.674339        3.062324    59520           MARQUETTE-LEZ-LILLE
187       50.391058        3.169263    59167                      LALLAING
188       50.294978        4.044793    59168                      BOUSSOIS
189       50.304247        3.449314    59224                        THIANT
190       50.349252        3.201430    59176                         MASNY
191       50.702318        3.132008    59420                       MOUVAUX
192       50.386711        3.600438    59264                       ONNAING
