122 32
  0       43.587493        0.954498    32490                   FREGOUVILLE 
  1       43.882743        0.381230    32310             VALENCE-SUR-BAISE
  2       43.981804        0.497601    32480                     LA ROMIEU
  3       43.757327        0.458815    32360                         JEGUN
  4       43.882885        0.703968    32500            CASTELNAU-D'ARBIEU
  5       43.863085        0.027671    32800                         REANS
  6       43.586765        0.413096    32300                 L'ISLE-DE-NOE
  7       43.886725        0.237567    32330                       GONDRIN
  8       43.328821        0.640289    32140                 LALANNE-ARQUE
  9       43.428475        0.414886    32300                  SAINT-MICHEL
 10       43.393758        0.968022    32220                     MONTPEZAT
 11       44.031642        0.558733    32700                  SAINT-MEZARD
 12       43.649283        0.343888    32320                      RIGUEPEU
 13       43.722216        0.498665    32360                    SAINT-LARY
 14       43.944240        0.310308    32100                  LARRESSINGLE
 15       43.728804        0.934925    32430                 SAINT-GEORGES
 16       43.590643        1.149922    32600                     PUJAUDRAN
 17       43.448396        0.932432    32220                     PUYLAUSIC
 18       43.629256        1.130915    32600                   SEGOUFIELLE
 19       43.516823        0.403639    32300                       MIRANDE
 20       43.578769        0.327453    32320                   MONTESQUIOU
 21       43.524363        0.456917    32300              IDRAC-RESPAILLES
 22       43.500014        0.213362    32230                      MONLEZUN
 23       43.585070        0.089465    32160                   BEAUMARCHES
 24       43.744574        0.671497    32390                      MIREPOIX
 25       43.481735        0.406565    32300                      BERDOUES
 26       43.419168        0.160269    32730                         HAGET
 27       43.690489        0.915081    32430                        TOUGET
 28       43.442698        0.811323    32420                     SABAILLAN
 29       43.671004       -0.010934    32400             TERMES-D'ARMAGNAC
 30       43.902689        0.297175    32330                       MOUCHAN
 31       43.837916        0.587734    32500              SAINTE-RADEGONDE
 32       43.695787        0.417583    32350                         BIRAN
 33       43.690892       -0.087374    32400                   MAULICHERES
 34       43.864044       -0.001903    32800           CAMPAGNE-D'ARMAGNAC
 35       43.562201        1.135989    32600                          LIAS
 36       43.506771        0.375646    32300                  SAINT-MARTIN
 37       43.820961       -0.088533    32110                        PANJAS
 38       43.531244        0.845950    32130                     POLASTRON
 39       43.948997        0.084016    32440             CASTELNAU-D'AUZAN
 40       43.538652        0.579491    32260                        DURBAN
 41       43.774743       -0.180098    32460                      LE HOUGA
 42       43.682771       -0.053412    32400                  SARRAGACHIES
 43       43.510286        0.601422    32260                       ORNEZAN
 44       43.554957        0.890964    32130                         LAHAS
 45       43.669774       -0.221106    32400                       BERNEDE
 46       43.787760       -0.066189    32110           CAUPENNE-D'ARMAGNAC
 47       43.429726        0.579788    32140                      MASSEUBE
 48       43.650444       -0.147616    32400                    SAINT-MONT
 49       43.759272        0.301594    32190                  VIC-FEZENSAC
 50       43.812256        0.498686    32410                         CEZAN
 51       43.745949        0.747542    32120                   PUYCASQUIER
 52       43.932179        0.249402    32330                       LAURAET
 53       43.384971        0.566099    32140                      PANASSAC
 54       43.720363        0.301024    32190                    ROQUEBRUNE
 55       43.971471        0.275363    32100           LARROQUE-SUR-L'OSSE
 56       43.471008        0.521990    32300          CLERMONT-POUYGUILLES
 57       43.693144        0.731395    32270                   NOUGAROULET
 58       43.431861        0.784516    32420                       TOURNAN
 59       43.668789        0.564334    32810                         DURAN
 60       43.863085        0.027671    32800                         REANS
 61       43.562201        1.135989    32600                          LIAS
 62       43.575213        0.596074    32550               LASSEUBE-PROPRE
 63       43.399276        0.275682    32170                      ESTAMPES
 64       43.813139        0.185295    32800                     RAMOUZENS
 65       44.040096        0.483168    32480                      LIGARDES
 66       43.450096        0.733955    32420                       SIMORRE
 67       43.736211       -0.024039    32110                       URGOSSE
 68       43.862587        0.100530    32800                         EAUZE
 69       43.943136        0.539601    32700                      MARSOLAN
 70       43.602055       -0.002889    32160             PRECHAC-SUR-ADOUR
 71       43.450096        0.733955    32420                       SIMORRE
 72       43.690892       -0.087374    32400                   MAULICHERES
 73       43.582351        0.614222    32550                      AUTERIVE
 74       43.575971        0.724400    32450           CASTELNAU-BARBARENS
 75       43.565289        1.058046    32600                        AURADE
 76       43.695787        0.417583    32350                         BIRAN
 77       43.585070        0.089465    32160                   BEAUMARCHES
 78       43.917475        0.406557    32100                        BERAUT
 79       43.668228       -0.112624    32400                        TARSAC
 80       43.384971        0.566099    32140                      PANASSAC
 81       43.703548       -0.235726    32720            BARCELONNE-DU-GERS
 82       43.932179        0.249402    32330                       LAURAET
 83       43.958223        0.372492    32100                        CONDOM
 84       43.703548       -0.235726    32720            BARCELONNE-DU-GERS
 85       43.721919        0.976847    32430                       COLOGNE
 86       43.651524        0.645513    32550                      MONTEGUT
 87       43.812256        0.498686    32410                         CEZAN
 88       43.942964        0.423537    32100                      CAUSSENS
 89       43.345362        0.544009    32140                        CHELAN
 90       43.834326        0.428025    32410                    AYGUETINTE
 91       43.728804        0.934925    32430                 SAINT-GEORGES
 92       43.694010        0.658650    32810          MONTAUT-LES-CRENEAUX
 93       43.529935        0.720052    32450                      LARTIGUE
 94       43.506771        0.375646    32300                  SAINT-MARTIN
 95       43.720363        0.301024    32190                    ROQUEBRUNE
 96       43.770512        0.875380    32120                       LABRIHE
 97       43.526211        0.055017    32230                LADEVEZE-VILLE
 98       43.902689        0.297175    32330                       MOUCHAN
 99       43.577336        0.520269    32550          SAINT-JEAN-LE-COMTAL
100       43.792738        0.629239    32390           MONTESTRUC-SUR-GERS
101       43.594998        0.918250    32200                       MAURENS
102       43.806419       -0.114898    32110                      LAUJUZAN
103       43.795186        0.821857    32120                       MONFORT
104       43.719528        0.578883    32810                    ROQUELAURE
105       43.787760       -0.066189    32110           CAUPENNE-D'ARMAGNAC
106       43.668228       -0.112624    32400                        TARSAC
107       43.855486        0.702618    32500                        URDENS
108       43.774202        0.929281    32120                       SARRANT
109       44.007801        0.451230    32480                     GAZAUPOUY
110       43.401350        0.198008    32730         VILLECOMTAL-SUR-ARROS
111       43.490377        0.593186    32260                       SEISSAN
112       43.950037        0.734858    32340                        PLIEUX
113       43.668228       -0.112624    32400                        TARSAC
114       43.524450        0.160955    32230                       MARCIAC
115       43.529935        0.720052    32450                      LARTIGUE
116       43.601132        0.830173    32200                       JUILLES
117       43.688678        0.238924    32190                       BELMONT
118       43.682206        0.181797    32290                        LUPIAC
119       43.718467       -0.198406    32720                    VERGOIGNAN
120       43.720363        0.301024    32190                    ROQUEBRUNE
121       43.787760       -0.066189    32110           CAUPENNE-D'ARMAGNAC
122       43.562201        1.135989    32600                          LIAS
123       43.422414        0.556062    32140           ESCLASSAN-LABASTIDE
124       43.649283        0.343888    32320                      RIGUEPEU
125       43.805173        0.734070    32500                         GOUTZ
126       43.469712        0.310348    32170                          LAAS
127       43.549898        0.380247    32300                      ESTIPOUY
128       43.812256        0.498686    32410                         CEZAN
129       43.590643        1.149922    32600                     PUJAUDRAN
130       43.456659        0.856655    32220                    SAUVETERRE
131       43.736211       -0.024039    32110                       URGOSSE
132       43.590643        1.149922    32600                     PUJAUDRAN
133       43.959931        0.146447    32250                     LABARRERE
134       43.721919        0.976847    32430                       COLOGNE
135       43.682206        0.181797    32290                        LUPIAC
136       43.673253        0.130600    32290                   CASTELNAVET
137       43.812256        0.498686    32410                         CEZAN
138       43.578774        1.018498    32490                    MARESTAING
139       43.626348        0.876768    32200                        GIMONT
140       43.382500        0.223600    32730                MONTEGUT-ARROS
141       43.606345        0.048795    32160                     PLAISANCE
142       43.615233        0.014033    32160                        GALIAX
143       43.658594       -0.086819    32400                        RISCLE
144       43.865821       -0.107031    32240                        ESTANG
145       44.036816        0.841339    32340                 SAINT-ANTOINE
146       43.522655        0.764545    32450                       SARAMON
147       43.450096        0.733955    32420                       SIMORRE
148       43.429823        0.307861    32170                        MIELAN
149       43.526211        0.055017    32230                LADEVEZE-VILLE
150       43.728804        0.934925    32430                 SAINT-GEORGES
151       43.812256        0.498686    32410                         CEZAN
152       43.750560       -0.067583    32110               ARBLADE-LE-HAUT
153       43.590643        1.149922    32600                     PUJAUDRAN
154       43.744574        0.671497    32390                      MIREPOIX
155       44.015323        0.648729    32700                   SEMPESSERRE
156       43.837821        0.384924    32410                     BEAUCAIRE
157       43.774743       -0.180098    32460                      LE HOUGA
158       43.608830       -0.101636    32400             MAUMUSSON-LAGUIAN
159       43.703548       -0.235726    32720            BARCELONNE-DU-GERS
160       43.760522        0.511695    32360                     LAVARDENS
161       43.799411        0.041155    32370                       MANCIET
162       43.475804        0.912010    32220                        LOMBEZ
163       43.882743        0.381230    32310             VALENCE-SUR-BAISE
164       43.401350        0.198008    32730         VILLECOMTAL-SUR-ARROS
165       43.760522        0.511695    32360                     LAVARDENS
166       43.549898        0.380247    32300                      ESTIPOUY
167       43.688678        0.238924    32190                       BELMONT
168       43.638582       -0.021895    32400             CAHUZAC-SUR-ADOUR
169       43.800099        0.226932    32190                      LANNEPAX
170       43.712593        0.332328    32190                     CAILLAVET
171       43.971471        0.275363    32100           LARROQUE-SUR-L'OSSE
172       43.469712        0.310348    32170                          LAAS
173       43.959931        0.146447    32250                     LABARRERE
174       43.510286        0.601422    32260                       ORNEZAN
175       43.841185        0.726396    32500                      BRUGNENS
176       43.981804        0.497601    32480                     LA ROMIEU
177       43.855486        0.702618    32500                        URDENS
178       43.757327        0.458815    32360                         JEGUN
179       43.784323       -0.009191    32370    SAINTE-CHRISTIE-D'ARMAGNAC
180       43.690489        0.915081    32430                        TOUGET
181       43.706407       -0.145592    32400               LELIN-LAPUJOLLE
182       43.724899        0.377856    32190             SAINT-JEAN-POUTGE
183       43.882885        0.703968    32500            CASTELNAU-D'ARBIEU
184       43.721919        0.976847    32430                       COLOGNE
185       43.695787        0.417583    32350                         BIRAN
186       43.693665        0.820590    32270                   SAINT-SAUVY
187       43.882743        0.381230    32310             VALENCE-SUR-BAISE
188       43.805173        0.734070    32500                         GOUTZ
189       43.876147        0.462584    32310                     SAINT-PUY
190       43.805173        0.734070    32500                         GOUTZ
191       43.625199        0.734692    32270                        LUSSAN
192       43.853708        0.524372    32500                   LA SAUVETAT
193       43.882885        0.703968    32500            CASTELNAU-D'ARBIEU
194       43.608830       -0.101636    32400             MAUMUSSON-LAGUIAN
195       43.399276        0.275682    32170                      ESTAMPES
196       43.790313        0.575394    32390                       PRECHAC
197       43.393758        0.968022    32220                     MONTPEZAT
198       43.422262        0.985393    32220                       LAYMONT
199       43.790313        0.575394    32390                       PRECHAC
200       43.620103        0.648943    32550                        PESSAN
201       43.824232       -0.147878    32240           MONLEZUN-D'ARMAGNAC
202       43.615233        0.014033    32160                        GALIAX
203       43.469712        0.310348    32170                          LAAS
204       43.770512        0.875380    32120                       LABRIHE
205       43.554957        0.890964    32130                         LAHAS
206       43.944240        0.310308    32100                  LARRESSINGLE
207       43.864044       -0.001903    32800           CAMPAGNE-D'ARMAGNAC
208       43.490007        0.460763    32300                  SAINT-MEDARD
209       43.950037        0.734858    32340                        PLIEUX
210       43.720363        0.301024    32190                    ROQUEBRUNE
211       43.691401        0.547448    32810                        CASTIN
212       43.345362        0.544009    32140                        CHELAN
213       43.876147        0.462584    32310                     SAINT-PUY
214       44.007801        0.451230    32480                     GAZAUPOUY
215       44.040096        0.483168    32480                      LIGARDES
216       43.626348        0.876768    32200                        GIMONT
217       43.471008        0.521990    32300          CLERMONT-POUYGUILLES
218       43.344398        0.647243    32140                SAINT-BLANCARD
219       43.812256        0.498686    32410                         CEZAN
220       43.490007        0.460763    32300                  SAINT-MEDARD
221       43.673253        0.130600    32290                   CASTELNAVET
222       43.889276        0.406109    32310               MAIGNAUT-TAUZIA
223       43.682180        0.993749    32430                         THOUX
224       43.602055       -0.002889    32160             PRECHAC-SUR-ADOUR
225       43.586765        0.413096    32300                 L'ISLE-DE-NOE
226       43.490377        0.593186    32260                       SEISSAN
227       43.932179        0.249402    32330                       LAURAET
228       43.419168        0.160269    32730                         HAGET
229       43.575213        0.596074    32550               LASSEUBE-PROPRE
230       43.694010        0.658650    32810          MONTAUT-LES-CRENEAUX
231       43.712000        0.631001    32810                      PREIGNAN
232       43.650444       -0.147616    32400                    SAINT-MONT
233       43.660072        0.679685    32810                       LAHITTE
234       43.724899        0.377856    32190             SAINT-JEAN-POUTGE
235       43.719312        0.543734    32360              CASTILLON-MASSAS
236       43.538562        0.499479    32300                       LABEJAN
237       43.805173        0.734070    32500                         GOUTZ
238       43.774202        0.929281    32120                       SARRANT
239       43.598157        0.982391    32490               MONFERRAN-SAVES
240       43.516823        0.403639    32300                       MIRANDE
241       43.820961       -0.088533    32110                        PANJAS
242       43.771032       -0.031266    32110                        NOGARO
243       43.971471        0.275363    32100           LARROQUE-SUR-L'OSSE
244       43.892146        0.770508    32380                    SAINT-CLAR
