76 56
  0       47.640469       -2.820804    56610                       ARRADON 
  1       47.519791       -2.578760    56750                        DAMGAN
  2       47.759199       -2.373647    56140                    PLEUCADEUC
  3       47.630751       -2.285521    56220                         CADEN
  4       47.907412       -2.979693    56150                        GUENIN
  5       47.702885       -2.651779    56250                   SAINT-NOLFF
  6       47.554993       -2.559785    56190                         AMBON
  7       48.087306       -3.287905    56160                      PLOERDUT
  8       47.861120       -2.887101    56500                      PLUMELIN
  9       47.834121       -2.979859    56330                        CAMORS
 10       47.910612       -2.465945    56800                       GUILLAC
 11       47.545323       -2.157745    56130                   SAINT-DOLAY
 12       48.124639       -3.069361    56480                     CLEGUEREC
 13       47.584693       -3.077786    56340                        CARNAC
 14       47.675415       -2.570961    56250                       SULNIAC
 15       47.706961       -3.115235    56550                 LOCOAL-MENDON
 16       47.702885       -2.651779    56250                   SAINT-NOLFF
 17       47.578860       -2.356509    56130                        PEAULE
 18       47.675108       -2.957963    56400                      PLUNERET
 19       47.622920       -2.731948    56860                          SENE
 20       47.587901       -2.999449    56470               SAINT-PHILIBERT
 21       48.139980       -3.606398    56110                        GOURIN
 22       47.903725       -2.120086    56380                          GUER
 23       47.929254       -2.396846    56800                      PLOERMEL
 24       47.713408       -2.218552    56220                       PEILLAC
 25       47.699815       -2.146426    56350        SAINT-VINCENT-SUR-OUST
 26       48.061368       -2.686264    56580                        BREHAN
 27       47.696544       -2.362286    56220                     PLUHERLIN
 28       47.907412       -2.979693    56150                        GUENIN
 29       47.519016       -3.141269    56510         SAINT-PIERRE-QUIBERON
 30       47.818438       -2.282962    56140                       RUFFIAC
 31       47.500018       -2.835148    56730         SAINT-GILDAS-DE-RHUYS
 32       47.675415       -2.570961    56250                       SULNIAC
 33       47.957992       -2.973066    56930                     PLUMELIAU
 34       47.757878       -2.765675    56390                    LOCQUELTAS
 35       47.696544       -2.362286    56220                     PLUHERLIN
 36       47.866155       -2.423140    56460              LA CHAPELLE-CARO
 37       47.938264       -2.566119    56120                        GUEGON
 38       47.855970       -2.833802    56500                   MOUSTOIR-AC
 39       47.705772       -3.383522    56260                  LARMOR-PLAGE
 40       47.805724       -3.469675    56830                        GESTEL
 41       47.837699       -2.639409    56420                      PLUMELEC
 42       47.817937       -2.810974    56390                         COLPO
 43       47.957992       -2.973066    56930                     PLUMELIAU
 44       47.708392       -3.356342    56290                    PORT-LOUIS
 45       47.680971       -2.613951    56250                     TREFFLEAN
 46       47.742994       -2.679313    56250                   MONTERBLANC
 47       47.742994       -2.679313    56250                   MONTERBLANC
 48       47.675870       -3.168706    56550                          BELZ
 49       47.905227       -3.133686    56310                     QUISTINIC
 50       47.742994       -2.679313    56250                   MONTERBLANC
 51       47.697055       -3.250949    56680                     PLOUHINEC
 52       47.716975       -2.764084    56890                        MEUCON
 53       48.145281       -3.388709    56770                       PLOURAY
 54       48.139312       -2.462031    56490                        MENEAC
 55       47.716975       -2.764084    56890                        MEUCON
 56       47.630751       -2.285521    56220                         CADEN
 57       47.765162       -2.131200    56200                    LA GACILLY
 58       48.001738       -2.582727    56120                       LANOUEE
 59       47.989125       -2.685470    56120                   PLEUGRIFFET
 60       47.482133       -3.121053    56170                      QUIBERON
 61       47.765162       -2.131200    56200                    LA GACILLY
 62       47.910612       -2.465945    56800                       GUILLAC
 63       47.953830       -2.546427    56120                      JOSSELIN
 64       47.716975       -2.764084    56890                        MEUCON
 65       47.822443       -2.506139    56460                        SERENT
 66       48.081161       -3.053242    56300                     MALGUENAC
 67       47.822443       -2.506139    56460                        SERENT
 68       48.043505       -2.991614    56300                      LE SOURN
 69       47.976522       -3.282106    56240                     INGUINIEL
 70       47.822443       -2.506139    56460                        SERENT
 71       47.592145       -2.457159    56190                NOYAL-MUZILLAC
 72       47.616486       -3.000283    56950                         CRACH
 73       47.713408       -2.218552    56220                       PEILLAC
 74       48.066152       -2.967056    56300                       PONTIVY
 75       47.639400       -3.453600    56590                         GROIX
 76       47.684904       -2.215302    56220          SAINT-JACUT-LES-PINS
 77       47.720529       -2.997077    56400                         BRECH
 78       47.658236       -2.760847    56000                        VANNES
 79       47.742994       -2.679313    56250                   MONTERBLANC
 80       47.584693       -3.077786    56340                        CARNAC
 81       47.592145       -2.457159    56190                NOYAL-MUZILLAC
 82       47.657070       -3.201531    56410                          ETEL
 83       47.725892       -3.341016    56570                   LOCMIQUELIC
 84       47.735695       -3.427140    56270                      PLOEMEUR
 85       47.619668       -2.918284    56870                         BADEN
 86       47.926743       -3.043535    56150              SAINT-BARTHELEMY
 87       47.629360       -2.649744    56450                         THEIX
 88       47.748252       -3.370245    56100                       LORIENT
 89       47.577597       -2.628808    56450                        SURZUR
 90       47.482342       -2.342812    56130                         FEREL
 91       47.519791       -2.578760    56750                        DAMGAN
 92       47.749536       -3.188563    56690                       NOSTANG
 93       48.001738       -2.582727    56120                       LANOUEE
 94       47.980963       -3.110454    56310                       MELRAND
 95       47.748252       -3.370245    56100                       LORIENT
 96       47.545323       -2.157745    56130                   SAINT-DOLAY
 97       48.124639       -3.069361    56480                     CLEGUEREC
 98       47.619668       -2.918284    56870                         BADEN
 99       47.759199       -2.373647    56140                    PLEUCADEUC
100       47.805724       -3.469675    56830                        GESTEL
101       47.689810       -2.735680    56890                     SAINT-AVE
102       47.907412       -2.979693    56150                        GUENIN
103       47.666491       -2.983767    56400                         AURAY
104       47.810173       -2.383339    56140                    MALESTROIT
105       47.879523       -2.773599    56500                        BIGNAN
106       48.033981       -2.768373    56580                        CREDIN
107       47.656342       -2.866365    56880                       PLOEREN
108       48.139312       -2.462031    56490                        MENEAC
109       47.818438       -2.282962    56140                       RUFFIAC
110       47.759199       -2.373647    56140                    PLEUCADEUC
111       48.001738       -2.582727    56120                       LANOUEE
112       47.725892       -3.341016    56570                   LOCMIQUELIC
113       48.139980       -3.606398    56110                        GOURIN
114       47.918852       -2.279746    56800                         AUGAN
115       47.577597       -2.628808    56450                        SURZUR
116       48.081161       -3.053242    56300                     MALGUENAC
117       47.630751       -2.285521    56220                         CADEN
118       48.139980       -3.606398    56110                        GOURIN
119       47.795017       -3.487062    56520                        GUIDEL
120       47.879523       -2.773599    56500                        BIGNAN
121       47.482342       -2.342812    56130                         FEREL
122       47.759199       -2.373647    56140                    PLEUCADEUC
123       47.584693       -3.077786    56340                        CARNAC
124       47.553903       -2.482314    56190                      MUZILLAC
125       47.989790       -2.831725    56500                        NAIZIN
126       47.547803       -2.891392    56640                         ARZON
127       47.500018       -2.835148    56730         SAINT-GILDAS-DE-RHUYS
128       47.347009       -3.156406    56360                     LE PALAIS
129       47.993758       -3.432790    56320                        MESLAN
130       47.730649       -2.590705    56250                         ELVEN
131       48.139312       -2.462031    56490                        MENEAC
132       47.720088       -3.304275    56670                       RIANTEC
133       47.540761       -2.325758    56130                        MARZAN
134       47.347009       -3.156406    56360                     LE PALAIS
135       47.637370       -2.355711    56220                      LIMERZEL
136       47.834121       -2.979859    56330                        CAMORS
137       47.482342       -2.342812    56130                         FEREL
138       47.993758       -3.432790    56320                        MESLAN
139       47.637699       -2.162732    56350                       ALLAIRE
140       47.998011       -3.542337    56320                    LANVENEGEN
141       48.032362       -3.490045    56320                     LE FAOUET
142       48.069075       -2.752136    56580                         ROHAN
143       47.824906       -3.255713    56650             INZINZAC-LOCHRIST
144       47.716975       -2.764084    56890                        MEUCON
145       47.572957       -2.961264    56740                  LOCMARIAQUER
146       47.957604       -2.439187    56800                       TAUPONT
147       47.653292       -2.917282    56400                  PLOUGOUMELEN
148       47.584693       -3.077786    56340                        CARNAC
149       47.837699       -2.639409    56420                      PLUMELEC
150       47.636707       -2.126086    56350         SAINT-JEAN-LA-POTERIE
151       47.736367       -3.234408    56700                    MERLEVENEZ
152       47.716975       -2.764084    56890                        MEUCON
