52 84
  0       43.932339        4.943401    84470        CHATEAUNEUF-DE-GADAGNE 
  1       43.902293        5.292936    84220                    ROUSSILLON
  2       44.085647        4.882963    84350                    COURTHEZON
  3       43.710324        5.435273    84530                    VILLELAURE
  4       43.734629        5.373049    84160                       CADENET
  5       44.091413        5.408174    84390                         SAULT
  6       43.704393        5.656101    84120                      MIRABEAU
  7       44.218012        5.138202    84340                    ENTRECHAUX
  8       43.755673        5.202391    84360                      MERINDOL
  9       43.959149        4.863831    84130                     LE PONTET
 10       44.056376        5.127605    84380                         MAZAN
 11       43.947004        4.820960    84000                       AVIGNON
 12       44.168495        5.009967    84190                      GIGONDAS
 13       44.056556        4.831281    84230           CHATEAUNEUF-DU-PAPE
 14       43.834485        5.093096    84300                     TAILLADES
 15       44.058348        5.233994    84570              VILLES-SUR-AUZON
 16       43.903220        5.357388    84400                        GARGAS
 17       43.837051        5.037909    84300                     CAVAILLON
 18       44.395034        4.929108    84600                       GRILLON
 19       44.359733        4.911358    84600                  RICHERENCHES
 20       43.762545        5.589116    84240                      GRAMBOIS
 21       44.027935        5.492816    84390                SAINT-CHRISTOL
 22       43.974378        4.903105    84270                        VEDENE
 23       44.058348        5.233994    84570              VILLES-SUR-AUZON
 24       44.304120        4.688778    84840                       LAPALUD
 25       43.827554        5.169231    84580                        OPPEDE
 26       44.027935        5.492816    84390                SAINT-CHRISTOL
 27       44.244558        5.013454    84110                         ROAIX
 28       43.762545        5.589116    84240                      GRAMBOIS
 29       43.755673        5.202391    84360                      MERINDOL
 30       43.947004        4.820960    84000                       AVIGNON
 31       43.755673        5.202391    84360                      MERINDOL
 32       43.784867        5.634354    84240       LA BASTIDE-DES-JOURDANS
 33       43.784867        5.634354    84240       LA BASTIDE-DES-JOURDANS
 34       43.929721        4.994709    84250                       LE THOR
 35       44.304120        4.688778    84840                       LAPALUD
 36       43.911315        5.200176    84220                        GORDES
 37       43.737930        5.463834    84240                       ANSOUIS
 38       43.710324        5.435273    84530                    VILLELAURE
 39       43.893256        4.944208    84510           CAUMONT-SUR-DURANCE
 40       43.947004        4.820960    84000                       AVIGNON
 41       44.003485        4.925958    84320      ENTRAIGUES-SUR-LA-SORGUE
 42       43.863673        5.242289    84220                         GOULT
 43       43.710324        5.435273    84530                    VILLELAURE
 44       44.034945        4.996762    84170                       MONTEUX
 45       44.359733        4.911358    84600                  RICHERENCHES
 46       44.056376        5.127605    84380                         MAZAN
 47       44.091413        5.408174    84390                         SAULT
 48       44.110898        5.107716    84330                        CAROMB
 49       43.848269        5.143194    84660                        MAUBEC
 50       44.174440        5.132050    84340                     MALAUCENE
 51       43.725239        5.548023    84240              LA TOUR-D'AIGUES
 52       43.784867        5.634354    84240       LA BASTIDE-DES-JOURDANS
 53       44.188840        4.844677    84830            SERIGNAN-DU-COMTAT
 54       44.027935        5.492816    84390                SAINT-CHRISTOL
 55       43.956470        5.029955    84740                      VELLERON
 56       43.704393        5.656101    84120                      MIRABEAU
 57       43.725239        5.548023    84240              LA TOUR-D'AIGUES
 58       43.903220        5.357388    84400                        GARGAS
 59       44.161688        4.955945    84150                        VIOLES
 60       44.395034        4.929108    84600                       GRILLON
 61       43.903220        5.357388    84400                        GARGAS
 62       43.746982        5.313601    84360                        LAURIS
 63       43.827554        5.169231    84580                        OPPEDE
 64       43.995641        5.146846    84210                      VENASQUE
 65       43.773077        5.438812    84160                       CUCURON
 66       44.137269        5.099823    84330                    LE BARROUX
 67       43.694275        5.501843    84120                       PERTUIS
 68       43.956789        4.929456    84450    SAINT-SATURNIN-LES-AVIGNON
 69       43.737930        5.463834    84240                       ANSOUIS
 70       44.270524        5.127847    84110                      PUYMERAS
 71       44.304120        4.688778    84840                       LAPALUD
 72       43.903220        5.357388    84400                        GARGAS
 73       43.923420        5.405450    84400                       VILLARS
 74       43.725239        5.548023    84240              LA TOUR-D'AIGUES
 75       43.784431        5.497655    84240            CABRIERES-D'AIGUES
 76       43.845099        5.112227    84440                        ROBION
 77       44.138099        4.807511    84100                        ORANGE
 78       44.091413        5.408174    84390                         SAULT
 79       43.956789        4.929456    84450    SAINT-SATURNIN-LES-AVIGNON
 80       43.893979        5.114628    84800                        LAGNES
 81       43.923420        5.405450    84400                       VILLARS
 82       43.725239        5.548023    84240              LA TOUR-D'AIGUES
 83       44.008767        4.872757    84700                       SORGUES
 84       43.863403        5.429098    84400                       SAIGNON
 85       43.837051        5.037909    84300                     CAVAILLON
 86       44.231277        4.986897    84110                       RASTEAU
 87       43.939025        4.910072    84310          MORIERES-LES-AVIGNON
 88       44.176569        4.779515    84420                       PIOLENC
 89       43.995641        5.146846    84210                      VENASQUE
 90       44.003929        5.064651    84210          PERNES-LES-FONTAINES
 91       43.755287        5.269631    84360                         PUGET
 92       44.056556        4.831281    84230           CHATEAUNEUF-DU-PAPE
 93       44.270524        5.127847    84110                      PUYMERAS
 94       44.218012        5.138202    84340                    ENTRECHAUX
 95       44.008459        5.109316    84210                  SAINT-DIDIER
 96       43.876452        5.395439    84400                           APT
 97       44.114506        4.899433    84150                    JONQUIERES
 98       43.710324        5.435273    84530                    VILLELAURE
 99       43.959149        4.863831    84130                     LE PONTET
100       44.020938        5.159771    84570            MALEMORT-DU-COMTAT
101       43.893256        4.944208    84510           CAUMONT-SUR-DURANCE
102       44.056556        4.831281    84230           CHATEAUNEUF-DU-PAPE
103       43.893256        4.944208    84510           CAUMONT-SUR-DURANCE
104       44.110898        5.107716    84330                        CAROMB
