55 47
  0       44.612150        0.372950    47800           SAINT-PARDOUX-ISAAC 
  1       44.637024        0.742623    47210                     VILLEREAL
  2       44.400577        0.996551    47370             TOURNON-D'AGENAIS
  3       44.202488        0.437838    47130                   MONTESQUIEU
  4       44.034710        0.369965    47600                    MONCRABEAU
  5       44.637024        0.742623    47210                     VILLEREAL
  6       44.341894        0.393267    47320                       BOURRAN
  7       44.173985        0.561830    47310                     ROQUEFORT
  8       44.186583        0.796271    47270                      PUYMIROL
  9       44.207173        0.405502    47500                  CONDEZAYGUES
 10       44.232117        0.681278    47480                 PONT-DU-CASSE
 11       44.442253        0.624120    47120                         DURAS
 12       44.480784        0.986046    47500                     MONTAYRAL
 13       44.064756        0.651658    47220                     ASTAFFORT
 14       44.472971        0.939631    47500                    SAINT-VITE
 15       44.034710        0.369965    47600                    MONCRABEAU
 16       44.207173        0.405502    47500                  CONDEZAYGUES
 17       44.497368        0.970743    47110             LE TEMPLE-SUR-LOT
 18       44.064756        0.651658    47220                     ASTAFFORT
 19       44.418942        0.556091    47380     SAINT-ETIENNE-DE-FOUGERES
 20       44.301656        0.338664    47130                         BRUCH
 21       44.388664        0.819582    47140               PENNE-D'AGENAIS
 22       44.142337        0.560787    47310                        AUBIAC
 23       44.313746        0.088354    47310                      ESTILLAC
 24       44.157168        0.564107    47240                         LAFOX
 25       44.203532        0.625154    47000                          AGEN
 26       44.313746        0.088354    47310                      ESTILLAC
 27       44.321661        0.784437    47120           LEVIGNAC-DE-GUYENNE
 28       44.441851        0.934704    47370                 SAINT-GEORGES
 29       44.064756        0.651658    47290                        CANCON
 30       44.288279        0.508762    47360                      PRAYSSAS
 31       44.042997        0.139608    47170                           SOS
 32       44.170718        0.287058    47230                      BARBASTE
 33       44.505866        0.218871    47200                      VIRAZEIL
 34       44.034710        0.369965    47600                    MONCRABEAU
 35       44.056192        0.256480    47170                         MEZIN
 36       44.418942        0.556091    47380     SAINT-ETIENNE-DE-FOUGERES
 37       44.183198        0.750747    47270       SAINT-PIERRE-DE-CLAIRAC
 38       44.194914        0.033055    47200                     MARCELLUS
 39       44.232117        0.681278    47480                 PONT-DU-CASSE
 40       44.485442        0.941161    47500              MONSEMPRON-LIBOS
 41       44.601906        0.361093    47800           MIRAMONT-DE-GUYENNE
 42       44.186116        0.668438    47130              CLERMONT-DESSOUS
 43       44.136103        0.340128    47600                         NERAC
 44       44.174963        0.644110    47550                           BOE
 45       44.652901        0.591713    47230                   FEUGAROLLES
 46       44.232117        0.681278    47480                 PONT-DU-CASSE
 47       44.257421        0.714095    47480                      BAJAMONT
 48       44.142337        0.560787    47310                        AUBIAC
 49       44.532748        0.767717    47150                   MONFLANQUIN
 50       44.214076        0.484675    47310          SERIGNAC-SUR-GARONNE
 51       44.246626        0.421533    47200          FOURQUES-SUR-GARONNE
 52       44.468947        0.103672    47200                  MONTPOUILLAN
 53       44.536311        0.626761    47160                       DAMAZAN
 54       44.186116        0.668438    47130              CLERMONT-DESSOUS
 55       44.485476        0.265281    47200                BIRAC-SUR-TREC
 56       44.042997        0.139608    47170                           SOS
 57       44.257421        0.714095    47240                  CASTELCULIER
 58       44.245157        0.644065    47390                        LAYRAC
 59       44.042997        0.139608    47170                           SOS
 60       44.142337        0.560787    47310                        AUBIAC
 61       44.141456        0.608347    47310                        MOIRAX
 62       44.170718        0.287058    47230                      BARBASTE
 63       44.441851        0.934704    47370                 SAINT-GEORGES
 64       44.485476        0.265281    47220                    CAUDECOSTE
 65       44.447054        0.525956    47380                       MONCLAR
 66       44.341894        0.393267    47250                      COCUMONT
 67       44.064756        0.651658    47220                     ASTAFFORT
 68       44.288279        0.508762    47360                      PRAYSSAS
 69       44.203532        0.625154    47000                          AGEN
 70       44.257421        0.714095    47240                  CASTELCULIER
 71       44.186116        0.668438    47130              CLERMONT-DESSOUS
 72       44.472971        0.939631    47500                    SAINT-VITE
 73       44.301656        0.338664    47190                     AIGUILLON
 74       44.042997        0.139608    47170                           SOS
 75       44.455146        0.294807    47300                         LEDAT
 76       44.214076        0.484675    47310          SERIGNAC-SUR-GARONNE
 77       44.278008        0.880840    47200           CASTELNAU-SUR-GUPIE
 78       44.157168        0.564107    47240                         LAFOX
 79       44.196464        0.320556    47230                        VIANNE
 80       44.429267        0.351761    47400                         VARES
 81       44.652901        0.591713    47230                   FEUGAROLLES
 82       44.278008        0.880840    47470                     BEAUVILLE
 83       44.278008        0.880840    47470                     BEAUVILLE
 84       44.174963        0.644110    47320                       CLAIRAC
 85       44.480784        0.986046    47500                     MONTAYRAL
 86       44.426570        0.290609    47340               LAROQUE-TIMBAUT
 87       44.497368        0.970743    47110             LE TEMPLE-SUR-LOT
 88       44.250239        0.397422    47130             PORT-SAINTE-MARIE
 89       44.589131        1.014883    47500         SAUVETERRE-LA-LEMANCE
 90       44.186116        0.668438    47240                  BON-ENCONTRE
 91       44.393738        0.536238    47230                      LAVARDAC
 92       44.441851        0.934704    47370                 SAINT-GEORGES
 93       44.258058        0.298192    47500                        CUZORN
 94       44.391183        0.308179    47400                      TONNEINS
 95       44.245157        0.644065    47390                        LAYRAC
 96       44.400577        0.996551    47370             TOURNON-D'AGENAIS
 97       44.142337        0.560787    47440                    CASSENEUIL
 98       44.186116        0.668438    47240                  BON-ENCONTRE
 99       44.549028        0.534884    47290                      MONBAHUS
100       44.442253        0.624120    47120                         DURAS
101       44.202488        0.437838    47130                   MONTESQUIEU
102       44.544907        0.948030    47340             HAUTEFAGE-LA-TOUR
103       44.535558        0.147478    47260           CASTELMORON-SUR-LOT
104       44.257421        0.714095    47240                  CASTELCULIER
105       44.637024        0.742623    47210                     VILLEREAL
106       44.388664        0.819582    47140               PENNE-D'AGENAIS
107       44.497368        0.970743    47110             LE TEMPLE-SUR-LOT
108       44.397824        0.588035    47110        SAINTE-LIVRADE-SUR-LOT
109       44.485476        0.265281    47200                BIRAC-SUR-TREC
110       44.207173        0.405502    47500                  CONDEZAYGUES
