55 61
  0       48.893985        0.338034    61470                        LE SAP 
  1       48.562712        0.528677    61400       SAINT-HILAIRE-LE-CHATEL
  2       48.501762        0.097248    61250                         RADON
  3       48.520620       -0.800819    61350                      MANTILLY
  4       48.501762        0.097248    61250                         RADON
  5       48.412325       -0.031445    61420           LA FERRIERE-BOCHARD
  6       48.740002        0.387199    61370                    ECHAUFFOUR
  7       48.271177        0.736781    61260                          MALE
  8       48.796167       -0.626249    61100           CERISY-BELLE-ETOILE
  9       48.490978        0.357222    61170       SAINT-JULIEN-SUR-SARTHE
 10       48.697941       -0.366119    61220                       BRIOUZE
 11       48.376631        0.561738    61130                       BELLEME
 12       48.756724       -0.604993    61100                LA LANDE-PATRY
 13       48.744001       -0.016566    61200                      ARGENTAN
 14       48.747800        0.015300    61200               UROU-ET-CRENNES
 15       48.625132       -0.416963    61600                  LA SAUVAGERE
 16       48.785065       -0.681081    61800                        FRENES
 17       48.497095       -0.627207    61330                        CEAUCE
 18       48.440640        0.546820    61400             LE PIN-LA-GARENNE
 19       48.679125       -0.623832    61490        SAINT-CLAIR-DE-HALOUZE
 20       48.662594       -0.520387    61450        LA FERRIERE-AUX-ETANGS
 21       48.381474        0.848032    61110              CONDE-SUR-HUISNE
 22       48.376631        0.561738    61130                       BELLEME
 23       48.558399       -0.415091    61140            BAGNOLES-DE-L'ORNE
 24       48.744001       -0.016566    61200                      ARGENTAN
 25       48.719294       -0.041135    61200                      SARCEAUX
 26       48.345913        0.744415    61340                     BERD'HUIS
 27       48.779836        0.657245    61300       SAINT-SULPICE-SUR-RISLE
 28       48.497095       -0.627207    61330                        CEAUCE
 29       48.810846       -0.498948    61430               ATHIS-DE-L'ORNE
 30       48.605887       -0.669126    61700             LA HAUTE-CHAPELLE
 31       48.594289       -0.650433    61700                      DOMFRONT
 32       48.742366       -0.632945    61100                    SAINT-PAUL
 33       48.512418        0.537417    61400     SAINT-LANGIS-LES-MORTAGNE
 34       48.642785       -0.633548    61700        SAINT-BOMER-LES-FORGES
 35       48.432086        0.035008    61250              CONDE-SUR-SARTHE
 36       48.642785       -0.633548    61700        SAINT-BOMER-LES-FORGES
 37       48.711247       -0.541559    61440                        MESSEI
 38       48.271177        0.736781    61260                          MALE
 39       48.345913        0.744415    61340                     BERD'HUIS
 40       48.639948        0.077355    61570                       MORTREE
 41       48.795820        0.295245    61230                          GACE
 42       48.381474        0.848032    61110              CONDE-SUR-HUISNE
 43       48.795820        0.295245    61230                          GACE
 44       48.432856        0.091266    61000                       ALENCON
 45       48.841016        0.510353    61550               LA FERTE-FRENEL
 46       48.640644       -0.212096    61150                         RANES
 47       48.744001       -0.016566    61200                      ARGENTAN
 48       48.756724       -0.604993    61100                LA LANDE-PATRY
 49       48.605887       -0.669126    61700             LA HAUTE-CHAPELLE
 50       48.640644       -0.212096    61150                         RANES
 51       48.422860        0.063413    61000      SAINT-GERMAIN-DU-CORBEIS
 52       48.824362       -0.486176    61430  SAINTE-HONORINE-LA-CHARDONNE
 53       48.412325       -0.031445    61420           LA FERRIERE-BOCHARD
 54       48.429447        0.774353    61110                      REMALARD
 55       48.779836        0.657245    61300       SAINT-SULPICE-SUR-RISLE
 56       48.375226        0.521480    61130           LE GUE-DE-LA-CHAINE
 57       48.697941       -0.366119    61220                       BRIOUZE
 58       48.699900        0.283635    61240                 LE MERLERAULT
 59       48.325507        0.520587    61130                           IGE
 60       48.928361        0.198046    61120                    VIMOUTIERS
 61       48.699900        0.283635    61240                 LE MERLERAULT
 62       48.627861        0.357879    61390                     COURTOMER
 63       48.560552       -0.730998    61350          SAINT-MARS-D'EGRENNE
 64       48.740002        0.387199    61370                    ECHAUFFOUR
 65       48.517684       -0.756902    61350                       PASSAIS
 66       48.457486       -0.049718    61420       SAINT-DENIS-SUR-SARTHON
 67       48.422860        0.063413    61000      SAINT-GERMAIN-DU-CORBEIS
 68       48.279974        0.601739    61130    SAINT-GERMAIN-DE-LA-COUDRE
 69       48.717358       -0.122980    61150                       ECOUCHE
 70       48.640644       -0.212096    61150                         RANES
 71       48.558399       -0.415091    61140            BAGNOLES-DE-L'ORNE
 72       48.551446       -0.507522    61140          JUVIGNY-SOUS-ANDAINE
 73       48.697718        0.109320    61570                    ALMENECHES
 74       48.640644       -0.212096    61150                         RANES
 75       48.729922       -0.678462    61800                         CHANU
 76       48.740369        0.545182    61270                          AUBE
 77       48.459952        0.040230    61250                        LONRAI
 78       48.807234       -0.595221    61100                       CALIGNY
 79       48.551446       -0.507522    61140          JUVIGNY-SOUS-ANDAINE
 80       48.605919        0.172625    61500                          SEES
 81       48.735135        0.694991    61300           SAINT-OUEN-SUR-ITON
 82       48.483526        0.654587    61400        LA CHAPELLE-MONTLIGEON
 83       48.815454       -0.571091    61100          MONTILLY-SUR-NOIREAU
 84       48.520620       -0.800819    61350                      MANTILLY
 85       48.605919        0.172625    61500                          SEES
 86       48.707212       -0.583777    61100          LA CHAPELLE-AU-MOINE
 87       48.717358       -0.122980    61150                       ECOUCHE
 88       48.398467        0.027680    61250                        HELOUP
 89       48.697718        0.109320    61570                    ALMENECHES
 90       48.807234       -0.595221    61100                       CALIGNY
 91       48.568230       -0.144998    61320                     CARROUGES
 92       48.432856        0.091266    61000                       ALENCON
 93       48.689748        0.599399    61270                    LES ASPRES
 94       48.750568        0.579228    61270                           RAI
 95       48.740369        0.545182    61270                          AUBE
 96       48.590669        0.651875    61190                     TOUROUVRE
 97       48.627861        0.357879    61390                     COURTOMER
 98       48.643876       -0.090629    61570                         BOUCE
 99       48.605919        0.172625    61500                          SEES
100       48.440640        0.546820    61400             LE PIN-LA-GARENNE
101       48.398467        0.027680    61250                        HELOUP
102       48.562712        0.528677    61400       SAINT-HILAIRE-LE-CHATEL
103       48.697718        0.109320    61570                    ALMENECHES
104       48.400147        0.011614    61250                       MIEUXCE
105       48.801300       -0.004614    61160                      BAILLEUL
106       48.689748        0.599399    61270                    LES ASPRES
107       48.459952        0.040230    61250                        LONRAI
108       48.796167       -0.626249    61100           CERISY-BELLE-ETOILE
109       48.568230       -0.144998    61320                     CARROUGES
110       48.431693        0.888421    61110                  BRETONCELLES
