90 2
  0       49.630383        3.245175     2300                 Viry-Noureuil 
  1       49.928074        3.577731     2120                    Vadencourt
  2       49.047590        3.462042     2400                         Gland
  3       49.377902        3.236235     2200                       Pernant
  4       49.347750        3.418821     2200                           Acy
  5       49.476920        3.441737     2610               Moó-de-l'Aisne
  6       49.823149        3.702476     2120              Sains-Richaumont
  7       49.488155        3.446663     2320                         Pinon
  8       49.489259        3.702331     2860     Bruyères-et-Montbérault
  9       49.564133        3.619890     2000                          Laon
 10       49.504504        3.451598     2320             Anizy-le-Château
 11       49.371674        3.098621     2290             Montigny-Lengrain
 12       49.535350        3.828130     2820                      Montaigu
 13       49.489070        3.560226     2000                         Urcel
 14       49.376636        3.323420     2200                      Soissons
 15       49.377149        3.277015     2200                Mercin-et-Vaux
 16       49.128754        4.147544     2400            Essômes-sur-Marne
 17       49.283426        3.092867     2600            Villers-Cotterêts
 18       49.600918        3.773794     2350                          Gizy
 19       49.585142        3.240379     2300                    Autreville
 20       49.392462        3.736420     2160                     Beaurieux
 21       49.790037        3.309777     2690                     Urvillers
 22       49.920092        4.084192     2500                        Hirson
 23       49.598448        3.253162     2300                       Sinceny
 24       49.615576        3.219421     2300                        Chauny
 25       49.632333        3.648707     2000                Barenton-Bugny
 26       49.739456        3.771035     2250                         Marle
 27       49.615576        3.219421     2300                        Chauny
 28       48.953795        3.285530     2310                        Pavant
 29       49.406140        3.114523     2290                 Vic-sur-Aisne
 30       49.628442        3.280648     2700                       Condren
 31       49.189276        3.546576     2130            Fère-en-Tardenois
 32       49.019618        3.424609     2400            Nesles-la-Montagne
 33       49.608192        3.302968     2700                   Amigny-Rouy
 34       49.954391        3.255623     2420                        Nauroy
 35       49.376636        3.323420     2200                      Soissons
 36       45.490776      -73.662214     2400                 Mont-St-Père
 37       49.795527        3.459288     2240                      Ribemont
 38       49.160500        3.420675     2210                        Coincy
 39       49.856746        3.381365     2720                   Homblières
 40       49.831069        3.468196     2390                     Thenelles
 41       49.917913        3.277699     2420                     Haucourt 
 42       49.579896        3.212451     2300                   Bichancourt
 43       49.514227        3.838456     2820    St-Erme-Outre-et-Ramecourt
 44       49.629361        4.022186     2340                  Dizy-le-Gros
 45       49.825494        3.285468     2430                        Gauchy
 46       49.189276        3.546576     2130            Fère-en-Tardenois
 47       49.052917        3.367425     2400              Château-Thierry
 48       49.513496        3.419042     2320         Brancourt-en-Laonnois
 49       49.433969        3.966677     2190                   Guignicourt
 50       49.047590        3.462042     2400                         Gland
 51       50.013201        3.599069     2630                      Wassigny
 52       49.347750        3.418821     2200                           Acy
 53       49.983028        3.554379     2630                     Mennevret
 54       49.687928        3.358924     2800                       Travecy
 55       49.341301        3.532218     2220                        Braine
 56       49.572338        3.891315     2150                      Sissonne
 57       49.380062        3.184853     2290                       Ambleny
 58       49.608192        3.302968     2700                   Amigny-Rouy
 59       49.489070        3.560226     2000                         Urcel
 60       49.595666        3.379189     2410                     St-Gobain
 61       49.392462        3.736420     2160                     Beaurieux
 62       49.628442        3.280648     2700                       Condren
 63       49.344510        3.312118     2200                    Courmelles
 64       49.920092        4.084192     2500                        Hirson
 65       49.807340        3.346350     2240                     Itancourt
 66       49.954171        3.477203     2110                    Seboncourt
 67       49.519051        3.267496     2300                          Guny
 68       49.743824        3.171241     2640                      St-Simon
 69       49.859413        3.974475     2140                    Bouteille 
 70       49.204270        3.368581     2210            Oulchy-le-Château
 71       49.770410        4.179777     2360                    Brunehamel
 72       49.917913        3.277699     2420                     Haucourt 
 73       49.896779        3.325095     2100                       Lesdins
 74       49.128754        4.147544     2400            Essômes-sur-Marne
 75       49.341301        3.532218     2220                        Braine
 76       49.128754        4.147544     2570              Chézy-sur-Marne
 77       49.393662        3.280515     2200                      Pommiers
 78       49.048957        3.482059     2650                        Fossoy
 79       49.394962        3.654931     2160                Bourg-et-Comin
 80       49.403069        3.899594     2190                  Berry-au-Bac
 81       49.404687        3.437080     2880                   Chivres-Val
 82       49.739456        3.771035     2250                         Marle
 83       49.847066        3.287400     2100                    St-Quentin
 84       49.462291        3.822476     2820                       Corbeny
 85       49.709939        4.128431     2360               Rozoy-sur-Serre
 86       49.723444        3.232150     2480                         Jussy
 87       49.015003        3.401339     2400                      Nogentel
 88       49.780842        3.211885     2790           Seraucourt-le-Grand
 89       49.782854        3.455493     2240         Séry-lès-Mézières
 90       49.488155        3.446663     2320                         Pinon
 91       49.682918        3.588548     2270             Pouilly-sur-Serre
 92       49.356030        3.385644     2200               Billy-sur-Aisne
 93       49.412397        3.517506     2370              Vailly-sur-Aisne
 94       49.519051        3.267496     2300                          Guny
 95       49.489070        3.560226     2000                         Urcel
 96       49.709939        4.128431     2360               Rozoy-sur-Serre
 97       49.828754        3.160987     2590                    Etreillers
 98       49.966228        3.834173     2620                   Buironfosse
 99       49.845677        3.325173     2100                         Harly
100       49.535350        3.828130     2820                      Montaigu
101       49.670707        3.301302     2700                        Quessy
102       49.656252        3.291635     2700                      Tergnier
103       49.160500        3.420675     2210                        Coincy
104       49.743824        3.171241     2640                      St-Simon
105       49.170921        3.262185     2470              Neuilly-St-Front
106       49.442707        4.041071     2190                  Evergnicourt
107       49.404687        3.437080     2880                   Chivres-Val
108       49.377902        3.236235     2200                       Pernant
109       49.283426        3.092867     2600            Villers-Cotterêts
110       49.513496        3.419042     2320         Brancourt-en-Laonnois
111       49.917913        3.277699     2420                     Haucourt 
112       49.834435        3.907087     2140         Fontaine-lès-Vervins
113       49.880109        3.314642     2100                        Omissy
114       49.879326        4.222957     2500              Any-Martin-Rieux
115       49.585142        3.240379     2300                    Autreville
116       49.966781        3.351877     2110                   Montbrehain
117       49.358172        3.336681     2200                        Belleu
118       49.347750        3.418821     2200                           Acy
119       49.825494        3.285468     2430                        Gauchy
120       50.010906        3.711310     2450                         Boué
121       49.519051        3.267496     2300                          Guny
122       49.608192        3.302968     2700                   Amigny-Rouy
123       49.739456        3.771035     2250                         Marle
124       49.745825        3.234400     2440                      Clastres
125       49.739456        3.771035     2250                         Marle
126       49.380992        3.505947     2370                      Chassemy
127       49.954391        3.255623     2420                        Nauroy
128       49.347750        3.418821     2200                           Acy
129       49.918432        4.134038     2830                     St-Michel
130       49.404687        3.437080     2880                   Chivres-Val
131       49.973533        3.910782     2260                   Flamengrie 
132       49.462291        3.822476     2820                       Corbeny
133       45.490776      -73.662214     2400                 Mont-St-Père
134       49.879326        4.222957     2500              Any-Martin-Rieux
135       49.579896        3.212451     2300                   Bichancourt
136       49.380062        3.184853     2290                       Ambleny
137       49.380925        3.359553     2200         Villeneuve-St-Germain
138       49.790037        3.309777     2690                     Urvillers
139       50.023807        3.514180     2110                  Vaux-Andigny
140       49.513496        3.419042     2320         Brancourt-en-Laonnois
141       49.739456        3.771035     2250                         Marle
142       49.705013        3.997290     2340                      Chaourse
143       49.600918        3.773794     2350                          Gizy
144       49.462291        3.822476     2820                       Corbeny
145       49.204270        3.368581     2210            Oulchy-le-Château
146       49.840478        3.488454     2390            Origny-Ste-Benoite
147       49.743824        3.171241     2640                      St-Simon
148       49.380062        3.184853     2290                       Ambleny
149       49.585142        3.240379     2300                    Autreville
150       49.535350        3.828130     2820                      Montaigu
151       49.407637        3.196901     2290                      Fontenoy
152       49.966781        3.351877     2110                   Montbrehain
153       49.620155        3.560230     2870                       Vivaise
154       49.380925        3.359553     2200         Villeneuve-St-Germain
155       49.834435        3.907087     2140                       Vervins
156       49.707424        3.155690     2480                         Cugny
157       49.052917        3.367425     2400              Château-Thierry
158       49.902326        3.398952     2110                     Fonsommes
159       49.462291        3.822476     2820                       Corbeny
160       49.412397        3.517506     2370              Vailly-sur-Aisne
161       49.990753        3.654223     2510                        Etreux
162       49.513496        3.419042     2320         Brancourt-en-Laonnois
163       49.283426        3.092867     2600            Villers-Cotterêts
164       49.387540        3.149237     2290               Ressons-le-Long
165       49.407637        3.196901     2290                      Fontenoy
166       49.479589        3.520646     2000                     Chavignon
167       49.608192        3.302968     2700                   Amigny-Rouy
168       49.377149        3.277015     2200                Mercin-et-Vaux
169       49.656252        3.291635     2700                      Tergnier
170       47.283935        2.955667     2000           Chéry-lès-Pouilly
171       49.701804        3.485349     2270           Nouvion-et-Catillon
172       49.034572        3.418980     2400             Etampes-sur-Marne
173       49.570486        3.712991     2840              Coucy-lès-Eppes
174       49.845677        3.325173     2100                         Harly
175       49.497913        3.420801     2320                   Prémontré
176       49.337440        3.363899     2200                     Septmonts
177       49.513496        3.419042     2320         Brancourt-en-Laonnois
178       49.898014        3.625057     2120                         Guise
179       49.990753        3.654223     2510                        Etreux
180       49.929854        4.034370     2500                  Neuve-Maison
