112 62
  0       50.539579        2.572459    62920                      CHOCQUES 
  1       50.475517        2.865986    62880               VENDIN-LE-VIEIL
  2       50.917288        1.824342    62185                       FRETHUN
  3       50.199845        2.878478    62128                    CROISILLES
  4       50.590739        2.594921    62350               MONT-BERNANCHON
  5       50.885777        1.662474    62179                       WISSANT
  6       50.634574        1.754371    62830                         SAMER
  7       50.463618        2.991651    62590                       OIGNIES
  8       50.509353        2.726491    62149                      ANNEQUIN
  9       50.294374        2.845368    62223                        FEUCHY
 10       50.531036        2.639260    62400                       BETHUNE
 11       50.392300        2.924582    62320                      DROCOURT
 12       50.498951        2.681377    62113                      LABOURSE
 13       50.401526        2.866865    62680                     MERICOURT
 14       50.924248        1.882312    62137                      COULOGNE
 15       50.273623        2.758115    62217                     ACHICOURT
 16       50.568379        1.615115    62176                       CAMIERS
 17       50.302065        2.868592    62118                       FAMPOUX
 18       50.736744        2.243632    62219                   LONGUENESSE
 19       50.634064        2.324377    62120                        MAMETZ
 20       50.412326        2.824277    62210                         AVION
 21       50.977291        2.043284    62215                     OYE-PLAGE
 22       50.381329        2.336217    62130        SAINT-POL-SUR-TERNOISE
 23       50.591036        1.606923    62187                        DANNES
 24       50.708790        2.210507    62570                      HALLINES
 25       50.564129        2.480631    62190                       LILLERS
 26       50.594890        2.563854    62350                        ROBECQ
 27       50.457910        2.792788    62750               LOOS-EN-GOHELLE
 28       50.652829        1.632308    62360                      CONDETTE
 29       50.313409        2.746788    62223             ANZIN-SAINT-AUBIN
 30       50.587906        2.518886    62350                        BUSNES
 31       50.506075        2.588451    62199                        GOSNAY
 32       50.421504        2.857594    62430                   SALLAUMINES
 33       50.859489        2.157448    62370                     RUMINGHEM
 34       50.428189        2.927068    62640           MONTIGNY-EN-GOHELLE
 35       50.457910        2.792788    62750               LOOS-EN-GOHELLE
 36       50.568379        1.615115    62176                       CAMIERS
 37       50.472062        2.503804    62460                        DIVION
 38       50.408736        2.756158    62143                        ANGRES
 39       50.590739        2.594921    62350               MONT-BERNANCHON
 40       50.393268        2.903750    62320                       ROUVROY
 41       50.373953        2.810418    62580                          VIMY
 42       50.458378        2.946283    62710                    COURRIERES
 43       50.294374        2.845368    62223                        FEUCHY
 44       50.692905        2.356331    62120                   RACQUINGHEM
 45       50.710149        1.680204    62360                     BAINCTHUN
 46       50.421326        1.905676    62990                 BEAURAINVILLE
 47       50.532327        2.618097    62232                       ANNEZIN
 48       50.494922        2.896783    62410                      MEURCHIN
 49       50.522368        2.680904    62660                        BEUVRY
 50       50.233844        2.685276    62173                       RIVIERE
 51       50.311840        2.943628    62118            BIACHE-SAINT-VAAST
 52       50.591036        1.606923    62187                        DANNES
 53       50.463618        2.991651    62590                       OIGNIES
 54       50.697344        2.283725    62575                    HEURINGHEM
 55       50.754096        2.238303    62500         SAINT-MARTIN-AU-LAERT
 56       50.531036        2.639260    62400                       BETHUNE
 57       50.652829        1.632308    62360                      CONDETTE
 58       50.350063        2.583311    62690             AUBIGNY-EN-ARTOIS
 59       50.104438        2.850171    62450                       BAPAUME
 60       50.628314        2.771832    62840                      LAVENTIE
 61       50.673068        1.830808    62240                       DESVRES
 62       50.449353        2.743681    62160                        GRENAY
 63       50.381329        2.336217    62130        SAINT-POL-SUR-TERNOISE
 64       50.428189        2.927068    62640           MONTIGNY-EN-GOHELLE
 65       50.418241        3.018628    62970           COURCELLES-LES-LENS
 66       50.104438        2.850171    62450                       BAPAUME
 67       50.512952        1.620303    62520        LE TOUQUET-PARIS-PLAGE
 68       50.418241        3.018628    62970           COURCELLES-LES-LENS
 69       50.401394        1.650255    62180                        VERTON
 70       50.522368        2.680904    62660                        BEUVRY
 71       50.769517        1.610207    62930                      WIMEREUX
 72       50.754096        2.238303    62500         SAINT-MARTIN-AU-LAERT
 73       50.515977        2.540297    62122                      LAPUGNOY
 74       50.805306        2.153443    62910                   EPERLECQUES
 75       50.621698        2.618234    62350            CALONNE-SUR-LA-LYS
 76       50.707751        2.182801    62380                     ESQUERDES
 77       50.792905        1.777379    62720                          RETY
 78       50.548240        2.661722    62400                        ESSARS
 79       50.587906        2.518886    62350                        BUSNES
 80       50.470191        2.716420    62670                    MAZINGARBE
 81       50.498951        2.681377    62113                      LABOURSE
 82       50.658189        2.770103    62840             SAILLY-SUR-LA-LYS
 83       50.541563        2.738320    62149                     FESTUBERT
 84       50.736744        2.243632    62219                   LONGUENESSE
 85       50.977291        2.043284    62215                     OYE-PLAGE
 86       50.281295        2.723250    62000                     DAINVILLE
 87       50.688548        1.627891    62360                 SAINT-LEONARD
 88       50.649169        2.833709    62840                     FLEURBAIX
 89       50.401394        1.650255    62180                        VERTON
 90       50.391425        2.772450    62580           GIVENCHY-EN-GOHELLE
 91       50.516087        1.638790    62630                       ETAPLES
 92       50.624287        2.453039    62330                     ISBERGUES
 93       50.276283        2.818231    62217         TILLOY-LES-MOFFLAINES
 94       50.421326        1.905676    62990                 BEAURAINVILLE
 95       50.455206        1.614852    62155                     MERLIMONT
 96       50.415603        2.817175    62300            ELEU-DIT-LEAUWETTE
 97       50.828816        1.764077    62250                       FERQUES
 98       50.917288        1.824342    62185                       FRETHUN
 99       50.828816        1.764077    62250                       FERQUES
100       50.570425        2.666851    62400                         LOCON
101       50.520053        2.859659    62138                 BILLY-BERCLAU
102       50.418715        1.633277    62180                RANG-DU-FLIERS
103       50.474691        2.584357    62940                   HAILLICOURT
104       50.104438        2.850171    62450                       BAPAUME
105       50.315476        3.059352    62112            GOUY-SOUS-BELLONNE
106       50.895227        2.135104    62370           SAINTE-MARIE-KERQUE
107       50.512652        2.612895    62232        FOUQUIERES-LES-BETHUNE
108       50.754096        2.238303    62500         SAINT-MARTIN-AU-LAERT
109       50.936417        1.799951    62231                     COQUELLES
110       50.508828        2.804336    62138                       HAISNES
111       50.323602        2.705843    62161                      MAROEUIL
112       50.946542        2.123287    62370                 SAINT-FOLQUIN
113       50.868341        1.870481    62340                        GUINES
114       50.733870        2.294800    62510                        ARQUES
115       50.453927        2.580967    62620             MAISNIL-LES-RUITZ
116       50.515977        2.540297    62122                      LAPUGNOY
117       50.928637        2.077324    62162                VIEILLE-EGLISE
118       50.736744        2.243632    62219                   LONGUENESSE
119       50.393268        2.903750    62320                       ROUVROY
120       50.638757        2.396187    62120               AIRE-SUR-LA-LYS
121       50.710136        2.343029    62120                   WARDRECQUES
122       50.273623        2.758115    62217                     ACHICOURT
123       50.656544        1.812986    62240                     LONGFOSSE
124       50.233844        2.685276    62173                       RIVIERE
125       50.372930        2.036676    62140                        HESDIN
126       50.805306        2.153443    62910                   EPERLECQUES
127       50.302065        2.868592    62118                       FAMPOUX
128       50.951290        1.858686    62100                        CALAIS
129       50.579700        2.740300    62136                    RICHEBOURG
130       50.906515        1.932535    62730                  LES ATTAQUES
131       50.710149        1.680204    62360                     BAINCTHUN
132       50.530996        2.505508    62157                     ALLOUAGNE
133       50.732346        1.720032    62360       LA CAPELLE-LES-BOULOGNE
134       50.570425        2.666851    62400                         LOCON
135       50.906515        1.932535    62730                  LES ATTAQUES
136       50.946542        2.123287    62370                 SAINT-FOLQUIN
137       50.313409        2.746788    62223             ANZIN-SAINT-AUBIN
138       50.512652        2.612895    62232        FOUQUIERES-LES-BETHUNE
139       50.587906        2.518886    62350                        BUSNES
140       50.512910        2.133846    62310                        FRUGES
141       50.856432        1.963359    62610                        BREMES
142       50.570425        2.666851    62400                         LOCON
143       50.716514        2.278190    62575                   BLENDECQUES
144       50.278457        2.292931    62270                       FREVENT
145       50.455206        1.614852    62155                     MERLIMONT
146       50.263601        2.787922    62217                     BEAURAINS
147       50.594890        2.563854    62350                        ROBECQ
148       50.619072        1.642977    62152           NEUFCHATEL-HARDELOT
149       50.487868        2.757551    62980                     VERMELLES
150       50.590739        2.594921    62350               MONT-BERNANCHON
151       50.584512        2.411010    62120                NORRENT-FONTES
152       50.466356        2.588673    62620                         RUITZ
153       50.370563        2.045117    62140                      MARCONNE
154       50.313409        2.746788    62223             ANZIN-SAINT-AUBIN
155       50.508828        2.804336    62138                       HAISNES
156       50.948544        1.947790    62730                         MARCK
157       50.372930        2.036676    62140                        HESDIN
158       50.638757        2.396187    62120               AIRE-SUR-LA-LYS
159       50.291002        2.777535    62000                         ARRAS
160       50.278358        2.530471    62810              AVESNES-LE-COMTE
161       50.638757        2.396187    62120               AIRE-SUR-LA-LYS
162       50.806228        1.739936    62720                       RINXENT
163       50.673068        1.830808    62240                       DESVRES
164       50.951290        1.858686    62100                        CALAIS
165       50.658189        2.770103    62840             SAILLY-SUR-LA-LYS
166       50.426721        2.710604    62160                  AIX-NOULETTE
167       50.468160        1.768269    62170                     MONTREUIL
168       50.483614        2.462684    62470            CAMBLAIN-CHATELAIN
169       50.710136        2.343029    62120                   WARDRECQUES
170       50.418241        3.018628    62970           COURCELLES-LES-LENS
171       50.540066        2.787382    62138                     VIOLAINES
172       50.520242        2.745438    62149                       CUINCHY
173       50.392439        2.712243    62153          ABLAIN-SAINT-NAZAIRE
174       50.431114        2.873973    62221            NOYELLES-SOUS-LENS
175       50.683239        2.139379    62380              WAVRANS-SUR-L'AA
176       50.624287        2.453039    62330                     ISBERGUES
177       50.412326        2.824277    62210                         AVION
178       50.478864        2.908317    62880                    ESTEVELLES
179       50.868341        1.870481    62340                        GUINES
180       50.462547        2.877615    62880                         ANNAY
181       50.484876        2.410588    62550                        PERNES
182       50.458378        2.946283    62710                    COURRIERES
183       50.736744        2.243632    62219                   LONGUENESSE
184       50.707751        2.182801    62380                     ESQUERDES
185       50.806245        2.048639    62890          TOURNEHEM-SUR-LA-HEM
186       50.512652        2.612895    62232        FOUQUIERES-LES-BETHUNE
187       50.856432        1.963359    62610                        BREMES
188       50.679432        1.571677    62224                 EQUIHEN-PLAGE
189       50.591036        1.606923    62187                        DANNES
190       50.670581        2.339441    62120                    ROQUETOIRE
191       50.449353        2.743681    62160                        GRENAY
192       50.233844        2.685276    62173                       RIVIERE
193       50.679757        1.654698    62360                        ISQUES
194       50.278358        2.530471    62810              AVESNES-LE-COMTE
195       50.669368        2.287150    62129                        ECQUES
196       50.508828        2.804336    62138                       HAISNES
197       50.946696        1.756665    62231                      SANGATTE
198       50.370563        2.045117    62140                      MARCONNE
199       50.736744        2.243632    62219                   LONGUENESSE
200       50.468160        1.768269    62170                     MONTREUIL
201       50.725231        1.613334    62200              BOULOGNE-SUR-MER
202       50.381329        2.336217    62130        SAINT-POL-SUR-TERNOISE
203       50.668699        1.679874    62360                 HESDIN-L'ABBE
204       50.478661        2.889669    62880                 PONT-A-VENDIN
205       50.623910        2.548672    62350                  SAINT-VENANT
206       50.679432        1.571677    62224                 EQUIHEN-PLAGE
207       50.814510        1.704929    62250                      MARQUISE
208       50.570425        2.666851    62400                         LOCON
209       50.928637        2.077324    62162                VIEILLE-EGLISE
210       50.859489        2.157448    62370                     RUMINGHEM
211       50.697322        2.243212    62570                       HELFAUT
212       50.452176        2.909221    62440                        HARNES
213       50.437022        2.558169    62150          REBREUVE-RANCHICOURT
214       50.302132        2.776778    62223                 SAINT-NICOLAS
215       50.532327        2.618097    62232                       ANNEZIN
216       50.565838        2.626723    62232                        HINGES
217       50.470191        2.716420    62670                    MAZINGARBE
218       50.624287        2.453039    62330                     ISBERGUES
219       50.710149        1.680204    62360                     BAINCTHUN
220       50.928637        2.077324    62162                VIEILLE-EGLISE
221       50.656544        1.812986    62240                     LONGFOSSE
222       50.278457        2.292931    62270                       FREVENT
223       50.315476        3.059352    62112            GOUY-SOUS-BELLONNE
224       50.697344        2.283725    62575                    HEURINGHEM
