84 35
  0       48.242469       -1.562212    35250              CHASNE-SUR-ILLET 
  1       48.402533       -1.324410    35460       SAINT-ETIENNE-EN-COGLES
  2       48.179645       -1.943328    35137                         BEDEE
  3       48.101097       -1.795384    35650                       LE RHEU
  4       48.588064       -1.924559    35430                    SAINT-PERE
  5       48.224996       -1.180487    35210        CHATILLON-EN-VENDELAIS
  6       47.912461       -1.378817    35240                       RETIERS
  7       47.824796       -1.807864    35480                        MESSAC
  8       48.295423       -1.802047    35630                          HEDE
  9       48.095555       -1.371806    35220                  SAINT-DIDIER
 10       48.256221       -1.517549    35340              ERCE-PRES-LIFFRE
 11       48.005756       -1.477655    35150                       AMANLIS
 12       48.510399       -1.699699    35120                       EPINIAC
 13       48.046029       -1.602986    35770               VERN-SUR-SEICHE
 14       48.412528       -1.152290    35133                       LANDEAN
 15       48.533849       -1.563876    35610               PLEINE-FOUGERES
 16       48.070651       -1.932782    35160                     LE VERGER
 17       47.895742       -1.750908    35470                     PLECHATEL
 18       48.070651       -1.932782    35160                     LE VERGER
 19       47.720530       -1.848398    35660                        LANGON
 20       48.042118       -1.546732    35410                     NOUVOITOU
 21       47.722478       -1.731791    35390                GRAND-FOUGERAY
 22       48.595682       -1.843235    35111                   LA FRESNAIS
 23       47.722478       -1.731791    35390                GRAND-FOUGERAY
 24       48.268888       -2.067511    35360                       MEDREAC
 25       48.189812       -2.192985    35290           SAINT-MEEN-LE-GRAND
 26       48.220612       -1.788629    35850                        GEVEZE
 27       47.891032       -1.986686    35330             MAURE-DE-BRETAGNE
 28       48.410006       -1.752499    35270                      COMBOURG
 29       48.395908       -1.901391    35720                   PLEUGUENEUC
 30       48.218519       -1.342053    35450            LIVRE-SUR-CHANGEON
 31       48.480019       -1.123625    35420            LOUVIGNE-DU-DESERT
 32       48.219363       -1.754105    35520                    LA MEZIERE
 33       48.675450       -1.911221    35350                 SAINT-COULOMB
 34       48.215627       -1.892435    35850                       ROMILLE
 35       47.650742       -2.083938    35600                         REDON
 36       47.895742       -1.750908    35470                     PLECHATEL
 37       48.224996       -1.180487    35210        CHATILLON-EN-VENDELAIS
 38       48.048824       -1.332836    35680              LOUVIGNE-DE-BAIS
 39       47.775866       -2.079424    35550                  SIXT-SUR-AFF
 40       48.123757       -1.866720    35590        LA CHAPELLE-THOUARAULT
 41       48.166536       -2.066915    35360                  BOISGERVILLY
 42       48.461400       -1.485501    35560                       ANTRAIN
 43       48.605561       -1.801435    35120                         HIREL
 44       48.521860       -1.895174    35540                 MINIAC-MORVAN
 45       48.359617       -1.715762    35440                         DINGE
 46       48.533976       -1.848429    35540                      PLERGUER
 47       47.650742       -2.083938    35600                         REDON
 48       48.247842       -1.467482    35140                         GOSNE
 49       48.127513       -1.817932    35590                   L'HERMITAGE
 50       47.905520       -1.787629    35580                  SAINT-SENOUX
 51       48.319961       -1.216631    35133                        JAVENE
 52       48.543480       -1.815325    35120                 ROZ-LANDRIEUX
 53       48.328863       -1.835190    35190                     TINTENIAC
 54       48.118465       -1.755908    35132               VEZIN-LE-COQUET
 55       47.842697       -1.682073    35470              BAIN-DE-BRETAGNE
 56       48.065963       -1.722328    35136     SAINT-JACQUES-DE-LA-LANDE
 57       48.200810       -2.047012    35360         MONTAUBAN-DE-BRETAGNE
 58       48.118465       -1.755908    35132               VEZIN-LE-COQUET
 59       48.410006       -1.752499    35270                      COMBOURG
 60       48.048488       -1.503148    35410                  CHATEAUGIRON
 61       48.122080       -1.459149    35530            SERVON-SUR-VILAINE
 62       48.410006       -1.752499    35270                      COMBOURG
 63       48.427679       -1.191731    35133                       PARIGNE
 64       48.182829       -1.643459    35830                        BETTON
 65       48.599028       -1.972348    35430       SAINT-JOUAN-DES-GUERETS
 66       48.395908       -1.901391    35720                   PLEUGUENEUC
 67       47.694652       -2.001438    35600                  SAINTE-MARIE
 68       48.072918       -1.846946    35310                     MORDELLES
 69       48.220612       -1.788629    35850                        GEVEZE
 70       48.467056       -1.767255    35270                     BONNEMAIN
 71       48.342360       -1.275853    35133                       ROMAGNE
 72       48.010940       -1.705969    35131                     PONT-PEAN
 73       48.508790       -1.243478    35420 SAINT-GEORGES-DE-REINTEMBAULT
 74       48.105679       -1.872097    35310                        CINTRE
 75       47.979124       -1.588157    35150                    CORPS-NUDS
 76       48.108525       -1.925933    35160                      TALENSAC
 77       48.177805       -1.116512    35500                 SAINT-M'HERVE
 78       48.216365       -1.697343    35520                       MELESSE
 79       48.013956       -1.593636    35230                   SAINT-ARMEL
 80       47.966038       -1.796747    35580                       GUICHEN
 81       48.576190       -2.016377    35870                     PLEURTUIT
 82       48.298624       -1.723080    35440                        GUIPEL
 83       48.467056       -1.767255    35270                     BONNEMAIN
 84       48.033731       -1.035833    35370                     LE PERTRE
 85       47.992805       -1.615574    35230                    BOURGBARRE
 86       48.533849       -1.563876    35610               PLEINE-FOUGERES
 87       48.543480       -1.815325    35120                 ROZ-LANDRIEUX
 88       48.359617       -1.715762    35440                         DINGE
 89       48.019561       -2.174058    35380                      PAIMPONT
 90       47.895742       -1.750908    35470                     PLECHATEL
 91       48.374663       -1.876684    35190                SAINT-DOMINEUC
 92       48.089126       -1.618455    35135                     CHANTEPIE
 93       48.108525       -1.925933    35160                      TALENSAC
 94       48.057315       -1.148312    35370           ARGENTRE-DU-PLESSIS
 95       48.403835       -1.262785    35133       SAINT-GERMAIN-EN-COGLES
 96       48.273072       -1.658672    35250         SAINT-MEDARD-SUR-ILLE
 97       48.374663       -1.876684    35190                SAINT-DOMINEUC
 98       48.062347       -1.522532    35410                       DOMLOUP
 99       48.057315       -1.148312    35370           ARGENTRE-DU-PLESSIS
100       47.830016       -1.560131    35620                 ERCE-EN-LAMEE
101       48.019561       -2.174058    35380                      PAIMPONT
102       47.705444       -2.071740    35600                BAINS-SUR-OUST
103       48.013956       -1.593636    35230                   SAINT-ARMEL
104       48.146698       -1.772760    35740                          PACE
105       47.912461       -1.378817    35240                       RETIERS
106       48.298624       -1.723080    35440                        GUIPEL
107       48.095555       -1.371806    35220                  SAINT-DIDIER
108       48.595682       -1.843235    35111                   LA FRESNAIS
109       48.525270       -1.774600    35120                 BAGUER-MORVAN
110       48.177218       -1.301799    35450                     VAL-D'IZE
111       48.048488       -1.503148    35410                  CHATEAUGIRON
112       48.124746       -1.215430    35500                         VITRE
113       48.046029       -1.602986    35770               VERN-SUR-SEICHE
114       48.446896       -1.913852    35720      SAINT-PIERRE-DE-PLESGUEN
115       47.720530       -1.848398    35660                        LANGON
116       47.912461       -1.378817    35240                       RETIERS
117       48.374663       -1.876684    35190                SAINT-DOMINEUC
118       48.153703       -1.580598    35235            THORIGNE-FOUILLARD
119       47.929149       -1.741057    35890             BOURG-DES-COMPTES
120       48.089126       -1.618455    35135                     CHANTEPIE
121       48.065963       -1.722328    35136     SAINT-JACQUES-DE-LA-LANDE
122       48.220612       -1.788629    35850                        GEVEZE
123       47.978808       -1.721638    35890                        LAILLE
124       48.013956       -1.593636    35230                   SAINT-ARMEL
125       48.364992       -1.409459    35460           SAINT-MARC-LE-BLANC
126       48.090651       -1.665426    35200                        RENNES
127       48.328863       -1.835190    35190                     TINTENIAC
128       48.637450       -1.903759    35350        SAINT-MELOIR-DES-ONDES
129       47.935032       -1.649889    35320                        CREVIN
130       48.182913       -1.919571    35137                    PLEUMELEUC
131       48.189812       -2.192985    35290           SAINT-MEEN-LE-GRAND
132       48.395908       -1.901391    35720                   PLEUGUENEUC
133       48.217808       -1.578848    35250        SAINT-SULPICE-LA-FORET
134       48.332960       -1.535713    35490              SENS-DE-BRETAGNE
135       48.395908       -1.901391    35720                   PLEUGUENEUC
136       48.248579       -1.785045    35630                        VIGNOC
137       47.650742       -2.083938    35600                         REDON
138       47.842697       -1.682073    35470              BAIN-DE-BRETAGNE
139       48.182829       -1.643459    35830                        BETTON
140       48.328863       -1.835190    35190                     TINTENIAC
141       48.411803       -1.816252    35270                       MEILLAC
142       47.831395       -1.317591    35640             MARTIGNE-FERCHAUD
143       48.062347       -1.522532    35410                       DOMLOUP
144       48.127513       -1.817932    35590                   L'HERMITAGE
145       48.306940       -1.670412    35440            MONTREUIL-SUR-ILLE
146       48.006667       -1.846218    35580                         GOVEN
147       48.118465       -1.755908    35132               VEZIN-LE-COQUET
148       48.144495       -1.903004    35160                       BRETEIL
149       48.217808       -1.578848    35250        SAINT-SULPICE-LA-FORET
150       48.608376       -2.038038    35780                        DINARD
151       48.109406       -1.405353    35220                  CHATEAUBOURG
152       48.008012       -1.289755    35680                          BAIS
153       48.675450       -1.911221    35350                 SAINT-COULOMB
154       48.118465       -1.755908    35132               VEZIN-LE-COQUET
155       48.110413       -1.481859    35530                         BRECE
156       48.060121       -1.194125    35370                      ETRELLES
157       48.247842       -1.467482    35140                         GOSNE
158       48.042118       -1.546732    35410                     NOUVOITOU
159       48.052286       -1.788879    35310                      CHAVAGNE
160       47.722478       -1.731791    35390                GRAND-FOUGERAY
161       48.048439       -1.864231    35310           BREAL-SOUS-MONTFORT
162       48.046029       -1.602986    35770               VERN-SUR-SEICHE
163       48.319961       -1.216631    35133                        JAVENE
164       48.359617       -1.715762    35440                         DINGE
165       48.595682       -1.843235    35111                   LA FRESNAIS
166       48.637450       -1.903759    35350        SAINT-MELOIR-DES-ONDES
167       48.216365       -1.697343    35520                       MELESSE
168       48.146698       -1.772760    35740                          PACE
