71 25
  0       47.169692        5.891696    25320                        TORPES 
  1       47.500780        6.938953    25490                       BADEVEL
  2       47.131131        6.526515    25390               ORCHAMPS-VENNES
  3       46.947668        6.377792    25300                         ARCON
  4       47.213401        6.823197    25140                   CHARQUEMONT
  5       46.834976        6.400415    25300                    LES FOURGS
  6       47.528450        6.822650    25200                GRAND-CHARMONT
  7       47.250075        6.237158    25360                      BOUCLANS
  8       47.060954        5.816761    25440                        LIESLE
  9       47.507009        6.862954    25460                        ETUPES
 10       47.213401        6.823197    25140                   CHARQUEMONT
 11       47.411120        6.775441    25150                   BOURGUIGNON
 12       47.474641        6.764964    25420                  VOUJEAUCOURT
 13       47.535074        6.677517    25750                     DESANDANS
 14       47.393377        6.496881    25340                       CLERVAL
 15       47.246285        6.182362    25360                       NANCRAY
 16       47.045118        6.607657    25500                     MONTLEBON
 17       47.252277        6.801435    25120                        MAICHE
 18       47.474641        6.764964    25420                  VOUJEAUCOURT
 19       47.488468        6.813764    25400                      ARBOUANS
 20       47.507009        6.862954    25460                        ETUPES
 21       47.316331        6.233268    25640                       ROULANS
 22       47.115525        5.858094    25320               BYANS-SUR-DOUBS
 23       47.524460        6.839126    25600                VIEUX-CHARMONT
 24       47.532475        6.795614    25200                   BETHONCOURT
 25       47.513075        6.830703    25600                       SOCHAUX
 26       47.314343        5.867133    25170                        EMAGNY
 27       47.352683        6.361762    25110               BAUME-LES-DAMES
 28       47.038484        6.070978    25330                       AMANCEY
 29       47.060000        6.545300    25500                    LES COMBES
 30       46.867446        6.215625    25560            LA RIVIERE-DRUGEON
 31       47.196526        5.900228    25320                 GRANDFONTAINE
 32       47.294231        6.583623    25430               SANCEY-LE-GRAND
 33       47.286741        5.972558    25480               MISEREY-SALINES
 34       47.103127        5.883235    25440                       QUINGEY
 35       47.337649        5.937093    25870            CUSSEY-SUR-L'OGNON
 36       47.497031        6.851057    25400                   TAILLECOURT
 37       47.471159        6.688303    25260                       LOUGRES
 38       47.466742        6.903179    25230                   VANDONCOURT
 39       46.856048        6.159486    25560                        FRASNE
 40       47.239039        5.926912    25770              SERRE-LES-SAPINS
 41       47.506296        6.912504    25490            DAMPIERRE-LES-BOIS
 42       47.226524        6.065341    25660                         MORRE
 43       47.471159        6.688303    25260                       LOUGRES
 44       47.501144        6.775838    25420    COURCELLES-LES-MONTBELIARD
 45       47.286741        5.972558    25480               MISEREY-SALINES
 46       47.256117        6.067550    25220                    CHALEZEULE
 47       47.507009        6.862954    25460                        ETUPES
 48       47.463341        6.718604    25260                      ETOUVANS
 49       47.298442        5.949793    25870                 AUXON-DESSOUS
 50       47.497031        6.851057    25400                   TAILLECOURT
 51       47.500780        6.938953    25490                       BADEVEL
 52       47.481724        6.840615    25400                    AUDINCOURT
 53       46.856048        6.159486    25560                        FRASNE
 54       47.275852        5.921366    25170                      PELOUSEY
 55       47.185300        6.724200    25210                     BONNETAGE
 56       47.509351        6.693953    25113                  SAINTE-MARIE
 57       47.393377        6.496881    25340                       CLERVAL
 58       47.187733        5.973538    25720                        LARNOD
 59       47.064357        6.212548    25840                    VUILLAFANS
 60       47.452398        6.653314    25260          LONGEVELLE-SUR-DOUBS
 61       47.441944        6.882167    25310                  HERIMONCOURT
 62       47.103127        5.883235    25440                       QUINGEY
 63       47.240804        6.084836    25660                    MONTFAUCON
 64       46.774381        6.282316    25160      LABERGEMENT-SAINTE-MARIE
 65       47.503343        6.752209    25550                          DUNG
 66       47.131131        6.526515    25390               ORCHAMPS-VENNES
 67       47.471159        6.688303    25260                       LOUGRES
 68       47.477893        6.895243    25230                         DASLE
 69       47.500780        6.938953    25490                       BADEVEL
 70       47.488468        6.813764    25400                      ARBOUANS
 71       47.185300        6.724200    25210                     BONNETAGE
 72       47.393377        6.496881    25340                       CLERVAL
 73       47.393377        6.496881    25340                       CLERVAL
 74       47.026270        6.569967    25570          GRAND'COMBE-CHATELEU
 75       47.539696        6.852311    25600                        NOMMAY
 76       46.774381        6.282316    25160      LABERGEMENT-SAINTE-MARIE
 77       47.509351        6.693953    25113                  SAINTE-MARIE
 78       47.334455        6.051642    25870                        BONNAY
 79       47.257710        5.934594    25115           POUILLEY-LES-VIGNES
 80       47.214535        6.539774    25510     PIERREFONTAINE-LES-VARANS
 81       47.147594        6.345523    25800                      VALDAHON
 82       47.056980        6.604106    25500                       MORTEAU
 83       47.216973        6.766250    25140                   FRAMBOUHANS
 84       47.382141        6.773454    25150                 PONT-DE-ROIDE
 85       47.240804        6.084836    25660                    MONTFAUCON
 86       47.430927        6.918898    25310                   ABBEVILLERS
 87       47.318337        6.812392    25190               SAINT-HIPPOLYTE
 88       47.393377        6.496881    25340                       CLERVAL
 89       47.322939        6.133857    25640                      MARCHAUX
 90       47.244030        6.882226    25450                   DAMPRICHARD
 91       47.185300        6.724200    25210                     BONNETAGE
 92       47.506511        6.774743    25630                SAINTE-SUZANNE
 93       47.276260        6.112188    25220             ROCHE-LEZ-BEAUPRE
 94       47.252277        6.801435    25120                        MAICHE
 95       47.209370        6.003222    25720                         BEURE
 96       47.329400        6.204700    25640              POULIGNEY-LUSANS
 97       47.528450        6.822650    25200                GRAND-CHARMONT
 98       47.451255        6.579195    25250           L'ISLE-SUR-LE-DOUBS
 99       46.927600        6.349001    25300                         DOUBS
100       47.411120        6.775441    25150                   BOURGUIGNON
101       46.760501        6.389525    25370                        JOUGNE
102       47.306802        6.153723    25220                       AMAGNEY
103       46.954174        6.116989    25270                        LEVIER
104       46.915453        6.269088    25300                      CHAFFOIS
105       47.273100        5.985300    25480                ECOLE-VALENTIN
106       47.155658        6.572398    25390                 GUYANS-VENNES
107       47.411120        6.775441    25150                   BOURGUIGNON
108       47.185300        6.724200    25210                     BONNETAGE
109       47.210868        6.239299    25360            NAISEY-LES-GRANGES
110       47.210868        6.239299    25360            NAISEY-LES-GRANGES
111       47.316331        6.233268    25640                       ROULANS
112       47.352683        6.361762    25110               BAUME-LES-DAMES
113       46.867446        6.215625    25560            LA RIVIERE-DRUGEON
114       47.329400        6.204700    25640              POULIGNEY-LUSANS
115       47.285868        6.134743    25220                     NOVILLARS
116       47.500780        6.938953    25490                       BADEVEL
117       47.183030        6.398699    25530      VERCEL-VILLEDIEU-LE-CAMP
118       47.352683        6.361762    25110               BAUME-LES-DAMES
119       47.352683        6.361762    25110               BAUME-LES-DAMES
120       47.187733        5.973538    25720                        LARNOD
121       47.026270        6.569967    25570          GRAND'COMBE-CHATELEU
122       47.216973        6.766250    25140                   FRAMBOUHANS
123       47.213401        6.823197    25140                   CHARQUEMONT
124       47.322939        6.133857    25640                      MARCHAUX
125       46.710086        6.192738    25240                        MOUTHE
126       47.244609        6.123059    25660                        GENNES
127       47.506296        6.912504    25490            DAMPIERRE-LES-BOIS
128       46.834976        6.400415    25300                    LES FOURGS
129       46.916562        6.309528    25300                       HOUTAUD
130       47.026270        6.569967    25570          GRAND'COMBE-CHATELEU
131       47.246285        6.182362    25360                       NANCRAY
132       47.451255        6.579195    25250           L'ISLE-SUR-LE-DOUBS
133       47.256117        6.067550    25220                    CHALEZEULE
134       46.916562        6.309528    25300                       HOUTAUD
135       47.491857        6.772018    25420                          BART
136       47.244030        6.882226    25450                   DAMPRICHARD
137       47.491857        6.772018    25420                          BART
138       47.059247        6.667754    25130                VILLERS-LE-LAC
139       47.183030        6.398699    25530      VERCEL-VILLEDIEU-LE-CAMP
140       47.162330        6.729484    25210                     LE RUSSEY
141       47.294619        6.201582    25960                         DELUZ
142       47.488468        6.813764    25400                      ARBOUANS
