87 63
  0       45.922412        3.272967    63720                   SAINT-IGNAT 
  1       45.986357        2.638166    63640                     CHARENSAT
  2       45.549532        3.739308    63600                        AMBERT
  3       45.750747        3.089192    63110                      BEAUMONT
  4       45.500032        3.245001    63500                       LE BROC
  5       45.831664        2.852928    63230                    PONTGIBAUD
  6       45.754772        3.242250    63115                         MEZEL
  7       45.977205        3.167476    63260                        AUBIAT
  8       45.546078        3.196153    63500                       PERRIER
  9       45.675974        3.636722    63880                    OLLIERGUES
 10       46.225611        2.871034    63700                    LAPEYROUSE
 11       45.723887        3.619572    63930                    AUGEROLLES
 12       45.533494        2.691420    63680            LA TOUR-D'AUVERGNE
 13       45.770778        3.288040    63910                     VERTAIZON
 14       45.686048        3.191629    63730          LES MARTRES-DE-VEYRE
 15       45.897986        3.224896    63720                       ENNEZAT
 16       45.998387        3.507206    63290                           RIS
 17       45.692711        3.094549    63450                      CHANONAT
 18       45.888507        3.592894    63550        SAINT-REMY-SUR-DUROLLE
 19       45.573436        2.943472    63790                         MUROL
 20       45.868492        2.675011    63380                     PONTAUMUR
 21       45.897986        3.224896    63720                       ENNEZAT
 22       45.863945        3.301836    63350                          JOZE
 23       45.869738        3.604161    63650         LA MONNERIE-LE-MONTEL
 24       45.587241        2.738992    63150                  LA BOURBOULE
 25       45.994890        2.997977    63410    CHARBONNIERES-LES-VIEILLES
 26       45.669289        3.107825    63450          SAINT-AMANT-TALLENDE
 27       45.973034        3.444569    63290                        LIMONS
 28       45.831268        3.100247    63118                       CEBAZAT
 29       45.665891        3.193736    63730                        CORENT
 30       46.016720        3.200010    63260                    AIGUEPERSE
 31       45.829591        3.014921    63530            CHANAT-LA-MOUTEYRE
 32       45.692711        3.094549    63450                      CHANONAT
 33       46.016720        3.200010    63260                    AIGUEPERSE
 34       46.145107        2.798692    63700                          YOUX
 35       45.782978        3.011853    63870                       ORCINES
 36       45.866171        3.218071    63720                       CHAPPES
 37       45.866171        3.218071    63720                       CHAPPES
 38       45.893995        3.114932    63200                          RIOM
 39       46.005327        3.141962    63460                       ARTONNE
 40       45.849652        2.892551    63230                    SAINT-OURS
 41       45.961540        2.941379    63410                        MANZAT
 42       45.695612        3.224773    63730                    MIREFLEURS
 43       45.938938        2.841060    63780         SAINT-GEORGES-DE-MONS
 44       45.998387        3.507206    63290                           RIS
 45       45.986357        2.638166    63640                     CHARENSAT
 46       45.998387        3.507206    63290                           RIS
 47       45.660537        2.975199    63970                         AYDAT
 48       45.898934        3.049733    63530                         ENVAL
 49       45.413829        3.330797    63570             BRASSAC-LES-MINES
 50       45.671178        3.124040    63450                      TALLENDE
 51       45.871889        3.038744    63530                        VOLVIC
 52       45.847697        3.052415    63200                      MALAUZAT
 53       45.828943        3.077898    63112                       BLANZAT
 54       45.695612        3.224773    63730                    MIREFLEURS
 55       45.741532        3.198177    63800            COURNON-D'AUVERGNE
 56       45.716360        2.903869    63210                      NEBOUZAT
 57       45.770778        3.288040    63910                     VERTAIZON
 58       45.573436        2.943472    63790                         MUROL
 59       46.145107        2.798692    63700                          YOUX
 60       45.686048        3.191629    63730          LES MARTRES-DE-VEYRE
 61       45.973034        3.444569    63290                        LIMONS
 62       45.998387        3.507206    63290                           RIS
 63       45.665891        3.193736    63730                        CORENT
 64       46.013205        3.353111    63310                        RANDAN
 65       45.686048        3.191629    63730          LES MARTRES-DE-VEYRE
 66       45.693398        3.309235    63160        SAINT-JULIEN-DE-COPPEL
 67       45.649324        3.707501    63480                     VERTOLAYE
 68       45.510908        2.933859    63610      BESSE-ET-SAINT-ANASTAISE
 69       45.928486        2.806376    63770             LES ANCIZES-COMPS
 70       45.457061        3.236860    63340         SAINT-GERMAIN-LEMBRON
 71       46.104184        2.904436    63560                         MENAT
 72       45.510908        2.933859    63610      BESSE-ET-SAINT-ANASTAISE
 73       45.828943        3.077898    63112                       BLANZAT
 74       45.831268        3.100247    63118                       CEBAZAT
 75       45.671327        3.235952    63270                 SAINT-MAURICE
 76       45.978167        3.519435    63290                     CHATELDON
 77       45.866171        3.218071    63720                       CHAPPES
 78       45.849635        3.181576    63360                SAINT-BEAUZIRE
 79       45.671327        3.235952    63270                 SAINT-MAURICE
 80       45.710324        3.245969    63800      SAINT-GEORGES-SUR-ALLIER
 81       45.849652        2.892551    63230                    SAINT-OURS
 82       45.589371        3.165177    63320                      NESCHERS
 83       45.889660        3.261084    63720                    ENTRAIGUES
 84       45.729026        3.232706    63800           PERIGNAT-SUR-ALLIER
 85       45.913069        3.372048    63350               CREVANT-LAVEINE
 86       45.589371        3.165177    63320                      NESCHERS
 87       45.928486        2.806376    63770             LES ANCIZES-COMPS
 88       45.782978        3.011853    63870                       ORCINES
 89       45.888507        3.592894    63550        SAINT-REMY-SUR-DUROLLE
 90       45.898934        3.049733    63530                         ENVAL
 91       45.624048        3.230400    63270                        PARENT
 92       45.615783        2.540394    63750                       MESSEIX
 93       45.408676        2.825575    63850      EGLISENEUVE-D'ENTRAIGUES
 94       45.998387        3.507206    63290                           RIS
 95       45.839192        3.216416    63360                        LUSSAT
 96       45.723926        3.338973    63160                        BILLOM
 97       45.959531        3.113747    63460             BEAUREGARD-VENDON
 98       45.960429        3.475007    63290                 PUY-GUILLAUME
 99       45.574983        2.809278    63240                     MONT-DORE
100       45.596601        3.300468    63500                   SAINT-BABEL
101       45.764929        3.054232    63130                         ROYAT
102       46.225611        2.871034    63700                    LAPEYROUSE
103       45.732446        3.103759    63540                      ROMAGNAT
104       45.430581        3.340425    63570                       JUMEAUX
105       45.827673        3.493082    63920                  PESCHADOIRES
106       45.893995        3.114932    63200                          RIOM
107       45.812839        3.187135    63510                     MALINTRAT
108       45.868492        2.675011    63380                     PONTAUMUR
109       45.624048        3.230400    63270                        PARENT
110       45.782978        3.011853    63870                       ORCINES
111       45.533494        2.691420    63680            LA TOUR-D'AUVERGNE
112       45.675563        3.482832    63520         SAINT-DIER-D'AUVERGNE
113       45.970429        3.256909    63260                        THURET
114       45.782978        3.011853    63870                       ORCINES
115       45.898934        3.049733    63530                         ENVAL
116       45.946000        3.148043    63200                       CELLULE
117       45.775622        3.353301    63190                       MOISSAT
118       45.913069        3.372048    63350               CREVANT-LAVEINE
119       45.849652        2.892551    63230                    SAINT-OURS
120       45.849635        3.181576    63360                SAINT-BEAUZIRE
121       45.866171        3.218071    63720                       CHAPPES
122       45.533494        2.691420    63680            LA TOUR-D'AUVERGNE
123       46.027893        3.441725    63310        SAINT-PRIEST-BRAMEFANT
124       45.562181        3.280092    63500                        ORBEIL
125       45.669289        3.107825    63450          SAINT-AMANT-TALLENDE
126       45.695612        3.224773    63730                    MIREFLEURS
127       45.693398        3.309235    63160        SAINT-JULIEN-DE-COPPEL
128       45.634790        3.169564    63730                   LA SAUVETAT
129       45.573436        2.943472    63790                         MUROL
130       45.826525        3.052526    63530                         SAYAT
131       45.754772        3.242250    63115                         MEZEL
132       45.769843        3.197437    63370                       LEMPDES
133       46.016720        3.200010    63260                    AIGUEPERSE
134       46.145107        2.798692    63700                          YOUX
135       45.574983        2.809278    63240                     MONT-DORE
136       45.669289        3.107825    63450          SAINT-AMANT-TALLENDE
137       45.381380        3.756679    63220                 DORE-L'EGLISE
138       45.769290        2.762912    63740                        GELLES
139       45.684551        2.805489    63210            ROCHEFORT-MONTAGNE
140       45.898934        3.049733    63530                         ENVAL
141       45.528053        3.706759    63600       SAINT-FERREOL-DES-COTES
142       45.961540        2.941379    63410                        MANZAT
143       45.841686        2.758633    63230                   LA GOUTELLE
144       45.960429        3.475007    63290                 PUY-GUILLAUME
145       45.898934        3.049733    63530                         ENVAL
146       45.795463        3.163237    63510                        AULNAT
147       45.994890        2.997977    63410    CHARBONNIERES-LES-VIEILLES
148       45.929480        3.116170    63200        SAINT-BONNET-PRES-RIOM
149       45.769843        3.197437    63370                       LEMPDES
150       45.918736        3.063976    63140                   CHATELGUYON
151       45.741532        3.198177    63800            COURNON-D'AUVERGNE
152       45.782978        3.011853    63870                       ORCINES
153       45.977205        3.167476    63260                        AUBIAT
154       45.859888        3.421207    63190                        ORLEAT
155       45.872714        3.124432    63200                      MENETROL
156       45.643476        3.243412    63270                  VIC-LE-COMTE
157       46.029527        2.821046    63390      SAINT-GERVAIS-D'AUVERGNE
158       45.787977        2.860960    63230                        MAZAYE
159       45.782978        3.011853    63870                       ORCINES
160       45.769843        3.197437    63370                       LEMPDES
161       45.801689        2.468031    63620                          GIAT
162       46.104184        2.904436    63560                         MENAT
163       45.980703        3.088235    63460                     COMBRONDE
164       45.632464        3.559579    63590                       CUNLHAT
165       45.615632        3.744180    63990                           JOB
166       45.849652        2.892551    63230                    SAINT-OURS
167       45.716360        2.903869    63210                      NEBOUZAT
168       46.013205        3.353111    63310                        RANDAN
169       45.829591        3.014921    63530            CHANAT-LA-MOUTEYRE
170       45.938938        2.841060    63780         SAINT-GEORGES-DE-MONS
171       45.869738        3.604161    63650         LA MONNERIE-LE-MONTEL
172       45.794982        3.055331    63830                        DURTOL
173       45.829591        3.014921    63530            CHANAT-LA-MOUTEYRE
174       45.559663        2.622369    63690                        TAUVES
